278.000000
1067.000000
735.000000
873.000000
1248.000000
228.000000
1718.000000
1341.000000
1143.000000
131.000000
516.000000
260.000000
1262.000000
441.000000
344.000000
443.000000
146.000000
313.000000
628.000000
249.000000
588.000000
543.000000
1985.000000
758.000000
135.000000
177.000000
2444.000000
213.000000
1172.000000
420.000000
450.000000
839.000000
464.000000
128.000000
662.000000
417.000000
1002.000000
82.000000
149.000000
742.000000
94.000000
804.000000
1840.000000
257.000000
360.000000
37.000000
1971.000000
135.000000
307.000000
936.000000
336.000000
1238.000000
319.000000
679.000000
273.000000
389.000000
140.000000
2292.000000
142.000000
628.000000
89.000000
167.000000
156.000000
381.000000
871.000000
382.000000
562.000000
92.000000
662.000000
168.000000
819.000000
344.000000
2031.000000
103.000000
816.000000
532.000000
692.000000
361.000000
584.000000
289.000000
631.000000
471.000000
1148.000000
66.000000
200.000000
498.000000
279.000000
892.000000
1037.000000
1125.000000
351.000000
337.000000
2574.000000
194.000000
216.000000
1231.000000
453.000000
253.000000
81.000000
1625.000000
3792.000000
1466.000000
547.000000
661.000000
51.000000
463.000000
255.000000
2259.000000
124.000000
688.000000
180.000000
97.000000
304.000000
2027.000000
367.000000
215.000000
140.000000
564.000000
107.000000
460.000000
1114.000000
863.000000
119.000000
547.000000
1465.000000
158.000000
152.000000
343.000000
1003.000000
940.000000
674.000000
389.000000
1041.000000
995.000000
176.000000
396.000000
475.000000
301.000000
1588.000000
306.000000
323.000000
59.000000
178.000000
684.000000
446.000000
278.000000
2858.000000
178.000000
828.000000
687.000000
255.000000
1418.000000
135.000000
191.000000
514.000000
1428.000000
33.000000
396.000000
102.000000
442.000000
67.000000
57.000000
189.000000
220.000000
344.000000
536.000000
1366.000000
108.000000
59.000000
403.000000
513.000000
395.000000
124.000000
97.000000
115.000000
115.000000
507.000000
88.000000
149.000000
297.000000
1054.000000
408.000000
249.000000
1550.000000
791.000000
402.000000
1141.000000
222.000000
85.000000
269.000000
285.000000
445.000000
705.000000
990.000000
275.000000
271.000000
63.000000
116.000000
630.000000
489.000000
988.000000
146.000000
5290.000000
159.000000
509.000000
139.000000
385.000000
351.000000
349.000000
56.000000
249.000000
695.000000
1197.000000
56.000000
62.000000
2054.000000
156.000000
584.000000
377.000000
691.000000
155.000000
626.000000
152.000000
771.000000
659.000000
2036.000000
40.000000
1307.000000
646.000000
218.000000
260.000000
247.000000
82.000000
771.000000
930.000000
549.000000
98.000000
1205.000000
272.000000
326.000000
603.000000
733.000000
342.000000
551.000000
412.000000
123.000000
340.000000
586.000000
236.000000
259.000000
502.000000
156.000000
89.000000
385.000000
608.000000
620.000000
153.000000
476.000000
2696.000000
640.000000
411.000000
450.000000
162.000000
1818.000000
529.000000
382.000000
76.000000
502.000000
1760.000000
517.000000
137.000000
16.000000
59.000000
944.000000
3406.000000
677.000000
635.000000
740.000000
614.000000
207.000000
81.000000
204.000000
96.000000
316.000000
310.000000
1042.000000
632.000000
345.000000
439.000000
1813.000000
3981.000000
72.000000
710.000000
114.000000
564.000000
410.000000
212.000000
105.000000
149.000000
98.000000
529.000000
189.000000
233.000000
332.000000
553.000000
734.000000
102.000000
501.000000
675.000000
45.000000
696.000000
987.000000
946.000000
606.000000
449.000000
389.000000
74.000000
66.000000
795.000000
163.000000
163.000000
385.000000
439.000000
1387.000000
245.000000
173.000000
59.000000
1423.000000
1222.000000
83.000000
265.000000
136.000000
346.000000
702.000000
943.000000
1880.000000
484.000000
643.000000
114.000000
1193.000000
240.000000
109.000000
1115.000000
308.000000
220.000000
221.000000
396.000000
684.000000
182.000000
142.000000
1065.000000
234.000000
142.000000
299.000000
522.000000
570.000000
186.000000
886.000000
353.000000
1915.000000
360.000000
128.000000
121.000000
830.000000
3526.000000
115.000000
1885.000000
237.000000
716.000000
347.000000
210.000000
73.000000
151.000000
846.000000
232.000000
232.000000
312.000000
627.000000
942.000000
1028.000000
342.000000
1364.000000
45.000000
161.000000
832.000000
383.000000
399.000000
57.000000
2408.000000
370.000000
311.000000
1161.000000
572.000000
81.000000
347.000000
586.000000
424.000000
197.000000
365.000000
707.000000
326.000000
197.000000
163.000000
113.000000
414.000000
173.000000
2227.000000
763.000000
175.000000
1200.000000
1297.000000
559.000000
171.000000
254.000000
1269.000000
104.000000
82.000000
267.000000
641.000000
222.000000
1017.000000
361.000000
605.000000
113.000000
4563.000000
908.000000
901.000000
175.000000
623.000000
1348.000000
650.000000
1622.000000
1188.000000
164.000000
140.000000
243.000000
674.000000
702.000000
223.000000
660.000000
212.000000
328.000000
485.000000
1817.000000
73.000000
738.000000
309.000000
457.000000
404.000000
353.000000
2090.000000
1170.000000
182.000000
2065.000000
899.000000
96.000000
120.000000
313.000000
870.000000
331.000000
892.000000
558.000000
1453.000000
115.000000
241.000000
1322.000000
207.000000
890.000000
1881.000000
1256.000000
852.000000
155.000000
476.000000
1741.000000
494.000000
131.000000
795.000000
148.000000
76.000000
482.000000
534.000000
577.000000
964.000000
135.000000
458.000000
908.000000
202.000000
438.000000
97.000000
206.000000
44.000000
165.000000
162.000000
569.000000
1335.000000
849.000000
67.000000
199.000000
355.000000
233.000000
212.000000
537.000000
478.000000
559.000000
480.000000
278.000000
152.000000
940.000000
235.000000
204.000000
387.000000
102.000000
469.000000
134.000000
484.000000
1064.000000
258.000000
579.000000
148.000000
189.000000
442.000000
185.000000
105.000000
220.000000
131.000000
405.000000
727.000000
1054.000000
341.000000
646.000000
358.000000
377.000000
495.000000
320.000000
610.000000
1536.000000
342.000000
337.000000
1300.000000
124.000000
131.000000
60.000000
62.000000
592.000000
158.000000
2038.000000
231.000000
127.000000
295.000000
214.000000
155.000000
350.000000
1383.000000
184.000000
747.000000
368.000000
2650.000000
138.000000
156.000000
145.000000
585.000000
149.000000
524.000000
241.000000
177.000000
1951.000000
167.000000
266.000000
261.000000
670.000000
86.000000
28.000000
716.000000
1147.000000
539.000000
19.000000
281.000000
5192.000000
295.000000
116.000000
256.000000
759.000000
243.000000
244.000000
264.000000
899.000000
164.000000
117.000000
40.000000
1421.000000
352.000000
386.000000
361.000000
210.000000
455.000000
110.000000
856.000000
194.000000
284.000000
728.000000
323.000000
776.000000
426.000000
783.000000
522.000000
782.000000
120.000000
545.000000
221.000000
745.000000
2271.000000
660.000000
413.000000
240.000000
522.000000
2911.000000
208.000000
1918.000000
348.000000
1376.000000
355.000000
201.000000
450.000000
513.000000
192.000000
178.000000
149.000000
218.000000
388.000000
545.000000
218.000000
528.000000
160.000000
1923.000000
771.000000
395.000000
424.000000
1031.000000
62.000000
285.000000
669.000000
1351.000000
1187.000000
737.000000
657.000000
145.000000
658.000000
3233.000000
343.000000
464.000000
505.000000
1667.000000
345.000000
334.000000
273.000000
795.000000
354.000000
531.000000
137.000000
84.000000
300.000000
1328.000000
219.000000
785.000000
527.000000
482.000000
192.000000
103.000000
247.000000
812.000000
13772.000000
120.000000
871.000000
1357.000000
191.000000
365.000000
669.000000
980.000000
68.000000
103.000000
3797.000000
378.000000
322.000000
190.000000
68.000000
213.000000
302.000000
493.000000
371.000000
221.000000
404.000000
243.000000
2142.000000
3571.000000
271.000000
572.000000
197.000000
631.000000
991.000000
228.000000
45.000000
96.000000
1549.000000
670.000000
565.000000
300.000000
285.000000
852.000000
292.000000
697.000000
610.000000
1820.000000
235.000000
873.000000
1572.000000
307.000000
956.000000
186.000000
123.000000
783.000000
234.000000
1218.000000
1065.000000
101.000000
360.000000
102.000000
308.000000
4654.000000
460.000000
994.000000
201.000000
76.000000
198.000000
1645.000000
843.000000
427.000000
221.000000
189.000000
191.000000
288.000000
496.000000
54.000000
160.000000
143.000000
80.000000
1461.000000
1090.000000
214.000000
208.000000
121.000000
529.000000
1103.000000
433.000000
3031.000000
741.000000
96.000000
81.000000
483.000000
665.000000
327.000000
89.000000
1002.000000
474.000000
445.000000
668.000000
1077.000000
69.000000
189.000000
522.000000
3329.000000
1121.000000
1113.000000
836.000000
684.000000
1074.000000
581.000000
516.000000
1630.000000
869.000000
175.000000
482.000000
166.000000
270.000000
83.000000
491.000000
296.000000
180.000000
837.000000
784.000000
4272.000000
1552.000000
335.000000
509.000000
367.000000
310.000000
30.000000
306.000000
263.000000
1278.000000
1411.000000
330.000000
179.000000
842.000000
1004.000000
174.000000
374.000000
529.000000
337.000000
54.000000
53.000000
760.000000
191.000000
186.000000
637.000000
1422.000000
268.000000
1705.000000
212.000000
152.000000
223.000000
219.000000
114.000000
637.000000
383.000000
16.000000
135.000000
112.000000
73.000000
2135.000000
643.000000
98.000000
705.000000
332.000000
83.000000
137.000000
219.000000
1178.000000
762.000000
1130.000000
255.000000
2285.000000
1822.000000
75.000000
814.000000
291.000000
1599.000000
91.000000
51.000000
1235.000000
732.000000
621.000000
293.000000
967.000000
860.000000
48.000000
1738.000000
562.000000
180.000000
2098.000000
360.000000
171.000000
180.000000
278.000000
1409.000000
417.000000
933.000000
333.000000
403.000000
885.000000
2547.000000
534.000000
63.000000
2190.000000
56.000000
40.000000
1098.000000
1982.000000
443.000000
339.000000
79.000000
6702.000000
248.000000
178.000000
472.000000
1397.000000
230.000000
850.000000
2015.000000
581.000000
171.000000
548.000000
1442.000000
405.000000
2061.000000
446.000000
625.000000
2010.000000
254.000000
603.000000
1179.000000
1513.000000
689.000000
752.000000
110.000000
122.000000
1214.000000
705.000000
593.000000
172.000000
121.000000
2047.000000
1065.000000
383.000000
2252.000000
1535.000000
673.000000
392.000000
428.000000
191.000000
127.000000
170.000000
166.000000
140.000000
470.000000
130.000000
437.000000
97.000000
2369.000000
236.000000
831.000000
154.000000
513.000000
976.000000
146.000000
751.000000
717.000000
137.000000
5329.000000
1026.000000
1072.000000
224.000000
228.000000
242.000000
1249.000000
163.000000
364.000000
1125.000000
4881.000000
404.000000
239.000000
74.000000
809.000000
206.000000
411.000000
577.000000
262.000000
85.000000
628.000000
434.000000
43.000000
253.000000
799.000000
1098.000000
361.000000
494.000000
99.000000
243.000000
205.000000
149.000000
336.000000
262.000000
397.000000
227.000000
256.000000
1285.000000
688.000000
225.000000
148.000000
518.000000
380.000000
683.000000
59.000000
332.000000
106.000000
3758.000000
343.000000
312.000000
133.000000
666.000000
622.000000
902.000000
183.000000
215.000000
235.000000
196.000000
194.000000
488.000000
385.000000
2378.000000
1941.000000
