889.000000
215.000000
193.000000
290.000000
101.000000
2141.000000
2141.000000
196.000000
346.000000
1227.000000
161.000000
757.000000
858.000000
785.000000
1656.000000
1100.000000
2117.000000
340.000000
115.000000
2204.000000
257.000000
66.000000
1050.000000
215.000000
224.000000
404.000000
1831.000000
2345.000000
223.000000
3513.000000
1502.000000
113.000000
385.000000
672.000000
473.000000
381.000000
673.000000
680.000000
865.000000
457.000000
902.000000
423.000000
725.000000
94.000000
5080.000000
298.000000
152.000000
368.000000
723.000000
310.000000
471.000000
180.000000
341.000000
356.000000
1252.000000
1691.000000
117.000000
190.000000
399.000000
426.000000
3869.000000
1206.000000
280.000000
413.000000
764.000000
255.000000
277.000000
335.000000
328.000000
544.000000
367.000000
904.000000
572.000000
550.000000
103.000000
351.000000
345.000000
301.000000
377.000000
1257.000000
434.000000
460.000000
171.000000
846.000000
637.000000
572.000000
606.000000
173.000000
549.000000
1377.000000
438.000000
454.000000
229.000000
531.000000
142.000000
193.000000
930.000000
90.000000
766.000000
165.000000
1133.000000
1876.000000
508.000000
696.000000
3530.000000
520.000000
99.000000
146.000000
628.000000
213.000000
168.000000
79.000000
161.000000
213.000000
356.000000
273.000000
772.000000
1264.000000
950.000000
855.000000
642.000000
3884.000000
1238.000000
482.000000
871.000000
144.000000
488.000000
315.000000
315.000000
76.000000
333.000000
1036.000000
352.000000
112.000000
620.000000
66.000000
356.000000
200.000000
251.000000
615.000000
706.000000
77.000000
139.000000
165.000000
125.000000
568.000000
43.000000
348.000000
202.000000
116.000000
528.000000
350.000000
319.000000
1462.000000
347.000000
162.000000
218.000000
185.000000
80.000000
125.000000
497.000000
687.000000
72.000000
1520.000000
302.000000
1325.000000
747.000000
79.000000
301.000000
362.000000
902.000000
874.000000
288.000000
219.000000
281.000000
315.000000
145.000000
2396.000000
1038.000000
4321.000000
159.000000
573.000000
228.000000
310.000000
3439.000000
462.000000
580.000000
304.000000
2027.000000
369.000000
734.000000
286.000000
265.000000
526.000000
669.000000
332.000000
317.000000
2502.000000
535.000000
427.000000
421.000000
218.000000
649.000000
750.000000
1769.000000
983.000000
4014.000000
592.000000
562.000000
367.000000
211.000000
825.000000
344.000000
316.000000
1606.000000
276.000000
684.000000
996.000000
255.000000
1104.000000
1344.000000
2097.000000
210.000000
295.000000
486.000000
1095.000000
632.000000
812.000000
93.000000
309.000000
364.000000
711.000000
183.000000
1394.000000
272.000000
867.000000
451.000000
690.000000
826.000000
1966.000000
294.000000
123.000000
147.000000
141.000000
3554.000000
95.000000
193.000000
833.000000
60.000000
869.000000
696.000000
226.000000
355.000000
623.000000
124.000000
906.000000
355.000000
43.000000
764.000000
159.000000
330.000000
245.000000
4401.000000
2278.000000
1020.000000
121.000000
279.000000
577.000000
280.000000
102.000000
78.000000
158.000000
305.000000
1826.000000
267.000000
66.000000
229.000000
2443.000000
591.000000
3304.000000
1971.000000
2382.000000
184.000000
523.000000
160.000000
361.000000
2210.000000
375.000000
62.000000
237.000000
692.000000
2607.000000
458.000000
1194.000000
603.000000
105.000000
468.000000
825.000000
311.000000
344.000000
1340.000000
1343.000000
942.000000
255.000000
855.000000
1196.000000
265.000000
290.000000
217.000000
453.000000
849.000000
83.000000
1721.000000
581.000000
148.000000
396.000000
354.000000
241.000000
476.000000
1970.000000
905.000000
70.000000
160.000000
615.000000
394.000000
374.000000
50.000000
1672.000000
58.000000
92.000000
1736.000000
1441.000000
225.000000
609.000000
205.000000
619.000000
1266.000000
757.000000
186.000000
611.000000
1734.000000
470.000000
7165.000000
340.000000
686.000000
339.000000
49.000000
184.000000
91.000000
990.000000
150.000000
649.000000
103.000000
136.000000
460.000000
129.000000
1061.000000
79.000000
578.000000
115.000000
55.000000
143.000000
1051.000000
855.000000
822.000000
106.000000
235.000000
1068.000000
143.000000
165.000000
819.000000
572.000000
171.000000
240.000000
725.000000
267.000000
56.000000
2964.000000
103.000000
440.000000
399.000000
915.000000
213.000000
846.000000
266.000000
387.000000
708.000000
374.000000
144.000000
187.000000
321.000000
393.000000
1075.000000
847.000000
242.000000
1915.000000
105.000000
1005.000000
1554.000000
1128.000000
597.000000
1592.000000
932.000000
843.000000
2411.000000
106.000000
1115.000000
399.000000
516.000000
49.000000
190.000000
191.000000
250.000000
281.000000
561.000000
387.000000
1023.000000
108.000000
232.000000
170.000000
622.000000
89.000000
117.000000
144.000000
3248.000000
73.000000
211.000000
1532.000000
215.000000
215.000000
317.000000
657.000000
2803.000000
299.000000
844.000000
188.000000
252.000000
1100.000000
41.000000
303.000000
206.000000
1383.000000
410.000000
64.000000
509.000000
1836.000000
1067.000000
504.000000
4613.000000
224.000000
155.000000
405.000000
172.000000
668.000000
285.000000
688.000000
1220.000000
218.000000
71.000000
238.000000
159.000000
358.000000
279.000000
255.000000
237.000000
619.000000
624.000000
430.000000
991.000000
249.000000
508.000000
771.000000
541.000000
812.000000
570.000000
668.000000
921.000000
393.000000
462.000000
789.000000
641.000000
600.000000
1451.000000
934.000000
689.000000
1238.000000
412.000000
941.000000
84.000000
596.000000
186.000000
25.000000
396.000000
628.000000
374.000000
340.000000
320.000000
140.000000
1509.000000
917.000000
5548.000000
1306.000000
9677.000000
258.000000
182.000000
308.000000
358.000000
209.000000
32.000000
518.000000
4935.000000
862.000000
2142.000000
431.000000
1339.000000
149.000000
242.000000
2277.000000
534.000000
427.000000
307.000000
218.000000
767.000000
9609.000000
507.000000
699.000000
64.000000
51.000000
614.000000
551.000000
1854.000000
714.000000
215.000000
1442.000000
2445.000000
703.000000
385.000000
1616.000000
390.000000
458.000000
196.000000
157.000000
233.000000
443.000000
377.000000
483.000000
3712.000000
49.000000
1797.000000
80.000000
283.000000
139.000000
296.000000
401.000000
746.000000
711.000000
122.000000
834.000000
56.000000
106.000000
1176.000000
561.000000
1903.000000
169.000000
425.000000
405.000000
2190.000000
90.000000
345.000000
503.000000
1090.000000
220.000000
946.000000
466.000000
469.000000
945.000000
240.000000
575.000000
1575.000000
1501.000000
496.000000
581.000000
554.000000
105.000000
142.000000
880.000000
942.000000
41.000000
1684.000000
284.000000
345.000000
3415.000000
146.000000
475.000000
168.000000
222.000000
2500.000000
154.000000
374.000000
76.000000
268.000000
410.000000
470.000000
864.000000
390.000000
4012.000000
221.000000
3572.000000
42.000000
6560.000000
196.000000
513.000000
1124.000000
243.000000
1908.000000
87.000000
367.000000
679.000000
531.000000
760.000000
268.000000
1470.000000
75.000000
257.000000
871.000000
2248.000000
137.000000
85.000000
1061.000000
113.000000
374.000000
83.000000
480.000000
325.000000
1132.000000
403.000000
301.000000
349.000000
528.000000
133.000000
229.000000
973.000000
275.000000
1257.000000
215.000000
148.000000
325.000000
648.000000
274.000000
248.000000
308.000000
474.000000
161.000000
963.000000
318.000000
172.000000
429.000000
1273.000000
1049.000000
94.000000
990.000000
136.000000
1003.000000
202.000000
222.000000
331.000000
333.000000
66.000000
647.000000
179.000000
673.000000
346.000000
148.000000
806.000000
129.000000
2746.000000
823.000000
1810.000000
1114.000000
353.000000
108.000000
272.000000
100.000000
630.000000
750.000000
164.000000
758.000000
505.000000
272.000000
330.000000
411.000000
35.000000
401.000000
261.000000
194.000000
151.000000
106.000000
3622.000000
277.000000
61.000000
58.000000
560.000000
225.000000
641.000000
359.000000
1029.000000
205.000000
371.000000
304.000000
438.000000
250.000000
1339.000000
686.000000
491.000000
1278.000000
124.000000
844.000000
386.000000
451.000000
545.000000
224.000000
303.000000
456.000000
261.000000
1101.000000
328.000000
485.000000
332.000000
2706.000000
98.000000
86.000000
934.000000
104.000000
1006.000000
181.000000
286.000000
178.000000
288.000000
314.000000
51.000000
162.000000
397.000000
253.000000
237.000000
48.000000
115.000000
109.000000
60.000000
439.000000
755.000000
731.000000
788.000000
559.000000
522.000000
764.000000
783.000000
45.000000
311.000000
819.000000
343.000000
1204.000000
179.000000
598.000000
167.000000
575.000000
537.000000
167.000000
349.000000
422.000000
303.000000
867.000000
80.000000
695.000000
426.000000
197.000000
501.000000
1245.000000
127.000000
4567.000000
587.000000
920.000000
1465.000000
349.000000
231.000000
269.000000
1271.000000
247.000000
4199.000000
201.000000
1859.000000
216.000000
752.000000
1013.000000
904.000000
62.000000
1180.000000
2115.000000
75.000000
302.000000
2583.000000
486.000000
580.000000
558.000000
117.000000
470.000000
327.000000
209.000000
593.000000
695.000000
1663.000000
370.000000
278.000000
182.000000
232.000000
380.000000
204.000000
1577.000000
488.000000
40.000000
168.000000
1281.000000
272.000000
133.000000
465.000000
175.000000
336.000000
11.000000
233.000000
852.000000
610.000000
70.000000
602.000000
244.000000
33.000000
39.000000
805.000000
83.000000
366.000000
627.000000
620.000000
702.000000
438.000000
91.000000
1802.000000
237.000000
290.000000
598.000000
269.000000
171.000000
300.000000
556.000000
1339.000000
771.000000
954.000000
331.000000
197.000000
230.000000
449.000000
610.000000
406.000000
668.000000
684.000000
1190.000000
328.000000
204.000000
411.000000
78.000000
503.000000
821.000000
642.000000
359.000000
190.000000
124.000000
921.000000
295.000000
490.000000
307.000000
133.000000
221.000000
399.000000
274.000000
181.000000
498.000000
89.000000
1546.000000
379.000000
92.000000
933.000000
144.000000
489.000000
1318.000000
240.000000
7385.000000
36.000000
1409.000000
3901.000000
655.000000
401.000000
224.000000
962.000000
271.000000
1238.000000
106.000000
732.000000
477.000000
68.000000
77.000000
941.000000
1049.000000
59.000000
129.000000
320.000000
511.000000
319.000000
612.000000
1899.000000
1977.000000
3483.000000
114.000000
192.000000
1260.000000
82.000000
1092.000000
910.000000
269.000000
1119.000000
1163.000000
745.000000
266.000000
201.000000
454.000000
838.000000
345.000000
141.000000
401.000000
710.000000
122.000000
1648.000000
1101.000000
2750.000000
4738.000000
105.000000
164.000000
715.000000
240.000000
95.000000
655.000000
409.000000
1135.000000
593.000000
323.000000
624.000000
224.000000
335.000000
546.000000
403.000000
400.000000
161.000000
434.000000
74.000000
331.000000
314.000000
331.000000
2554.000000
1332.000000
247.000000
175.000000
121.000000
212.000000
67.000000
753.000000
138.000000
177.000000
311.000000
324.000000
1341.000000
340.000000
658.000000
635.000000
785.000000
64.000000
114.000000
498.000000
1396.000000
131.000000
147.000000
167.000000
121.000000
335.000000
535.000000
247.000000
181.000000
79.000000
198.000000
400.000000
1464.000000
1040.000000
172.000000
667.000000
345.000000
