1008.000000
136.000000
619.000000
474.000000
2162.000000
237.000000
806.000000
1431.000000
597.000000
166.000000
2584.000000
1583.000000
2106.000000
465.000000
535.000000
894.000000
292.000000
83.000000
453.000000
107.000000
1788.000000
500.000000
581.000000
544.000000
947.000000
188.000000
981.000000
679.000000
341.000000
667.000000
435.000000
334.000000
31.000000
270.000000
618.000000
407.000000
627.000000
283.000000
798.000000
93.000000
574.000000
181.000000
865.000000
519.000000
297.000000
1454.000000
226.000000
1906.000000
148.000000
115.000000
510.000000
1106.000000
607.000000
673.000000
159.000000
342.000000
364.000000
1138.000000
955.000000
344.000000
426.000000
1945.000000
2330.000000
878.000000
715.000000
1097.000000
707.000000
505.000000
158.000000
149.000000
167.000000
1042.000000
458.000000
448.000000
597.000000
144.000000
319.000000
117.000000
933.000000
663.000000
609.000000
215.000000
1258.000000
216.000000
689.000000
236.000000
613.000000
310.000000
220.000000
63.000000
282.000000
1482.000000
174.000000
1853.000000
1450.000000
2113.000000
324.000000
89.000000
247.000000
390.000000
182.000000
50.000000
505.000000
513.000000
853.000000
208.000000
79.000000
680.000000
363.000000
252.000000
557.000000
821.000000
1468.000000
78.000000
1224.000000
3129.000000
710.000000
432.000000
279.000000
926.000000
1229.000000
127.000000
208.000000
511.000000
577.000000
1136.000000
602.000000
573.000000
388.000000
360.000000
1408.000000
115.000000
101.000000
1179.000000
437.000000
2119.000000
376.000000
313.000000
797.000000
566.000000
362.000000
150.000000
233.000000
218.000000
247.000000
1067.000000
592.000000
185.000000
518.000000
2163.000000
79.000000
149.000000
794.000000
246.000000
944.000000
138.000000
426.000000
152.000000
1174.000000
792.000000
1227.000000
952.000000
165.000000
182.000000
192.000000
187.000000
318.000000
143.000000
782.000000
381.000000
55.000000
931.000000
907.000000
242.000000
1290.000000
142.000000
265.000000
453.000000
108.000000
24.000000
1462.000000
345.000000
220.000000
1376.000000
96.000000
147.000000
509.000000
559.000000
456.000000
588.000000
169.000000
296.000000
70.000000
413.000000
296.000000
448.000000
31.000000
207.000000
123.000000
252.000000
1075.000000
117.000000
590.000000
259.000000
150.000000
90.000000
2189.000000
358.000000
727.000000
92.000000
143.000000
477.000000
1525.000000
667.000000
1776.000000
195.000000
454.000000
134.000000
444.000000
1135.000000
790.000000
442.000000
393.000000
137.000000
211.000000
122.000000
685.000000
2212.000000
1673.000000
294.000000
178.000000
403.000000
184.000000
104.000000
115.000000
180.000000
2021.000000
337.000000
100.000000
460.000000
127.000000
127.000000
1363.000000
762.000000
1560.000000
322.000000
220.000000
1008.000000
2082.000000
153.000000
554.000000
693.000000
481.000000
246.000000
1333.000000
85.000000
56.000000
153.000000
147.000000
248.000000
143.000000
111.000000
355.000000
884.000000
732.000000
311.000000
535.000000
490.000000
636.000000
192.000000
741.000000
265.000000
252.000000
1299.000000
611.000000
165.000000
962.000000
161.000000
1590.000000
521.000000
544.000000
25.000000
131.000000
1193.000000
540.000000
75.000000
571.000000
206.000000
152.000000
983.000000
555.000000
101.000000
91.000000
668.000000
650.000000
267.000000
38.000000
358.000000
284.000000
862.000000
35.000000
149.000000
218.000000
147.000000
537.000000
496.000000
2899.000000
1025.000000
2525.000000
240.000000
575.000000
387.000000
130.000000
149.000000
328.000000
4170.000000
596.000000
79.000000
436.000000
372.000000
1269.000000
314.000000
435.000000
583.000000
1714.000000
405.000000
74.000000
434.000000
1972.000000
119.000000
755.000000
113.000000
1551.000000
220.000000
412.000000
396.000000
251.000000
84.000000
149.000000
1137.000000
301.000000
138.000000
1878.000000
805.000000
219.000000
2108.000000
324.000000
112.000000
1545.000000
336.000000
364.000000
297.000000
364.000000
990.000000
797.000000
1442.000000
293.000000
161.000000
792.000000
1481.000000
1737.000000
472.000000
274.000000
433.000000
681.000000
1302.000000
640.000000
333.000000
1255.000000
312.000000
188.000000
639.000000
631.000000
179.000000
1215.000000
52.000000
102.000000
1075.000000
1117.000000
976.000000
238.000000
827.000000
253.000000
473.000000
1038.000000
167.000000
444.000000
450.000000
61.000000
944.000000
3175.000000
200.000000
377.000000
606.000000
1152.000000
794.000000
983.000000
104.000000
70.000000
3068.000000
146.000000
1715.000000
167.000000
330.000000
1169.000000
2882.000000
218.000000
883.000000
127.000000
319.000000
191.000000
307.000000
746.000000
285.000000
138.000000
61.000000
377.000000
188.000000
93.000000
53.000000
1916.000000
506.000000
680.000000
412.000000
595.000000
1206.000000
327.000000
72.000000
139.000000
132.000000
543.000000
396.000000
649.000000
891.000000
309.000000
642.000000
762.000000
381.000000
588.000000
124.000000
581.000000
314.000000
206.000000
420.000000
384.000000
54.000000
618.000000
261.000000
926.000000
246.000000
1259.000000
1317.000000
431.000000
860.000000
474.000000
2965.000000
415.000000
470.000000
713.000000
435.000000
282.000000
1396.000000
65.000000
2680.000000
551.000000
1811.000000
409.000000
226.000000
67.000000
3197.000000
433.000000
665.000000
429.000000
281.000000
59.000000
278.000000
150.000000
887.000000
103.000000
135.000000
1018.000000
231.000000
931.000000
141.000000
416.000000
71.000000
509.000000
931.000000
379.000000
573.000000
32.000000
2700.000000
210.000000
615.000000
159.000000
261.000000
1124.000000
1898.000000
119.000000
3331.000000
3044.000000
981.000000
117.000000
13.000000
411.000000
2024.000000
405.000000
235.000000
251.000000
286.000000
276.000000
151.000000
154.000000
1998.000000
1469.000000
164.000000
474.000000
1342.000000
197.000000
386.000000
192.000000
394.000000
847.000000
501.000000
1321.000000
75.000000
1057.000000
512.000000
3304.000000
1512.000000
130.000000
1353.000000
761.000000
2337.000000
91.000000
203.000000
1150.000000
2230.000000
1376.000000
253.000000
629.000000
295.000000
254.000000
709.000000
223.000000
214.000000
312.000000
135.000000
133.000000
185.000000
594.000000
944.000000
358.000000
296.000000
1257.000000
156.000000
1100.000000
200.000000
338.000000
109.000000
424.000000
102.000000
160.000000
256.000000
257.000000
559.000000
85.000000
21.000000
623.000000
101.000000
478.000000
706.000000
131.000000
580.000000
929.000000
6013.000000
1178.000000
420.000000
2451.000000
161.000000
328.000000
248.000000
747.000000
101.000000
43.000000
99.000000
135.000000
149.000000
521.000000
453.000000
306.000000
478.000000
165.000000
1329.000000
255.000000
311.000000
266.000000
119.000000
157.000000
108.000000
1602.000000
164.000000
905.000000
1827.000000
85.000000
201.000000
318.000000
158.000000
328.000000
419.000000
776.000000
206.000000
1425.000000
515.000000
74.000000
707.000000
256.000000
1268.000000
278.000000
203.000000
1390.000000
466.000000
854.000000
1999.000000
213.000000
752.000000
214.000000
208.000000
1722.000000
168.000000
355.000000
594.000000
1414.000000
55.000000
319.000000
1133.000000
278.000000
110.000000
484.000000
355.000000
399.000000
565.000000
491.000000
544.000000
1667.000000
294.000000
529.000000
104.000000
237.000000
380.000000
1524.000000
695.000000
330.000000
523.000000
434.000000
150.000000
168.000000
2328.000000
176.000000
602.000000
265.000000
5808.000000
199.000000
241.000000
179.000000
731.000000
402.000000
309.000000
108.000000
905.000000
543.000000
164.000000
211.000000
164.000000
416.000000
321.000000
1008.000000
179.000000
345.000000
19.000000
133.000000
532.000000
119.000000
1535.000000
140.000000
2327.000000
318.000000
1080.000000
120.000000
24.000000
437.000000
2952.000000
1834.000000
261.000000
1504.000000
825.000000
474.000000
2010.000000
3529.000000
152.000000
392.000000
558.000000
481.000000
89.000000
632.000000
154.000000
1502.000000
136.000000
951.000000
54.000000
88.000000
492.000000
257.000000
363.000000
64.000000
978.000000
395.000000
442.000000
890.000000
86.000000
501.000000
558.000000
243.000000
647.000000
42.000000
2830.000000
799.000000
3168.000000
253.000000
814.000000
920.000000
155.000000
328.000000
1430.000000
365.000000
1110.000000
938.000000
350.000000
175.000000
4993.000000
167.000000
520.000000
340.000000
752.000000
389.000000
1304.000000
4679.000000
131.000000
100.000000
571.000000
343.000000
317.000000
931.000000
1551.000000
12.000000
509.000000
449.000000
303.000000
882.000000
984.000000
591.000000
580.000000
92.000000
85.000000
1311.000000
2710.000000
308.000000
211.000000
1274.000000
260.000000
411.000000
604.000000
1586.000000
358.000000
905.000000
385.000000
244.000000
369.000000
67.000000
550.000000
144.000000
184.000000
321.000000
112.000000
294.000000
937.000000
757.000000
275.000000
161.000000
346.000000
102.000000
184.000000
710.000000
152.000000
515.000000
2738.000000
1850.000000
284.000000
222.000000
89.000000
131.000000
2103.000000
3051.000000
49.000000
481.000000
887.000000
251.000000
43.000000
252.000000
289.000000
495.000000
905.000000
225.000000
208.000000
286.000000
1323.000000
852.000000
446.000000
327.000000
466.000000
927.000000
575.000000
88.000000
2819.000000
782.000000
1016.000000
735.000000
254.000000
349.000000
1342.000000
1731.000000
88.000000
44.000000
184.000000
303.000000
241.000000
606.000000
190.000000
947.000000
273.000000
169.000000
570.000000
594.000000
1046.000000
891.000000
166.000000
252.000000
1472.000000
621.000000
277.000000
239.000000
38.000000
6993.000000
2520.000000
570.000000
185.000000
1150.000000
777.000000
988.000000
104.000000
1357.000000
783.000000
67.000000
355.000000
265.000000
866.000000
584.000000
150.000000
923.000000
1121.000000
285.000000
430.000000
427.000000
540.000000
33.000000
97.000000
752.000000
539.000000
1389.000000
292.000000
1177.000000
914.000000
714.000000
90.000000
60.000000
1232.000000
126.000000
64.000000
237.000000
276.000000
410.000000
134.000000
97.000000
770.000000
753.000000
430.000000
167.000000
551.000000
43.000000
134.000000
721.000000
1310.000000
363.000000
201.000000
443.000000
340.000000
1061.000000
341.000000
34.000000
82.000000
267.000000
813.000000
601.000000
188.000000
954.000000
86.000000
2106.000000
1430.000000
857.000000
107.000000
619.000000
254.000000
376.000000
840.000000
339.000000
191.000000
384.000000
337.000000
2742.000000
157.000000
21.000000
91.000000
470.000000
248.000000
107.000000
69.000000
132.000000
1435.000000
214.000000
464.000000
211.000000
157.000000
251.000000
365.000000
157.000000
1413.000000
995.000000
199.000000
260.000000
536.000000
245.000000
108.000000
1263.000000
583.000000
23.000000
255.000000
226.000000
256.000000
2660.000000
178.000000
624.000000
4467.000000
429.000000
320.000000
195.000000
220.000000
316.000000
7145.000000
669.000000
566.000000
62.000000
1961.000000
215.000000
251.000000
56.000000
295.000000
228.000000
128.000000
59.000000
836.000000
156.000000
134.000000
189.000000
600.000000
77.000000
717.000000
573.000000
238.000000
198.000000
3033.000000
148.000000
168.000000
113.000000
672.000000
1514.000000
159.000000
728.000000
195.000000
588.000000
4110.000000
