246.000000
1083.000000
2390.000000
1446.000000
367.000000
314.000000
32.000000
2879.000000
225.000000
45.000000
189.000000
511.000000
242.000000
790.000000
572.000000
344.000000
206.000000
70.000000
120.000000
152.000000
952.000000
214.000000
329.000000
84.000000
978.000000
683.000000
85.000000
203.000000
559.000000
1444.000000
1617.000000
733.000000
949.000000
919.000000
213.000000
768.000000
369.000000
254.000000
280.000000
1294.000000
1507.000000
124.000000
724.000000
663.000000
849.000000
160.000000
702.000000
1106.000000
501.000000
937.000000
331.000000
46.000000
110.000000
806.000000
200.000000
598.000000
567.000000
1067.000000
587.000000
25.000000
150.000000
255.000000
166.000000
337.000000
954.000000
115.000000
96.000000
840.000000
480.000000
450.000000
220.000000
788.000000
637.000000
800.000000
347.000000
421.000000
334.000000
191.000000
435.000000
1527.000000
107.000000
472.000000
676.000000
398.000000
302.000000
106.000000
457.000000
864.000000
1795.000000
87.000000
359.000000
450.000000
97.000000
382.000000
122.000000
745.000000
277.000000
758.000000
346.000000
294.000000
600.000000
452.000000
357.000000
139.000000
128.000000
82.000000
549.000000
369.000000
253.000000
914.000000
493.000000
339.000000
330.000000
493.000000
701.000000
864.000000
463.000000
1272.000000
3633.000000
362.000000
358.000000
195.000000
548.000000
209.000000
539.000000
1109.000000
418.000000
106.000000
321.000000
645.000000
568.000000
181.000000
120.000000
86.000000
876.000000
1285.000000
461.000000
250.000000
104.000000
2832.000000
1650.000000
304.000000
204.000000
266.000000
360.000000
471.000000
1462.000000
296.000000
347.000000
1492.000000
608.000000
382.000000
79.000000
1777.000000
137.000000
169.000000
113.000000
53.000000
1226.000000
139.000000
114.000000
714.000000
279.000000
104.000000
3175.000000
923.000000
1182.000000
4737.000000
320.000000
367.000000
122.000000
65.000000
62.000000
90.000000
227.000000
373.000000
801.000000
633.000000
406.000000
115.000000
50.000000
245.000000
751.000000
50.000000
5239.000000
658.000000
1842.000000
839.000000
2072.000000
2297.000000
1081.000000
2216.000000
108.000000
304.000000
789.000000
510.000000
546.000000
54.000000
578.000000
1084.000000
720.000000
2628.000000
808.000000
1847.000000
864.000000
763.000000
45.000000
176.000000
77.000000
84.000000
167.000000
680.000000
314.000000
610.000000
834.000000
351.000000
322.000000
46.000000
363.000000
92.000000
1255.000000
943.000000
372.000000
193.000000
828.000000
211.000000
179.000000
1959.000000
2438.000000
238.000000
80.000000
393.000000
1067.000000
156.000000
951.000000
161.000000
173.000000
2744.000000
315.000000
2394.000000
501.000000
132.000000
731.000000
254.000000
716.000000
817.000000
117.000000
163.000000
1089.000000
119.000000
1302.000000
36.000000
1100.000000
4614.000000
1270.000000
82.000000
70.000000
512.000000
1322.000000
1469.000000
50.000000
714.000000
222.000000
188.000000
247.000000
557.000000
745.000000
442.000000
168.000000
371.000000
284.000000
182.000000
108.000000
180.000000
185.000000
969.000000
2472.000000
522.000000
285.000000
229.000000
444.000000
508.000000
148.000000
219.000000
692.000000
120.000000
544.000000
1113.000000
318.000000
3598.000000
540.000000
208.000000
375.000000
542.000000
245.000000
222.000000
314.000000
131.000000
1093.000000
70.000000
489.000000
2985.000000
1012.000000
2472.000000
1127.000000
139.000000
85.000000
521.000000
437.000000
373.000000
1496.000000
168.000000
578.000000
1609.000000
375.000000
404.000000
204.000000
209.000000
1015.000000
1326.000000
405.000000
570.000000
1152.000000
1116.000000
174.000000
459.000000
313.000000
383.000000
331.000000
172.000000
639.000000
94.000000
739.000000
322.000000
788.000000
193.000000
380.000000
800.000000
470.000000
98.000000
327.000000
271.000000
192.000000
744.000000
1169.000000
266.000000
729.000000
76.000000
863.000000
509.000000
681.000000
808.000000
343.000000
48.000000
76.000000
186.000000
394.000000
96.000000
923.000000
149.000000
976.000000
708.000000
46.000000
1823.000000
181.000000
671.000000
806.000000
357.000000
941.000000
376.000000
230.000000
1330.000000
829.000000
641.000000
1451.000000
486.000000
502.000000
92.000000
2514.000000
318.000000
2401.000000
865.000000
527.000000
579.000000
821.000000
242.000000
1144.000000
721.000000
182.000000
175.000000
3619.000000
190.000000
1191.000000
422.000000
382.000000
29.000000
138.000000
478.000000
172.000000
1529.000000
143.000000
546.000000
548.000000
544.000000
2076.000000
216.000000
467.000000
219.000000
463.000000
4036.000000
4071.000000
539.000000
85.000000
775.000000
492.000000
183.000000
165.000000
471.000000
96.000000
858.000000
1703.000000
2084.000000
180.000000
102.000000
171.000000
547.000000
441.000000
404.000000
156.000000
467.000000
361.000000
325.000000
540.000000
98.000000
262.000000
185.000000
657.000000
1319.000000
414.000000
224.000000
360.000000
965.000000
449.000000
3908.000000
291.000000
204.000000
135.000000
2076.000000
221.000000
721.000000
3483.000000
373.000000
2305.000000
184.000000
377.000000
209.000000
191.000000
1125.000000
454.000000
240.000000
157.000000
374.000000
116.000000
282.000000
642.000000
187.000000
956.000000
558.000000
486.000000
138.000000
913.000000
474.000000
391.000000
351.000000
291.000000
2969.000000
81.000000
142.000000
4346.000000
178.000000
2680.000000
630.000000
165.000000
215.000000
3494.000000
2589.000000
69.000000
1097.000000
340.000000
225.000000
610.000000
1118.000000
1316.000000
26.000000
1192.000000
36.000000
1791.000000
538.000000
438.000000
103.000000
1233.000000
988.000000
65.000000
341.000000
123.000000
795.000000
313.000000
1030.000000
604.000000
296.000000
538.000000
1169.000000
395.000000
640.000000
271.000000
284.000000
371.000000
743.000000
187.000000
388.000000
704.000000
2515.000000
489.000000
972.000000
292.000000
145.000000
119.000000
477.000000
215.000000
757.000000
500.000000
289.000000
112.000000
830.000000
365.000000
230.000000
387.000000
542.000000
777.000000
243.000000
100.000000
149.000000
116.000000
497.000000
5312.000000
463.000000
1702.000000
160.000000
109.000000
961.000000
932.000000
182.000000
427.000000
126.000000
304.000000
152.000000
260.000000
175.000000
874.000000
176.000000
100.000000
332.000000
133.000000
1153.000000
766.000000
795.000000
114.000000
51.000000
215.000000
750.000000
544.000000
117.000000
325.000000
1011.000000
1222.000000
150.000000
83.000000
2015.000000
268.000000
454.000000
105.000000
1228.000000
1427.000000
1642.000000
1935.000000
1049.000000
588.000000
134.000000
973.000000
451.000000
247.000000
167.000000
714.000000
589.000000
1087.000000
1947.000000
810.000000
267.000000
178.000000
1738.000000
186.000000
426.000000
683.000000
310.000000
2015.000000
181.000000
331.000000
11.000000
322.000000
268.000000
1026.000000
616.000000
1076.000000
175.000000
106.000000
210.000000
505.000000
7894.000000
826.000000
1424.000000
259.000000
302.000000
292.000000
351.000000
310.000000
1037.000000
239.000000
453.000000
620.000000
2450.000000
802.000000
167.000000
456.000000
972.000000
675.000000
124.000000
1690.000000
309.000000
1128.000000
825.000000
371.000000
3122.000000
504.000000
263.000000
385.000000
703.000000
2389.000000
380.000000
108.000000
244.000000
291.000000
38.000000
1562.000000
379.000000
168.000000
678.000000
161.000000
131.000000
73.000000
258.000000
483.000000
350.000000
191.000000
854.000000
85.000000
109.000000
1139.000000
662.000000
225.000000
1005.000000
578.000000
1102.000000
281.000000
104.000000
2970.000000
1577.000000
239.000000
204.000000
570.000000
568.000000
242.000000
573.000000
383.000000
102.000000
493.000000
453.000000
156.000000
421.000000
833.000000
427.000000
1269.000000
932.000000
261.000000
961.000000
284.000000
525.000000
940.000000
174.000000
741.000000
686.000000
357.000000
215.000000
188.000000
72.000000
532.000000
282.000000
118.000000
1383.000000
162.000000
1923.000000
1185.000000
526.000000
153.000000
1285.000000
1051.000000
1621.000000
1753.000000
106.000000
338.000000
329.000000
174.000000
444.000000
148.000000
89.000000
424.000000
585.000000
394.000000
212.000000
2446.000000
236.000000
604.000000
1936.000000
339.000000
724.000000
1193.000000
79.000000
97.000000
444.000000
143.000000
507.000000
3411.000000
1513.000000
357.000000
378.000000
371.000000
431.000000
439.000000
235.000000
283.000000
823.000000
596.000000
405.000000
63.000000
410.000000
319.000000
634.000000
101.000000
1197.000000
214.000000
224.000000
1283.000000
381.000000
2925.000000
387.000000
204.000000
40.000000
265.000000
238.000000
95.000000
136.000000
108.000000
133.000000
189.000000
268.000000
523.000000
197.000000
3842.000000
121.000000
124.000000
340.000000
643.000000
106.000000
158.000000
266.000000
218.000000
774.000000
156.000000
546.000000
110.000000
260.000000
16.000000
110.000000
169.000000
1258.000000
205.000000
203.000000
330.000000
179.000000
243.000000
709.000000
1057.000000
461.000000
1734.000000
266.000000
263.000000
121.000000
665.000000
24.000000
905.000000
415.000000
627.000000
132.000000
723.000000
217.000000
326.000000
57.000000
352.000000
375.000000
258.000000
248.000000
162.000000
729.000000
219.000000
627.000000
132.000000
640.000000
639.000000
563.000000
344.000000
557.000000
480.000000
531.000000
531.000000
914.000000
269.000000
1428.000000
381.000000
150.000000
1153.000000
889.000000
74.000000
31.000000
2462.000000
506.000000
609.000000
254.000000
2347.000000
502.000000
2298.000000
137.000000
133.000000
225.000000
753.000000
455.000000
639.000000
200.000000
269.000000
597.000000
909.000000
363.000000
1151.000000
157.000000
1106.000000
442.000000
363.000000
432.000000
675.000000
122.000000
371.000000
754.000000
364.000000
640.000000
1081.000000
161.000000
217.000000
145.000000
109.000000
463.000000
316.000000
257.000000
711.000000
161.000000
247.000000
129.000000
2125.000000
1848.000000
705.000000
376.000000
842.000000
136.000000
272.000000
726.000000
1081.000000
611.000000
3656.000000
531.000000
299.000000
693.000000
34.000000
331.000000
169.000000
240.000000
1145.000000
1054.000000
182.000000
1837.000000
61.000000
405.000000
211.000000
305.000000
469.000000
333.000000
620.000000
250.000000
1953.000000
22.000000
1469.000000
101.000000
355.000000
587.000000
362.000000
94.000000
78.000000
52.000000
547.000000
210.000000
148.000000
240.000000
320.000000
234.000000
279.000000
1422.000000
160.000000
1140.000000
133.000000
316.000000
92.000000
470.000000
228.000000
155.000000
1605.000000
391.000000
186.000000
513.000000
166.000000
334.000000
415.000000
351.000000
130.000000
523.000000
908.000000
469.000000
532.000000
669.000000
1031.000000
300.000000
585.000000
354.000000
897.000000
387.000000
537.000000
914.000000
769.000000
104.000000
322.000000
819.000000
572.000000
122.000000
313.000000
406.000000
172.000000
756.000000
227.000000
286.000000
3153.000000
363.000000
422.000000
659.000000
316.000000
150.000000
4357.000000
458.000000
609.000000
1325.000000
328.000000
638.000000
225.000000
225.000000
1036.000000
370.000000
233.000000
3977.000000
275.000000
242.000000
568.000000
543.000000
357.000000
228.000000
846.000000
1815.000000
