437.000000
846.000000
1356.000000
567.000000
1566.000000
27.000000
62.000000
871.000000
2014.000000
215.000000
168.000000
82.000000
519.000000
258.000000
632.000000
269.000000
337.000000
3173.000000
428.000000
76.000000
1661.000000
1337.000000
1599.000000
687.000000
94.000000
178.000000
75.000000
223.000000
152.000000
79.000000
1292.000000
105.000000
319.000000
374.000000
64.000000
166.000000
288.000000
235.000000
1356.000000
301.000000
519.000000
688.000000
459.000000
528.000000
1151.000000
111.000000
567.000000
203.000000
817.000000
1318.000000
801.000000
286.000000
160.000000
481.000000
334.000000
308.000000
253.000000
773.000000
273.000000
571.000000
433.000000
817.000000
4123.000000
559.000000
317.000000
261.000000
111.000000
583.000000
334.000000
315.000000
235.000000
813.000000
1860.000000
630.000000
469.000000
302.000000
493.000000
251.000000
179.000000
1430.000000
1467.000000
183.000000
1240.000000
60.000000
287.000000
173.000000
173.000000
520.000000
497.000000
485.000000
369.000000
554.000000
306.000000
176.000000
1060.000000
107.000000
2781.000000
75.000000
115.000000
77.000000
91.000000
1069.000000
1402.000000
1226.000000
336.000000
1577.000000
2925.000000
338.000000
156.000000
382.000000
106.000000
59.000000
616.000000
391.000000
1540.000000
74.000000
3079.000000
1061.000000
156.000000
2080.000000
371.000000
61.000000
174.000000
2057.000000
259.000000
294.000000
555.000000
3237.000000
494.000000
111.000000
587.000000
117.000000
287.000000
1545.000000
1189.000000
386.000000
164.000000
503.000000
74.000000
410.000000
147.000000
197.000000
306.000000
739.000000
417.000000
1598.000000
633.000000
320.000000
925.000000
243.000000
518.000000
417.000000
1188.000000
289.000000
308.000000
604.000000
270.000000
494.000000
110.000000
412.000000
2041.000000
585.000000
1116.000000
85.000000
9296.000000
781.000000
1704.000000
763.000000
136.000000
182.000000
891.000000
701.000000
242.000000
576.000000
151.000000
475.000000
1381.000000
597.000000
2035.000000
810.000000
446.000000
1552.000000
282.000000
297.000000
206.000000
798.000000
3311.000000
444.000000
290.000000
286.000000
1078.000000
943.000000
279.000000
258.000000
180.000000
1547.000000
803.000000
699.000000
136.000000
691.000000
1000.000000
112.000000
1536.000000
619.000000
140.000000
234.000000
140.000000
909.000000
521.000000
245.000000
268.000000
72.000000
218.000000
696.000000
188.000000
368.000000
291.000000
373.000000
526.000000
102.000000
994.000000
1091.000000
220.000000
1071.000000
390.000000
544.000000
112.000000
191.000000
364.000000
680.000000
907.000000
942.000000
568.000000
123.000000
493.000000
391.000000
158.000000
3529.000000
180.000000
431.000000
564.000000
97.000000
172.000000
2218.000000
385.000000
286.000000
235.000000
619.000000
643.000000
5401.000000
2182.000000
185.000000
70.000000
1001.000000
838.000000
3339.000000
248.000000
1604.000000
694.000000
1978.000000
1418.000000
2602.000000
56.000000
564.000000
1288.000000
70.000000
231.000000
185.000000
111.000000
299.000000
149.000000
847.000000
803.000000
967.000000
48.000000
591.000000
343.000000
73.000000
771.000000
63.000000
85.000000
1654.000000
198.000000
157.000000
382.000000
287.000000
181.000000
1142.000000
230.000000
569.000000
1915.000000
211.000000
211.000000
5585.000000
491.000000
1706.000000
165.000000
681.000000
409.000000
928.000000
1198.000000
105.000000
2394.000000
1489.000000
5146.000000
1157.000000
1561.000000
323.000000
359.000000
166.000000
2001.000000
465.000000
822.000000
1880.000000
903.000000
1133.000000
899.000000
107.000000
143.000000
152.000000
417.000000
476.000000
402.000000
415.000000
850.000000
386.000000
164.000000
240.000000
411.000000
192.000000
713.000000
541.000000
1206.000000
593.000000
244.000000
820.000000
322.000000
2316.000000
933.000000
273.000000
851.000000
796.000000
321.000000
392.000000
2881.000000
560.000000
300.000000
781.000000
257.000000
128.000000
213.000000
240.000000
147.000000
1222.000000
680.000000
403.000000
297.000000
256.000000
382.000000
846.000000
434.000000
209.000000
334.000000
178.000000
1551.000000
66.000000
323.000000
364.000000
22.000000
117.000000
1154.000000
1042.000000
277.000000
60.000000
1453.000000
542.000000
169.000000
248.000000
1170.000000
4766.000000
784.000000
2086.000000
4221.000000
545.000000
193.000000
757.000000
235.000000
243.000000
844.000000
342.000000
533.000000
1235.000000
3900.000000
757.000000
5296.000000
141.000000
310.000000
212.000000
209.000000
3186.000000
301.000000
1205.000000
360.000000
83.000000
222.000000
159.000000
1531.000000
474.000000
722.000000
108.000000
126.000000
463.000000
444.000000
99.000000
751.000000
155.000000
216.000000
67.000000
835.000000
672.000000
350.000000
75.000000
870.000000
531.000000
2297.000000
535.000000
570.000000
120.000000
688.000000
453.000000
619.000000
325.000000
37.000000
926.000000
115.000000
65.000000
673.000000
300.000000
321.000000
1298.000000
716.000000
702.000000
324.000000
219.000000
615.000000
415.000000
167.000000
116.000000
156.000000
467.000000
505.000000
186.000000
159.000000
269.000000
802.000000
2036.000000
340.000000
136.000000
383.000000
315.000000
332.000000
174.000000
659.000000
1475.000000
1788.000000
1156.000000
262.000000
283.000000
163.000000
260.000000
436.000000
224.000000
321.000000
315.000000
731.000000
584.000000
386.000000
231.000000
379.000000
407.000000
372.000000
603.000000
1441.000000
286.000000
386.000000
84.000000
1997.000000
382.000000
92.000000
202.000000
388.000000
191.000000
1164.000000
470.000000
2229.000000
777.000000
431.000000
2008.000000
225.000000
195.000000
197.000000
2808.000000
126.000000
37.000000
131.000000
370.000000
395.000000
216.000000
688.000000
469.000000
1415.000000
261.000000
1921.000000
296.000000
832.000000
371.000000
1346.000000
2006.000000
692.000000
1226.000000
186.000000
201.000000
314.000000
1895.000000
359.000000
1101.000000
1339.000000
857.000000
311.000000
2818.000000
284.000000
1030.000000
79.000000
357.000000
593.000000
310.000000
568.000000
1534.000000
679.000000
544.000000
537.000000
1392.000000
106.000000
533.000000
447.000000
279.000000
128.000000
23.000000
230.000000
61.000000
59.000000
147.000000
127.000000
145.000000
127.000000
3191.000000
86.000000
242.000000
731.000000
548.000000
381.000000
782.000000
386.000000
149.000000
504.000000
781.000000
1341.000000
367.000000
271.000000
882.000000
172.000000
824.000000
225.000000
893.000000
509.000000
557.000000
400.000000
1140.000000
122.000000
534.000000
136.000000
237.000000
245.000000
500.000000
422.000000
241.000000
152.000000
123.000000
1258.000000
151.000000
1055.000000
1300.000000
391.000000
224.000000
397.000000
154.000000
120.000000
796.000000
175.000000
907.000000
528.000000
1704.000000
100.000000
694.000000
573.000000
5146.000000
177.000000
585.000000
409.000000
319.000000
680.000000
180.000000
300.000000
610.000000
657.000000
867.000000
269.000000
976.000000
1186.000000
630.000000
348.000000
238.000000
1978.000000
100.000000
128.000000
853.000000
178.000000
130.000000
771.000000
190.000000
101.000000
191.000000
2377.000000
806.000000
86.000000
396.000000
500.000000
274.000000
766.000000
2315.000000
823.000000
384.000000
450.000000
690.000000
701.000000
917.000000
530.000000
404.000000
289.000000
1582.000000
405.000000
400.000000
51.000000
332.000000
170.000000
86.000000
2400.000000
346.000000
419.000000
273.000000
269.000000
371.000000
690.000000
205.000000
478.000000
460.000000
429.000000
572.000000
1158.000000
35.000000
139.000000
1562.000000
550.000000
1952.000000
1002.000000
102.000000
821.000000
240.000000
127.000000
689.000000
51.000000
127.000000
690.000000
348.000000
3119.000000
491.000000
366.000000
1481.000000
970.000000
3983.000000
127.000000
272.000000
338.000000
258.000000
456.000000
208.000000
625.000000
1903.000000
540.000000
97.000000
37.000000
594.000000
1270.000000
1313.000000
740.000000
761.000000
427.000000
308.000000
587.000000
696.000000
359.000000
245.000000
148.000000
217.000000
1316.000000
408.000000
98.000000
186.000000
283.000000
1149.000000
909.000000
398.000000
1137.000000
281.000000
109.000000
570.000000
120.000000
1482.000000
2502.000000
127.000000
317.000000
393.000000
194.000000
629.000000
766.000000
428.000000
184.000000
1934.000000
1148.000000
571.000000
1790.000000
139.000000
212.000000
104.000000
275.000000
317.000000
857.000000
418.000000
211.000000
210.000000
398.000000
463.000000
219.000000
707.000000
351.000000
153.000000
1514.000000
585.000000
1243.000000
150.000000
1694.000000
653.000000
313.000000
244.000000
792.000000
190.000000
85.000000
640.000000
218.000000
492.000000
2751.000000
587.000000
280.000000
5779.000000
274.000000
13.000000
394.000000
88.000000
335.000000
423.000000
219.000000
438.000000
312.000000
83.000000
260.000000
516.000000
229.000000
408.000000
101.000000
132.000000
76.000000
385.000000
1437.000000
124.000000
219.000000
289.000000
7788.000000
578.000000
304.000000
864.000000
836.000000
379.000000
103.000000
1596.000000
344.000000
86.000000
474.000000
1195.000000
372.000000
518.000000
148.000000
63.000000
58.000000
282.000000
2462.000000
386.000000
738.000000
198.000000
342.000000
492.000000
208.000000
1428.000000
837.000000
364.000000
163.000000
69.000000
118.000000
614.000000
1009.000000
1001.000000
443.000000
612.000000
1496.000000
558.000000
189.000000
277.000000
97.000000
593.000000
202.000000
1001.000000
1013.000000
289.000000
109.000000
158.000000
295.000000
77.000000
929.000000
524.000000
157.000000
2068.000000
1897.000000
264.000000
630.000000
112.000000
177.000000
148.000000
109.000000
15.000000
561.000000
490.000000
443.000000
432.000000
194.000000
1034.000000
214.000000
314.000000
139.000000
1478.000000
72.000000
1128.000000
329.000000
200.000000
239.000000
396.000000
456.000000
154.000000
174.000000
881.000000
355.000000
57.000000
670.000000
209.000000
187.000000
401.000000
20.000000
1057.000000
1677.000000
287.000000
71.000000
561.000000
55.000000
888.000000
804.000000
104.000000
360.000000
531.000000
555.000000
326.000000
778.000000
513.000000
372.000000
253.000000
416.000000
300.000000
427.000000
129.000000
554.000000
790.000000
315.000000
621.000000
1324.000000
211.000000
434.000000
612.000000
1500.000000
234.000000
90.000000
324.000000
82.000000
127.000000
268.000000
761.000000
72.000000
1132.000000
2787.000000
45.000000
2499.000000
100.000000
138.000000
88.000000
277.000000
211.000000
303.000000
159.000000
193.000000
848.000000
183.000000
279.000000
339.000000
462.000000
1860.000000
103.000000
222.000000
22.000000
156.000000
338.000000
821.000000
4758.000000
1007.000000
622.000000
346.000000
209.000000
376.000000
390.000000
557.000000
238.000000
1183.000000
344.000000
475.000000
138.000000
1563.000000
1479.000000
207.000000
637.000000
572.000000
949.000000
185.000000
940.000000
623.000000
75.000000
288.000000
194.000000
713.000000
320.000000
639.000000
304.000000
636.000000
200.000000
104.000000
1044.000000
200.000000
476.000000
305.000000
528.000000
2255.000000
864.000000
251.000000
471.000000
1683.000000
978.000000
119.000000
404.000000
365.000000
1776.000000
298.000000
581.000000
101.000000
207.000000
163.000000
200.000000
