722.000000
483.000000
867.000000
419.000000
336.000000
478.000000
143.000000
162.000000
122.000000
1538.000000
1298.000000
1758.000000
202.000000
138.000000
586.000000
123.000000
2436.000000
626.000000
371.000000
224.000000
1047.000000
1026.000000
368.000000
122.000000
286.000000
1778.000000
233.000000
32.000000
138.000000
728.000000
164.000000
180.000000
568.000000
209.000000
267.000000
26.000000
177.000000
223.000000
942.000000
227.000000
746.000000
109.000000
399.000000
270.000000
1746.000000
2664.000000
867.000000
196.000000
49.000000
303.000000
441.000000
124.000000
699.000000
110.000000
1448.000000
6746.000000
114.000000
278.000000
36.000000
259.000000
1185.000000
264.000000
493.000000
245.000000
168.000000
269.000000
423.000000
146.000000
634.000000
598.000000
917.000000
885.000000
227.000000
78.000000
109.000000
482.000000
385.000000
4692.000000
694.000000
268.000000
278.000000
388.000000
102.000000
82.000000
110.000000
247.000000
171.000000
152.000000
178.000000
179.000000
376.000000
213.000000
215.000000
488.000000
330.000000
335.000000
267.000000
1728.000000
197.000000
1925.000000
98.000000
632.000000
1482.000000
3553.000000
266.000000
303.000000
550.000000
625.000000
228.000000
3802.000000
557.000000
133.000000
738.000000
592.000000
356.000000
253.000000
2680.000000
750.000000
255.000000
601.000000
204.000000
851.000000
214.000000
171.000000
309.000000
113.000000
355.000000
325.000000
1331.000000
447.000000
294.000000
333.000000
556.000000
272.000000
372.000000
480.000000
240.000000
797.000000
195.000000
569.000000
1823.000000
77.000000
141.000000
148.000000
202.000000
569.000000
4070.000000
281.000000
184.000000
1120.000000
4338.000000
679.000000
52.000000
830.000000
457.000000
386.000000
1267.000000
151.000000
84.000000
90.000000
264.000000
6016.000000
39.000000
860.000000
1655.000000
204.000000
904.000000
628.000000
571.000000
490.000000
344.000000
139.000000
173.000000
914.000000
4876.000000
1723.000000
174.000000
241.000000
550.000000
754.000000
1431.000000
306.000000
314.000000
39.000000
722.000000
269.000000
221.000000
130.000000
411.000000
934.000000
298.000000
63.000000
2647.000000
211.000000
405.000000
313.000000
2084.000000
164.000000
269.000000
91.000000
410.000000
213.000000
676.000000
249.000000
197.000000
305.000000
80.000000
140.000000
73.000000
984.000000
277.000000
363.000000
945.000000
219.000000
114.000000
372.000000
809.000000
226.000000
168.000000
718.000000
623.000000
172.000000
389.000000
135.000000
477.000000
418.000000
227.000000
641.000000
1790.000000
38.000000
94.000000
477.000000
202.000000
190.000000
180.000000
148.000000
625.000000
345.000000
3713.000000
1152.000000
778.000000
139.000000
3654.000000
1740.000000
1070.000000
455.000000
335.000000
216.000000
731.000000
2014.000000
734.000000
482.000000
379.000000
575.000000
168.000000
114.000000
1740.000000
286.000000
3812.000000
1240.000000
1027.000000
151.000000
1292.000000
302.000000
897.000000
336.000000
136.000000
550.000000
897.000000
464.000000
571.000000
698.000000
89.000000
324.000000
552.000000
68.000000
465.000000
671.000000
212.000000
608.000000
667.000000
149.000000
623.000000
359.000000
111.000000
660.000000
351.000000
385.000000
730.000000
126.000000
276.000000
550.000000
141.000000
1286.000000
240.000000
2240.000000
2200.000000
136.000000
1279.000000
1169.000000
186.000000
255.000000
40.000000
177.000000
907.000000
285.000000
115.000000
661.000000
418.000000
103.000000
1197.000000
429.000000
61.000000
248.000000
53.000000
301.000000
337.000000
630.000000
428.000000
106.000000
141.000000
679.000000
419.000000
321.000000
269.000000
266.000000
939.000000
669.000000
97.000000
595.000000
211.000000
937.000000
570.000000
568.000000
834.000000
127.000000
1633.000000
583.000000
114.000000
335.000000
251.000000
882.000000
525.000000
130.000000
633.000000
426.000000
197.000000
364.000000
670.000000
316.000000
406.000000
990.000000
111.000000
404.000000
270.000000
1525.000000
648.000000
407.000000
170.000000
404.000000
169.000000
495.000000
2080.000000
612.000000
1644.000000
106.000000
409.000000
484.000000
541.000000
531.000000
56.000000
81.000000
262.000000
454.000000
1241.000000
497.000000
959.000000
287.000000
148.000000
172.000000
565.000000
1285.000000
130.000000
729.000000
644.000000
179.000000
97.000000
2243.000000
137.000000
891.000000
211.000000
457.000000
268.000000
1128.000000
312.000000
170.000000
298.000000
317.000000
254.000000
1875.000000
876.000000
1344.000000
437.000000
216.000000
418.000000
773.000000
330.000000
1358.000000
198.000000
137.000000
335.000000
391.000000
718.000000
183.000000
49.000000
662.000000
39.000000
155.000000
332.000000
2133.000000
31.000000
216.000000
537.000000
144.000000
506.000000
546.000000
402.000000
951.000000
301.000000
706.000000
65.000000
257.000000
171.000000
179.000000
538.000000
628.000000
2430.000000
1149.000000
219.000000
219.000000
1076.000000
452.000000
106.000000
78.000000
268.000000
443.000000
358.000000
694.000000
822.000000
668.000000
121.000000
402.000000
766.000000
595.000000
523.000000
191.000000
1453.000000
102.000000
244.000000
394.000000
997.000000
52.000000
958.000000
749.000000
286.000000
272.000000
370.000000
69.000000
223.000000
978.000000
277.000000
543.000000
193.000000
1120.000000
133.000000
1187.000000
191.000000
306.000000
950.000000
559.000000
2095.000000
255.000000
802.000000
1909.000000
14.000000
3722.000000
4208.000000
492.000000
346.000000
307.000000
109.000000
169.000000
48.000000
656.000000
137.000000
510.000000
1018.000000
567.000000
109.000000
1679.000000
462.000000
451.000000
754.000000
137.000000
406.000000
455.000000
1209.000000
386.000000
2285.000000
399.000000
311.000000
427.000000
708.000000
253.000000
1342.000000
416.000000
23.000000
126.000000
209.000000
526.000000
1307.000000
154.000000
130.000000
241.000000
112.000000
306.000000
233.000000
147.000000
355.000000
160.000000
49.000000
214.000000
1071.000000
189.000000
328.000000
1419.000000
1558.000000
146.000000
1395.000000
1120.000000
311.000000
220.000000
4567.000000
670.000000
139.000000
717.000000
2847.000000
729.000000
1302.000000
2458.000000
815.000000
1266.000000
542.000000
539.000000
7563.000000
162.000000
161.000000
1543.000000
145.000000
46.000000
175.000000
182.000000
625.000000
447.000000
352.000000
100.000000
2476.000000
91.000000
201.000000
1013.000000
1133.000000
168.000000
142.000000
303.000000
3295.000000
408.000000
309.000000
447.000000
706.000000
1334.000000
2033.000000
320.000000
732.000000
163.000000
820.000000
499.000000
517.000000
1148.000000
192.000000
694.000000
121.000000
323.000000
698.000000
241.000000
308.000000
866.000000
171.000000
366.000000
681.000000
464.000000
305.000000
237.000000
113.000000
420.000000
1511.000000
1480.000000
296.000000
93.000000
37.000000
345.000000
2083.000000
768.000000
880.000000
1439.000000
1907.000000
717.000000
344.000000
627.000000
450.000000
944.000000
194.000000
972.000000
199.000000
54.000000
192.000000
228.000000
520.000000
119.000000
667.000000
92.000000
553.000000
282.000000
115.000000
655.000000
177.000000
1212.000000
1140.000000
530.000000
251.000000
709.000000
457.000000
743.000000
408.000000
527.000000
636.000000
125.000000
513.000000
212.000000
169.000000
302.000000
181.000000
925.000000
469.000000
1514.000000
2090.000000
1113.000000
2125.000000
120.000000
5449.000000
406.000000
83.000000
1651.000000
302.000000
551.000000
186.000000
385.000000
1362.000000
77.000000
624.000000
49.000000
304.000000
279.000000
103.000000
360.000000
1345.000000
156.000000
43.000000
150.000000
95.000000
264.000000
776.000000
199.000000
1034.000000
624.000000
349.000000
238.000000
265.000000
266.000000
688.000000
854.000000
335.000000
171.000000
605.000000
183.000000
343.000000
143.000000
154.000000
629.000000
314.000000
1009.000000
1321.000000
653.000000
484.000000
49.000000
358.000000
119.000000
351.000000
697.000000
1130.000000
150.000000
381.000000
577.000000
476.000000
316.000000
236.000000
414.000000
278.000000
1469.000000
346.000000
267.000000
405.000000
233.000000
92.000000
391.000000
489.000000
246.000000
288.000000
160.000000
737.000000
423.000000
484.000000
960.000000
638.000000
194.000000
952.000000
671.000000
44.000000
462.000000
741.000000
80.000000
463.000000
142.000000
273.000000
1722.000000
792.000000
783.000000
5924.000000
1513.000000
423.000000
1490.000000
326.000000
483.000000
657.000000
566.000000
588.000000
2591.000000
921.000000
775.000000
351.000000
297.000000
667.000000
220.000000
1214.000000
1650.000000
77.000000
438.000000
410.000000
31.000000
159.000000
417.000000
174.000000
1865.000000
172.000000
909.000000
809.000000
1216.000000
255.000000
1446.000000
197.000000
353.000000
673.000000
233.000000
397.000000
437.000000
163.000000
127.000000
514.000000
1202.000000
41.000000
610.000000
305.000000
237.000000
1544.000000
649.000000
772.000000
663.000000
483.000000
307.000000
1726.000000
1489.000000
467.000000
298.000000
300.000000
429.000000
226.000000
433.000000
1992.000000
1240.000000
206.000000
542.000000
1088.000000
24.000000
133.000000
256.000000
771.000000
757.000000
421.000000
2049.000000
1014.000000
371.000000
702.000000
1002.000000
52.000000
151.000000
271.000000
915.000000
42.000000
44.000000
111.000000
1668.000000
446.000000
398.000000
794.000000
279.000000
157.000000
1171.000000
2071.000000
183.000000
467.000000
271.000000
865.000000
693.000000
431.000000
582.000000
147.000000
95.000000
48.000000
2558.000000
362.000000
327.000000
737.000000
129.000000
1356.000000
221.000000
1989.000000
1272.000000
582.000000
130.000000
358.000000
458.000000
333.000000
137.000000
1205.000000
1194.000000
509.000000
391.000000
819.000000
2070.000000
1404.000000
692.000000
324.000000
223.000000
621.000000
1342.000000
561.000000
479.000000
1190.000000
649.000000
1264.000000
144.000000
1205.000000
1778.000000
980.000000
258.000000
28.000000
191.000000
1524.000000
1378.000000
453.000000
1448.000000
622.000000
92.000000
1610.000000
53.000000
77.000000
46.000000
30.000000
468.000000
999.000000
418.000000
218.000000
475.000000
87.000000
1358.000000
263.000000
764.000000
1079.000000
1373.000000
151.000000
246.000000
146.000000
699.000000
157.000000
1581.000000
734.000000
384.000000
455.000000
2045.000000
156.000000
933.000000
349.000000
532.000000
290.000000
104.000000
529.000000
535.000000
1468.000000
73.000000
413.000000
1311.000000
158.000000
789.000000
118.000000
59.000000
377.000000
225.000000
789.000000
764.000000
75.000000
333.000000
445.000000
73.000000
2403.000000
216.000000
541.000000
1505.000000
676.000000
2286.000000
272.000000
195.000000
795.000000
103.000000
869.000000
772.000000
329.000000
2314.000000
544.000000
272.000000
483.000000
440.000000
253.000000
36.000000
427.000000
137.000000
396.000000
556.000000
1274.000000
151.000000
714.000000
340.000000
258.000000
158.000000
315.000000
536.000000
129.000000
409.000000
287.000000
143.000000
715.000000
562.000000
57.000000
819.000000
459.000000
447.000000
167.000000
2473.000000
383.000000
1352.000000
612.000000
862.000000
263.000000
2709.000000
236.000000
1045.000000
352.000000
191.000000
287.000000
39.000000
47.000000
387.000000
