189.000000
317.000000
379.000000
81.000000
71.000000
476.000000
485.000000
651.000000
363.000000
1400.000000
957.000000
98.000000
540.000000
111.000000
1790.000000
756.000000
413.000000
724.000000
230.000000
1793.000000
242.000000
132.000000
349.000000
413.000000
288.000000
254.000000
308.000000
292.000000
1198.000000
1035.000000
59.000000
1066.000000
88.000000
700.000000
302.000000
91.000000
60.000000
893.000000
419.000000
325.000000
253.000000
768.000000
674.000000
2050.000000
234.000000
198.000000
323.000000
300.000000
1061.000000
2060.000000
851.000000
626.000000
1831.000000
11759.000000
147.000000
346.000000
484.000000
206.000000
270.000000
1759.000000
314.000000
1070.000000
48.000000
940.000000
2607.000000
177.000000
769.000000
1071.000000
357.000000
775.000000
181.000000
932.000000
271.000000
262.000000
676.000000
109.000000
123.000000
121.000000
806.000000
237.000000
1465.000000
56.000000
2445.000000
1494.000000
220.000000
339.000000
2521.000000
943.000000
177.000000
347.000000
609.000000
271.000000
2623.000000
76.000000
98.000000
190.000000
281.000000
721.000000
661.000000
146.000000
557.000000
231.000000
221.000000
604.000000
97.000000
153.000000
1140.000000
163.000000
462.000000
274.000000
887.000000
230.000000
255.000000
316.000000
2624.000000
451.000000
900.000000
600.000000
699.000000
676.000000
237.000000
411.000000
993.000000
168.000000
425.000000
293.000000
151.000000
323.000000
3202.000000
68.000000
151.000000
379.000000
278.000000
371.000000
225.000000
1691.000000
152.000000
399.000000
781.000000
847.000000
2696.000000
224.000000
60.000000
805.000000
248.000000
984.000000
3022.000000
768.000000
1532.000000
519.000000
524.000000
1636.000000
626.000000
348.000000
714.000000
112.000000
482.000000
387.000000
95.000000
45.000000
3509.000000
436.000000
179.000000
327.000000
465.000000
600.000000
135.000000
276.000000
767.000000
604.000000
2270.000000
513.000000
198.000000
1611.000000
203.000000
141.000000
30.000000
1122.000000
37.000000
88.000000
508.000000
234.000000
55.000000
468.000000
1167.000000
321.000000
1002.000000
1296.000000
594.000000
211.000000
102.000000
312.000000
194.000000
93.000000
1287.000000
279.000000
507.000000
2298.000000
776.000000
862.000000
234.000000
1431.000000
305.000000
173.000000
644.000000
405.000000
755.000000
260.000000
369.000000
467.000000
115.000000
972.000000
147.000000
246.000000
209.000000
426.000000
127.000000
296.000000
405.000000
75.000000
48.000000
571.000000
1048.000000
150.000000
155.000000
159.000000
839.000000
91.000000
523.000000
320.000000
62.000000
49.000000
121.000000
691.000000
648.000000
712.000000
2565.000000
1108.000000
1645.000000
839.000000
735.000000
105.000000
894.000000
112.000000
127.000000
1193.000000
570.000000
275.000000
2888.000000
577.000000
253.000000
553.000000
207.000000
806.000000
47.000000
113.000000
143.000000
518.000000
635.000000
1875.000000
878.000000
449.000000
139.000000
140.000000
476.000000
331.000000
528.000000
1138.000000
214.000000
1788.000000
767.000000
203.000000
3463.000000
1572.000000
352.000000
2738.000000
177.000000
361.000000
362.000000
19.000000
307.000000
6722.000000
454.000000
90.000000
1749.000000
354.000000
158.000000
103.000000
10098.000000
793.000000
998.000000
906.000000
1597.000000
716.000000
413.000000
162.000000
316.000000
237.000000
1730.000000
237.000000
597.000000
216.000000
1020.000000
225.000000
509.000000
135.000000
235.000000
659.000000
110.000000
955.000000
188.000000
309.000000
177.000000
48.000000
511.000000
410.000000
233.000000
254.000000
1183.000000
109.000000
389.000000
131.000000
309.000000
335.000000
1600.000000
1848.000000
1054.000000
3124.000000
37.000000
752.000000
1902.000000
335.000000
597.000000
357.000000
268.000000
239.000000
643.000000
1836.000000
635.000000
1777.000000
999.000000
146.000000
2522.000000
989.000000
355.000000
175.000000
3398.000000
283.000000
213.000000
467.000000
170.000000
1172.000000
182.000000
192.000000
3520.000000
198.000000
149.000000
573.000000
146.000000
589.000000
211.000000
689.000000
658.000000
569.000000
1123.000000
227.000000
194.000000
625.000000
63.000000
273.000000
216.000000
2166.000000
2465.000000
260.000000
461.000000
181.000000
311.000000
753.000000
377.000000
65.000000
107.000000
75.000000
187.000000
2245.000000
330.000000
152.000000
179.000000
576.000000
1650.000000
1241.000000
770.000000
491.000000
560.000000
438.000000
690.000000
37.000000
830.000000
478.000000
240.000000
383.000000
1133.000000
292.000000
1319.000000
1137.000000
328.000000
2365.000000
240.000000
715.000000
213.000000
298.000000
2786.000000
210.000000
725.000000
118.000000
453.000000
1395.000000
229.000000
101.000000
217.000000
131.000000
809.000000
1369.000000
531.000000
123.000000
195.000000
505.000000
726.000000
481.000000
713.000000
320.000000
69.000000
77.000000
181.000000
146.000000
7838.000000
385.000000
1071.000000
625.000000
345.000000
949.000000
59.000000
211.000000
265.000000
1011.000000
261.000000
175.000000
200.000000
828.000000
1103.000000
2608.000000
357.000000
39.000000
326.000000
330.000000
933.000000
343.000000
431.000000
952.000000
579.000000
90.000000
205.000000
352.000000
8381.000000
76.000000
129.000000
521.000000
4653.000000
2126.000000
330.000000
791.000000
491.000000
538.000000
337.000000
234.000000
375.000000
700.000000
1597.000000
1006.000000
217.000000
1362.000000
98.000000
1738.000000
345.000000
523.000000
1142.000000
4377.000000
1592.000000
1185.000000
787.000000
645.000000
615.000000
206.000000
211.000000
1202.000000
1613.000000
596.000000
262.000000
974.000000
3287.000000
341.000000
922.000000
214.000000
131.000000
595.000000
867.000000
67.000000
181.000000
292.000000
2428.000000
652.000000
1325.000000
74.000000
1006.000000
1076.000000
183.000000
310.000000
20.000000
333.000000
86.000000
421.000000
478.000000
581.000000
212.000000
262.000000
668.000000
918.000000
538.000000
235.000000
476.000000
109.000000
199.000000
521.000000
104.000000
313.000000
959.000000
1589.000000
762.000000
135.000000
502.000000
388.000000
4591.000000
396.000000
146.000000
255.000000
1917.000000
1188.000000
127.000000
707.000000
2271.000000
1160.000000
829.000000
246.000000
1207.000000
701.000000
655.000000
77.000000
268.000000
156.000000
1209.000000
708.000000
705.000000
271.000000
3148.000000
119.000000
868.000000
171.000000
269.000000
725.000000
365.000000
567.000000
178.000000
1524.000000
1771.000000
355.000000
3368.000000
126.000000
1238.000000
2278.000000
3713.000000
1262.000000
1067.000000
96.000000
1173.000000
557.000000
583.000000
79.000000
2350.000000
110.000000
1811.000000
301.000000
822.000000
397.000000
256.000000
596.000000
125.000000
353.000000
503.000000
153.000000
811.000000
607.000000
184.000000
1125.000000
168.000000
214.000000
868.000000
206.000000
450.000000
136.000000
259.000000
1054.000000
113.000000
95.000000
112.000000
143.000000
566.000000
512.000000
37.000000
613.000000
485.000000
1401.000000
1741.000000
378.000000
568.000000
361.000000
602.000000
770.000000
232.000000
576.000000
154.000000
304.000000
123.000000
411.000000
1081.000000
635.000000
728.000000
1250.000000
631.000000
381.000000
214.000000
320.000000
67.000000
192.000000
195.000000
431.000000
754.000000
415.000000
46.000000
276.000000
581.000000
1562.000000
82.000000
1331.000000
477.000000
177.000000
362.000000
224.000000
265.000000
609.000000
724.000000
273.000000
247.000000
895.000000
254.000000
682.000000
368.000000
223.000000
257.000000
2219.000000
415.000000
244.000000
403.000000
835.000000
304.000000
1094.000000
164.000000
12226.000000
620.000000
190.000000
1473.000000
2346.000000
2142.000000
1383.000000
163.000000
768.000000
801.000000
961.000000
293.000000
258.000000
415.000000
381.000000
602.000000
839.000000
1468.000000
771.000000
146.000000
172.000000
162.000000
484.000000
228.000000
372.000000
193.000000
236.000000
295.000000
195.000000
894.000000
328.000000
2811.000000
133.000000
450.000000
535.000000
952.000000
1218.000000
1734.000000
1152.000000
299.000000
209.000000
4472.000000
413.000000
271.000000
1392.000000
1929.000000
730.000000
197.000000
110.000000
156.000000
942.000000
864.000000
487.000000
997.000000
201.000000
484.000000
488.000000
1011.000000
379.000000
278.000000
75.000000
65.000000
232.000000
190.000000
351.000000
415.000000
569.000000
250.000000
177.000000
383.000000
162.000000
303.000000
786.000000
2414.000000
189.000000
399.000000
142.000000
199.000000
176.000000
147.000000
723.000000
28.000000
180.000000
286.000000
360.000000
290.000000
257.000000
216.000000
142.000000
225.000000
627.000000
854.000000
495.000000
1252.000000
94.000000
417.000000
46.000000
1061.000000
357.000000
124.000000
1866.000000
1062.000000
650.000000
317.000000
325.000000
318.000000
172.000000
1442.000000
36.000000
1076.000000
667.000000
554.000000
140.000000
720.000000
448.000000
1054.000000
1023.000000
667.000000
53.000000
390.000000
376.000000
716.000000
656.000000
76.000000
179.000000
1460.000000
148.000000
365.000000
2109.000000
970.000000
371.000000
101.000000
572.000000
111.000000
1103.000000
394.000000
171.000000
840.000000
906.000000
1590.000000
309.000000
854.000000
332.000000
200.000000
573.000000
465.000000
305.000000
96.000000
182.000000
251.000000
1138.000000
157.000000
125.000000
223.000000
427.000000
127.000000
1046.000000
174.000000
193.000000
1147.000000
325.000000
433.000000
181.000000
1211.000000
444.000000
591.000000
336.000000
891.000000
1153.000000
217.000000
151.000000
160.000000
701.000000
994.000000
168.000000
3928.000000
320.000000
168.000000
487.000000
1419.000000
183.000000
1340.000000
516.000000
113.000000
408.000000
1450.000000
337.000000
782.000000
1061.000000
276.000000
513.000000
217.000000
149.000000
610.000000
922.000000
75.000000
1333.000000
83.000000
3230.000000
135.000000
520.000000
4879.000000
1943.000000
2416.000000
1273.000000
177.000000
247.000000
372.000000
344.000000
331.000000
384.000000
1233.000000
142.000000
208.000000
204.000000
111.000000
536.000000
332.000000
110.000000
343.000000
157.000000
82.000000
473.000000
577.000000
547.000000
257.000000
429.000000
97.000000
172.000000
641.000000
330.000000
538.000000
779.000000
71.000000
196.000000
67.000000
1541.000000
919.000000
287.000000
378.000000
2628.000000
1058.000000
193.000000
467.000000
715.000000
531.000000
136.000000
215.000000
243.000000
645.000000
237.000000
236.000000
1342.000000
122.000000
517.000000
801.000000
355.000000
272.000000
4906.000000
104.000000
429.000000
952.000000
907.000000
119.000000
223.000000
1432.000000
203.000000
264.000000
173.000000
582.000000
288.000000
211.000000
332.000000
183.000000
160.000000
78.000000
149.000000
344.000000
213.000000
2509.000000
429.000000
20.000000
911.000000
202.000000
334.000000
948.000000
2796.000000
109.000000
525.000000
311.000000
686.000000
137.000000
68.000000
192.000000
910.000000
140.000000
218.000000
155.000000
239.000000
1671.000000
2871.000000
1710.000000
311.000000
50.000000
487.000000
1222.000000
931.000000
3481.000000
638.000000
454.000000
1816.000000
127.000000
265.000000
107.000000
445.000000
221.000000
1163.000000
312.000000
469.000000
288.000000
341.000000
1120.000000
967.000000
641.000000
333.000000
