3216.000000
527.000000
182.000000
163.000000
65.000000
644.000000
748.000000
245.000000
424.000000
118.000000
537.000000
726.000000
419.000000
649.000000
666.000000
224.000000
151.000000
492.000000
376.000000
945.000000
355.000000
1401.000000
274.000000
215.000000
139.000000
963.000000
433.000000
206.000000
452.000000
274.000000
317.000000
5163.000000
604.000000
727.000000
779.000000
328.000000
850.000000
1161.000000
1123.000000
524.000000
2244.000000
756.000000
164.000000
454.000000
166.000000
2446.000000
112.000000
862.000000
309.000000
503.000000
215.000000
860.000000
1301.000000
173.000000
361.000000
261.000000
150.000000
180.000000
432.000000
1331.000000
432.000000
492.000000
2201.000000
297.000000
200.000000
411.000000
973.000000
151.000000
727.000000
3219.000000
2544.000000
2093.000000
2785.000000
329.000000
556.000000
1175.000000
625.000000
289.000000
659.000000
808.000000
1955.000000
1187.000000
1118.000000
69.000000
1938.000000
464.000000
937.000000
407.000000
176.000000
2019.000000
94.000000
145.000000
365.000000
1274.000000
217.000000
355.000000
339.000000
181.000000
415.000000
148.000000
4806.000000
2466.000000
94.000000
260.000000
357.000000
483.000000
100.000000
403.000000
354.000000
90.000000
1307.000000
519.000000
122.000000
142.000000
192.000000
921.000000
205.000000
62.000000
1219.000000
452.000000
994.000000
1793.000000
2547.000000
521.000000
567.000000
670.000000
35.000000
189.000000
1696.000000
647.000000
183.000000
230.000000
1931.000000
106.000000
147.000000
100.000000
351.000000
977.000000
252.000000
4473.000000
864.000000
78.000000
290.000000
68.000000
620.000000
69.000000
426.000000
387.000000
474.000000
493.000000
183.000000
854.000000
868.000000
254.000000
504.000000
558.000000
915.000000
147.000000
118.000000
389.000000
223.000000
252.000000
612.000000
515.000000
1338.000000
437.000000
128.000000
708.000000
249.000000
427.000000
682.000000
868.000000
69.000000
231.000000
707.000000
84.000000
561.000000
770.000000
332.000000
434.000000
632.000000
565.000000
64.000000
409.000000
432.000000
128.000000
472.000000
505.000000
847.000000
620.000000
407.000000
601.000000
533.000000
150.000000
1992.000000
411.000000
1897.000000
221.000000
521.000000
101.000000
253.000000
280.000000
766.000000
375.000000
984.000000
70.000000
848.000000
358.000000
637.000000
883.000000
119.000000
150.000000
61.000000
103.000000
646.000000
504.000000
846.000000
1561.000000
879.000000
749.000000
173.000000
366.000000
2781.000000
444.000000
313.000000
503.000000
357.000000
966.000000
145.000000
111.000000
358.000000
682.000000
131.000000
536.000000
229.000000
776.000000
363.000000
339.000000
676.000000
84.000000
424.000000
784.000000
685.000000
503.000000
3421.000000
2294.000000
242.000000
714.000000
199.000000
1447.000000
277.000000
180.000000
921.000000
354.000000
152.000000
624.000000
281.000000
1285.000000
203.000000
1801.000000
595.000000
314.000000
933.000000
279.000000
361.000000
224.000000
512.000000
316.000000
267.000000
370.000000
55.000000
173.000000
311.000000
977.000000
3386.000000
212.000000
401.000000
1890.000000
230.000000
385.000000
1411.000000
221.000000
287.000000
1149.000000
613.000000
252.000000
249.000000
251.000000
741.000000
77.000000
1116.000000
1234.000000
90.000000
157.000000
1072.000000
386.000000
2085.000000
552.000000
373.000000
96.000000
464.000000
1756.000000
134.000000
1534.000000
254.000000
139.000000
775.000000
322.000000
414.000000
193.000000
255.000000
1654.000000
421.000000
585.000000
249.000000
2203.000000
1275.000000
663.000000
458.000000
1919.000000
1048.000000
403.000000
326.000000
429.000000
917.000000
345.000000
86.000000
1303.000000
110.000000
223.000000
60.000000
950.000000
549.000000
411.000000
3064.000000
408.000000
134.000000
10551.000000
1321.000000
132.000000
123.000000
124.000000
1181.000000
787.000000
1247.000000
125.000000
172.000000
797.000000
189.000000
287.000000
324.000000
232.000000
689.000000
309.000000
32.000000
612.000000
601.000000
318.000000
250.000000
181.000000
1160.000000
706.000000
556.000000
150.000000
406.000000
91.000000
202.000000
491.000000
4627.000000
605.000000
156.000000
194.000000
871.000000
737.000000
602.000000
2901.000000
1085.000000
246.000000
1898.000000
515.000000
151.000000
165.000000
163.000000
352.000000
671.000000
1364.000000
104.000000
352.000000
185.000000
251.000000
544.000000
872.000000
318.000000
214.000000
868.000000
713.000000
233.000000
246.000000
293.000000
302.000000
402.000000
32.000000
1137.000000
365.000000
236.000000
161.000000
2365.000000
272.000000
138.000000
62.000000
31.000000
86.000000
1045.000000
476.000000
368.000000
3010.000000
2004.000000
489.000000
243.000000
713.000000
181.000000
523.000000
471.000000
271.000000
118.000000
257.000000
764.000000
3970.000000
2390.000000
802.000000
159.000000
712.000000
881.000000
100.000000
1215.000000
220.000000
511.000000
424.000000
164.000000
372.000000
214.000000
50.000000
929.000000
54.000000
25.000000
11286.000000
457.000000
722.000000
514.000000
490.000000
678.000000
711.000000
189.000000
846.000000
85.000000
969.000000
145.000000
753.000000
188.000000
72.000000
1175.000000
192.000000
1507.000000
640.000000
2886.000000
360.000000
203.000000
766.000000
164.000000
44.000000
205.000000
961.000000
66.000000
430.000000
667.000000
2470.000000
166.000000
542.000000
265.000000
1005.000000
341.000000
268.000000
1062.000000
200.000000
827.000000
367.000000
285.000000
55.000000
898.000000
30.000000
153.000000
674.000000
290.000000
398.000000
3067.000000
416.000000
97.000000
578.000000
84.000000
870.000000
203.000000
283.000000
889.000000
154.000000
182.000000
148.000000
93.000000
2561.000000
748.000000
167.000000
279.000000
693.000000
123.000000
873.000000
294.000000
126.000000
305.000000
1686.000000
51.000000
405.000000
469.000000
894.000000
642.000000
174.000000
169.000000
75.000000
521.000000
624.000000
344.000000
202.000000
242.000000
928.000000
470.000000
469.000000
72.000000
351.000000
785.000000
844.000000
2778.000000
1550.000000
2111.000000
131.000000
179.000000
107.000000
706.000000
1310.000000
1350.000000
479.000000
475.000000
2644.000000
392.000000
361.000000
490.000000
316.000000
292.000000
115.000000
351.000000
311.000000
339.000000
96.000000
147.000000
1641.000000
487.000000
216.000000
421.000000
123.000000
312.000000
412.000000
3858.000000
242.000000
619.000000
97.000000
342.000000
506.000000
292.000000
1580.000000
837.000000
343.000000
304.000000
298.000000
87.000000
324.000000
31.000000
327.000000
129.000000
217.000000
69.000000
249.000000
393.000000
1990.000000
444.000000
1239.000000
212.000000
441.000000
93.000000
2053.000000
1951.000000
182.000000
1131.000000
280.000000
925.000000
458.000000
85.000000
346.000000
1781.000000
502.000000
224.000000
195.000000
296.000000
629.000000
147.000000
505.000000
571.000000
313.000000
373.000000
221.000000
1041.000000
473.000000
643.000000
156.000000
98.000000
775.000000
410.000000
355.000000
621.000000
136.000000
233.000000
190.000000
472.000000
302.000000
180.000000
123.000000
732.000000
894.000000
246.000000
12950.000000
306.000000
1811.000000
490.000000
136.000000
252.000000
181.000000
685.000000
580.000000
448.000000
1306.000000
389.000000
1061.000000
275.000000
242.000000
244.000000
852.000000
1371.000000
367.000000
244.000000
92.000000
2501.000000
144.000000
3014.000000
144.000000
62.000000
575.000000
276.000000
127.000000
301.000000
304.000000
392.000000
175.000000
437.000000
1124.000000
244.000000
1262.000000
1377.000000
762.000000
191.000000
1818.000000
661.000000
193.000000
551.000000
388.000000
2915.000000
496.000000
830.000000
88.000000
1137.000000
438.000000
145.000000
1329.000000
312.000000
686.000000
618.000000
97.000000
987.000000
513.000000
364.000000
2130.000000
145.000000
410.000000
89.000000
140.000000
589.000000
1324.000000
749.000000
851.000000
162.000000
800.000000
282.000000
352.000000
128.000000
466.000000
989.000000
133.000000
5134.000000
696.000000
172.000000
837.000000
504.000000
317.000000
207.000000
803.000000
110.000000
149.000000
397.000000
827.000000
787.000000
586.000000
362.000000
405.000000
1036.000000
215.000000
144.000000
136.000000
1051.000000
412.000000
252.000000
399.000000
287.000000
157.000000
85.000000
444.000000
63.000000
456.000000
479.000000
2115.000000
1044.000000
1937.000000
534.000000
192.000000
1264.000000
459.000000
2918.000000
388.000000
92.000000
48.000000
367.000000
84.000000
118.000000
492.000000
1254.000000
35.000000
995.000000
647.000000
151.000000
447.000000
163.000000
771.000000
708.000000
92.000000
557.000000
73.000000
363.000000
1180.000000
472.000000
497.000000
376.000000
255.000000
796.000000
4229.000000
702.000000
610.000000
730.000000
319.000000
227.000000
170.000000
50.000000
450.000000
807.000000
169.000000
607.000000
353.000000
759.000000
155.000000
424.000000
1670.000000
895.000000
148.000000
306.000000
265.000000
207.000000
1120.000000
575.000000
112.000000
71.000000
614.000000
358.000000
181.000000
723.000000
1127.000000
728.000000
431.000000
754.000000
342.000000
295.000000
133.000000
304.000000
439.000000
310.000000
421.000000
572.000000
632.000000
218.000000
179.000000
161.000000
5886.000000
243.000000
492.000000
541.000000
189.000000
618.000000
338.000000
114.000000
1303.000000
321.000000
83.000000
306.000000
216.000000
47.000000
70.000000
250.000000
101.000000
1180.000000
1924.000000
1252.000000
275.000000
447.000000
426.000000
247.000000
170.000000
459.000000
1115.000000
596.000000
43.000000
518.000000
210.000000
109.000000
151.000000
693.000000
236.000000
369.000000
259.000000
958.000000
649.000000
489.000000
150.000000
122.000000
233.000000
3412.000000
465.000000
236.000000
709.000000
44.000000
661.000000
357.000000
15625.000000
692.000000
295.000000
377.000000
592.000000
800.000000
226.000000
2146.000000
1592.000000
150.000000
137.000000
1195.000000
310.000000
129.000000
1141.000000
427.000000
312.000000
165.000000
176.000000
146.000000
216.000000
505.000000
212.000000
64.000000
1616.000000
376.000000
115.000000
121.000000
1057.000000
910.000000
991.000000
242.000000
414.000000
291.000000
654.000000
822.000000
612.000000
103.000000
178.000000
510.000000
504.000000
72.000000
532.000000
368.000000
76.000000
190.000000
440.000000
216.000000
111.000000
1442.000000
98.000000
97.000000
254.000000
1277.000000
442.000000
3365.000000
1792.000000
435.000000
710.000000
820.000000
392.000000
638.000000
389.000000
414.000000
837.000000
39.000000
749.000000
153.000000
703.000000
289.000000
2811.000000
392.000000
735.000000
2970.000000
1295.000000
1061.000000
232.000000
315.000000
206.000000
286.000000
323.000000
189.000000
924.000000
1467.000000
772.000000
186.000000
819.000000
1221.000000
915.000000
479.000000
594.000000
245.000000
766.000000
91.000000
911.000000
445.000000
255.000000
667.000000
226.000000
284.000000
249.000000
651.000000
531.000000
658.000000
770.000000
1372.000000
437.000000
143.000000
937.000000
310.000000
1202.000000
1313.000000
178.000000
104.000000
435.000000
214.000000
248.000000
43.000000
235.000000
942.000000
744.000000
259.000000
222.000000
877.000000
525.000000
301.000000
2138.000000
