429.000000
952.000000
233.000000
1431.000000
533.000000
245.000000
543.000000
764.000000
220.000000
222.000000
520.000000
558.000000
2621.000000
1097.000000
310.000000
141.000000
1326.000000
27.000000
50.000000
3471.000000
58.000000
231.000000
419.000000
279.000000
824.000000
195.000000
424.000000
307.000000
586.000000
59.000000
1171.000000
540.000000
87.000000
125.000000
224.000000
735.000000
202.000000
286.000000
374.000000
483.000000
203.000000
170.000000
253.000000
118.000000
911.000000
340.000000
342.000000
287.000000
1037.000000
1009.000000
1040.000000
339.000000
1466.000000
648.000000
317.000000
637.000000
194.000000
589.000000
1260.000000
239.000000
1633.000000
228.000000
393.000000
584.000000
195.000000
540.000000
573.000000
231.000000
2230.000000
86.000000
378.000000
688.000000
492.000000
1301.000000
172.000000
1662.000000
355.000000
133.000000
685.000000
382.000000
390.000000
947.000000
650.000000
338.000000
915.000000
34.000000
369.000000
653.000000
356.000000
113.000000
261.000000
1415.000000
854.000000
212.000000
2891.000000
911.000000
198.000000
509.000000
2050.000000
261.000000
286.000000
886.000000
89.000000
314.000000
230.000000
208.000000
2633.000000
118.000000
596.000000
103.000000
2966.000000
1115.000000
168.000000
557.000000
493.000000
1051.000000
1815.000000
435.000000
1642.000000
200.000000
209.000000
555.000000
122.000000
217.000000
200.000000
2124.000000
80.000000
228.000000
2159.000000
466.000000
289.000000
918.000000
215.000000
188.000000
841.000000
163.000000
182.000000
964.000000
210.000000
735.000000
550.000000
685.000000
26.000000
1034.000000
358.000000
162.000000
270.000000
673.000000
791.000000
120.000000
216.000000
3447.000000
248.000000
285.000000
52.000000
2330.000000
537.000000
268.000000
421.000000
127.000000
467.000000
251.000000
306.000000
345.000000
2008.000000
128.000000
141.000000
112.000000
295.000000
59.000000
355.000000
184.000000
502.000000
778.000000
725.000000
1305.000000
180.000000
336.000000
198.000000
657.000000
1023.000000
592.000000
311.000000
284.000000
2023.000000
148.000000
958.000000
789.000000
371.000000
502.000000
1429.000000
1131.000000
126.000000
977.000000
95.000000
499.000000
424.000000
3301.000000
415.000000
621.000000
1465.000000
841.000000
164.000000
2059.000000
419.000000
507.000000
229.000000
364.000000
327.000000
776.000000
1676.000000
517.000000
753.000000
486.000000
379.000000
979.000000
68.000000
683.000000
399.000000
95.000000
740.000000
274.000000
1087.000000
228.000000
393.000000
96.000000
81.000000
266.000000
457.000000
257.000000
643.000000
2209.000000
684.000000
558.000000
109.000000
187.000000
831.000000
117.000000
240.000000
2612.000000
636.000000
136.000000
1629.000000
6468.000000
1812.000000
468.000000
105.000000
948.000000
365.000000
237.000000
517.000000
952.000000
345.000000
387.000000
330.000000
505.000000
145.000000
200.000000
51.000000
376.000000
1430.000000
147.000000
481.000000
237.000000
469.000000
849.000000
1513.000000
67.000000
109.000000
830.000000
2851.000000
588.000000
667.000000
245.000000
856.000000
201.000000
2094.000000
4197.000000
161.000000
405.000000
1110.000000
180.000000
662.000000
456.000000
556.000000
915.000000
384.000000
223.000000
790.000000
285.000000
529.000000
53.000000
319.000000
169.000000
836.000000
295.000000
583.000000
127.000000
311.000000
192.000000
243.000000
104.000000
76.000000
955.000000
377.000000
266.000000
324.000000
920.000000
656.000000
545.000000
388.000000
131.000000
1222.000000
170.000000
169.000000
911.000000
389.000000
1596.000000
199.000000
153.000000
662.000000
248.000000
1567.000000
153.000000
58.000000
195.000000
81.000000
100.000000
678.000000
2092.000000
1566.000000
574.000000
3166.000000
1766.000000
399.000000
439.000000
478.000000
115.000000
122.000000
526.000000
228.000000
767.000000
603.000000
1031.000000
455.000000
1466.000000
1114.000000
395.000000
2333.000000
237.000000
1027.000000
268.000000
95.000000
199.000000
1115.000000
662.000000
304.000000
267.000000
536.000000
539.000000
208.000000
1018.000000
293.000000
2405.000000
1312.000000
147.000000
100.000000
414.000000
269.000000
1528.000000
880.000000
344.000000
196.000000
533.000000
1054.000000
1138.000000
1806.000000
635.000000
391.000000
238.000000
147.000000
172.000000
270.000000
847.000000
246.000000
56.000000
512.000000
408.000000
633.000000
198.000000
946.000000
869.000000
408.000000
1128.000000
555.000000
236.000000
319.000000
576.000000
2897.000000
515.000000
287.000000
979.000000
1306.000000
142.000000
1361.000000
160.000000
187.000000
145.000000
1422.000000
682.000000
947.000000
1172.000000
84.000000
458.000000
694.000000
380.000000
158.000000
493.000000
603.000000
47.000000
182.000000
855.000000
393.000000
317.000000
149.000000
89.000000
1143.000000
350.000000
1659.000000
658.000000
1092.000000
5523.000000
38.000000
214.000000
622.000000
775.000000
149.000000
487.000000
217.000000
78.000000
144.000000
447.000000
498.000000
53.000000
480.000000
398.000000
101.000000
788.000000
419.000000
1259.000000
374.000000
523.000000
332.000000
197.000000
819.000000
117.000000
586.000000
389.000000
1342.000000
242.000000
69.000000
275.000000
31.000000
389.000000
312.000000
3742.000000
645.000000
1699.000000
256.000000
296.000000
344.000000
115.000000
411.000000
280.000000
2015.000000
218.000000
418.000000
321.000000
103.000000
523.000000
787.000000
930.000000
285.000000
218.000000
294.000000
198.000000
180.000000
169.000000
275.000000
151.000000
234.000000
84.000000
1370.000000
335.000000
372.000000
801.000000
901.000000
129.000000
212.000000
106.000000
848.000000
575.000000
327.000000
2804.000000
112.000000
1215.000000
131.000000
157.000000
357.000000
1387.000000
91.000000
405.000000
119.000000
251.000000
390.000000
371.000000
142.000000
344.000000
286.000000
1363.000000
1261.000000
114.000000
113.000000
1148.000000
176.000000
353.000000
258.000000
247.000000
1063.000000
1306.000000
287.000000
1790.000000
628.000000
405.000000
269.000000
4217.000000
168.000000
991.000000
248.000000
460.000000
139.000000
173.000000
328.000000
283.000000
1671.000000
841.000000
973.000000
478.000000
502.000000
1445.000000
184.000000
765.000000
1714.000000
286.000000
2004.000000
463.000000
195.000000
261.000000
1655.000000
93.000000
147.000000
5081.000000
96.000000
402.000000
540.000000
200.000000
182.000000
556.000000
1844.000000
243.000000
63.000000
658.000000
1032.000000
110.000000
146.000000
938.000000
327.000000
501.000000
229.000000
171.000000
1256.000000
468.000000
328.000000
371.000000
204.000000
2039.000000
524.000000
341.000000
79.000000
1192.000000
819.000000
605.000000
144.000000
547.000000
438.000000
566.000000
421.000000
1437.000000
404.000000
596.000000
859.000000
393.000000
102.000000
612.000000
290.000000
650.000000
712.000000
316.000000
311.000000
1123.000000
1939.000000
542.000000
619.000000
1382.000000
877.000000
400.000000
278.000000
369.000000
189.000000
1309.000000
522.000000
356.000000
872.000000
252.000000
161.000000
435.000000
233.000000
209.000000
1496.000000
188.000000
23.000000
257.000000
490.000000
150.000000
134.000000
735.000000
417.000000
330.000000
188.000000
1015.000000
167.000000
175.000000
230.000000
460.000000
577.000000
42.000000
2486.000000
960.000000
333.000000
1038.000000
842.000000
237.000000
374.000000
4478.000000
634.000000
4253.000000
394.000000
530.000000
380.000000
257.000000
479.000000
1048.000000
1302.000000
788.000000
689.000000
206.000000
255.000000
741.000000
482.000000
86.000000
734.000000
318.000000
1291.000000
190.000000
83.000000
930.000000
250.000000
1178.000000
631.000000
3571.000000
399.000000
53.000000
732.000000
575.000000
735.000000
140.000000
288.000000
3120.000000
360.000000
722.000000
209.000000
452.000000
558.000000
164.000000
233.000000
547.000000
135.000000
3703.000000
255.000000
2321.000000
832.000000
158.000000
114.000000
2796.000000
438.000000
397.000000
793.000000
287.000000
222.000000
1077.000000
441.000000
60.000000
579.000000
305.000000
595.000000
227.000000
113.000000
562.000000
305.000000
121.000000
113.000000
646.000000
63.000000
427.000000
287.000000
337.000000
126.000000
3179.000000
49.000000
107.000000
234.000000
1851.000000
1781.000000
176.000000
398.000000
860.000000
150.000000
527.000000
1869.000000
739.000000
244.000000
540.000000
801.000000
1427.000000
60.000000
2657.000000
47.000000
520.000000
1248.000000
292.000000
992.000000
764.000000
668.000000
754.000000
71.000000
635.000000
215.000000
587.000000
1217.000000
413.000000
372.000000
198.000000
75.000000
168.000000
413.000000
128.000000
699.000000
331.000000
145.000000
284.000000
1535.000000
153.000000
80.000000
490.000000
724.000000
313.000000
466.000000
151.000000
206.000000
814.000000
181.000000
203.000000
529.000000
236.000000
316.000000
954.000000
261.000000
131.000000
142.000000
761.000000
526.000000
268.000000
257.000000
357.000000
95.000000
283.000000
26875.000000
698.000000
653.000000
389.000000
331.000000
1559.000000
439.000000
266.000000
122.000000
592.000000
1117.000000
496.000000
281.000000
73.000000
1368.000000
50.000000
1152.000000
978.000000
155.000000
1262.000000
305.000000
182.000000
111.000000
347.000000
593.000000
446.000000
58.000000
601.000000
581.000000
756.000000
654.000000
38.000000
260.000000
689.000000
112.000000
300.000000
205.000000
2617.000000
185.000000
144.000000
303.000000
1138.000000
239.000000
685.000000
204.000000
126.000000
186.000000
1170.000000
260.000000
866.000000
164.000000
3297.000000
407.000000
659.000000
256.000000
1610.000000
824.000000
434.000000
76.000000
219.000000
6209.000000
80.000000
427.000000
319.000000
308.000000
351.000000
394.000000
385.000000
61.000000
1354.000000
614.000000
53.000000
23.000000
1463.000000
106.000000
163.000000
86.000000
740.000000
608.000000
91.000000
211.000000
573.000000
233.000000
336.000000
185.000000
53.000000
98.000000
87.000000
5020.000000
142.000000
734.000000
334.000000
1508.000000
365.000000
153.000000
73.000000
546.000000
229.000000
490.000000
790.000000
1408.000000
237.000000
156.000000
644.000000
46.000000
437.000000
608.000000
364.000000
582.000000
897.000000
529.000000
406.000000
869.000000
1122.000000
1415.000000
175.000000
3230.000000
488.000000
1210.000000
499.000000
220.000000
103.000000
1461.000000
470.000000
1666.000000
214.000000
190.000000
169.000000
554.000000
184.000000
203.000000
263.000000
203.000000
497.000000
313.000000
897.000000
148.000000
61.000000
1114.000000
2904.000000
26.000000
1461.000000
174.000000
96.000000
490.000000
113.000000
775.000000
209.000000
690.000000
369.000000
730.000000
123.000000
2255.000000
216.000000
1266.000000
1301.000000
1870.000000
540.000000
204.000000
1122.000000
657.000000
218.000000
257.000000
3291.000000
328.000000
1081.000000
814.000000
763.000000
236.000000
241.000000
455.000000
195.000000
281.000000
526.000000
251.000000
1275.000000
118.000000
507.000000
335.000000
165.000000
825.000000
905.000000
167.000000
449.000000
91.000000
603.000000
243.000000
192.000000
122.000000
130.000000
187.000000
284.000000
859.000000
322.000000
227.000000
358.000000
234.000000
834.000000
258.000000
327.000000
151.000000
159.000000
1041.000000
1173.000000
