190.000000
816.000000
294.000000
633.000000
161.000000
1400.000000
135.000000
703.000000
330.000000
116.000000
1103.000000
3010.000000
505.000000
331.000000
664.000000
263.000000
165.000000
1102.000000
420.000000
2991.000000
125.000000
731.000000
70.000000
107.000000
1177.000000
292.000000
1223.000000
404.000000
219.000000
432.000000
793.000000
279.000000
426.000000
1854.000000
319.000000
510.000000
626.000000
379.000000
534.000000
279.000000
1179.000000
979.000000
454.000000
214.000000
80.000000
366.000000
541.000000
438.000000
201.000000
162.000000
308.000000
696.000000
304.000000
237.000000
698.000000
765.000000
261.000000
269.000000
287.000000
1307.000000
56.000000
1069.000000
825.000000
841.000000
308.000000
660.000000
282.000000
630.000000
277.000000
333.000000
159.000000
209.000000
2193.000000
961.000000
863.000000
218.000000
843.000000
429.000000
324.000000
113.000000
255.000000
651.000000
1718.000000
478.000000
1325.000000
146.000000
628.000000
767.000000
195.000000
225.000000
294.000000
825.000000
83.000000
127.000000
719.000000
261.000000
550.000000
280.000000
350.000000
1002.000000
509.000000
793.000000
1543.000000
676.000000
463.000000
231.000000
223.000000
621.000000
132.000000
175.000000
341.000000
154.000000
692.000000
298.000000
102.000000
142.000000
412.000000
374.000000
1658.000000
457.000000
535.000000
628.000000
329.000000
1562.000000
95.000000
984.000000
311.000000
258.000000
165.000000
506.000000
335.000000
245.000000
340.000000
631.000000
77.000000
243.000000
4840.000000
1209.000000
153.000000
145.000000
1184.000000
175.000000
539.000000
807.000000
786.000000
192.000000
397.000000
78.000000
505.000000
270.000000
313.000000
253.000000
81.000000
1055.000000
946.000000
940.000000
310.000000
2391.000000
5762.000000
351.000000
937.000000
3257.000000
281.000000
342.000000
882.000000
586.000000
430.000000
143.000000
237.000000
398.000000
382.000000
408.000000
166.000000
128.000000
379.000000
628.000000
918.000000
507.000000
247.000000
2843.000000
852.000000
161.000000
350.000000
3877.000000
2461.000000
776.000000
1729.000000
273.000000
155.000000
1363.000000
263.000000
289.000000
1165.000000
2182.000000
396.000000
340.000000
84.000000
693.000000
928.000000
343.000000
2179.000000
26.000000
968.000000
80.000000
301.000000
96.000000
317.000000
1699.000000
1272.000000
139.000000
1579.000000
745.000000
82.000000
572.000000
257.000000
537.000000
150.000000
144.000000
1619.000000
91.000000
358.000000
629.000000
110.000000
51.000000
515.000000
81.000000
381.000000
76.000000
720.000000
445.000000
544.000000
18.000000
1240.000000
121.000000
1568.000000
812.000000
386.000000
64.000000
207.000000
804.000000
445.000000
923.000000
484.000000
772.000000
214.000000
326.000000
451.000000
321.000000
397.000000
351.000000
591.000000
448.000000
453.000000
177.000000
545.000000
355.000000
233.000000
66.000000
884.000000
536.000000
140.000000
309.000000
30.000000
374.000000
635.000000
650.000000
130.000000
290.000000
1544.000000
783.000000
176.000000
281.000000
1286.000000
451.000000
1160.000000
387.000000
611.000000
179.000000
46.000000
719.000000
515.000000
691.000000
315.000000
388.000000
215.000000
2791.000000
715.000000
148.000000
83.000000
1052.000000
355.000000
267.000000
320.000000
410.000000
1905.000000
2484.000000
431.000000
1135.000000
337.000000
427.000000
71.000000
100.000000
170.000000
260.000000
315.000000
100.000000
106.000000
283.000000
106.000000
10288.000000
180.000000
911.000000
680.000000
544.000000
1627.000000
421.000000
469.000000
848.000000
563.000000
515.000000
576.000000
115.000000
1652.000000
108.000000
341.000000
256.000000
739.000000
962.000000
182.000000
533.000000
738.000000
611.000000
186.000000
313.000000
1126.000000
154.000000
168.000000
1629.000000
312.000000
459.000000
55.000000
634.000000
2147.000000
147.000000
306.000000
424.000000
282.000000
790.000000
1562.000000
2275.000000
122.000000
302.000000
206.000000
1328.000000
650.000000
77.000000
344.000000
408.000000
225.000000
37.000000
356.000000
376.000000
1721.000000
86.000000
1046.000000
528.000000
243.000000
474.000000
242.000000
442.000000
1283.000000
277.000000
73.000000
1370.000000
1579.000000
29.000000
68.000000
416.000000
374.000000
169.000000
669.000000
95.000000
146.000000
112.000000
584.000000
1101.000000
131.000000
189.000000
130.000000
2308.000000
205.000000
383.000000
194.000000
1151.000000
120.000000
210.000000
1872.000000
430.000000
67.000000
970.000000
711.000000
3164.000000
242.000000
367.000000
356.000000
422.000000
1797.000000
1169.000000
194.000000
726.000000
1591.000000
862.000000
931.000000
71.000000
3214.000000
217.000000
960.000000
1157.000000
474.000000
455.000000
382.000000
241.000000
304.000000
424.000000
1891.000000
196.000000
365.000000
45.000000
456.000000
719.000000
341.000000
391.000000
82.000000
132.000000
175.000000
651.000000
1139.000000
228.000000
1564.000000
131.000000
676.000000
115.000000
275.000000
611.000000
804.000000
1974.000000
962.000000
86.000000
140.000000
2031.000000
149.000000
269.000000
2500.000000
306.000000
308.000000
1448.000000
124.000000
934.000000
184.000000
1658.000000
144.000000
135.000000
1952.000000
685.000000
133.000000
168.000000
562.000000
132.000000
486.000000
102.000000
1012.000000
445.000000
620.000000
198.000000
258.000000
426.000000
416.000000
172.000000
1247.000000
1683.000000
620.000000
444.000000
500.000000
327.000000
782.000000
183.000000
800.000000
624.000000
1677.000000
467.000000
922.000000
571.000000
626.000000
1161.000000
380.000000
814.000000
1732.000000
533.000000
627.000000
435.000000
935.000000
4829.000000
131.000000
2145.000000
226.000000
350.000000
546.000000
1226.000000
1857.000000
484.000000
713.000000
183.000000
182.000000
579.000000
3175.000000
443.000000
810.000000
260.000000
153.000000
1876.000000
664.000000
135.000000
1664.000000
1227.000000
60.000000
167.000000
88.000000
579.000000
2931.000000
1581.000000
1113.000000
1184.000000
124.000000
1161.000000
349.000000
575.000000
716.000000
1352.000000
431.000000
1548.000000
222.000000
325.000000
586.000000
1592.000000
274.000000
246.000000
275.000000
850.000000
2165.000000
621.000000
633.000000
320.000000
282.000000
764.000000
199.000000
619.000000
297.000000
215.000000
487.000000
2696.000000
232.000000
1396.000000
68.000000
506.000000
98.000000
144.000000
522.000000
451.000000
755.000000
704.000000
401.000000
458.000000
965.000000
307.000000
96.000000
221.000000
800.000000
224.000000
416.000000
496.000000
24.000000
325.000000
533.000000
1127.000000
1598.000000
61.000000
638.000000
1903.000000
380.000000
2508.000000
305.000000
2331.000000
133.000000
747.000000
151.000000
143.000000
92.000000
236.000000
1643.000000
741.000000
392.000000
2419.000000
1003.000000
174.000000
976.000000
64.000000
85.000000
477.000000
770.000000
236.000000
415.000000
648.000000
1179.000000
1026.000000
374.000000
894.000000
54.000000
110.000000
1089.000000
2844.000000
531.000000
713.000000
1072.000000
755.000000
1034.000000
354.000000
815.000000
1085.000000
248.000000
569.000000
176.000000
270.000000
742.000000
788.000000
1047.000000
302.000000
215.000000
811.000000
613.000000
932.000000
175.000000
342.000000
821.000000
256.000000
304.000000
57.000000
467.000000
184.000000
1165.000000
565.000000
145.000000
269.000000
348.000000
688.000000
258.000000
508.000000
88.000000
240.000000
367.000000
373.000000
620.000000
1656.000000
516.000000
902.000000
197.000000
82.000000
1842.000000
698.000000
542.000000
729.000000
278.000000
104.000000
343.000000
390.000000
295.000000
1575.000000
412.000000
672.000000
832.000000
87.000000
429.000000
815.000000
194.000000
720.000000
926.000000
162.000000
404.000000
247.000000
402.000000
252.000000
215.000000
247.000000
4901.000000
131.000000
540.000000
423.000000
106.000000
297.000000
234.000000
946.000000
1968.000000
1116.000000
171.000000
228.000000
791.000000
207.000000
523.000000
1060.000000
16991.000000
58.000000
1744.000000
334.000000
183.000000
1268.000000
278.000000
192.000000
332.000000
589.000000
171.000000
799.000000
603.000000
365.000000
354.000000
508.000000
2241.000000
482.000000
341.000000
65.000000
674.000000
140.000000
1030.000000
87.000000
1739.000000
476.000000
315.000000
81.000000
30.000000
630.000000
258.000000
124.000000
507.000000
58.000000
304.000000
770.000000
80.000000
409.000000
2836.000000
111.000000
108.000000
132.000000
909.000000
611.000000
1026.000000
217.000000
3639.000000
1410.000000
604.000000
792.000000
1203.000000
275.000000
618.000000
473.000000
642.000000
99.000000
126.000000
3823.000000
787.000000
2796.000000
1676.000000
524.000000
214.000000
418.000000
278.000000
3913.000000
673.000000
401.000000
1133.000000
517.000000
1936.000000
1215.000000
1998.000000
796.000000
363.000000
676.000000
2167.000000
160.000000
174.000000
195.000000
986.000000
889.000000
352.000000
1895.000000
343.000000
1865.000000
265.000000
5177.000000
1105.000000
249.000000
441.000000
1534.000000
597.000000
585.000000
1305.000000
166.000000
147.000000
1059.000000
69.000000
3575.000000
229.000000
280.000000
152.000000
810.000000
253.000000
192.000000
328.000000
711.000000
616.000000
3573.000000
238.000000
384.000000
668.000000
415.000000
236.000000
96.000000
535.000000
1952.000000
122.000000
480.000000
402.000000
883.000000
587.000000
2664.000000
666.000000
614.000000
1579.000000
200.000000
361.000000
118.000000
199.000000
283.000000
111.000000
109.000000
310.000000
149.000000
431.000000
1331.000000
666.000000
199.000000
142.000000
2327.000000
334.000000
244.000000
592.000000
216.000000
1589.000000
770.000000
797.000000
1099.000000
559.000000
712.000000
1552.000000
473.000000
274.000000
1254.000000
660.000000
65.000000
787.000000
438.000000
126.000000
96.000000
336.000000
206.000000
56.000000
367.000000
1349.000000
226.000000
310.000000
649.000000
553.000000
240.000000
499.000000
238.000000
174.000000
325.000000
550.000000
722.000000
597.000000
761.000000
2327.000000
773.000000
800.000000
1151.000000
224.000000
684.000000
96.000000
845.000000
4286.000000
282.000000
1066.000000
1070.000000
1174.000000
440.000000
351.000000
91.000000
905.000000
567.000000
655.000000
315.000000
519.000000
474.000000
522.000000
419.000000
137.000000
3429.000000
219.000000
89.000000
130.000000
243.000000
3628.000000
373.000000
2193.000000
1829.000000
999.000000
94.000000
277.000000
269.000000
670.000000
384.000000
724.000000
1727.000000
214.000000
722.000000
163.000000
647.000000
46.000000
673.000000
224.000000
429.000000
74.000000
245.000000
75.000000
463.000000
1059.000000
758.000000
205.000000
167.000000
787.000000
1036.000000
652.000000
141.000000
462.000000
419.000000
557.000000
986.000000
433.000000
1014.000000
214.000000
820.000000
821.000000
378.000000
286.000000
1032.000000
922.000000
61.000000
309.000000
1336.000000
348.000000
333.000000
2453.000000
557.000000
244.000000
540.000000
82.000000
343.000000
2165.000000
13.000000
2218.000000
527.000000
211.000000
253.000000
353.000000
3316.000000
657.000000
638.000000
51.000000
772.000000
252.000000
181.000000
1206.000000
568.000000
258.000000
876.000000
292.000000
533.000000
177.000000
226.000000
200.000000
2036.000000
477.000000
160.000000
