86.000000
192.000000
581.000000
60.000000
74.000000
2068.000000
818.000000
188.000000
287.000000
1786.000000
402.000000
280.000000
1080.000000
926.000000
338.000000
673.000000
238.000000
203.000000
226.000000
301.000000
119.000000
2340.000000
245.000000
171.000000
736.000000
83.000000
2213.000000
710.000000
127.000000
264.000000
593.000000
615.000000
398.000000
319.000000
374.000000
606.000000
312.000000
738.000000
3570.000000
59.000000
214.000000
493.000000
455.000000
1472.000000
280.000000
1040.000000
390.000000
397.000000
450.000000
161.000000
232.000000
126.000000
1509.000000
599.000000
338.000000
1043.000000
628.000000
414.000000
725.000000
200.000000
164.000000
2161.000000
590.000000
1474.000000
720.000000
361.000000
727.000000
160.000000
1195.000000
321.000000
1733.000000
47.000000
70.000000
906.000000
261.000000
227.000000
302.000000
1204.000000
784.000000
112.000000
3252.000000
200.000000
74.000000
100.000000
462.000000
441.000000
1632.000000
1367.000000
2009.000000
276.000000
1511.000000
197.000000
1750.000000
990.000000
898.000000
594.000000
761.000000
1126.000000
429.000000
512.000000
402.000000
812.000000
168.000000
555.000000
301.000000
1346.000000
457.000000
529.000000
614.000000
64.000000
121.000000
533.000000
332.000000
404.000000
373.000000
191.000000
326.000000
9421.000000
794.000000
76.000000
483.000000
333.000000
641.000000
551.000000
914.000000
1022.000000
619.000000
321.000000
348.000000
798.000000
588.000000
951.000000
572.000000
569.000000
142.000000
92.000000
108.000000
475.000000
2030.000000
187.000000
1641.000000
364.000000
1554.000000
336.000000
224.000000
206.000000
3015.000000
1770.000000
4665.000000
30.000000
664.000000
609.000000
1126.000000
164.000000
263.000000
369.000000
617.000000
202.000000
2431.000000
338.000000
233.000000
2034.000000
466.000000
788.000000
295.000000
843.000000
604.000000
134.000000
319.000000
1374.000000
1071.000000
260.000000
788.000000
431.000000
637.000000
488.000000
97.000000
280.000000
217.000000
1497.000000
881.000000
173.000000
1550.000000
881.000000
75.000000
1569.000000
412.000000
160.000000
267.000000
236.000000
525.000000
487.000000
127.000000
389.000000
494.000000
223.000000
942.000000
715.000000
566.000000
284.000000
289.000000
433.000000
770.000000
337.000000
198.000000
379.000000
1594.000000
53.000000
114.000000
77.000000
1529.000000
295.000000
152.000000
3001.000000
298.000000
476.000000
2020.000000
397.000000
562.000000
227.000000
968.000000
504.000000
66.000000
612.000000
2024.000000
132.000000
1371.000000
38.000000
47.000000
909.000000
312.000000
3534.000000
284.000000
344.000000
241.000000
1737.000000
256.000000
5048.000000
508.000000
537.000000
400.000000
570.000000
2414.000000
345.000000
65.000000
126.000000
519.000000
106.000000
528.000000
5137.000000
611.000000
81.000000
580.000000
670.000000
483.000000
130.000000
214.000000
230.000000
287.000000
670.000000
75.000000
960.000000
789.000000
2231.000000
1148.000000
160.000000
177.000000
84.000000
150.000000
352.000000
607.000000
743.000000
2149.000000
523.000000
568.000000
654.000000
357.000000
728.000000
706.000000
138.000000
407.000000
373.000000
376.000000
307.000000
2109.000000
517.000000
131.000000
49.000000
348.000000
73.000000
1597.000000
509.000000
826.000000
1009.000000
598.000000
321.000000
936.000000
197.000000
340.000000
1378.000000
211.000000
68.000000
573.000000
457.000000
670.000000
749.000000
288.000000
575.000000
1895.000000
555.000000
253.000000
1016.000000
214.000000
558.000000
418.000000
168.000000
44.000000
993.000000
186.000000
860.000000
250.000000
427.000000
1963.000000
49.000000
634.000000
755.000000
212.000000
144.000000
499.000000
683.000000
1535.000000
217.000000
1157.000000
483.000000
179.000000
732.000000
225.000000
1291.000000
1010.000000
324.000000
562.000000
207.000000
776.000000
96.000000
766.000000
969.000000
646.000000
393.000000
452.000000
312.000000
348.000000
149.000000
124.000000
110.000000
1857.000000
284.000000
509.000000
347.000000
1402.000000
235.000000
267.000000
271.000000
1049.000000
284.000000
939.000000
202.000000
413.000000
161.000000
880.000000
88.000000
1001.000000
76.000000
416.000000
5209.000000
399.000000
83.000000
3244.000000
527.000000
195.000000
187.000000
35.000000
343.000000
126.000000
568.000000
2852.000000
1102.000000
77.000000
352.000000
218.000000
416.000000
198.000000
716.000000
1446.000000
472.000000
1151.000000
133.000000
648.000000
872.000000
101.000000
196.000000
108.000000
2028.000000
209.000000
1244.000000
1691.000000
7090.000000
2609.000000
221.000000
1161.000000
63.000000
184.000000
342.000000
865.000000
213.000000
1548.000000
498.000000
1846.000000
1240.000000
913.000000
226.000000
588.000000
976.000000
7215.000000
166.000000
488.000000
291.000000
54.000000
2188.000000
537.000000
512.000000
7806.000000
159.000000
437.000000
497.000000
349.000000
1075.000000
1563.000000
377.000000
246.000000
434.000000
788.000000
47.000000
417.000000
682.000000
647.000000
1016.000000
1717.000000
430.000000
62.000000
1240.000000
123.000000
701.000000
2182.000000
476.000000
1010.000000
538.000000
391.000000
137.000000
1196.000000
746.000000
1524.000000
445.000000
962.000000
524.000000
145.000000
321.000000
138.000000
171.000000
4197.000000
1474.000000
1191.000000
1341.000000
253.000000
115.000000
316.000000
1743.000000
554.000000
407.000000
82.000000
306.000000
556.000000
945.000000
1226.000000
560.000000
228.000000
129.000000
411.000000
1073.000000
413.000000
1654.000000
575.000000
48.000000
380.000000
109.000000
408.000000
310.000000
1113.000000
272.000000
2320.000000
643.000000
466.000000
412.000000
323.000000
5276.000000
484.000000
195.000000
1259.000000
731.000000
205.000000
1020.000000
142.000000
137.000000
262.000000
102.000000
2110.000000
776.000000
517.000000
1252.000000
734.000000
308.000000
340.000000
371.000000
106.000000
292.000000
2070.000000
157.000000
396.000000
377.000000
42.000000
295.000000
50.000000
270.000000
209.000000
917.000000
317.000000
200.000000
363.000000
441.000000
209.000000
1063.000000
297.000000
74.000000
1335.000000
1240.000000
102.000000
773.000000
151.000000
534.000000
291.000000
5275.000000
569.000000
122.000000
543.000000
1117.000000
90.000000
287.000000
122.000000
137.000000
439.000000
432.000000
817.000000
554.000000
109.000000
372.000000
183.000000
456.000000
1041.000000
534.000000
2772.000000
331.000000
178.000000
1876.000000
2374.000000
864.000000
83.000000
945.000000
475.000000
55.000000
612.000000
212.000000
66.000000
624.000000
2321.000000
325.000000
217.000000
90.000000
1477.000000
239.000000
924.000000
324.000000
105.000000
249.000000
361.000000
186.000000
2633.000000
1391.000000
95.000000
883.000000
630.000000
441.000000
219.000000
306.000000
745.000000
1187.000000
212.000000
986.000000
1043.000000
84.000000
180.000000
532.000000
166.000000
506.000000
389.000000
132.000000
303.000000
1006.000000
255.000000
270.000000
1132.000000
550.000000
194.000000
195.000000
29.000000
201.000000
354.000000
489.000000
218.000000
267.000000
830.000000
674.000000
647.000000
577.000000
295.000000
334.000000
147.000000
121.000000
577.000000
55.000000
497.000000
163.000000
84.000000
51.000000
149.000000
1868.000000
260.000000
431.000000
172.000000
89.000000
693.000000
550.000000
317.000000
1335.000000
105.000000
214.000000
331.000000
5005.000000
520.000000
92.000000
1224.000000
878.000000
483.000000
2172.000000
515.000000
284.000000
175.000000
850.000000
2492.000000
269.000000
1222.000000
1060.000000
669.000000
928.000000
1239.000000
338.000000
2218.000000
1057.000000
79.000000
6008.000000
371.000000
435.000000
310.000000
158.000000
226.000000
1313.000000
63.000000
102.000000
666.000000
674.000000
571.000000
321.000000
751.000000
74.000000
2581.000000
1296.000000
172.000000
485.000000
420.000000
243.000000
117.000000
1943.000000
280.000000
2593.000000
995.000000
939.000000
375.000000
111.000000
203.000000
584.000000
808.000000
433.000000
156.000000
299.000000
178.000000
937.000000
232.000000
842.000000
461.000000
403.000000
1521.000000
204.000000
320.000000
282.000000
870.000000
1355.000000
723.000000
324.000000
983.000000
515.000000
296.000000
650.000000
2847.000000
202.000000
1234.000000
473.000000
159.000000
131.000000
1859.000000
312.000000
290.000000
501.000000
1146.000000
1225.000000
418.000000
200.000000
44.000000
1188.000000
568.000000
293.000000
245.000000
425.000000
268.000000
225.000000
530.000000
724.000000
153.000000
1739.000000
221.000000
444.000000
795.000000
33.000000
379.000000
167.000000
1701.000000
110.000000
739.000000
195.000000
714.000000
485.000000
491.000000
95.000000
2462.000000
725.000000
333.000000
693.000000
102.000000
398.000000
349.000000
386.000000
258.000000
1542.000000
372.000000
433.000000
88.000000
761.000000
90.000000
617.000000
1610.000000
323.000000
919.000000
2313.000000
559.000000
346.000000
408.000000
114.000000
1390.000000
245.000000
410.000000
1919.000000
1172.000000
1825.000000
829.000000
63.000000
80.000000
124.000000
480.000000
786.000000
644.000000
984.000000
621.000000
555.000000
602.000000
229.000000
225.000000
336.000000
1835.000000
173.000000
227.000000
155.000000
385.000000
693.000000
319.000000
302.000000
1628.000000
739.000000
372.000000
159.000000
2564.000000
123.000000
127.000000
163.000000
637.000000
82.000000
1574.000000
577.000000
1043.000000
113.000000
34.000000
502.000000
506.000000
353.000000
479.000000
618.000000
267.000000
435.000000
636.000000
219.000000
676.000000
372.000000
180.000000
216.000000
195.000000
186.000000
964.000000
1137.000000
246.000000
152.000000
2408.000000
253.000000
357.000000
224.000000
291.000000
451.000000
1761.000000
191.000000
549.000000
355.000000
123.000000
122.000000
1323.000000
3494.000000
610.000000
1446.000000
1084.000000
441.000000
234.000000
512.000000
124.000000
226.000000
633.000000
218.000000
1088.000000
1404.000000
2685.000000
376.000000
59.000000
38.000000
395.000000
392.000000
181.000000
1505.000000
672.000000
440.000000
165.000000
99.000000
588.000000
101.000000
273.000000
1447.000000
481.000000
97.000000
2004.000000
444.000000
351.000000
287.000000
88.000000
198.000000
95.000000
464.000000
520.000000
335.000000
451.000000
89.000000
379.000000
1004.000000
357.000000
729.000000
1476.000000
171.000000
962.000000
106.000000
1136.000000
413.000000
154.000000
278.000000
1537.000000
1185.000000
418.000000
150.000000
454.000000
1284.000000
293.000000
434.000000
274.000000
213.000000
2558.000000
471.000000
237.000000
388.000000
990.000000
319.000000
174.000000
205.000000
471.000000
48.000000
663.000000
319.000000
1229.000000
261.000000
458.000000
249.000000
588.000000
350.000000
834.000000
758.000000
661.000000
356.000000
2276.000000
293.000000
132.000000
727.000000
1433.000000
257.000000
1253.000000
1373.000000
322.000000
885.000000
1642.000000
191.000000
150.000000
191.000000
715.000000
90.000000
1343.000000
267.000000
835.000000
5372.000000
383.000000
69.000000
412.000000
286.000000
516.000000
2213.000000
276.000000
71.000000
671.000000
454.000000
259.000000
514.000000
228.000000
391.000000
83.000000
1787.000000
1576.000000
317.000000
122.000000
419.000000
511.000000
601.000000
573.000000
122.000000
