747.000000
445.000000
157.000000
3426.000000
418.000000
61.000000
890.000000
125.000000
469.000000
520.000000
667.000000
288.000000
535.000000
1030.000000
416.000000
26.000000
1127.000000
205.000000
851.000000
183.000000
232.000000
365.000000
330.000000
1603.000000
194.000000
590.000000
3379.000000
590.000000
56.000000
990.000000
3260.000000
82.000000
1137.000000
103.000000
232.000000
243.000000
653.000000
193.000000
605.000000
180.000000
580.000000
134.000000
138.000000
305.000000
403.000000
174.000000
175.000000
1231.000000
64.000000
234.000000
199.000000
366.000000
1861.000000
481.000000
2450.000000
92.000000
69.000000
817.000000
712.000000
3455.000000
584.000000
270.000000
168.000000
122.000000
387.000000
1454.000000
135.000000
159.000000
318.000000
703.000000
577.000000
219.000000
134.000000
131.000000
553.000000
149.000000
243.000000
132.000000
260.000000
230.000000
1508.000000
168.000000
285.000000
417.000000
175.000000
351.000000
318.000000
1122.000000
767.000000
964.000000
126.000000
182.000000
460.000000
715.000000
241.000000
130.000000
1176.000000
260.000000
623.000000
254.000000
1028.000000
372.000000
438.000000
340.000000
1315.000000
892.000000
114.000000
325.000000
462.000000
273.000000
102.000000
156.000000
160.000000
1137.000000
599.000000
78.000000
136.000000
153.000000
781.000000
956.000000
791.000000
1144.000000
65.000000
1961.000000
2311.000000
607.000000
425.000000
296.000000
78.000000
890.000000
418.000000
60.000000
320.000000
104.000000
190.000000
44.000000
514.000000
739.000000
567.000000
625.000000
83.000000
520.000000
165.000000
1011.000000
185.000000
1128.000000
806.000000
2040.000000
192.000000
187.000000
749.000000
384.000000
511.000000
432.000000
673.000000
463.000000
41.000000
641.000000
1236.000000
195.000000
325.000000
200.000000
336.000000
368.000000
42.000000
90.000000
709.000000
229.000000
119.000000
948.000000
519.000000
895.000000
144.000000
647.000000
979.000000
304.000000
268.000000
1591.000000
1892.000000
801.000000
73.000000
607.000000
148.000000
282.000000
85.000000
1563.000000
391.000000
1671.000000
330.000000
358.000000
579.000000
815.000000
125.000000
339.000000
389.000000
265.000000
1234.000000
114.000000
500.000000
539.000000
97.000000
76.000000
797.000000
99.000000
702.000000
528.000000
359.000000
356.000000
721.000000
302.000000
585.000000
188.000000
1087.000000
655.000000
277.000000
99.000000
51.000000
1265.000000
184.000000
138.000000
355.000000
1155.000000
986.000000
1456.000000
462.000000
197.000000
760.000000
444.000000
198.000000
507.000000
399.000000
436.000000
297.000000
2448.000000
185.000000
529.000000
1413.000000
391.000000
135.000000
199.000000
117.000000
46.000000
428.000000
485.000000
1098.000000
87.000000
173.000000
122.000000
200.000000
2302.000000
233.000000
587.000000
273.000000
189.000000
143.000000
77.000000
1303.000000
375.000000
236.000000
255.000000
277.000000
123.000000
239.000000
527.000000
339.000000
644.000000
1098.000000
247.000000
874.000000
437.000000
1625.000000
506.000000
403.000000
124.000000
1990.000000
103.000000
109.000000
331.000000
211.000000
1298.000000
789.000000
354.000000
258.000000
193.000000
780.000000
1049.000000
86.000000
207.000000
300.000000
747.000000
1867.000000
1770.000000
760.000000
393.000000
872.000000
877.000000
545.000000
1534.000000
194.000000
605.000000
1855.000000
97.000000
971.000000
670.000000
205.000000
245.000000
546.000000
220.000000
637.000000
283.000000
439.000000
160.000000
187.000000
530.000000
325.000000
654.000000
25.000000
25.000000
916.000000
146.000000
490.000000
185.000000
119.000000
1148.000000
1223.000000
299.000000
944.000000
317.000000
270.000000
258.000000
232.000000
3479.000000
677.000000
1675.000000
57.000000
447.000000
438.000000
1398.000000
528.000000
253.000000
1172.000000
130.000000
322.000000
139.000000
224.000000
225.000000
449.000000
269.000000
556.000000
520.000000
1118.000000
342.000000
286.000000
1237.000000
157.000000
2425.000000
107.000000
1369.000000
57.000000
495.000000
204.000000
649.000000
527.000000
1029.000000
698.000000
922.000000
1404.000000
797.000000
775.000000
524.000000
1104.000000
953.000000
999.000000
257.000000
54.000000
563.000000
26.000000
350.000000
307.000000
876.000000
205.000000
339.000000
389.000000
198.000000
550.000000
1022.000000
289.000000
344.000000
497.000000
557.000000
799.000000
103.000000
1582.000000
346.000000
564.000000
783.000000
739.000000
95.000000
495.000000
29.000000
895.000000
191.000000
725.000000
198.000000
1898.000000
52.000000
3534.000000
132.000000
82.000000
128.000000
846.000000
1197.000000
333.000000
838.000000
122.000000
345.000000
506.000000
405.000000
591.000000
21.000000
468.000000
291.000000
63.000000
852.000000
380.000000
6319.000000
139.000000
767.000000
74.000000
247.000000
1180.000000
488.000000
813.000000
110.000000
1214.000000
1520.000000
312.000000
255.000000
258.000000
503.000000
68.000000
388.000000
256.000000
597.000000
146.000000
7130.000000
2828.000000
222.000000
97.000000
406.000000
67.000000
1123.000000
357.000000
2002.000000
445.000000
952.000000
390.000000
266.000000
99.000000
179.000000
261.000000
189.000000
1670.000000
516.000000
270.000000
629.000000
231.000000
8430.000000
311.000000
309.000000
178.000000
296.000000
357.000000
608.000000
1126.000000
1484.000000
666.000000
979.000000
1968.000000
126.000000
1831.000000
171.000000
1127.000000
2255.000000
237.000000
143.000000
243.000000
88.000000
121.000000
451.000000
256.000000
208.000000
66.000000
908.000000
236.000000
868.000000
193.000000
365.000000
657.000000
138.000000
169.000000
605.000000
1264.000000
285.000000
124.000000
290.000000
214.000000
460.000000
102.000000
479.000000
121.000000
72.000000
240.000000
301.000000
229.000000
60.000000
586.000000
63.000000
195.000000
5144.000000
1282.000000
276.000000
124.000000
278.000000
2384.000000
440.000000
99.000000
913.000000
726.000000
106.000000
143.000000
651.000000
344.000000
454.000000
865.000000
118.000000
660.000000
59.000000
1419.000000
429.000000
128.000000
395.000000
2200.000000
203.000000
142.000000
65.000000
1068.000000
399.000000
623.000000
116.000000
178.000000
998.000000
94.000000
376.000000
117.000000
260.000000
789.000000
503.000000
202.000000
180.000000
59.000000
518.000000
102.000000
91.000000
343.000000
250.000000
73.000000
319.000000
262.000000
359.000000
656.000000
686.000000
129.000000
357.000000
165.000000
281.000000
163.000000
144.000000
246.000000
3039.000000
132.000000
1134.000000
123.000000
143.000000
707.000000
1257.000000
3370.000000
240.000000
251.000000
1587.000000
871.000000
1076.000000
286.000000
351.000000
197.000000
115.000000
318.000000
58.000000
1566.000000
86.000000
242.000000
1008.000000
1010.000000
473.000000
604.000000
132.000000
491.000000
216.000000
838.000000
280.000000
1441.000000
225.000000
24.000000
1233.000000
667.000000
894.000000
173.000000
313.000000
755.000000
48.000000
49.000000
466.000000
660.000000
328.000000
53.000000
535.000000
693.000000
252.000000
351.000000
179.000000
444.000000
486.000000
430.000000
342.000000
2043.000000
213.000000
368.000000
2355.000000
750.000000
796.000000
179.000000
163.000000
457.000000
167.000000
2616.000000
227.000000
156.000000
530.000000
541.000000
177.000000
1625.000000
498.000000
166.000000
672.000000
1120.000000
347.000000
697.000000
219.000000
434.000000
132.000000
1046.000000
291.000000
399.000000
736.000000
867.000000
877.000000
211.000000
655.000000
44.000000
294.000000
803.000000
262.000000
830.000000
1912.000000
246.000000
97.000000
198.000000
929.000000
2162.000000
708.000000
112.000000
3848.000000
446.000000
932.000000
104.000000
131.000000
133.000000
738.000000
2638.000000
584.000000
223.000000
450.000000
3528.000000
204.000000
957.000000
1794.000000
202.000000
939.000000
137.000000
1755.000000
522.000000
211.000000
141.000000
1336.000000
842.000000
300.000000
483.000000
993.000000
791.000000
1714.000000
902.000000
694.000000
529.000000
843.000000
71.000000
434.000000
257.000000
456.000000
313.000000
438.000000
282.000000
348.000000
1113.000000
231.000000
4351.000000
233.000000
113.000000
576.000000
606.000000
226.000000
247.000000
564.000000
590.000000
582.000000
189.000000
182.000000
1489.000000
873.000000
705.000000
529.000000
202.000000
599.000000
1143.000000
280.000000
1122.000000
187.000000
581.000000
866.000000
401.000000
198.000000
715.000000
355.000000
114.000000
107.000000
313.000000
597.000000
415.000000
1774.000000
153.000000
267.000000
546.000000
408.000000
298.000000
542.000000
566.000000
215.000000
1716.000000
984.000000
152.000000
129.000000
237.000000
365.000000
165.000000
152.000000
759.000000
848.000000
1276.000000
842.000000
264.000000
2056.000000
319.000000
332.000000
786.000000
727.000000
120.000000
167.000000
637.000000
277.000000
284.000000
598.000000
510.000000
317.000000
1315.000000
679.000000
146.000000
277.000000
101.000000
124.000000
320.000000
370.000000
446.000000
128.000000
99.000000
129.000000
248.000000
210.000000
538.000000
859.000000
1135.000000
481.000000
121.000000
199.000000
921.000000
123.000000
1368.000000
227.000000
906.000000
106.000000
243.000000
140.000000
549.000000
761.000000
1071.000000
2130.000000
157.000000
817.000000
216.000000
306.000000
3098.000000
144.000000
452.000000
505.000000
472.000000
1501.000000
537.000000
1349.000000
110.000000
194.000000
158.000000
648.000000
115.000000
511.000000
398.000000
689.000000
1057.000000
1256.000000
85.000000
685.000000
886.000000
307.000000
103.000000
1847.000000
231.000000
191.000000
684.000000
110.000000
758.000000
1378.000000
435.000000
839.000000
994.000000
102.000000
305.000000
1225.000000
297.000000
414.000000
446.000000
321.000000
87.000000
322.000000
129.000000
1110.000000
750.000000
1773.000000
721.000000
294.000000
726.000000
792.000000
191.000000
1272.000000
156.000000
257.000000
380.000000
3878.000000
945.000000
411.000000
83.000000
1803.000000
1470.000000
520.000000
78.000000
3078.000000
2934.000000
169.000000
286.000000
214.000000
175.000000
329.000000
431.000000
317.000000
608.000000
264.000000
96.000000
215.000000
207.000000
108.000000
936.000000
1001.000000
216.000000
1759.000000
114.000000
204.000000
327.000000
1217.000000
447.000000
48.000000
1389.000000
188.000000
144.000000
305.000000
1087.000000
156.000000
84.000000
136.000000
921.000000
428.000000
135.000000
81.000000
194.000000
258.000000
333.000000
95.000000
560.000000
397.000000
299.000000
114.000000
174.000000
241.000000
164.000000
137.000000
1912.000000
808.000000
3021.000000
2284.000000
4482.000000
281.000000
190.000000
921.000000
1179.000000
225.000000
1082.000000
1295.000000
4099.000000
1249.000000
44.000000
676.000000
176.000000
985.000000
1369.000000
65.000000
549.000000
270.000000
30.000000
209.000000
129.000000
1141.000000
501.000000
653.000000
870.000000
262.000000
1304.000000
232.000000
276.000000
167.000000
4224.000000
526.000000
1054.000000
351.000000
520.000000
636.000000
192.000000
785.000000
111.000000
913.000000
727.000000
467.000000
100.000000
649.000000
289.000000
678.000000
593.000000
249.000000
1560.000000
604.000000
862.000000
2272.000000
836.000000
230.000000
271.000000
1244.000000
