634.000000
325.000000
669.000000
1828.000000
112.000000
600.000000
239.000000
510.000000
138.000000
1439.000000
72.000000
1162.000000
748.000000
411.000000
209.000000
414.000000
430.000000
1418.000000
700.000000
752.000000
377.000000
46.000000
222.000000
453.000000
1007.000000
289.000000
1346.000000
287.000000
318.000000
284.000000
353.000000
492.000000
155.000000
84.000000
505.000000
647.000000
735.000000
442.000000
811.000000
99.000000
704.000000
393.000000
345.000000
734.000000
134.000000
86.000000
160.000000
1066.000000
830.000000
116.000000
547.000000
1255.000000
135.000000
1158.000000
239.000000
922.000000
179.000000
2040.000000
196.000000
502.000000
1990.000000
272.000000
233.000000
640.000000
62.000000
292.000000
1168.000000
376.000000
512.000000
956.000000
1025.000000
125.000000
288.000000
78.000000
1410.000000
2079.000000
673.000000
84.000000
1848.000000
328.000000
173.000000
166.000000
1639.000000
180.000000
172.000000
517.000000
52.000000
1658.000000
869.000000
106.000000
206.000000
345.000000
215.000000
1010.000000
325.000000
788.000000
417.000000
269.000000
1291.000000
160.000000
584.000000
1383.000000
943.000000
358.000000
418.000000
138.000000
1485.000000
685.000000
610.000000
320.000000
1863.000000
166.000000
182.000000
61.000000
238.000000
160.000000
86.000000
524.000000
957.000000
881.000000
343.000000
1097.000000
213.000000
270.000000
205.000000
727.000000
1166.000000
19.000000
273.000000
888.000000
471.000000
2296.000000
316.000000
1096.000000
1056.000000
99.000000
262.000000
304.000000
75.000000
15.000000
1575.000000
142.000000
202.000000
770.000000
243.000000
356.000000
3715.000000
198.000000
2582.000000
237.000000
113.000000
2046.000000
132.000000
343.000000
159.000000
975.000000
844.000000
202.000000
2651.000000
203.000000
490.000000
1350.000000
512.000000
133.000000
331.000000
252.000000
972.000000
443.000000
206.000000
506.000000
354.000000
260.000000
325.000000
82.000000
81.000000
1960.000000
864.000000
1822.000000
174.000000
46.000000
712.000000
677.000000
541.000000
88.000000
157.000000
1951.000000
273.000000
417.000000
424.000000
452.000000
3857.000000
441.000000
492.000000
177.000000
502.000000
2410.000000
1606.000000
388.000000
195.000000
36.000000
139.000000
267.000000
389.000000
2620.000000
535.000000
205.000000
493.000000
2809.000000
344.000000
115.000000
250.000000
832.000000
357.000000
190.000000
681.000000
501.000000
147.000000
801.000000
734.000000
1201.000000
666.000000
2297.000000
279.000000
464.000000
128.000000
570.000000
1281.000000
84.000000
393.000000
607.000000
624.000000
145.000000
168.000000
357.000000
143.000000
381.000000
4706.000000
192.000000
144.000000
1449.000000
1536.000000
2537.000000
1504.000000
137.000000
228.000000
240.000000
97.000000
186.000000
261.000000
236.000000
1214.000000
3289.000000
341.000000
99.000000
75.000000
641.000000
257.000000
218.000000
891.000000
69.000000
156.000000
221.000000
522.000000
770.000000
267.000000
687.000000
1680.000000
4235.000000
378.000000
797.000000
1384.000000
1024.000000
521.000000
171.000000
4045.000000
1005.000000
451.000000
601.000000
420.000000
1519.000000
1043.000000
144.000000
1402.000000
71.000000
466.000000
258.000000
109.000000
350.000000
2717.000000
104.000000
142.000000
1000.000000
2416.000000
219.000000
223.000000
446.000000
699.000000
256.000000
98.000000
187.000000
921.000000
895.000000
683.000000
1366.000000
777.000000
387.000000
406.000000
342.000000
1254.000000
292.000000
172.000000
3902.000000
268.000000
461.000000
505.000000
364.000000
919.000000
696.000000
380.000000
3156.000000
825.000000
511.000000
2016.000000
343.000000
699.000000
248.000000
266.000000
867.000000
674.000000
297.000000
181.000000
342.000000
1298.000000
413.000000
203.000000
841.000000
289.000000
458.000000
71.000000
82.000000
389.000000
244.000000
404.000000
194.000000
781.000000
182.000000
124.000000
91.000000
208.000000
402.000000
718.000000
315.000000
388.000000
167.000000
2205.000000
1693.000000
2296.000000
139.000000
725.000000
279.000000
151.000000
572.000000
165.000000
1930.000000
1216.000000
446.000000
1009.000000
186.000000
596.000000
659.000000
538.000000
273.000000
3937.000000
541.000000
420.000000
209.000000
449.000000
284.000000
413.000000
57.000000
1128.000000
520.000000
694.000000
452.000000
493.000000
417.000000
195.000000
514.000000
186.000000
257.000000
371.000000
61.000000
231.000000
500.000000
581.000000
1390.000000
350.000000
75.000000
3261.000000
168.000000
1180.000000
485.000000
353.000000
2106.000000
233.000000
212.000000
441.000000
1347.000000
135.000000
112.000000
210.000000
145.000000
873.000000
2102.000000
476.000000
322.000000
124.000000
124.000000
705.000000
319.000000
426.000000
604.000000
500.000000
302.000000
550.000000
23.000000
861.000000
805.000000
245.000000
158.000000
221.000000
489.000000
2715.000000
511.000000
25.000000
1270.000000
158.000000
1179.000000
798.000000
277.000000
187.000000
394.000000
464.000000
148.000000
507.000000
2405.000000
1054.000000
1262.000000
294.000000
666.000000
1954.000000
455.000000
1469.000000
591.000000
283.000000
199.000000
308.000000
611.000000
341.000000
1091.000000
352.000000
404.000000
687.000000
514.000000
280.000000
123.000000
1734.000000
397.000000
1274.000000
185.000000
255.000000
206.000000
56.000000
442.000000
333.000000
419.000000
553.000000
315.000000
273.000000
301.000000
481.000000
441.000000
287.000000
914.000000
1024.000000
116.000000
288.000000
394.000000
641.000000
341.000000
477.000000
211.000000
444.000000
207.000000
262.000000
516.000000
1703.000000
172.000000
509.000000
78.000000
161.000000
595.000000
2236.000000
76.000000
958.000000
703.000000
406.000000
175.000000
1175.000000
4613.000000
241.000000
433.000000
360.000000
219.000000
198.000000
492.000000
387.000000
873.000000
1919.000000
769.000000
209.000000
564.000000
1408.000000
61.000000
896.000000
907.000000
404.000000
932.000000
161.000000
93.000000
1022.000000
160.000000
96.000000
623.000000
133.000000
682.000000
590.000000
332.000000
330.000000
42.000000
2238.000000
118.000000
104.000000
163.000000
206.000000
1112.000000
552.000000
238.000000
68.000000
284.000000
1100.000000
165.000000
461.000000
3725.000000
235.000000
338.000000
436.000000
906.000000
212.000000
3435.000000
205.000000
203.000000
260.000000
287.000000
152.000000
1645.000000
3551.000000
115.000000
810.000000
133.000000
1098.000000
1000.000000
343.000000
824.000000
402.000000
406.000000
904.000000
82.000000
2077.000000
745.000000
400.000000
335.000000
181.000000
214.000000
531.000000
830.000000
103.000000
2192.000000
238.000000
64.000000
135.000000
300.000000
117.000000
1094.000000
1899.000000
160.000000
44.000000
171.000000
168.000000
135.000000
694.000000
872.000000
1725.000000
337.000000
68.000000
790.000000
1135.000000
486.000000
286.000000
783.000000
176.000000
159.000000
86.000000
21.000000
222.000000
362.000000
330.000000
3624.000000
202.000000
130.000000
111.000000
746.000000
240.000000
2298.000000
3774.000000
877.000000
285.000000
437.000000
243.000000
205.000000
2857.000000
2236.000000
795.000000
229.000000
364.000000
1211.000000
501.000000
261.000000
1260.000000
382.000000
66.000000
771.000000
1992.000000
1227.000000
1104.000000
516.000000
775.000000
321.000000
826.000000
345.000000
122.000000
231.000000
1368.000000
212.000000
723.000000
185.000000
391.000000
937.000000
196.000000
109.000000
236.000000
254.000000
1366.000000
1109.000000
632.000000
760.000000
1757.000000
1413.000000
150.000000
821.000000
182.000000
835.000000
120.000000
433.000000
828.000000
601.000000
255.000000
329.000000
150.000000
433.000000
225.000000
517.000000
1161.000000
158.000000
1348.000000
546.000000
1559.000000
40.000000
384.000000
260.000000
420.000000
204.000000
707.000000
389.000000
696.000000
270.000000
408.000000
239.000000
253.000000
1323.000000
445.000000
917.000000
58.000000
398.000000
426.000000
642.000000
387.000000
230.000000
684.000000
661.000000
178.000000
1368.000000
1019.000000
159.000000
190.000000
189.000000
1602.000000
491.000000
4792.000000
836.000000
140.000000
919.000000
4376.000000
593.000000
390.000000
349.000000
230.000000
137.000000
383.000000
264.000000
116.000000
324.000000
61.000000
595.000000
208.000000
434.000000
965.000000
595.000000
147.000000
139.000000
84.000000
679.000000
496.000000
355.000000
425.000000
261.000000
129.000000
112.000000
187.000000
252.000000
69.000000
111.000000
94.000000
1097.000000
1723.000000
386.000000
807.000000
111.000000
447.000000
337.000000
852.000000
2519.000000
438.000000
2925.000000
229.000000
1641.000000
490.000000
655.000000
693.000000
101.000000
952.000000
461.000000
3696.000000
1054.000000
527.000000
57.000000
534.000000
496.000000
2971.000000
248.000000
1318.000000
716.000000
336.000000
546.000000
949.000000
164.000000
285.000000
667.000000
257.000000
432.000000
112.000000
119.000000
405.000000
161.000000
213.000000
431.000000
883.000000
501.000000
109.000000
811.000000
514.000000
1809.000000
102.000000
411.000000
793.000000
225.000000
186.000000
402.000000
90.000000
150.000000
150.000000
186.000000
189.000000
106.000000
315.000000
583.000000
108.000000
96.000000
125.000000
664.000000
1099.000000
582.000000
212.000000
754.000000
414.000000
234.000000
203.000000
1018.000000
766.000000
565.000000
1464.000000
859.000000
771.000000
487.000000
265.000000
34.000000
359.000000
436.000000
1255.000000
87.000000
736.000000
183.000000
277.000000
686.000000
862.000000
196.000000
325.000000
1310.000000
629.000000
437.000000
724.000000
151.000000
295.000000
151.000000
152.000000
415.000000
253.000000
443.000000
1334.000000
205.000000
302.000000
163.000000
643.000000
2817.000000
662.000000
622.000000
137.000000
1434.000000
380.000000
233.000000
1324.000000
1755.000000
305.000000
539.000000
1239.000000
113.000000
4269.000000
732.000000
674.000000
2464.000000
640.000000
189.000000
1289.000000
44.000000
925.000000
707.000000
469.000000
1656.000000
235.000000
1871.000000
152.000000
246.000000
232.000000
197.000000
139.000000
1540.000000
1497.000000
580.000000
719.000000
568.000000
111.000000
297.000000
222.000000
193.000000
117.000000
364.000000
4361.000000
87.000000
1999.000000
275.000000
76.000000
310.000000
171.000000
316.000000
872.000000
276.000000
707.000000
392.000000
137.000000
135.000000
794.000000
1234.000000
292.000000
953.000000
85.000000
514.000000
390.000000
2240.000000
2652.000000
544.000000
105.000000
3228.000000
514.000000
228.000000
88.000000
381.000000
473.000000
803.000000
60.000000
816.000000
1012.000000
107.000000
553.000000
451.000000
833.000000
144.000000
77.000000
1091.000000
465.000000
303.000000
100.000000
102.000000
720.000000
1852.000000
536.000000
356.000000
596.000000
625.000000
393.000000
264.000000
1302.000000
57.000000
198.000000
50.000000
204.000000
439.000000
289.000000
236.000000
48.000000
620.000000
748.000000
415.000000
1184.000000
229.000000
136.000000
1148.000000
501.000000
67.000000
909.000000
61.000000
418.000000
143.000000
106.000000
1376.000000
361.000000
132.000000
344.000000
307.000000
1331.000000
481.000000
505.000000
113.000000
476.000000
260.000000
1147.000000
1227.000000
113.000000
340.000000
241.000000
363.000000
