678.000000
289.000000
200.000000
359.000000
237.000000
591.000000
987.000000
159.000000
186.000000
91.000000
622.000000
378.000000
575.000000
505.000000
1236.000000
104.000000
628.000000
779.000000
802.000000
74.000000
267.000000
447.000000
99.000000
537.000000
210.000000
374.000000
169.000000
533.000000
1671.000000
352.000000
390.000000
341.000000
333.000000
153.000000
316.000000
363.000000
325.000000
540.000000
555.000000
304.000000
847.000000
1167.000000
2400.000000
307.000000
2126.000000
1467.000000
647.000000
304.000000
190.000000
1767.000000
178.000000
207.000000
3974.000000
271.000000
349.000000
1346.000000
731.000000
133.000000
290.000000
212.000000
127.000000
67.000000
540.000000
121.000000
454.000000
201.000000
792.000000
86.000000
3713.000000
570.000000
435.000000
439.000000
210.000000
760.000000
106.000000
459.000000
812.000000
1761.000000
236.000000
120.000000
994.000000
428.000000
228.000000
629.000000
304.000000
548.000000
55.000000
87.000000
192.000000
212.000000
580.000000
465.000000
285.000000
1230.000000
1018.000000
523.000000
1243.000000
2794.000000
268.000000
640.000000
1195.000000
3806.000000
1797.000000
182.000000
396.000000
562.000000
222.000000
90.000000
1663.000000
360.000000
113.000000
91.000000
460.000000
194.000000
1003.000000
233.000000
99.000000
115.000000
1027.000000
95.000000
474.000000
53.000000
185.000000
342.000000
85.000000
664.000000
210.000000
894.000000
465.000000
219.000000
548.000000
1368.000000
596.000000
376.000000
195.000000
517.000000
362.000000
608.000000
604.000000
169.000000
256.000000
1010.000000
1426.000000
106.000000
218.000000
1008.000000
1113.000000
1132.000000
769.000000
193.000000
487.000000
638.000000
227.000000
366.000000
123.000000
485.000000
959.000000
503.000000
71.000000
402.000000
373.000000
386.000000
224.000000
607.000000
625.000000
347.000000
505.000000
162.000000
6603.000000
343.000000
381.000000
826.000000
1290.000000
1351.000000
461.000000
572.000000
133.000000
2269.000000
821.000000
544.000000
3762.000000
979.000000
1795.000000
265.000000
128.000000
137.000000
1336.000000
1348.000000
75.000000
424.000000
401.000000
166.000000
575.000000
453.000000
533.000000
147.000000
473.000000
43.000000
555.000000
1483.000000
140.000000
504.000000
741.000000
337.000000
668.000000
775.000000
2112.000000
1115.000000
213.000000
504.000000
238.000000
397.000000
162.000000
1398.000000
261.000000
54.000000
288.000000
188.000000
297.000000
150.000000
493.000000
684.000000
2419.000000
177.000000
1084.000000
455.000000
283.000000
193.000000
241.000000
279.000000
1466.000000
126.000000
968.000000
372.000000
51.000000
1712.000000
285.000000
727.000000
1612.000000
482.000000
2017.000000
100.000000
525.000000
67.000000
355.000000
296.000000
491.000000
60.000000
243.000000
343.000000
77.000000
282.000000
409.000000
73.000000
503.000000
2377.000000
328.000000
233.000000
367.000000
173.000000
1016.000000
378.000000
610.000000
1765.000000
195.000000
138.000000
223.000000
382.000000
268.000000
532.000000
512.000000
1026.000000
1387.000000
297.000000
1111.000000
33.000000
1972.000000
3838.000000
678.000000
2025.000000
217.000000
227.000000
1080.000000
321.000000
390.000000
236.000000
323.000000
226.000000
1726.000000
1938.000000
1411.000000
204.000000
414.000000
735.000000
227.000000
133.000000
120.000000
564.000000
421.000000
1645.000000
152.000000
1946.000000
358.000000
3542.000000
140.000000
270.000000
129.000000
274.000000
256.000000
1275.000000
544.000000
286.000000
3227.000000
177.000000
823.000000
256.000000
132.000000
452.000000
363.000000
500.000000
656.000000
106.000000
373.000000
231.000000
511.000000
1893.000000
23.000000
595.000000
1662.000000
1732.000000
123.000000
71.000000
415.000000
242.000000
1196.000000
154.000000
80.000000
265.000000
48.000000
352.000000
774.000000
372.000000
457.000000
1438.000000
694.000000
290.000000
144.000000
219.000000
439.000000
494.000000
507.000000
177.000000
321.000000
258.000000
245.000000
109.000000
247.000000
564.000000
2540.000000
67.000000
71.000000
352.000000
152.000000
254.000000
369.000000
83.000000
484.000000
1062.000000
378.000000
1342.000000
342.000000
141.000000
68.000000
1419.000000
5783.000000
300.000000
363.000000
1266.000000
675.000000
99.000000
508.000000
400.000000
179.000000
160.000000
113.000000
2290.000000
239.000000
1223.000000
275.000000
443.000000
1438.000000
172.000000
360.000000
270.000000
658.000000
504.000000
91.000000
1351.000000
424.000000
267.000000
694.000000
645.000000
239.000000
120.000000
600.000000
1336.000000
716.000000
123.000000
1731.000000
247.000000
97.000000
797.000000
741.000000
430.000000
4386.000000
159.000000
930.000000
1997.000000
68.000000
1163.000000
71.000000
306.000000
335.000000
199.000000
194.000000
765.000000
311.000000
521.000000
507.000000
1103.000000
719.000000
696.000000
692.000000
445.000000
966.000000
88.000000
553.000000
576.000000
636.000000
318.000000
5267.000000
1512.000000
452.000000
284.000000
969.000000
518.000000
1916.000000
221.000000
439.000000
46.000000
158.000000
226.000000
291.000000
63.000000
103.000000
288.000000
250.000000
279.000000
497.000000
575.000000
591.000000
675.000000
156.000000
139.000000
335.000000
490.000000
1329.000000
2759.000000
1317.000000
473.000000
341.000000
565.000000
184.000000
235.000000
2532.000000
218.000000
515.000000
790.000000
833.000000
45.000000
701.000000
552.000000
321.000000
186.000000
101.000000
368.000000
496.000000
241.000000
520.000000
905.000000
1577.000000
271.000000
68.000000
611.000000
697.000000
668.000000
728.000000
499.000000
2920.000000
155.000000
2255.000000
326.000000
447.000000
557.000000
554.000000
405.000000
604.000000
31.000000
448.000000
26.000000
455.000000
809.000000
259.000000
308.000000
484.000000
195.000000
250.000000
387.000000
2545.000000
113.000000
58.000000
204.000000
375.000000
1198.000000
144.000000
629.000000
87.000000
606.000000
1663.000000
1581.000000
431.000000
257.000000
252.000000
272.000000
420.000000
631.000000
1693.000000
90.000000
373.000000
135.000000
789.000000
318.000000
205.000000
462.000000
132.000000
2117.000000
119.000000
53.000000
4033.000000
332.000000
176.000000
647.000000
341.000000
202.000000
603.000000
736.000000
1369.000000
692.000000
373.000000
877.000000
259.000000
1844.000000
154.000000
614.000000
124.000000
1098.000000
703.000000
194.000000
32.000000
1018.000000
128.000000
2544.000000
1304.000000
601.000000
177.000000
1209.000000
722.000000
1524.000000
1158.000000
256.000000
261.000000
291.000000
263.000000
448.000000
458.000000
1184.000000
275.000000
973.000000
499.000000
1262.000000
241.000000
207.000000
38.000000
542.000000
684.000000
44.000000
509.000000
2518.000000
324.000000
618.000000
1105.000000
338.000000
429.000000
225.000000
2565.000000
324.000000
4343.000000
535.000000
431.000000
38.000000
508.000000
692.000000
135.000000
733.000000
435.000000
157.000000
116.000000
544.000000
348.000000
1156.000000
184.000000
176.000000
844.000000
2994.000000
1659.000000
74.000000
165.000000
939.000000
87.000000
911.000000
407.000000
204.000000
471.000000
790.000000
501.000000
390.000000
706.000000
515.000000
545.000000
296.000000
217.000000
117.000000
222.000000
155.000000
278.000000
162.000000
51.000000
1857.000000
479.000000
1241.000000
1495.000000
696.000000
1295.000000
154.000000
370.000000
120.000000
83.000000
108.000000
388.000000
254.000000
256.000000
87.000000
1416.000000
2353.000000
1249.000000
1892.000000
340.000000
154.000000
683.000000
51.000000
568.000000
322.000000
1256.000000
107.000000
284.000000
56.000000
1194.000000
380.000000
354.000000
316.000000
394.000000
40.000000
434.000000
484.000000
1550.000000
456.000000
57.000000
765.000000
725.000000
933.000000
594.000000
645.000000
1889.000000
1182.000000
168.000000
3094.000000
316.000000
682.000000
209.000000
786.000000
1220.000000
398.000000
403.000000
870.000000
987.000000
269.000000
1107.000000
208.000000
506.000000
31.000000
199.000000
835.000000
284.000000
551.000000
251.000000
539.000000
587.000000
148.000000
199.000000
96.000000
289.000000
1298.000000
567.000000
2620.000000
638.000000
1829.000000
1505.000000
86.000000
418.000000
910.000000
487.000000
86.000000
765.000000
448.000000
182.000000
2175.000000
267.000000
827.000000
51.000000
136.000000
457.000000
418.000000
270.000000
159.000000
832.000000
167.000000
47.000000
1297.000000
48.000000
986.000000
877.000000
522.000000
905.000000
797.000000
811.000000
815.000000
1896.000000
1419.000000
411.000000
187.000000
236.000000
415.000000
547.000000
392.000000
259.000000
422.000000
602.000000
101.000000
458.000000
120.000000
215.000000
719.000000
302.000000
1332.000000
173.000000
707.000000
180.000000
163.000000
898.000000
127.000000
71.000000
813.000000
212.000000
561.000000
381.000000
1219.000000
394.000000
2434.000000
1215.000000
3758.000000
61.000000
1808.000000
319.000000
196.000000
87.000000
605.000000
1082.000000
2345.000000
123.000000
218.000000
190.000000
84.000000
2979.000000
62.000000
487.000000
249.000000
1592.000000
145.000000
309.000000
181.000000
366.000000
62.000000
133.000000
198.000000
119.000000
381.000000
84.000000
775.000000
244.000000
86.000000
601.000000
1836.000000
3015.000000
660.000000
1937.000000
249.000000
294.000000
388.000000
842.000000
681.000000
1101.000000
756.000000
922.000000
198.000000
6479.000000
183.000000
450.000000
323.000000
119.000000
656.000000
437.000000
278.000000
508.000000
158.000000
946.000000
1133.000000
413.000000
438.000000
810.000000
180.000000
550.000000
258.000000
1178.000000
742.000000
54.000000
348.000000
216.000000
249.000000
919.000000
201.000000
104.000000
438.000000
459.000000
129.000000
284.000000
93.000000
179.000000
164.000000
260.000000
73.000000
853.000000
412.000000
56.000000
197.000000
909.000000
718.000000
204.000000
1739.000000
409.000000
766.000000
287.000000
2551.000000
670.000000
287.000000
665.000000
566.000000
291.000000
350.000000
1005.000000
581.000000
241.000000
172.000000
1651.000000
1096.000000
192.000000
103.000000
372.000000
399.000000
231.000000
535.000000
174.000000
573.000000
8021.000000
257.000000
216.000000
79.000000
580.000000
859.000000
294.000000
623.000000
602.000000
536.000000
623.000000
93.000000
746.000000
653.000000
361.000000
369.000000
202.000000
198.000000
44.000000
2758.000000
1197.000000
170.000000
485.000000
45.000000
157.000000
212.000000
743.000000
1040.000000
415.000000
290.000000
563.000000
342.000000
50.000000
2503.000000
719.000000
1811.000000
91.000000
969.000000
395.000000
2131.000000
1747.000000
83.000000
1233.000000
91.000000
3002.000000
136.000000
950.000000
500.000000
280.000000
2582.000000
817.000000
219.000000
1316.000000
525.000000
714.000000
1667.000000
395.000000
200.000000
563.000000
1739.000000
21.000000
49.000000
585.000000
63.000000
304.000000
960.000000
176.000000
1003.000000
1632.000000
1028.000000
1488.000000
3021.000000
170.000000
420.000000
1083.000000
46.000000
328.000000
619.000000
306.000000
647.000000
151.000000
485.000000
75.000000
188.000000
380.000000
133.000000
1125.000000
973.000000
705.000000
750.000000
866.000000
610.000000
316.000000
236.000000
1727.000000
416.000000
155.000000
132.000000
