1400.000000
141.000000
650.000000
214.000000
309.000000
432.000000
436.000000
425.000000
230.000000
1204.000000
1414.000000
352.000000
436.000000
228.000000
2955.000000
247.000000
617.000000
649.000000
314.000000
4643.000000
2619.000000
1118.000000
1076.000000
116.000000
225.000000
245.000000
448.000000
164.000000
138.000000
145.000000
444.000000
20.000000
188.000000
511.000000
212.000000
397.000000
1748.000000
4265.000000
428.000000
101.000000
1534.000000
396.000000
143.000000
363.000000
739.000000
43.000000
466.000000
203.000000
309.000000
5166.000000
362.000000
321.000000
1838.000000
1012.000000
1314.000000
795.000000
244.000000
11441.000000
169.000000
711.000000
492.000000
1706.000000
1221.000000
101.000000
772.000000
281.000000
1131.000000
404.000000
117.000000
459.000000
1378.000000
444.000000
111.000000
74.000000
1301.000000
855.000000
2122.000000
343.000000
1505.000000
80.000000
76.000000
516.000000
1441.000000
133.000000
266.000000
289.000000
535.000000
770.000000
805.000000
378.000000
1610.000000
252.000000
88.000000
28.000000
203.000000
1803.000000
128.000000
169.000000
593.000000
367.000000
201.000000
267.000000
374.000000
857.000000
421.000000
263.000000
991.000000
1433.000000
806.000000
2652.000000
25.000000
87.000000
1368.000000
540.000000
1530.000000
80.000000
458.000000
545.000000
238.000000
586.000000
826.000000
875.000000
1282.000000
169.000000
48.000000
1510.000000
840.000000
437.000000
492.000000
351.000000
94.000000
81.000000
4868.000000
59.000000
1494.000000
262.000000
705.000000
95.000000
1074.000000
69.000000
749.000000
127.000000
430.000000
498.000000
983.000000
166.000000
2102.000000
433.000000
524.000000
867.000000
159.000000
323.000000
182.000000
913.000000
516.000000
624.000000
311.000000
131.000000
275.000000
56.000000
509.000000
124.000000
532.000000
250.000000
219.000000
1047.000000
417.000000
82.000000
120.000000
64.000000
444.000000
372.000000
1194.000000
64.000000
4627.000000
158.000000
399.000000
366.000000
112.000000
814.000000
418.000000
246.000000
431.000000
418.000000
140.000000
930.000000
735.000000
403.000000
2103.000000
283.000000
112.000000
596.000000
126.000000
588.000000
231.000000
667.000000
1377.000000
989.000000
727.000000
559.000000
1318.000000
588.000000
469.000000
625.000000
204.000000
584.000000
641.000000
44.000000
339.000000
151.000000
2941.000000
51.000000
250.000000
503.000000
368.000000
667.000000
924.000000
372.000000
627.000000
773.000000
265.000000
69.000000
279.000000
207.000000
47.000000
1533.000000
303.000000
278.000000
1847.000000
410.000000
424.000000
309.000000
325.000000
910.000000
213.000000
117.000000
863.000000
1534.000000
94.000000
1113.000000
2129.000000
198.000000
1178.000000
150.000000
2127.000000
11543.000000
61.000000
1103.000000
153.000000
687.000000
37.000000
287.000000
393.000000
261.000000
1065.000000
269.000000
243.000000
1291.000000
377.000000
372.000000
1106.000000
296.000000
374.000000
346.000000
157.000000
129.000000
71.000000
454.000000
2393.000000
768.000000
454.000000
791.000000
452.000000
638.000000
254.000000
368.000000
559.000000
641.000000
649.000000
356.000000
1401.000000
1508.000000
176.000000
361.000000
456.000000
273.000000
362.000000
539.000000
179.000000
1749.000000
577.000000
146.000000
402.000000
852.000000
241.000000
252.000000
1102.000000
407.000000
243.000000
974.000000
593.000000
948.000000
2396.000000
581.000000
810.000000
248.000000
1348.000000
180.000000
26.000000
626.000000
37.000000
902.000000
191.000000
1858.000000
85.000000
620.000000
831.000000
113.000000
201.000000
225.000000
648.000000
158.000000
396.000000
709.000000
237.000000
469.000000
982.000000
755.000000
1400.000000
561.000000
1853.000000
242.000000
404.000000
2672.000000
286.000000
405.000000
827.000000
1350.000000
34.000000
766.000000
300.000000
1198.000000
125.000000
329.000000
461.000000
215.000000
468.000000
139.000000
1720.000000
111.000000
890.000000
190.000000
92.000000
113.000000
217.000000
1258.000000
403.000000
58.000000
263.000000
733.000000
161.000000
586.000000
56.000000
583.000000
123.000000
700.000000
1736.000000
207.000000
1841.000000
230.000000
255.000000
42.000000
845.000000
91.000000
303.000000
574.000000
321.000000
1183.000000
378.000000
597.000000
569.000000
63.000000
666.000000
70.000000
264.000000
570.000000
256.000000
262.000000
272.000000
410.000000
236.000000
86.000000
562.000000
1177.000000
367.000000
1567.000000
101.000000
258.000000
615.000000
1927.000000
573.000000
389.000000
278.000000
1145.000000
207.000000
438.000000
523.000000
109.000000
833.000000
130.000000
674.000000
2309.000000
183.000000
628.000000
1015.000000
2345.000000
96.000000
140.000000
106.000000
254.000000
143.000000
415.000000
695.000000
108.000000
1990.000000
286.000000
55.000000
443.000000
481.000000
1764.000000
1027.000000
654.000000
687.000000
82.000000
3663.000000
443.000000
801.000000
228.000000
2779.000000
274.000000
166.000000
358.000000
445.000000
210.000000
260.000000
920.000000
914.000000
225.000000
239.000000
1808.000000
226.000000
1269.000000
217.000000
1969.000000
576.000000
268.000000
385.000000
354.000000
870.000000
174.000000
564.000000
59.000000
577.000000
374.000000
343.000000
307.000000
709.000000
463.000000
274.000000
632.000000
843.000000
691.000000
2305.000000
522.000000
2870.000000
477.000000
63.000000
836.000000
1780.000000
290.000000
1596.000000
422.000000
185.000000
500.000000
1019.000000
859.000000
1408.000000
360.000000
283.000000
78.000000
217.000000
8220.000000
162.000000
826.000000
19238.000000
509.000000
531.000000
1694.000000
573.000000
112.000000
358.000000
662.000000
176.000000
167.000000
1180.000000
445.000000
421.000000
360.000000
155.000000
584.000000
128.000000
876.000000
123.000000
526.000000
59.000000
458.000000
546.000000
582.000000
1400.000000
282.000000
4996.000000
424.000000
586.000000
704.000000
2599.000000
729.000000
5061.000000
100.000000
909.000000
607.000000
392.000000
661.000000
477.000000
459.000000
684.000000
122.000000
241.000000
675.000000
174.000000
323.000000
829.000000
287.000000
264.000000
171.000000
610.000000
46.000000
99.000000
445.000000
430.000000
275.000000
319.000000
113.000000
280.000000
359.000000
976.000000
369.000000
583.000000
958.000000
479.000000
1051.000000
547.000000
111.000000
106.000000
1453.000000
204.000000
43.000000
1069.000000
245.000000
683.000000
991.000000
410.000000
199.000000
459.000000
496.000000
110.000000
860.000000
322.000000
164.000000
102.000000
406.000000
311.000000
109.000000
1210.000000
910.000000
317.000000
304.000000
288.000000
1772.000000
408.000000
371.000000
14522.000000
2252.000000
1623.000000
177.000000
304.000000
190.000000
1987.000000
4792.000000
674.000000
244.000000
624.000000
273.000000
915.000000
2014.000000
236.000000
120.000000
2049.000000
304.000000
347.000000
233.000000
249.000000
401.000000
593.000000
268.000000
582.000000
469.000000
245.000000
254.000000
555.000000
975.000000
399.000000
747.000000
265.000000
211.000000
474.000000
2443.000000
1903.000000
610.000000
338.000000
94.000000
1755.000000
152.000000
284.000000
111.000000
490.000000
945.000000
283.000000
112.000000
472.000000
2412.000000
234.000000
256.000000
2785.000000
751.000000
2024.000000
334.000000
225.000000
984.000000
1354.000000
439.000000
215.000000
1547.000000
1168.000000
895.000000
236.000000
94.000000
322.000000
212.000000
659.000000
3039.000000
687.000000
288.000000
953.000000
2126.000000
583.000000
2627.000000
1419.000000
1602.000000
956.000000
835.000000
707.000000
379.000000
1050.000000
82.000000
722.000000
5960.000000
758.000000
97.000000
350.000000
1955.000000
128.000000
244.000000
1922.000000
405.000000
272.000000
120.000000
363.000000
2377.000000
255.000000
733.000000
1073.000000
1028.000000
296.000000
3129.000000
191.000000
359.000000
80.000000
2692.000000
275.000000
730.000000
217.000000
90.000000
851.000000
1106.000000
149.000000
3774.000000
164.000000
3468.000000
169.000000
80.000000
107.000000
355.000000
1130.000000
486.000000
309.000000
200.000000
1942.000000
44.000000
608.000000
653.000000
613.000000
409.000000
403.000000
787.000000
314.000000
966.000000
478.000000
917.000000
375.000000
1433.000000
456.000000
135.000000
32.000000
2345.000000
117.000000
723.000000
240.000000
268.000000
1053.000000
443.000000
270.000000
676.000000
2233.000000
134.000000
248.000000
290.000000
156.000000
1023.000000
116.000000
59.000000
594.000000
726.000000
365.000000
437.000000
122.000000
293.000000
572.000000
88.000000
137.000000
785.000000
893.000000
408.000000
235.000000
278.000000
930.000000
110.000000
619.000000
90.000000
70.000000
462.000000
171.000000
1066.000000
308.000000
531.000000
1049.000000
180.000000
277.000000
344.000000
660.000000
626.000000
680.000000
56.000000
267.000000
402.000000
355.000000
141.000000
337.000000
199.000000
404.000000
931.000000
911.000000
218.000000
439.000000
226.000000
123.000000
446.000000
521.000000
250.000000
1104.000000
798.000000
246.000000
302.000000
1733.000000
157.000000
112.000000
228.000000
292.000000
1358.000000
435.000000
698.000000
714.000000
1453.000000
556.000000
319.000000
440.000000
1062.000000
720.000000
59.000000
318.000000
452.000000
223.000000
371.000000
344.000000
5291.000000
270.000000
225.000000
849.000000
286.000000
480.000000
728.000000
239.000000
2072.000000
722.000000
748.000000
2449.000000
1385.000000
110.000000
448.000000
452.000000
269.000000
329.000000
146.000000
235.000000
979.000000
954.000000
1212.000000
170.000000
206.000000
187.000000
171.000000
830.000000
1426.000000
2327.000000
524.000000
692.000000
486.000000
129.000000
643.000000
1023.000000
219.000000
523.000000
176.000000
125.000000
503.000000
309.000000
1149.000000
538.000000
259.000000
348.000000
1164.000000
1244.000000
136.000000
517.000000
188.000000
162.000000
367.000000
272.000000
337.000000
1540.000000
862.000000
446.000000
171.000000
1276.000000
179.000000
120.000000
321.000000
181.000000
670.000000
1075.000000
925.000000
112.000000
667.000000
163.000000
728.000000
561.000000
28.000000
675.000000
305.000000
400.000000
918.000000
2021.000000
153.000000
114.000000
149.000000
936.000000
171.000000
1804.000000
961.000000
307.000000
1374.000000
1851.000000
553.000000
495.000000
154.000000
1022.000000
87.000000
802.000000
270.000000
145.000000
495.000000
183.000000
340.000000
62.000000
331.000000
700.000000
47.000000
1773.000000
54.000000
207.000000
3739.000000
935.000000
1757.000000
727.000000
178.000000
495.000000
815.000000
830.000000
73.000000
246.000000
223.000000
2338.000000
220.000000
984.000000
490.000000
264.000000
647.000000
3761.000000
111.000000
836.000000
104.000000
536.000000
174.000000
657.000000
78.000000
480.000000
5345.000000
108.000000
310.000000
444.000000
704.000000
199.000000
88.000000
64.000000
784.000000
981.000000
649.000000
289.000000
606.000000
178.000000
19.000000
280.000000
700.000000
231.000000
293.000000
174.000000
10220.000000
471.000000
564.000000
753.000000
183.000000
391.000000
196.000000
360.000000
270.000000
210.000000
160.000000
155.000000
1489.000000
596.000000
170.000000
67.000000
491.000000
180.000000
1866.000000
199.000000
98.000000
400.000000
1015.000000
907.000000
367.000000
