292.000000
1930.000000
201.000000
392.000000
262.000000
79.000000
546.000000
232.000000
250.000000
310.000000
1691.000000
186.000000
239.000000
935.000000
672.000000
215.000000
313.000000
95.000000
182.000000
436.000000
637.000000
317.000000
1147.000000
956.000000
218.000000
175.000000
370.000000
557.000000
2344.000000
54.000000
873.000000
477.000000
237.000000
2272.000000
132.000000
471.000000
225.000000
476.000000
884.000000
417.000000
596.000000
417.000000
193.000000
330.000000
259.000000
71.000000
1021.000000
515.000000
623.000000
746.000000
635.000000
5969.000000
235.000000
353.000000
626.000000
1239.000000
327.000000
424.000000
877.000000
634.000000
263.000000
203.000000
161.000000
1233.000000
288.000000
537.000000
784.000000
362.000000
197.000000
1948.000000
172.000000
116.000000
1519.000000
125.000000
832.000000
170.000000
92.000000
250.000000
426.000000
298.000000
241.000000
90.000000
596.000000
881.000000
205.000000
1682.000000
903.000000
315.000000
910.000000
1310.000000
829.000000
1034.000000
182.000000
439.000000
154.000000
2988.000000
130.000000
545.000000
365.000000
231.000000
729.000000
496.000000
1223.000000
524.000000
622.000000
255.000000
1078.000000
1865.000000
491.000000
337.000000
358.000000
211.000000
1856.000000
76.000000
608.000000
260.000000
403.000000
235.000000
417.000000
321.000000
209.000000
380.000000
400.000000
240.000000
773.000000
152.000000
1324.000000
117.000000
592.000000
526.000000
438.000000
997.000000
815.000000
339.000000
427.000000
820.000000
116.000000
718.000000
54.000000
35.000000
353.000000
4122.000000
2007.000000
39.000000
1056.000000
881.000000
6104.000000
234.000000
331.000000
126.000000
138.000000
1135.000000
554.000000
186.000000
313.000000
811.000000
150.000000
959.000000
336.000000
1743.000000
808.000000
146.000000
70.000000
511.000000
480.000000
1229.000000
409.000000
123.000000
316.000000
803.000000
355.000000
493.000000
830.000000
177.000000
588.000000
1173.000000
226.000000
139.000000
1305.000000
390.000000
224.000000
137.000000
411.000000
22.000000
812.000000
32.000000
157.000000
624.000000
549.000000
907.000000
213.000000
209.000000
265.000000
378.000000
188.000000
739.000000
118.000000
255.000000
353.000000
1388.000000
376.000000
613.000000
66.000000
367.000000
209.000000
70.000000
189.000000
750.000000
159.000000
450.000000
147.000000
231.000000
347.000000
1288.000000
114.000000
566.000000
251.000000
197.000000
556.000000
585.000000
551.000000
216.000000
620.000000
563.000000
188.000000
529.000000
1537.000000
1455.000000
244.000000
1268.000000
516.000000
415.000000
42.000000
530.000000
487.000000
412.000000
87.000000
485.000000
364.000000
174.000000
85.000000
2531.000000
240.000000
83.000000
45.000000
355.000000
4128.000000
1216.000000
266.000000
22.000000
760.000000
142.000000
1365.000000
478.000000
73.000000
392.000000
265.000000
498.000000
145.000000
1025.000000
1115.000000
414.000000
679.000000
417.000000
1314.000000
309.000000
275.000000
214.000000
317.000000
306.000000
88.000000
2114.000000
82.000000
917.000000
975.000000
565.000000
92.000000
1347.000000
306.000000
698.000000
108.000000
874.000000
724.000000
254.000000
370.000000
118.000000
94.000000
455.000000
981.000000
651.000000
2220.000000
306.000000
146.000000
305.000000
1690.000000
402.000000
106.000000
3793.000000
1176.000000
134.000000
159.000000
664.000000
616.000000
397.000000
324.000000
199.000000
558.000000
282.000000
3859.000000
351.000000
713.000000
1075.000000
202.000000
140.000000
147.000000
738.000000
1247.000000
613.000000
136.000000
552.000000
261.000000
432.000000
55.000000
3974.000000
740.000000
210.000000
689.000000
174.000000
56.000000
1613.000000
3461.000000
986.000000
109.000000
208.000000
119.000000
170.000000
257.000000
215.000000
368.000000
6891.000000
470.000000
68.000000
155.000000
307.000000
298.000000
3579.000000
639.000000
126.000000
554.000000
880.000000
938.000000
810.000000
478.000000
637.000000
785.000000
909.000000
389.000000
426.000000
1563.000000
203.000000
985.000000
191.000000
890.000000
721.000000
245.000000
79.000000
349.000000
1380.000000
438.000000
657.000000
848.000000
358.000000
263.000000
511.000000
401.000000
621.000000
284.000000
164.000000
976.000000
247.000000
1918.000000
329.000000
844.000000
201.000000
145.000000
57.000000
225.000000
4160.000000
220.000000
226.000000
354.000000
1081.000000
478.000000
294.000000
837.000000
281.000000
498.000000
933.000000
459.000000
1168.000000
1277.000000
128.000000
504.000000
710.000000
207.000000
283.000000
1115.000000
292.000000
972.000000
2202.000000
757.000000
1137.000000
3946.000000
244.000000
368.000000
410.000000
356.000000
231.000000
56.000000
557.000000
973.000000
179.000000
265.000000
59.000000
89.000000
61.000000
326.000000
1865.000000
1189.000000
142.000000
363.000000
41.000000
2115.000000
1706.000000
50.000000
381.000000
109.000000
327.000000
52.000000
231.000000
720.000000
137.000000
2434.000000
781.000000
668.000000
1580.000000
171.000000
178.000000
1663.000000
460.000000
2819.000000
678.000000
1254.000000
277.000000
241.000000
840.000000
400.000000
136.000000
2124.000000
363.000000
155.000000
1345.000000
1057.000000
314.000000
272.000000
1229.000000
1366.000000
285.000000
2413.000000
208.000000
125.000000
646.000000
1217.000000
997.000000
2670.000000
3078.000000
2050.000000
2322.000000
423.000000
165.000000
609.000000
2485.000000
582.000000
57.000000
3223.000000
178.000000
114.000000
303.000000
2843.000000
271.000000
177.000000
636.000000
3169.000000
175.000000
223.000000
299.000000
306.000000
66.000000
277.000000
309.000000
1792.000000
187.000000
2122.000000
211.000000
127.000000
380.000000
2630.000000
332.000000
247.000000
5238.000000
620.000000
478.000000
140.000000
222.000000
654.000000
153.000000
1802.000000
425.000000
720.000000
171.000000
255.000000
106.000000
763.000000
909.000000
763.000000
619.000000
442.000000
187.000000
666.000000
2287.000000
171.000000
302.000000
280.000000
761.000000
831.000000
312.000000
621.000000
188.000000
960.000000
283.000000
235.000000
680.000000
493.000000
396.000000
105.000000
359.000000
22.000000
425.000000
70.000000
228.000000
3561.000000
686.000000
147.000000
195.000000
659.000000
345.000000
356.000000
460.000000
191.000000
531.000000
80.000000
793.000000
1635.000000
1262.000000
61.000000
1523.000000
604.000000
350.000000
141.000000
2922.000000
650.000000
238.000000
994.000000
1059.000000
49.000000
296.000000
58.000000
1107.000000
231.000000
587.000000
830.000000
2620.000000
1081.000000
1782.000000
169.000000
104.000000
1580.000000
456.000000
206.000000
118.000000
170.000000
252.000000
1504.000000
232.000000
157.000000
856.000000
353.000000
6103.000000
884.000000
424.000000
783.000000
61.000000
97.000000
559.000000
194.000000
441.000000
206.000000
206.000000
679.000000
855.000000
606.000000
373.000000
929.000000
607.000000
327.000000
403.000000
192.000000
2398.000000
58.000000
243.000000
885.000000
986.000000
502.000000
415.000000
86.000000
886.000000
294.000000
296.000000
784.000000
920.000000
542.000000
344.000000
794.000000
3266.000000
2865.000000
148.000000
63.000000
443.000000
1415.000000
698.000000
470.000000
652.000000
468.000000
962.000000
487.000000
705.000000
202.000000
1297.000000
523.000000
310.000000
2152.000000
302.000000
210.000000
573.000000
551.000000
445.000000
183.000000
698.000000
992.000000
1742.000000
131.000000
1715.000000
242.000000
1071.000000
567.000000
105.000000
2351.000000
329.000000
197.000000
525.000000
428.000000
220.000000
231.000000
262.000000
594.000000
540.000000
239.000000
524.000000
23.000000
1397.000000
241.000000
691.000000
1983.000000
977.000000
89.000000
121.000000
175.000000
283.000000
380.000000
741.000000
1012.000000
1366.000000
598.000000
18.000000
1300.000000
136.000000
931.000000
2105.000000
732.000000
220.000000
66.000000
2766.000000
134.000000
394.000000
817.000000
874.000000
195.000000
416.000000
530.000000
561.000000
112.000000
336.000000
1669.000000
154.000000
370.000000
384.000000
427.000000
868.000000
460.000000
151.000000
613.000000
3530.000000
330.000000
481.000000
853.000000
26.000000
201.000000
493.000000
368.000000
1495.000000
312.000000
863.000000
924.000000
600.000000
66.000000
562.000000
269.000000
39.000000
790.000000
100.000000
686.000000
315.000000
192.000000
467.000000
92.000000
36.000000
2252.000000
346.000000
311.000000
338.000000
164.000000
625.000000
577.000000
45.000000
1078.000000
397.000000
2811.000000
166.000000
238.000000
2593.000000
256.000000
152.000000
626.000000
562.000000
1238.000000
254.000000
5532.000000
214.000000
69.000000
498.000000
870.000000
2117.000000
769.000000
563.000000
555.000000
139.000000
890.000000
124.000000
835.000000
420.000000
770.000000
664.000000
1208.000000
58.000000
253.000000
80.000000
912.000000
91.000000
1017.000000
112.000000
7540.000000
224.000000
673.000000
365.000000
577.000000
189.000000
278.000000
47.000000
1124.000000
174.000000
374.000000
94.000000
138.000000
158.000000
159.000000
506.000000
484.000000
252.000000
1096.000000
237.000000
183.000000
437.000000
1724.000000
738.000000
635.000000
286.000000
436.000000
2144.000000
614.000000
585.000000
670.000000
3833.000000
778.000000
868.000000
38.000000
494.000000
180.000000
373.000000
1529.000000
295.000000
394.000000
172.000000
104.000000
738.000000
2977.000000
397.000000
268.000000
319.000000
90.000000
100.000000
78.000000
217.000000
359.000000
489.000000
599.000000
1547.000000
884.000000
1111.000000
4056.000000
1003.000000
1216.000000
229.000000
149.000000
306.000000
259.000000
179.000000
96.000000
182.000000
759.000000
437.000000
684.000000
201.000000
552.000000
967.000000
991.000000
1443.000000
35.000000
3711.000000
1071.000000
262.000000
141.000000
385.000000
48.000000
125.000000
3319.000000
1132.000000
986.000000
263.000000
441.000000
161.000000
530.000000
160.000000
903.000000
132.000000
881.000000
328.000000
169.000000
558.000000
221.000000
1625.000000
94.000000
78.000000
272.000000
721.000000
183.000000
697.000000
267.000000
730.000000
2092.000000
1311.000000
4056.000000
408.000000
754.000000
910.000000
322.000000
1271.000000
830.000000
115.000000
2135.000000
56.000000
369.000000
3214.000000
148.000000
242.000000
282.000000
216.000000
1020.000000
1046.000000
415.000000
947.000000
472.000000
1478.000000
240.000000
70.000000
273.000000
4489.000000
771.000000
495.000000
246.000000
179.000000
87.000000
3540.000000
683.000000
754.000000
443.000000
2228.000000
273.000000
317.000000
157.000000
3314.000000
206.000000
130.000000
698.000000
514.000000
5662.000000
96.000000
178.000000
67.000000
217.000000
642.000000
1061.000000
191.000000
214.000000
607.000000
261.000000
300.000000
36.000000
221.000000
1852.000000
958.000000
385.000000
190.000000
625.000000
701.000000
1419.000000
205.000000
280.000000
4078.000000
325.000000
593.000000
1230.000000
75.000000
132.000000
241.000000
407.000000
474.000000
534.000000
75.000000
764.000000
650.000000
108.000000
125.000000
154.000000
429.000000
1280.000000
590.000000
351.000000
46.000000
308.000000
245.000000
3279.000000
326.000000
262.000000
915.000000
115.000000
1678.000000
1461.000000
1183.000000
184.000000
501.000000
