357.000000
68.000000
308.000000
640.000000
457.000000
971.000000
493.000000
869.000000
322.000000
233.000000
577.000000
407.000000
1123.000000
4121.000000
554.000000
862.000000
944.000000
881.000000
613.000000
623.000000
199.000000
253.000000
109.000000
1286.000000
302.000000
928.000000
4169.000000
399.000000
779.000000
22.000000
1188.000000
210.000000
618.000000
445.000000
884.000000
94.000000
673.000000
495.000000
1072.000000
638.000000
649.000000
139.000000
1668.000000
628.000000
388.000000
360.000000
395.000000
436.000000
315.000000
751.000000
430.000000
1662.000000
404.000000
2883.000000
927.000000
1993.000000
162.000000
333.000000
568.000000
601.000000
1959.000000
219.000000
248.000000
324.000000
344.000000
2360.000000
85.000000
560.000000
652.000000
63.000000
388.000000
1016.000000
207.000000
306.000000
195.000000
162.000000
304.000000
147.000000
238.000000
2653.000000
709.000000
47.000000
413.000000
1780.000000
1556.000000
441.000000
263.000000
112.000000
1203.000000
500.000000
115.000000
1825.000000
285.000000
645.000000
222.000000
392.000000
190.000000
257.000000
1558.000000
1199.000000
476.000000
849.000000
273.000000
95.000000
263.000000
644.000000
1461.000000
221.000000
161.000000
164.000000
176.000000
781.000000
464.000000
985.000000
257.000000
718.000000
661.000000
800.000000
383.000000
1839.000000
305.000000
166.000000
198.000000
151.000000
41.000000
606.000000
60.000000
1433.000000
143.000000
249.000000
606.000000
688.000000
243.000000
121.000000
488.000000
154.000000
292.000000
1110.000000
154.000000
311.000000
296.000000
1375.000000
160.000000
337.000000
1102.000000
102.000000
309.000000
378.000000
2864.000000
2643.000000
148.000000
192.000000
451.000000
283.000000
460.000000
416.000000
29.000000
122.000000
491.000000
138.000000
99.000000
694.000000
263.000000
621.000000
88.000000
160.000000
1330.000000
1516.000000
247.000000
1148.000000
2270.000000
2517.000000
404.000000
409.000000
116.000000
159.000000
233.000000
1077.000000
203.000000
1602.000000
414.000000
705.000000
229.000000
344.000000
1562.000000
177.000000
349.000000
2079.000000
4156.000000
308.000000
1006.000000
80.000000
1756.000000
265.000000
585.000000
1010.000000
490.000000
773.000000
685.000000
218.000000
835.000000
523.000000
231.000000
427.000000
389.000000
212.000000
1368.000000
486.000000
154.000000
113.000000
136.000000
202.000000
750.000000
912.000000
1099.000000
483.000000
627.000000
953.000000
83.000000
2197.000000
315.000000
357.000000
408.000000
297.000000
64.000000
241.000000
455.000000
448.000000
426.000000
265.000000
216.000000
89.000000
1541.000000
286.000000
1461.000000
540.000000
1890.000000
448.000000
446.000000
2385.000000
240.000000
49.000000
656.000000
580.000000
2224.000000
1551.000000
325.000000
846.000000
97.000000
895.000000
1211.000000
286.000000
1128.000000
347.000000
653.000000
462.000000
938.000000
435.000000
403.000000
2192.000000
468.000000
217.000000
156.000000
3498.000000
954.000000
624.000000
1315.000000
47.000000
704.000000
7689.000000
180.000000
215.000000
412.000000
249.000000
382.000000
653.000000
107.000000
193.000000
362.000000
598.000000
1716.000000
372.000000
206.000000
64.000000
218.000000
1195.000000
152.000000
503.000000
1141.000000
252.000000
280.000000
1383.000000
539.000000
224.000000
354.000000
88.000000
192.000000
210.000000
176.000000
2404.000000
579.000000
314.000000
634.000000
404.000000
104.000000
49.000000
687.000000
1693.000000
530.000000
540.000000
391.000000
280.000000
159.000000
1905.000000
70.000000
392.000000
92.000000
120.000000
405.000000
1033.000000
157.000000
537.000000
144.000000
45.000000
456.000000
200.000000
147.000000
382.000000
739.000000
203.000000
327.000000
314.000000
524.000000
730.000000
564.000000
1186.000000
1300.000000
991.000000
4360.000000
69.000000
1905.000000
522.000000
269.000000
1650.000000
328.000000
310.000000
183.000000
85.000000
1278.000000
384.000000
448.000000
767.000000
599.000000
193.000000
952.000000
1801.000000
146.000000
93.000000
407.000000
277.000000
1755.000000
42.000000
1869.000000
734.000000
38.000000
4650.000000
927.000000
963.000000
1136.000000
1287.000000
4340.000000
143.000000
461.000000
56.000000
983.000000
32.000000
107.000000
921.000000
564.000000
911.000000
796.000000
1002.000000
259.000000
733.000000
284.000000
160.000000
671.000000
2684.000000
311.000000
381.000000
1554.000000
349.000000
893.000000
352.000000
649.000000
290.000000
663.000000
620.000000
298.000000
425.000000
195.000000
782.000000
406.000000
811.000000
210.000000
84.000000
447.000000
129.000000
669.000000
134.000000
847.000000
284.000000
987.000000
1920.000000
1076.000000
1163.000000
68.000000
160.000000
342.000000
420.000000
144.000000
303.000000
3776.000000
232.000000
106.000000
467.000000
777.000000
364.000000
183.000000
656.000000
821.000000
4596.000000
764.000000
61.000000
953.000000
820.000000
484.000000
20.000000
133.000000
347.000000
779.000000
31.000000
761.000000
305.000000
155.000000
93.000000
120.000000
91.000000
110.000000
915.000000
307.000000
141.000000
101.000000
6853.000000
309.000000
76.000000
1039.000000
427.000000
140.000000
285.000000
16523.000000
2588.000000
632.000000
111.000000
139.000000
2896.000000
351.000000
186.000000
187.000000
459.000000
349.000000
2318.000000
203.000000
576.000000
1037.000000
148.000000
297.000000
284.000000
2430.000000
3070.000000
142.000000
131.000000
469.000000
288.000000
424.000000
1022.000000
106.000000
322.000000
112.000000
554.000000
322.000000
542.000000
815.000000
795.000000
505.000000
1027.000000
1068.000000
261.000000
2772.000000
101.000000
460.000000
2165.000000
185.000000
922.000000
1422.000000
132.000000
263.000000
984.000000
372.000000
68.000000
747.000000
4283.000000
197.000000
143.000000
942.000000
183.000000
2553.000000
138.000000
837.000000
320.000000
769.000000
71.000000
583.000000
222.000000
280.000000
179.000000
128.000000
2105.000000
377.000000
627.000000
576.000000
40.000000
174.000000
1522.000000
510.000000
646.000000
2290.000000
67.000000
1873.000000
586.000000
302.000000
647.000000
104.000000
175.000000
334.000000
578.000000
276.000000
1513.000000
257.000000
706.000000
292.000000
2489.000000
348.000000
120.000000
68.000000
583.000000
227.000000
809.000000
509.000000
235.000000
1438.000000
731.000000
948.000000
396.000000
985.000000
330.000000
289.000000
785.000000
600.000000
565.000000
501.000000
216.000000
772.000000
1455.000000
469.000000
741.000000
395.000000
268.000000
191.000000
801.000000
150.000000
46.000000
211.000000
158.000000
426.000000
606.000000
89.000000
432.000000
810.000000
333.000000
859.000000
119.000000
296.000000
384.000000
304.000000
337.000000
232.000000
293.000000
868.000000
1836.000000
354.000000
429.000000
956.000000
728.000000
6359.000000
2033.000000
106.000000
325.000000
204.000000
907.000000
193.000000
515.000000
2990.000000
119.000000
129.000000
418.000000
91.000000
1016.000000
679.000000
861.000000
405.000000
684.000000
122.000000
214.000000
376.000000
281.000000
3597.000000
196.000000
3894.000000
524.000000
883.000000
204.000000
193.000000
98.000000
649.000000
278.000000
745.000000
79.000000
1779.000000
113.000000
431.000000
432.000000
240.000000
140.000000
341.000000
71.000000
956.000000
376.000000
429.000000
525.000000
336.000000
207.000000
194.000000
1037.000000
245.000000
1761.000000
870.000000
110.000000
209.000000
249.000000
907.000000
1551.000000
1109.000000
194.000000
713.000000
655.000000
70.000000
2292.000000
577.000000
210.000000
1020.000000
658.000000
477.000000
95.000000
246.000000
486.000000
269.000000
599.000000
82.000000
1410.000000
1206.000000
604.000000
127.000000
194.000000
307.000000
222.000000
1354.000000
888.000000
466.000000
611.000000
358.000000
201.000000
492.000000
183.000000
929.000000
165.000000
479.000000
140.000000
1733.000000
3337.000000
174.000000
224.000000
469.000000
92.000000
1043.000000
358.000000
80.000000
277.000000
758.000000
19.000000
95.000000
52.000000
662.000000
286.000000
1702.000000
164.000000
356.000000
355.000000
496.000000
224.000000
587.000000
324.000000
1740.000000
532.000000
175.000000
873.000000
125.000000
1072.000000
2889.000000
712.000000
114.000000
2122.000000
1204.000000
417.000000
1091.000000
694.000000
808.000000
201.000000
1090.000000
1430.000000
607.000000
196.000000
88.000000
530.000000
245.000000
828.000000
1039.000000
255.000000
476.000000
2175.000000
207.000000
150.000000
366.000000
379.000000
266.000000
1995.000000
816.000000
2741.000000
560.000000
930.000000
130.000000
1205.000000
117.000000
556.000000
507.000000
529.000000
135.000000
390.000000
506.000000
160.000000
1354.000000
1161.000000
3542.000000
158.000000
326.000000
4467.000000
388.000000
102.000000
316.000000
234.000000
112.000000
150.000000
227.000000
79.000000
149.000000
1674.000000
392.000000
1727.000000
492.000000
458.000000
2643.000000
382.000000
1197.000000
162.000000
154.000000
200.000000
1064.000000
1346.000000
467.000000
430.000000
1299.000000
761.000000
783.000000
991.000000
259.000000
888.000000
771.000000
551.000000
57.000000
1059.000000
433.000000
1097.000000
355.000000
362.000000
415.000000
158.000000
896.000000
513.000000
91.000000
675.000000
1239.000000
240.000000
363.000000
702.000000
425.000000
568.000000
606.000000
569.000000
358.000000
156.000000
129.000000
1167.000000
731.000000
2527.000000
178.000000
119.000000
775.000000
348.000000
1062.000000
587.000000
159.000000
910.000000
932.000000
1413.000000
364.000000
551.000000
439.000000
1696.000000
195.000000
1427.000000
460.000000
485.000000
236.000000
289.000000
867.000000
1019.000000
199.000000
212.000000
643.000000
747.000000
458.000000
154.000000
2009.000000
71.000000
224.000000
867.000000
694.000000
170.000000
348.000000
6533.000000
225.000000
665.000000
127.000000
375.000000
799.000000
152.000000
326.000000
149.000000
747.000000
405.000000
118.000000
195.000000
658.000000
493.000000
2925.000000
333.000000
117.000000
159.000000
478.000000
125.000000
165.000000
120.000000
1488.000000
189.000000
92.000000
148.000000
3823.000000
319.000000
80.000000
344.000000
153.000000
625.000000
854.000000
145.000000
146.000000
395.000000
551.000000
477.000000
29.000000
1137.000000
1424.000000
878.000000
519.000000
300.000000
355.000000
7884.000000
236.000000
583.000000
230.000000
358.000000
108.000000
233.000000
1050.000000
1324.000000
298.000000
430.000000
5092.000000
290.000000
1599.000000
355.000000
357.000000
370.000000
733.000000
292.000000
304.000000
1138.000000
559.000000
134.000000
490.000000
386.000000
426.000000
110.000000
62.000000
399.000000
1328.000000
225.000000
560.000000
240.000000
789.000000
197.000000
172.000000
244.000000
1579.000000
746.000000
1174.000000
314.000000
205.000000
795.000000
1163.000000
1015.000000
1100.000000
382.000000
220.000000
787.000000
462.000000
419.000000
322.000000
943.000000
99.000000
2267.000000
887.000000
606.000000
202.000000
93.000000
427.000000
1213.000000
160.000000
526.000000
182.000000
455.000000
97.000000
576.000000
490.000000
126.000000
902.000000
712.000000
185.000000
1410.000000
237.000000
393.000000
169.000000
1432.000000
273.000000
1183.000000
310.000000
352.000000
2146.000000
1027.000000
261.000000
85.000000
