304.000000
533.000000
978.000000
304.000000
274.000000
1935.000000
1671.000000
104.000000
71.000000
329.000000
365.000000
363.000000
485.000000
2153.000000
569.000000
295.000000
1289.000000
101.000000
1089.000000
115.000000
814.000000
255.000000
3303.000000
1471.000000
157.000000
1052.000000
53.000000
124.000000
576.000000
209.000000
609.000000
474.000000
730.000000
133.000000
13.000000
1463.000000
284.000000
345.000000
398.000000
273.000000
480.000000
541.000000
998.000000
174.000000
850.000000
2516.000000
574.000000
611.000000
57.000000
819.000000
454.000000
1443.000000
78.000000
864.000000
197.000000
40.000000
335.000000
996.000000
1017.000000
483.000000
1107.000000
157.000000
110.000000
905.000000
436.000000
103.000000
350.000000
597.000000
119.000000
527.000000
553.000000
1096.000000
59.000000
319.000000
340.000000
1516.000000
1093.000000
320.000000
168.000000
184.000000
453.000000
997.000000
802.000000
683.000000
536.000000
285.000000
104.000000
35.000000
42.000000
2057.000000
1121.000000
625.000000
1907.000000
654.000000
237.000000
467.000000
990.000000
101.000000
1037.000000
162.000000
413.000000
1066.000000
215.000000
327.000000
54.000000
113.000000
485.000000
1859.000000
1327.000000
91.000000
1509.000000
325.000000
1045.000000
1770.000000
129.000000
1166.000000
320.000000
756.000000
1398.000000
215.000000
58.000000
193.000000
1095.000000
160.000000
288.000000
688.000000
310.000000
759.000000
73.000000
370.000000
865.000000
25.000000
971.000000
1772.000000
1358.000000
990.000000
149.000000
2160.000000
721.000000
291.000000
410.000000
1323.000000
994.000000
157.000000
463.000000
1030.000000
218.000000
162.000000
843.000000
341.000000
498.000000
551.000000
235.000000
137.000000
2843.000000
360.000000
151.000000
133.000000
1008.000000
220.000000
299.000000
438.000000
1838.000000
70.000000
1287.000000
285.000000
1483.000000
314.000000
171.000000
939.000000
1098.000000
1596.000000
236.000000
353.000000
129.000000
184.000000
247.000000
324.000000
449.000000
278.000000
211.000000
447.000000
98.000000
502.000000
928.000000
1191.000000
623.000000
533.000000
247.000000
268.000000
402.000000
172.000000
283.000000
75.000000
603.000000
126.000000
519.000000
895.000000
3061.000000
434.000000
427.000000
873.000000
869.000000
716.000000
117.000000
659.000000
132.000000
153.000000
113.000000
193.000000
410.000000
1151.000000
944.000000
169.000000
1087.000000
415.000000
698.000000
98.000000
224.000000
162.000000
547.000000
611.000000
220.000000
934.000000
1266.000000
172.000000
439.000000
396.000000
655.000000
432.000000
180.000000
1342.000000
206.000000
941.000000
428.000000
345.000000
873.000000
130.000000
675.000000
1202.000000
72.000000
495.000000
988.000000
116.000000
154.000000
91.000000
3920.000000
1137.000000
101.000000
534.000000
485.000000
746.000000
91.000000
189.000000
285.000000
273.000000
66.000000
354.000000
1646.000000
439.000000
76.000000
615.000000
115.000000
366.000000
303.000000
191.000000
134.000000
251.000000
712.000000
122.000000
1199.000000
447.000000
380.000000
908.000000
223.000000
173.000000
544.000000
9312.000000
86.000000
674.000000
1422.000000
14686.000000
1433.000000
772.000000
311.000000
1026.000000
966.000000
554.000000
1190.000000
454.000000
470.000000
257.000000
792.000000
216.000000
210.000000
252.000000
244.000000
664.000000
736.000000
55.000000
821.000000
1384.000000
961.000000
191.000000
2714.000000
1147.000000
971.000000
1665.000000
213.000000
1009.000000
928.000000
355.000000
247.000000
232.000000
643.000000
228.000000
619.000000
373.000000
395.000000
175.000000
804.000000
2001.000000
518.000000
458.000000
323.000000
173.000000
272.000000
1399.000000
2009.000000
142.000000
1364.000000
528.000000
119.000000
801.000000
407.000000
1243.000000
778.000000
92.000000
898.000000
1887.000000
170.000000
306.000000
550.000000
763.000000
473.000000
185.000000
946.000000
889.000000
60.000000
229.000000
94.000000
328.000000
356.000000
556.000000
593.000000
396.000000
293.000000
1120.000000
683.000000
2361.000000
92.000000
762.000000
116.000000
879.000000
49.000000
2604.000000
562.000000
416.000000
974.000000
319.000000
235.000000
2000.000000
159.000000
239.000000
689.000000
1156.000000
1101.000000
95.000000
1084.000000
1124.000000
1753.000000
1116.000000
97.000000
1455.000000
400.000000
136.000000
3356.000000
267.000000
196.000000
565.000000
127.000000
267.000000
118.000000
210.000000
153.000000
559.000000
673.000000
790.000000
109.000000
398.000000
509.000000
493.000000
426.000000
290.000000
1904.000000
206.000000
253.000000
117.000000
1087.000000
181.000000
287.000000
1433.000000
403.000000
428.000000
380.000000
136.000000
124.000000
487.000000
180.000000
487.000000
143.000000
492.000000
48.000000
409.000000
126.000000
197.000000
583.000000
941.000000
629.000000
297.000000
334.000000
95.000000
142.000000
150.000000
159.000000
46.000000
208.000000
714.000000
3054.000000
2802.000000
163.000000
367.000000
1088.000000
168.000000
344.000000
1257.000000
1275.000000
700.000000
653.000000
280.000000
168.000000
72.000000
505.000000
1049.000000
128.000000
840.000000
274.000000
141.000000
2167.000000
169.000000
1032.000000
2443.000000
59.000000
297.000000
198.000000
160.000000
1144.000000
1050.000000
1082.000000
248.000000
62.000000
210.000000
643.000000
394.000000
286.000000
104.000000
3154.000000
241.000000
111.000000
288.000000
3063.000000
87.000000
158.000000
972.000000
167.000000
99.000000
471.000000
757.000000
328.000000
83.000000
198.000000
629.000000
1002.000000
668.000000
84.000000
262.000000
1853.000000
376.000000
1203.000000
2530.000000
143.000000
166.000000
218.000000
170.000000
218.000000
1511.000000
1876.000000
151.000000
77.000000
446.000000
61.000000
935.000000
473.000000
1956.000000
57.000000
246.000000
394.000000
361.000000
24.000000
319.000000
257.000000
1098.000000
407.000000
100.000000
117.000000
841.000000
76.000000
869.000000
22.000000
1216.000000
113.000000
124.000000
201.000000
143.000000
260.000000
356.000000
453.000000
226.000000
357.000000
1063.000000
443.000000
188.000000
195.000000
361.000000
426.000000
463.000000
124.000000
412.000000
479.000000
332.000000
1065.000000
491.000000
2042.000000
742.000000
615.000000
223.000000
557.000000
3715.000000
331.000000
144.000000
483.000000
133.000000
397.000000
1511.000000
51.000000
282.000000
355.000000
309.000000
1005.000000
322.000000
79.000000
686.000000
174.000000
69.000000
126.000000
478.000000
974.000000
204.000000
1619.000000
304.000000
355.000000
1809.000000
265.000000
2362.000000
842.000000
201.000000
262.000000
1005.000000
196.000000
172.000000
315.000000
136.000000
141.000000
1039.000000
439.000000
223.000000
227.000000
399.000000
242.000000
183.000000
75.000000
311.000000
545.000000
1242.000000
234.000000
167.000000
543.000000
644.000000
663.000000
273.000000
1931.000000
184.000000
1002.000000
457.000000
81.000000
197.000000
328.000000
616.000000
219.000000
309.000000
421.000000
2795.000000
139.000000
307.000000
746.000000
487.000000
338.000000
90.000000
565.000000
168.000000
174.000000
485.000000
244.000000
1898.000000
944.000000
356.000000
108.000000
551.000000
68.000000
1035.000000
132.000000
366.000000
902.000000
680.000000
733.000000
304.000000
64.000000
361.000000
1053.000000
322.000000
551.000000
486.000000
279.000000
288.000000
600.000000
176.000000
1362.000000
2270.000000
104.000000
613.000000
786.000000
432.000000
1319.000000
1173.000000
632.000000
520.000000
1058.000000
172.000000
1001.000000
717.000000
546.000000
2176.000000
203.000000
415.000000
262.000000
443.000000
255.000000
232.000000
740.000000
355.000000
87.000000
193.000000
985.000000
1465.000000
467.000000
433.000000
455.000000
193.000000
796.000000
1002.000000
1054.000000
360.000000
114.000000
1308.000000
330.000000
53.000000
492.000000
472.000000
2336.000000
2462.000000
181.000000
199.000000
716.000000
489.000000
250.000000
355.000000
502.000000
136.000000
357.000000
212.000000
827.000000
2682.000000
932.000000
525.000000
265.000000
204.000000
442.000000
197.000000
85.000000
26.000000
286.000000
1974.000000
134.000000
622.000000
439.000000
435.000000
592.000000
233.000000
253.000000
410.000000
395.000000
477.000000
270.000000
558.000000
386.000000
54.000000
407.000000
341.000000
314.000000
215.000000
397.000000
452.000000
8220.000000
948.000000
815.000000
506.000000
134.000000
172.000000
113.000000
395.000000
116.000000
63.000000
864.000000
192.000000
1122.000000
415.000000
136.000000
512.000000
163.000000
310.000000
812.000000
1192.000000
1488.000000
1196.000000
345.000000
488.000000
207.000000
92.000000
355.000000
762.000000
119.000000
1572.000000
248.000000
64.000000
749.000000
1277.000000
239.000000
289.000000
1037.000000
385.000000
1028.000000
247.000000
39.000000
154.000000
411.000000
689.000000
176.000000
226.000000
784.000000
758.000000
103.000000
1474.000000
196.000000
422.000000
140.000000
419.000000
612.000000
497.000000
262.000000
1605.000000
176.000000
815.000000
976.000000
212.000000
1524.000000
2103.000000
3405.000000
1702.000000
640.000000
218.000000
98.000000
250.000000
1743.000000
192.000000
429.000000
109.000000
318.000000
427.000000
351.000000
4731.000000
1125.000000
824.000000
219.000000
1108.000000
187.000000
880.000000
366.000000
205.000000
737.000000
1500.000000
228.000000
326.000000
295.000000
279.000000
2149.000000
699.000000
704.000000
112.000000
190.000000
393.000000
644.000000
2321.000000
157.000000
668.000000
759.000000
207.000000
421.000000
398.000000
426.000000
222.000000
199.000000
78.000000
473.000000
1179.000000
548.000000
715.000000
993.000000
568.000000
188.000000
126.000000
485.000000
18407.000000
275.000000
301.000000
293.000000
847.000000
111.000000
412.000000
89.000000
790.000000
21.000000
1656.000000
999.000000
378.000000
213.000000
66.000000
404.000000
598.000000
235.000000
738.000000
786.000000
285.000000
369.000000
401.000000
697.000000
1239.000000
529.000000
875.000000
575.000000
196.000000
280.000000
214.000000
880.000000
1175.000000
75.000000
84.000000
613.000000
1703.000000
345.000000
1450.000000
1640.000000
627.000000
316.000000
58.000000
2171.000000
552.000000
45.000000
2586.000000
561.000000
333.000000
827.000000
744.000000
208.000000
292.000000
286.000000
253.000000
56.000000
319.000000
2447.000000
1546.000000
307.000000
183.000000
1255.000000
106.000000
121.000000
750.000000
318.000000
169.000000
599.000000
153.000000
180.000000
1138.000000
609.000000
161.000000
94.000000
447.000000
574.000000
149.000000
314.000000
164.000000
254.000000
987.000000
471.000000
452.000000
674.000000
3148.000000
1171.000000
208.000000
442.000000
1488.000000
2928.000000
130.000000
418.000000
1351.000000
622.000000
2214.000000
496.000000
724.000000
555.000000
1898.000000
113.000000
258.000000
494.000000
750.000000
1194.000000
271.000000
47.000000
351.000000
748.000000
1396.000000
1040.000000
150.000000
208.000000
238.000000
1230.000000
585.000000
370.000000
719.000000
500.000000
48.000000
413.000000
384.000000
79.000000
653.000000
471.000000
384.000000
310.000000
91.000000
1541.000000
1223.000000
26.000000
278.000000
122.000000
215.000000
157.000000
444.000000
362.000000
3020.000000
523.000000
221.000000
