710.000000
620.000000
204.000000
886.000000
370.000000
150.000000
175.000000
1084.000000
737.000000
323.000000
321.000000
944.000000
334.000000
351.000000
565.000000
1856.000000
762.000000
88.000000
518.000000
648.000000
1588.000000
583.000000
433.000000
1450.000000
865.000000
325.000000
379.000000
339.000000
228.000000
319.000000
2072.000000
176.000000
262.000000
338.000000
417.000000
133.000000
141.000000
137.000000
118.000000
404.000000
249.000000
478.000000
275.000000
229.000000
429.000000
295.000000
466.000000
1390.000000
243.000000
263.000000
257.000000
396.000000
13.000000
918.000000
223.000000
245.000000
2585.000000
509.000000
77.000000
174.000000
571.000000
329.000000
306.000000
440.000000
284.000000
283.000000
82.000000
686.000000
500.000000
175.000000
1212.000000
2493.000000
628.000000
588.000000
1226.000000
524.000000
157.000000
49.000000
1167.000000
2175.000000
127.000000
233.000000
134.000000
242.000000
328.000000
403.000000
274.000000
46.000000
1149.000000
1691.000000
59.000000
413.000000
709.000000
380.000000
90.000000
946.000000
3961.000000
2989.000000
513.000000
229.000000
157.000000
1154.000000
228.000000
195.000000
1430.000000
341.000000
4482.000000
468.000000
504.000000
1347.000000
505.000000
1371.000000
537.000000
15420.000000
921.000000
259.000000
401.000000
136.000000
126.000000
299.000000
212.000000
572.000000
557.000000
229.000000
379.000000
86.000000
293.000000
2024.000000
1201.000000
197.000000
256.000000
745.000000
1980.000000
2399.000000
198.000000
103.000000
223.000000
457.000000
197.000000
656.000000
1386.000000
97.000000
224.000000
680.000000
188.000000
63.000000
422.000000
351.000000
3024.000000
1088.000000
551.000000
672.000000
1672.000000
249.000000
82.000000
711.000000
487.000000
258.000000
1131.000000
264.000000
764.000000
265.000000
87.000000
408.000000
374.000000
254.000000
1226.000000
672.000000
768.000000
430.000000
893.000000
927.000000
4617.000000
192.000000
414.000000
1252.000000
114.000000
90.000000
484.000000
82.000000
238.000000
346.000000
78.000000
1612.000000
531.000000
1013.000000
1157.000000
407.000000
1177.000000
430.000000
65.000000
1242.000000
145.000000
99.000000
388.000000
1615.000000
1747.000000
218.000000
187.000000
282.000000
249.000000
882.000000
95.000000
166.000000
998.000000
754.000000
745.000000
1352.000000
2408.000000
1420.000000
847.000000
232.000000
214.000000
36.000000
1409.000000
428.000000
224.000000
355.000000
1331.000000
489.000000
335.000000
279.000000
632.000000
1210.000000
701.000000
162.000000
510.000000
350.000000
464.000000
57.000000
398.000000
1289.000000
153.000000
150.000000
695.000000
286.000000
168.000000
353.000000
322.000000
162.000000
105.000000
192.000000
2166.000000
961.000000
461.000000
435.000000
110.000000
130.000000
44.000000
409.000000
2876.000000
374.000000
418.000000
207.000000
1189.000000
54.000000
348.000000
612.000000
500.000000
4814.000000
172.000000
620.000000
183.000000
302.000000
2169.000000
1259.000000
3161.000000
332.000000
959.000000
287.000000
242.000000
1534.000000
501.000000
2646.000000
515.000000
424.000000
224.000000
723.000000
455.000000
415.000000
941.000000
2419.000000
276.000000
1210.000000
183.000000
448.000000
153.000000
1524.000000
593.000000
174.000000
150.000000
190.000000
758.000000
742.000000
1066.000000
467.000000
392.000000
2752.000000
385.000000
195.000000
210.000000
231.000000
129.000000
221.000000
1213.000000
361.000000
101.000000
37.000000
501.000000
1248.000000
171.000000
1965.000000
107.000000
225.000000
315.000000
228.000000
273.000000
258.000000
1023.000000
150.000000
462.000000
349.000000
428.000000
256.000000
3983.000000
1074.000000
907.000000
172.000000
2378.000000
1110.000000
153.000000
331.000000
19.000000
739.000000
689.000000
1412.000000
62.000000
219.000000
601.000000
189.000000
243.000000
150.000000
79.000000
1521.000000
277.000000
470.000000
460.000000
299.000000
270.000000
150.000000
113.000000
180.000000
145.000000
1372.000000
778.000000
1112.000000
106.000000
212.000000
820.000000
52.000000
8.000000
376.000000
46.000000
2420.000000
5040.000000
240.000000
314.000000
481.000000
211.000000
563.000000
124.000000
2222.000000
879.000000
226.000000
128.000000
157.000000
5475.000000
323.000000
221.000000
602.000000
71.000000
59.000000
191.000000
961.000000
1184.000000
166.000000
121.000000
180.000000
95.000000
488.000000
760.000000
1127.000000
861.000000
655.000000
474.000000
104.000000
431.000000
352.000000
128.000000
701.000000
453.000000
459.000000
30.000000
588.000000
1342.000000
308.000000
224.000000
409.000000
939.000000
243.000000
311.000000
780.000000
854.000000
806.000000
656.000000
372.000000
724.000000
142.000000
307.000000
160.000000
800.000000
677.000000
1010.000000
160.000000
3393.000000
311.000000
225.000000
448.000000
279.000000
828.000000
627.000000
382.000000
783.000000
697.000000
1067.000000
781.000000
1515.000000
401.000000
423.000000
145.000000
828.000000
321.000000
334.000000
361.000000
127.000000
161.000000
146.000000
823.000000
647.000000
229.000000
52.000000
196.000000
915.000000
143.000000
126.000000
280.000000
666.000000
450.000000
1263.000000
106.000000
375.000000
146.000000
312.000000
625.000000
365.000000
95.000000
1143.000000
84.000000
1822.000000
943.000000
515.000000
290.000000
345.000000
2441.000000
248.000000
1540.000000
322.000000
463.000000
89.000000
178.000000
192.000000
296.000000
449.000000
1150.000000
165.000000
387.000000
146.000000
51.000000
570.000000
75.000000
488.000000
306.000000
672.000000
2251.000000
935.000000
108.000000
201.000000
325.000000
1278.000000
684.000000
2110.000000
1280.000000
896.000000
1526.000000
117.000000
242.000000
1058.000000
49.000000
300.000000
859.000000
356.000000
1427.000000
558.000000
76.000000
117.000000
239.000000
439.000000
152.000000
38.000000
2016.000000
298.000000
450.000000
768.000000
261.000000
219.000000
136.000000
315.000000
1533.000000
224.000000
1663.000000
206.000000
244.000000
770.000000
218.000000
1272.000000
253.000000
259.000000
276.000000
1159.000000
594.000000
666.000000
103.000000
110.000000
341.000000
516.000000
1417.000000
267.000000
1599.000000
251.000000
331.000000
39.000000
661.000000
531.000000
656.000000
1196.000000
697.000000
232.000000
592.000000
454.000000
125.000000
454.000000
761.000000
477.000000
213.000000
22.000000
697.000000
618.000000
328.000000
287.000000
1544.000000
314.000000
641.000000
261.000000
161.000000
495.000000
244.000000
813.000000
75.000000
1628.000000
290.000000
1023.000000
263.000000
291.000000
2099.000000
604.000000
658.000000
712.000000
229.000000
128.000000
672.000000
980.000000
413.000000
682.000000
72.000000
507.000000
111.000000
4795.000000
251.000000
118.000000
93.000000
522.000000
176.000000
504.000000
1134.000000
205.000000
168.000000
1320.000000
123.000000
1018.000000
437.000000
963.000000
259.000000
443.000000
301.000000
2296.000000
98.000000
71.000000
523.000000
2888.000000
326.000000
944.000000
811.000000
365.000000
327.000000
182.000000
158.000000
128.000000
305.000000
478.000000
68.000000
1321.000000
343.000000
309.000000
40.000000
949.000000
105.000000
573.000000
2074.000000
145.000000
155.000000
712.000000
800.000000
190.000000
458.000000
586.000000
3563.000000
83.000000
1026.000000
5752.000000
303.000000
314.000000
1737.000000
342.000000
341.000000
1052.000000
469.000000
234.000000
1648.000000
1005.000000
128.000000
1936.000000
780.000000
838.000000
1074.000000
1649.000000
211.000000
172.000000
1842.000000
358.000000
3346.000000
433.000000
187.000000
51.000000
193.000000
1110.000000
730.000000
964.000000
952.000000
1540.000000
1039.000000
422.000000
227.000000
374.000000
2667.000000
462.000000
415.000000
176.000000
608.000000
472.000000
775.000000
293.000000
225.000000
353.000000
174.000000
1213.000000
1342.000000
59.000000
319.000000
873.000000
680.000000
144.000000
246.000000
373.000000
1705.000000
887.000000
401.000000
100.000000
926.000000
870.000000
965.000000
1032.000000
724.000000
678.000000
695.000000
2260.000000
301.000000
157.000000
430.000000
195.000000
374.000000
772.000000
418.000000
427.000000
663.000000
453.000000
162.000000
818.000000
526.000000
2511.000000
162.000000
3446.000000
189.000000
895.000000
425.000000
222.000000
339.000000
185.000000
757.000000
686.000000
810.000000
947.000000
76.000000
368.000000
1306.000000
119.000000
741.000000
716.000000
848.000000
76.000000
659.000000
164.000000
253.000000
370.000000
342.000000
96.000000
10213.000000
474.000000
531.000000
679.000000
662.000000
2131.000000
129.000000
3429.000000
4014.000000
111.000000
48.000000
135.000000
52.000000
527.000000
256.000000
634.000000
137.000000
298.000000
850.000000
420.000000
103.000000
165.000000
473.000000
1554.000000
238.000000
115.000000
347.000000
69.000000
664.000000
131.000000
66.000000
222.000000
2350.000000
791.000000
266.000000
381.000000
358.000000
2592.000000
1286.000000
2454.000000
1992.000000
1262.000000
272.000000
133.000000
567.000000
261.000000
174.000000
187.000000
262.000000
1449.000000
348.000000
341.000000
197.000000
134.000000
369.000000
436.000000
151.000000
52.000000
381.000000
96.000000
2588.000000
2551.000000
531.000000
250.000000
658.000000
74.000000
777.000000
338.000000
237.000000
188.000000
83.000000
981.000000
58.000000
1111.000000
310.000000
212.000000
1600.000000
138.000000
973.000000
228.000000
335.000000
832.000000
173.000000
485.000000
290.000000
2813.000000
140.000000
131.000000
1125.000000
1448.000000
192.000000
116.000000
239.000000
310.000000
97.000000
368.000000
134.000000
954.000000
65.000000
698.000000
500.000000
290.000000
510.000000
203.000000
158.000000
1052.000000
320.000000
472.000000
408.000000
317.000000
334.000000
4581.000000
232.000000
81.000000
473.000000
147.000000
186.000000
363.000000
1381.000000
473.000000
383.000000
882.000000
542.000000
174.000000
140.000000
949.000000
149.000000
108.000000
1883.000000
94.000000
333.000000
289.000000
153.000000
870.000000
320.000000
834.000000
232.000000
390.000000
742.000000
98.000000
1071.000000
905.000000
334.000000
452.000000
590.000000
493.000000
333.000000
542.000000
320.000000
784.000000
342.000000
1112.000000
226.000000
587.000000
117.000000
48.000000
172.000000
350.000000
106.000000
48.000000
601.000000
153.000000
1057.000000
226.000000
495.000000
980.000000
513.000000
485.000000
102.000000
166.000000
169.000000
797.000000
422.000000
390.000000
1377.000000
411.000000
1544.000000
635.000000
1155.000000
1017.000000
220.000000
54.000000
623.000000
2616.000000
145.000000
64.000000
131.000000
461.000000
152.000000
586.000000
446.000000
1014.000000
615.000000
108.000000
196.000000
395.000000
2854.000000
600.000000
1993.000000
488.000000
245.000000
2684.000000
119.000000
183.000000
452.000000
154.000000
2600.000000
814.000000
329.000000
540.000000
4248.000000
8.000000
140.000000
945.000000
184.000000
56.000000
166.000000
282.000000
345.000000
911.000000
305.000000
781.000000
547.000000
1417.000000
326.000000
650.000000
391.000000
1083.000000
620.000000
314.000000
278.000000
1130.000000
204.000000
410.000000
664.000000
142.000000
59.000000
25.000000
324.000000
980.000000
224.000000
307.000000
29.000000
184.000000
362.000000
