4070.000000
131.000000
141.000000
383.000000
132.000000
180.000000
170.000000
1471.000000
332.000000
410.000000
187.000000
1351.000000
662.000000
279.000000
1715.000000
399.000000
702.000000
419.000000
320.000000
35.000000
222.000000
741.000000
805.000000
1563.000000
152.000000
216.000000
2048.000000
106.000000
145.000000
1152.000000
934.000000
250.000000
340.000000
688.000000
630.000000
1275.000000
316.000000
111.000000
217.000000
101.000000
999.000000
777.000000
500.000000
509.000000
760.000000
126.000000
760.000000
238.000000
725.000000
144.000000
148.000000
538.000000
129.000000
4043.000000
743.000000
195.000000
125.000000
158.000000
103.000000
473.000000
329.000000
903.000000
572.000000
700.000000
148.000000
289.000000
379.000000
3921.000000
226.000000
80.000000
268.000000
554.000000
253.000000
200.000000
287.000000
176.000000
587.000000
1968.000000
493.000000
57.000000
182.000000
398.000000
243.000000
523.000000
332.000000
293.000000
509.000000
923.000000
396.000000
284.000000
252.000000
571.000000
479.000000
980.000000
718.000000
371.000000
561.000000
673.000000
409.000000
261.000000
173.000000
333.000000
133.000000
160.000000
1547.000000
319.000000
419.000000
540.000000
202.000000
1472.000000
371.000000
265.000000
351.000000
597.000000
350.000000
415.000000
1451.000000
338.000000
668.000000
396.000000
1136.000000
312.000000
1214.000000
589.000000
451.000000
88.000000
305.000000
662.000000
183.000000
335.000000
464.000000
1227.000000
249.000000
1058.000000
62.000000
361.000000
384.000000
97.000000
121.000000
4047.000000
288.000000
176.000000
119.000000
2580.000000
292.000000
1059.000000
73.000000
350.000000
493.000000
630.000000
377.000000
553.000000
1342.000000
531.000000
263.000000
472.000000
520.000000
223.000000
1071.000000
313.000000
252.000000
135.000000
1494.000000
164.000000
100.000000
506.000000
94.000000
210.000000
67.000000
248.000000
585.000000
163.000000
450.000000
239.000000
345.000000
1207.000000
595.000000
374.000000
1160.000000
258.000000
64.000000
2498.000000
798.000000
32.000000
430.000000
780.000000
697.000000
738.000000
433.000000
138.000000
317.000000
957.000000
1000.000000
87.000000
542.000000
775.000000
373.000000
1819.000000
117.000000
302.000000
909.000000
95.000000
1447.000000
140.000000
138.000000
847.000000
1178.000000
1275.000000
401.000000
822.000000
1075.000000
950.000000
598.000000
214.000000
1278.000000
863.000000
2648.000000
594.000000
397.000000
451.000000
373.000000
105.000000
206.000000
493.000000
396.000000
484.000000
2414.000000
245.000000
829.000000
298.000000
658.000000
402.000000
11.000000
1997.000000
720.000000
519.000000
121.000000
287.000000
238.000000
497.000000
966.000000
276.000000
443.000000
601.000000
1352.000000
769.000000
67.000000
2299.000000
342.000000
201.000000
72.000000
1231.000000
685.000000
409.000000
470.000000
1039.000000
121.000000
743.000000
1053.000000
695.000000
276.000000
1057.000000
176.000000
277.000000
482.000000
106.000000
138.000000
1641.000000
568.000000
438.000000
218.000000
731.000000
311.000000
261.000000
199.000000
801.000000
855.000000
261.000000
158.000000
279.000000
429.000000
1224.000000
339.000000
227.000000
447.000000
129.000000
787.000000
173.000000
477.000000
345.000000
1672.000000
1187.000000
254.000000
567.000000
623.000000
3258.000000
235.000000
183.000000
448.000000
718.000000
282.000000
765.000000
605.000000
502.000000
679.000000
762.000000
179.000000
209.000000
59.000000
203.000000
422.000000
92.000000
426.000000
3199.000000
292.000000
153.000000
41.000000
202.000000
461.000000
399.000000
134.000000
129.000000
1163.000000
998.000000
627.000000
334.000000
24.000000
1541.000000
230.000000
472.000000
251.000000
809.000000
801.000000
1203.000000
676.000000
324.000000
310.000000
243.000000
756.000000
238.000000
779.000000
514.000000
74.000000
86.000000
594.000000
359.000000
1277.000000
206.000000
152.000000
867.000000
687.000000
162.000000
174.000000
308.000000
750.000000
746.000000
617.000000
1285.000000
211.000000
892.000000
824.000000
161.000000
529.000000
115.000000
226.000000
131.000000
315.000000
524.000000
193.000000
101.000000
1077.000000
679.000000
281.000000
689.000000
1138.000000
219.000000
395.000000
2272.000000
515.000000
95.000000
697.000000
491.000000
222.000000
48.000000
137.000000
292.000000
382.000000
348.000000
131.000000
2847.000000
1368.000000
396.000000
515.000000
206.000000
1731.000000
1583.000000
72.000000
832.000000
243.000000
381.000000
445.000000
137.000000
162.000000
2535.000000
93.000000
109.000000
34.000000
198.000000
8411.000000
323.000000
901.000000
413.000000
515.000000
1085.000000
1300.000000
371.000000
1432.000000
100.000000
202.000000
803.000000
1737.000000
269.000000
121.000000
1283.000000
397.000000
661.000000
926.000000
130.000000
1890.000000
127.000000
849.000000
343.000000
457.000000
147.000000
787.000000
552.000000
198.000000
204.000000
427.000000
60.000000
420.000000
72.000000
178.000000
307.000000
2607.000000
509.000000
375.000000
186.000000
370.000000
1686.000000
1634.000000
96.000000
252.000000
1013.000000
245.000000
46.000000
121.000000
1002.000000
1591.000000
225.000000
1006.000000
329.000000
1562.000000
63.000000
148.000000
310.000000
282.000000
170.000000
1501.000000
293.000000
781.000000
400.000000
532.000000
661.000000
136.000000
160.000000
548.000000
896.000000
55.000000
121.000000
169.000000
53.000000
374.000000
165.000000
2030.000000
48.000000
1091.000000
442.000000
563.000000
166.000000
775.000000
494.000000
358.000000
95.000000
495.000000
480.000000
245.000000
845.000000
755.000000
3299.000000
228.000000
508.000000
102.000000
600.000000
293.000000
532.000000
788.000000
218.000000
308.000000
2351.000000
412.000000
236.000000
1022.000000
38.000000
2509.000000
113.000000
220.000000
113.000000
130.000000
205.000000
712.000000
255.000000
553.000000
335.000000
1089.000000
255.000000
436.000000
2696.000000
790.000000
600.000000
164.000000
572.000000
547.000000
352.000000
135.000000
693.000000
233.000000
258.000000
744.000000
846.000000
344.000000
388.000000
331.000000
578.000000
65.000000
253.000000
218.000000
385.000000
918.000000
66.000000
112.000000
723.000000
455.000000
378.000000
1118.000000
576.000000
533.000000
922.000000
468.000000
469.000000
229.000000
207.000000
324.000000
207.000000
380.000000
173.000000
230.000000
919.000000
367.000000
612.000000
168.000000
324.000000
311.000000
377.000000
255.000000
150.000000
160.000000
74.000000
565.000000
185.000000
141.000000
157.000000
833.000000
55.000000
209.000000
1153.000000
1146.000000
1705.000000
796.000000
563.000000
406.000000
159.000000
381.000000
69.000000
174.000000
686.000000
377.000000
255.000000
56.000000
1646.000000
201.000000
295.000000
523.000000
1762.000000
575.000000
115.000000
340.000000
2806.000000
767.000000
833.000000
564.000000
593.000000
1276.000000
402.000000
91.000000
209.000000
98.000000
207.000000
257.000000
183.000000
65.000000
535.000000
420.000000
318.000000
3671.000000
786.000000
77.000000
863.000000
642.000000
640.000000
591.000000
511.000000
89.000000
544.000000
239.000000
2531.000000
135.000000
931.000000
413.000000
387.000000
431.000000
217.000000
138.000000
792.000000
1429.000000
98.000000
312.000000
417.000000
119.000000
281.000000
613.000000
808.000000
734.000000
577.000000
161.000000
1124.000000
2346.000000
1069.000000
653.000000
450.000000
295.000000
97.000000
931.000000
398.000000
1233.000000
469.000000
252.000000
564.000000
364.000000
322.000000
191.000000
1349.000000
1504.000000
1062.000000
279.000000
137.000000
391.000000
519.000000
808.000000
835.000000
1755.000000
253.000000
318.000000
565.000000
781.000000
123.000000
229.000000
518.000000
663.000000
1114.000000
120.000000
501.000000
117.000000
718.000000
221.000000
92.000000
156.000000
72.000000
195.000000
808.000000
160.000000
543.000000
132.000000
604.000000
962.000000
578.000000
629.000000
204.000000
506.000000
3056.000000
133.000000
578.000000
1337.000000
90.000000
852.000000
294.000000
1591.000000
187.000000
189.000000
703.000000
198.000000
1148.000000
1560.000000
1088.000000
235.000000
66.000000
122.000000
1270.000000
141.000000
538.000000
173.000000
243.000000
2835.000000
114.000000
109.000000
387.000000
728.000000
936.000000
104.000000
230.000000
103.000000
841.000000
263.000000
603.000000
469.000000
226.000000
2482.000000
1246.000000
659.000000
475.000000
736.000000
724.000000
162.000000
345.000000
592.000000
397.000000
972.000000
425.000000
748.000000
56.000000
3431.000000
102.000000
157.000000
132.000000
266.000000
543.000000
1018.000000
402.000000
2921.000000
612.000000
237.000000
276.000000
505.000000
934.000000
102.000000
276.000000
139.000000
133.000000
779.000000
143.000000
192.000000
240.000000
474.000000
647.000000
1069.000000
1394.000000
1041.000000
902.000000
359.000000
29.000000
322.000000
222.000000
412.000000
178.000000
1266.000000
267.000000
443.000000
267.000000
249.000000
734.000000
25.000000
547.000000
2962.000000
1621.000000
499.000000
90.000000
151.000000
634.000000
194.000000
1613.000000
82.000000
2729.000000
120.000000
687.000000
106.000000
104.000000
593.000000
561.000000
1428.000000
424.000000
120.000000
106.000000
453.000000
600.000000
315.000000
288.000000
204.000000
331.000000
94.000000
326.000000
235.000000
250.000000
536.000000
101.000000
245.000000
532.000000
391.000000
247.000000
212.000000
203.000000
77.000000
92.000000
288.000000
2406.000000
1089.000000
218.000000
1612.000000
615.000000
554.000000
301.000000
269.000000
566.000000
405.000000
1030.000000
137.000000
605.000000
65.000000
659.000000
1001.000000
875.000000
237.000000
100.000000
1172.000000
843.000000
286.000000
171.000000
546.000000
287.000000
269.000000
279.000000
129.000000
312.000000
590.000000
228.000000
91.000000
227.000000
326.000000
544.000000
207.000000
189.000000
111.000000
604.000000
812.000000
452.000000
558.000000
676.000000
377.000000
226.000000
237.000000
473.000000
1002.000000
422.000000
68.000000
458.000000
2820.000000
1188.000000
37.000000
136.000000
354.000000
2354.000000
305.000000
1853.000000
101.000000
443.000000
935.000000
152.000000
550.000000
452.000000
271.000000
719.000000
609.000000
2034.000000
481.000000
2659.000000
337.000000
525.000000
1337.000000
675.000000
891.000000
61.000000
159.000000
277.000000
60.000000
856.000000
732.000000
203.000000
946.000000
266.000000
99.000000
36.000000
697.000000
571.000000
639.000000
1358.000000
205.000000
884.000000
1241.000000
2467.000000
451.000000
141.000000
1781.000000
75.000000
370.000000
1951.000000
492.000000
763.000000
2344.000000
182.000000
659.000000
154.000000
184.000000
294.000000
459.000000
442.000000
485.000000
791.000000
103.000000
761.000000
641.000000
639.000000
1063.000000
864.000000
113.000000
1069.000000
146.000000
627.000000
609.000000
86.000000
228.000000
853.000000
137.000000
693.000000
914.000000
315.000000
92.000000
540.000000
1012.000000
426.000000
578.000000
1139.000000
549.000000
421.000000
5165.000000
1183.000000
185.000000
418.000000
1454.000000
1646.000000
825.000000
180.000000
2177.000000
479.000000
279.000000
552.000000
254.000000
223.000000
838.000000
305.000000
39.000000
146.000000
