317.000000
322.000000
2310.000000
210.000000
367.000000
499.000000
469.000000
1012.000000
662.000000
174.000000
716.000000
221.000000
371.000000
77.000000
176.000000
518.000000
1214.000000
1903.000000
364.000000
453.000000
54.000000
148.000000
450.000000
446.000000
178.000000
230.000000
422.000000
557.000000
1835.000000
218.000000
2335.000000
868.000000
1545.000000
210.000000
114.000000
2178.000000
88.000000
490.000000
100.000000
734.000000
888.000000
953.000000
552.000000
61.000000
1266.000000
71.000000
300.000000
463.000000
799.000000
268.000000
204.000000
958.000000
563.000000
840.000000
173.000000
403.000000
184.000000
100.000000
772.000000
1231.000000
304.000000
311.000000
462.000000
293.000000
110.000000
65.000000
162.000000
411.000000
947.000000
1556.000000
769.000000
600.000000
404.000000
1569.000000
118.000000
158.000000
123.000000
308.000000
555.000000
163.000000
188.000000
2180.000000
200.000000
454.000000
612.000000
2110.000000
149.000000
805.000000
371.000000
133.000000
223.000000
470.000000
73.000000
192.000000
1636.000000
128.000000
3711.000000
730.000000
225.000000
252.000000
116.000000
131.000000
256.000000
207.000000
662.000000
1754.000000
118.000000
239.000000
45.000000
86.000000
173.000000
64.000000
118.000000
24.000000
1173.000000
252.000000
105.000000
1149.000000
249.000000
763.000000
853.000000
141.000000
1658.000000
279.000000
1011.000000
159.000000
828.000000
453.000000
337.000000
574.000000
485.000000
71.000000
4463.000000
1212.000000
88.000000
103.000000
493.000000
624.000000
486.000000
831.000000
1043.000000
441.000000
600.000000
73.000000
690.000000
41.000000
211.000000
336.000000
4624.000000
1553.000000
479.000000
69.000000
93.000000
508.000000
855.000000
85.000000
390.000000
380.000000
1390.000000
383.000000
844.000000
420.000000
638.000000
122.000000
645.000000
584.000000
2452.000000
143.000000
352.000000
491.000000
177.000000
169.000000
598.000000
690.000000
509.000000
1112.000000
142.000000
1066.000000
168.000000
468.000000
212.000000
73.000000
740.000000
3361.000000
2217.000000
305.000000
657.000000
1617.000000
249.000000
181.000000
79.000000
523.000000
88.000000
1553.000000
320.000000
1245.000000
345.000000
1986.000000
237.000000
1440.000000
684.000000
1050.000000
190.000000
551.000000
640.000000
290.000000
525.000000
1669.000000
1140.000000
1196.000000
319.000000
1140.000000
530.000000
403.000000
171.000000
1151.000000
2751.000000
251.000000
150.000000
890.000000
174.000000
735.000000
411.000000
137.000000
237.000000
694.000000
1163.000000
1862.000000
114.000000
401.000000
59.000000
161.000000
75.000000
669.000000
2586.000000
391.000000
141.000000
259.000000
66.000000
295.000000
377.000000
1131.000000
203.000000
52.000000
477.000000
197.000000
417.000000
178.000000
2190.000000
48.000000
560.000000
558.000000
248.000000
1431.000000
1195.000000
769.000000
74.000000
3833.000000
128.000000
1086.000000
786.000000
621.000000
417.000000
240.000000
733.000000
423.000000
289.000000
394.000000
190.000000
1141.000000
124.000000
621.000000
118.000000
78.000000
864.000000
1131.000000
252.000000
132.000000
718.000000
164.000000
574.000000
128.000000
1375.000000
423.000000
755.000000
225.000000
145.000000
1588.000000
189.000000
481.000000
685.000000
3451.000000
263.000000
201.000000
188.000000
739.000000
171.000000
250.000000
486.000000
199.000000
171.000000
19.000000
386.000000
617.000000
255.000000
429.000000
383.000000
649.000000
699.000000
83.000000
573.000000
108.000000
55.000000
643.000000
510.000000
260.000000
124.000000
225.000000
667.000000
267.000000
231.000000
220.000000
553.000000
72.000000
637.000000
325.000000
227.000000
209.000000
1076.000000
1376.000000
173.000000
656.000000
33.000000
331.000000
3758.000000
178.000000
3513.000000
320.000000
1780.000000
445.000000
2749.000000
190.000000
993.000000
619.000000
863.000000
762.000000
933.000000
354.000000
290.000000
709.000000
170.000000
1014.000000
276.000000
122.000000
172.000000
471.000000
418.000000
220.000000
509.000000
353.000000
630.000000
84.000000
51.000000
740.000000
504.000000
1159.000000
395.000000
636.000000
276.000000
743.000000
2767.000000
1688.000000
1416.000000
71.000000
23.000000
1875.000000
902.000000
7954.000000
337.000000
549.000000
412.000000
824.000000
2984.000000
439.000000
325.000000
433.000000
155.000000
316.000000
446.000000
233.000000
207.000000
99.000000
745.000000
648.000000
230.000000
2516.000000
1595.000000
191.000000
711.000000
401.000000
289.000000
312.000000
90.000000
1100.000000
357.000000
159.000000
1184.000000
160.000000
196.000000
1116.000000
260.000000
264.000000
79.000000
93.000000
223.000000
415.000000
662.000000
3422.000000
1568.000000
2111.000000
44.000000
149.000000
1810.000000
1194.000000
551.000000
203.000000
409.000000
4604.000000
224.000000
287.000000
646.000000
1994.000000
300.000000
271.000000
301.000000
66.000000
359.000000
159.000000
2472.000000
73.000000
243.000000
335.000000
239.000000
263.000000
2315.000000
569.000000
323.000000
913.000000
1681.000000
164.000000
2395.000000
284.000000
133.000000
254.000000
1214.000000
211.000000
286.000000
88.000000
98.000000
1213.000000
2334.000000
526.000000
595.000000
114.000000
117.000000
96.000000
1055.000000
556.000000
377.000000
502.000000
1850.000000
2250.000000
239.000000
464.000000
905.000000
119.000000
166.000000
448.000000
1874.000000
369.000000
164.000000
1259.000000
297.000000
2805.000000
245.000000
109.000000
139.000000
144.000000
276.000000
505.000000
730.000000
1373.000000
909.000000
1163.000000
209.000000
8459.000000
1040.000000
182.000000
101.000000
126.000000
1076.000000
920.000000
122.000000
3092.000000
4942.000000
1082.000000
2346.000000
69.000000
1636.000000
102.000000
1040.000000
307.000000
1774.000000
128.000000
359.000000
638.000000
1791.000000
1056.000000
93.000000
49.000000
227.000000
494.000000
849.000000
603.000000
264.000000
812.000000
185.000000
2364.000000
209.000000
466.000000
3220.000000
3283.000000
688.000000
1104.000000
430.000000
692.000000
366.000000
175.000000
548.000000
176.000000
504.000000
187.000000
655.000000
531.000000
220.000000
351.000000
2973.000000
593.000000
91.000000
239.000000
453.000000
136.000000
212.000000
4379.000000
371.000000
68.000000
201.000000
431.000000
257.000000
653.000000
1998.000000
145.000000
892.000000
739.000000
672.000000
289.000000
381.000000
1367.000000
412.000000
438.000000
1261.000000
1775.000000
444.000000
446.000000
1657.000000
459.000000
939.000000
3597.000000
4309.000000
424.000000
646.000000
173.000000
331.000000
213.000000
214.000000
268.000000
1354.000000
285.000000
84.000000
104.000000
241.000000
795.000000
135.000000
438.000000
515.000000
846.000000
119.000000
1964.000000
158.000000
371.000000
551.000000
543.000000
1000.000000
422.000000
2619.000000
1931.000000
2080.000000
329.000000
287.000000
345.000000
62.000000
477.000000
590.000000
211.000000
339.000000
775.000000
175.000000
288.000000
110.000000
190.000000
348.000000
113.000000
2426.000000
435.000000
205.000000
155.000000
1404.000000
1754.000000
1458.000000
1742.000000
844.000000
105.000000
270.000000
244.000000
183.000000
65.000000
7574.000000
1415.000000
320.000000
329.000000
310.000000
206.000000
88.000000
236.000000
430.000000
307.000000
261.000000
541.000000
174.000000
126.000000
531.000000
202.000000
1213.000000
370.000000
4087.000000
786.000000
260.000000
584.000000
994.000000
2526.000000
223.000000
320.000000
868.000000
181.000000
284.000000
188.000000
339.000000
254.000000
374.000000
358.000000
1659.000000
145.000000
400.000000
315.000000
754.000000
905.000000
374.000000
317.000000
164.000000
136.000000
316.000000
191.000000
167.000000
574.000000
272.000000
589.000000
4570.000000
609.000000
157.000000
130.000000
498.000000
188.000000
384.000000
103.000000
2200.000000
222.000000
822.000000
475.000000
2119.000000
72.000000
52.000000
116.000000
841.000000
609.000000
2646.000000
779.000000
181.000000
157.000000
520.000000
1509.000000
611.000000
2125.000000
1118.000000
191.000000
1121.000000
1285.000000
213.000000
839.000000
159.000000
1992.000000
830.000000
208.000000
172.000000
461.000000
193.000000
150.000000
1029.000000
293.000000
206.000000
708.000000
175.000000
3011.000000
795.000000
546.000000
386.000000
274.000000
113.000000
2611.000000
368.000000
237.000000
689.000000
170.000000
3626.000000
511.000000
281.000000
800.000000
77.000000
1220.000000
1740.000000
1933.000000
98.000000
98.000000
531.000000
137.000000
135.000000
194.000000
1299.000000
1680.000000
358.000000
300.000000
581.000000
106.000000
264.000000
1296.000000
1505.000000
631.000000
302.000000
928.000000
80.000000
91.000000
217.000000
870.000000
1534.000000
392.000000
120.000000
64.000000
307.000000
675.000000
135.000000
673.000000
40.000000
236.000000
3274.000000
471.000000
595.000000
3230.000000
257.000000
871.000000
279.000000
168.000000
135.000000
235.000000
1838.000000
214.000000
806.000000
190.000000
456.000000
1694.000000
471.000000
159.000000
82.000000
286.000000
229.000000
307.000000
423.000000
104.000000
682.000000
1355.000000
277.000000
557.000000
316.000000
118.000000
1360.000000
836.000000
286.000000
1022.000000
856.000000
2571.000000
487.000000
292.000000
1611.000000
556.000000
301.000000
149.000000
312.000000
185.000000
242.000000
312.000000
1516.000000
1686.000000
354.000000
120.000000
506.000000
1380.000000
317.000000
647.000000
388.000000
510.000000
70.000000
344.000000
42.000000
84.000000
110.000000
171.000000
1246.000000
199.000000
41.000000
95.000000
108.000000
680.000000
187.000000
286.000000
94.000000
740.000000
662.000000
65.000000
540.000000
556.000000
235.000000
293.000000
3284.000000
397.000000
191.000000
600.000000
747.000000
555.000000
857.000000
1789.000000
2239.000000
136.000000
739.000000
283.000000
442.000000
233.000000
418.000000
182.000000
3328.000000
307.000000
497.000000
115.000000
3725.000000
336.000000
113.000000
588.000000
1507.000000
811.000000
741.000000
364.000000
136.000000
366.000000
375.000000
135.000000
221.000000
581.000000
181.000000
312.000000
1263.000000
366.000000
245.000000
117.000000
793.000000
438.000000
241.000000
1300.000000
30.000000
274.000000
358.000000
1684.000000
255.000000
324.000000
432.000000
153.000000
93.000000
90.000000
388.000000
2179.000000
639.000000
262.000000
254.000000
197.000000
235.000000
695.000000
1339.000000
368.000000
17.000000
308.000000
792.000000
740.000000
1914.000000
736.000000
883.000000
1684.000000
160.000000
2839.000000
698.000000
1784.000000
171.000000
165.000000
358.000000
522.000000
744.000000
49.000000
138.000000
33.000000
3486.000000
359.000000
699.000000
932.000000
1292.000000
438.000000
797.000000
267.000000
701.000000
99.000000
1206.000000
193.000000
396.000000
299.000000
622.000000
525.000000
12608.000000
73.000000
3233.000000
1284.000000
542.000000
476.000000
234.000000
247.000000
1227.000000
415.000000
684.000000
543.000000
799.000000
421.000000
822.000000
396.000000
300.000000
744.000000
160.000000
1781.000000
279.000000
401.000000
464.000000
50.000000
512.000000
376.000000
295.000000
104.000000
535.000000
1009.000000
262.000000
183.000000
319.000000
249.000000
1125.000000
321.000000
1022.000000
198.000000
72.000000
346.000000
