307.000000
468.000000
50.000000
1067.000000
159.000000
622.000000
924.000000
774.000000
263.000000
1006.000000
241.000000
2101.000000
281.000000
1576.000000
276.000000
1220.000000
43.000000
969.000000
185.000000
78.000000
341.000000
1112.000000
123.000000
98.000000
226.000000
402.000000
2164.000000
602.000000
218.000000
613.000000
124.000000
436.000000
981.000000
1122.000000
887.000000
481.000000
420.000000
212.000000
648.000000
116.000000
358.000000
68.000000
697.000000
276.000000
1586.000000
280.000000
287.000000
104.000000
1771.000000
436.000000
261.000000
249.000000
253.000000
805.000000
357.000000
924.000000
1438.000000
112.000000
213.000000
129.000000
62.000000
382.000000
192.000000
147.000000
378.000000
1277.000000
636.000000
349.000000
26.000000
753.000000
153.000000
165.000000
199.000000
568.000000
1257.000000
272.000000
83.000000
561.000000
76.000000
1973.000000
1808.000000
57.000000
246.000000
979.000000
588.000000
318.000000
527.000000
347.000000
184.000000
706.000000
126.000000
202.000000
54.000000
68.000000
946.000000
117.000000
816.000000
85.000000
259.000000
140.000000
364.000000
533.000000
3452.000000
574.000000
2787.000000
606.000000
338.000000
182.000000
380.000000
101.000000
1057.000000
1147.000000
2263.000000
777.000000
386.000000
673.000000
329.000000
224.000000
375.000000
634.000000
403.000000
621.000000
369.000000
1462.000000
125.000000
377.000000
178.000000
1052.000000
570.000000
538.000000
618.000000
494.000000
144.000000
177.000000
993.000000
422.000000
497.000000
277.000000
104.000000
536.000000
320.000000
1154.000000
358.000000
152.000000
2191.000000
237.000000
394.000000
233.000000
574.000000
113.000000
106.000000
559.000000
3685.000000
708.000000
770.000000
280.000000
300.000000
82.000000
42.000000
1345.000000
80.000000
1606.000000
228.000000
1289.000000
925.000000
466.000000
121.000000
838.000000
2781.000000
1054.000000
128.000000
71.000000
156.000000
127.000000
95.000000
2124.000000
123.000000
291.000000
1966.000000
2918.000000
304.000000
1420.000000
189.000000
252.000000
1871.000000
188.000000
115.000000
179.000000
305.000000
5856.000000
1939.000000
59.000000
159.000000
415.000000
1094.000000
243.000000
328.000000
475.000000
2078.000000
211.000000
545.000000
1922.000000
624.000000
274.000000
254.000000
846.000000
79.000000
263.000000
613.000000
1112.000000
279.000000
1370.000000
28.000000
1500.000000
164.000000
470.000000
437.000000
229.000000
646.000000
198.000000
1448.000000
1199.000000
755.000000
308.000000
57.000000
217.000000
310.000000
276.000000
536.000000
137.000000
396.000000
165.000000
232.000000
800.000000
611.000000
310.000000
147.000000
385.000000
50.000000
1698.000000
453.000000
1496.000000
254.000000
644.000000
1617.000000
156.000000
531.000000
125.000000
155.000000
1693.000000
109.000000
129.000000
139.000000
1517.000000
698.000000
598.000000
456.000000
368.000000
1743.000000
911.000000
274.000000
305.000000
564.000000
137.000000
258.000000
598.000000
2710.000000
1053.000000
401.000000
31.000000
4667.000000
950.000000
388.000000
869.000000
1873.000000
308.000000
1343.000000
616.000000
97.000000
145.000000
527.000000
177.000000
318.000000
481.000000
264.000000
332.000000
129.000000
143.000000
277.000000
227.000000
239.000000
57.000000
581.000000
257.000000
782.000000
187.000000
472.000000
432.000000
401.000000
2072.000000
179.000000
232.000000
366.000000
825.000000
152.000000
503.000000
715.000000
379.000000
484.000000
3464.000000
100.000000
414.000000
387.000000
496.000000
689.000000
139.000000
647.000000
325.000000
213.000000
87.000000
559.000000
77.000000
100.000000
499.000000
773.000000
256.000000
608.000000
718.000000
118.000000
69.000000
41.000000
587.000000
310.000000
783.000000
471.000000
183.000000
70.000000
1660.000000
200.000000
1786.000000
471.000000
415.000000
435.000000
411.000000
138.000000
343.000000
908.000000
719.000000
195.000000
752.000000
47.000000
2236.000000
277.000000
808.000000
104.000000
1492.000000
2223.000000
400.000000
2140.000000
218.000000
184.000000
672.000000
359.000000
472.000000
1896.000000
319.000000
2974.000000
432.000000
721.000000
65.000000
960.000000
521.000000
335.000000
266.000000
989.000000
123.000000
548.000000
392.000000
226.000000
238.000000
627.000000
288.000000
393.000000
162.000000
170.000000
523.000000
722.000000
326.000000
249.000000
637.000000
124.000000
485.000000
478.000000
212.000000
446.000000
1874.000000
3908.000000
93.000000
117.000000
65.000000
3020.000000
528.000000
810.000000
1754.000000
3855.000000
387.000000
2290.000000
147.000000
172.000000
138.000000
200.000000
369.000000
1482.000000
442.000000
350.000000
406.000000
10.000000
137.000000
316.000000
194.000000
147.000000
624.000000
312.000000
322.000000
58.000000
600.000000
185.000000
216.000000
681.000000
1155.000000
494.000000
156.000000
885.000000
859.000000
177.000000
105.000000
223.000000
79.000000
388.000000
470.000000
1865.000000
342.000000
291.000000
357.000000
250.000000
331.000000
1629.000000
267.000000
529.000000
2625.000000
2251.000000
81.000000
893.000000
711.000000
420.000000
216.000000
1506.000000
440.000000
419.000000
114.000000
138.000000
419.000000
420.000000
87.000000
451.000000
172.000000
503.000000
2437.000000
78.000000
146.000000
48.000000
185.000000
120.000000
436.000000
4427.000000
614.000000
93.000000
506.000000
1277.000000
244.000000
4048.000000
3205.000000
112.000000
160.000000
134.000000
232.000000
577.000000
140.000000
185.000000
731.000000
3045.000000
167.000000
108.000000
1246.000000
1033.000000
1299.000000
79.000000
104.000000
54.000000
650.000000
1114.000000
892.000000
148.000000
143.000000
1027.000000
112.000000
239.000000
269.000000
155.000000
182.000000
2414.000000
634.000000
183.000000
282.000000
747.000000
166.000000
572.000000
368.000000
467.000000
566.000000
488.000000
2687.000000
177.000000
1608.000000
505.000000
411.000000
188.000000
120.000000
472.000000
58.000000
67.000000
1103.000000
1407.000000
180.000000
116.000000
932.000000
65.000000
95.000000
304.000000
163.000000
177.000000
3077.000000
226.000000
75.000000
90.000000
237.000000
398.000000
226.000000
82.000000
758.000000
58.000000
67.000000
96.000000
407.000000
723.000000
164.000000
505.000000
741.000000
3596.000000
1306.000000
165.000000
539.000000
370.000000
615.000000
711.000000
283.000000
194.000000
1836.000000
1539.000000
96.000000
77.000000
94.000000
648.000000
833.000000
64.000000
493.000000
173.000000
373.000000
165.000000
717.000000
648.000000
261.000000
223.000000
564.000000
460.000000
1660.000000
418.000000
430.000000
2286.000000
337.000000
907.000000
365.000000
125.000000
465.000000
620.000000
162.000000
988.000000
640.000000
425.000000
227.000000
245.000000
914.000000
759.000000
462.000000
145.000000
559.000000
245.000000
2612.000000
301.000000
419.000000
1075.000000
1054.000000
154.000000
265.000000
78.000000
327.000000
135.000000
305.000000
1366.000000
618.000000
307.000000
896.000000
107.000000
146.000000
1939.000000
99.000000
445.000000
1184.000000
399.000000
596.000000
136.000000
63.000000
2799.000000
463.000000
151.000000
202.000000
216.000000
2118.000000
277.000000
709.000000
129.000000
495.000000
1402.000000
202.000000
393.000000
203.000000
872.000000
3410.000000
263.000000
335.000000
1564.000000
204.000000
294.000000
703.000000
3580.000000
1820.000000
67.000000
467.000000
61.000000
1388.000000
1958.000000
383.000000
267.000000
322.000000
1069.000000
149.000000
3358.000000
151.000000
8917.000000
288.000000
2872.000000
177.000000
241.000000
165.000000
224.000000
261.000000
303.000000
230.000000
602.000000
61.000000
495.000000
484.000000
284.000000
265.000000
750.000000
156.000000
2395.000000
898.000000
267.000000
355.000000
3372.000000
703.000000
1263.000000
229.000000
133.000000
463.000000
284.000000
3233.000000
484.000000
154.000000
899.000000
173.000000
483.000000
2991.000000
158.000000
4030.000000
506.000000
287.000000
88.000000
162.000000
728.000000
1072.000000
12109.000000
95.000000
198.000000
1970.000000
232.000000
310.000000
1671.000000
932.000000
603.000000
380.000000
775.000000
1465.000000
259.000000
464.000000
970.000000
876.000000
681.000000
1015.000000
158.000000
302.000000
1839.000000
1080.000000
101.000000
85.000000
875.000000
743.000000
224.000000
774.000000
159.000000
1571.000000
659.000000
447.000000
67.000000
445.000000
1162.000000
86.000000
900.000000
236.000000
652.000000
331.000000
297.000000
81.000000
885.000000
445.000000
1070.000000
268.000000
135.000000
873.000000
74.000000
55.000000
735.000000
453.000000
1050.000000
89.000000
500.000000
176.000000
114.000000
456.000000
524.000000
88.000000
6027.000000
356.000000
236.000000
247.000000
1881.000000
651.000000
486.000000
44.000000
314.000000
197.000000
666.000000
364.000000
69.000000
416.000000
417.000000
119.000000
1702.000000
733.000000
428.000000
468.000000
776.000000
1306.000000
100.000000
876.000000
208.000000
598.000000
2033.000000
97.000000
4319.000000
296.000000
507.000000
3426.000000
101.000000
3628.000000
227.000000
640.000000
220.000000
289.000000
149.000000
431.000000
502.000000
194.000000
2344.000000
5029.000000
784.000000
271.000000
3479.000000
936.000000
248.000000
512.000000
444.000000
649.000000
578.000000
577.000000
154.000000
2858.000000
2633.000000
3509.000000
107.000000
191.000000
227.000000
585.000000
1488.000000
779.000000
589.000000
142.000000
5276.000000
787.000000
859.000000
67.000000
155.000000
1086.000000
383.000000
377.000000
569.000000
1080.000000
657.000000
1034.000000
147.000000
495.000000
2322.000000
115.000000
729.000000
402.000000
555.000000
851.000000
214.000000
131.000000
303.000000
859.000000
916.000000
532.000000
71.000000
1055.000000
503.000000
1001.000000
530.000000
135.000000
300.000000
223.000000
95.000000
307.000000
205.000000
457.000000
124.000000
107.000000
789.000000
276.000000
321.000000
776.000000
1218.000000
1137.000000
1095.000000
147.000000
977.000000
622.000000
111.000000
767.000000
2438.000000
1060.000000
215.000000
212.000000
254.000000
33.000000
593.000000
59.000000
319.000000
60.000000
1181.000000
59.000000
561.000000
118.000000
153.000000
538.000000
493.000000
822.000000
270.000000
9100.000000
247.000000
1000.000000
430.000000
137.000000
444.000000
145.000000
1929.000000
359.000000
938.000000
246.000000
629.000000
105.000000
52.000000
2678.000000
346.000000
1058.000000
662.000000
557.000000
117.000000
192.000000
610.000000
612.000000
205.000000
290.000000
3798.000000
505.000000
309.000000
724.000000
76.000000
527.000000
243.000000
207.000000
361.000000
799.000000
40.000000
1127.000000
130.000000
946.000000
241.000000
305.000000
131.000000
1992.000000
783.000000
75.000000
1672.000000
761.000000
413.000000
686.000000
2772.000000
316.000000
591.000000
198.000000
224.000000
198.000000
37.000000
144.000000
1218.000000
663.000000
1320.000000
60.000000
132.000000
1433.000000
705.000000
351.000000
158.000000
740.000000
966.000000
192.000000
216.000000
312.000000
986.000000
528.000000
404.000000
632.000000
109.000000
241.000000
397.000000
75.000000
344.000000
1928.000000
1557.000000
805.000000
1675.000000
111.000000
529.000000
473.000000
91.000000
98.000000
973.000000
224.000000
