344.000000
239.000000
327.000000
680.000000
262.000000
1389.000000
464.000000
479.000000
53.000000
403.000000
337.000000
116.000000
2305.000000
127.000000
728.000000
46.000000
326.000000
197.000000
119.000000
108.000000
848.000000
260.000000
208.000000
133.000000
632.000000
81.000000
232.000000
189.000000
221.000000
350.000000
810.000000
85.000000
388.000000
232.000000
779.000000
3029.000000
104.000000
1012.000000
2601.000000
1624.000000
251.000000
234.000000
278.000000
1555.000000
189.000000
375.000000
1055.000000
2919.000000
445.000000
154.000000
395.000000
585.000000
390.000000
136.000000
276.000000
736.000000
5126.000000
259.000000
282.000000
57.000000
815.000000
240.000000
352.000000
63.000000
674.000000
384.000000
495.000000
810.000000
1689.000000
4391.000000
417.000000
251.000000
2950.000000
342.000000
145.000000
494.000000
542.000000
143.000000
283.000000
781.000000
104.000000
688.000000
243.000000
425.000000
950.000000
56.000000
371.000000
1106.000000
154.000000
109.000000
701.000000
963.000000
4418.000000
503.000000
647.000000
425.000000
1483.000000
358.000000
1748.000000
80.000000
125.000000
655.000000
210.000000
966.000000
1393.000000
123.000000
359.000000
719.000000
197.000000
892.000000
227.000000
681.000000
836.000000
984.000000
147.000000
274.000000
186.000000
413.000000
473.000000
197.000000
396.000000
1043.000000
164.000000
75.000000
1092.000000
373.000000
1283.000000
98.000000
320.000000
749.000000
139.000000
445.000000
596.000000
695.000000
178.000000
455.000000
64.000000
210.000000
608.000000
391.000000
226.000000
165.000000
1414.000000
580.000000
1615.000000
803.000000
115.000000
310.000000
232.000000
1169.000000
1182.000000
230.000000
569.000000
546.000000
139.000000
112.000000
128.000000
83.000000
1222.000000
180.000000
278.000000
232.000000
274.000000
380.000000
235.000000
435.000000
661.000000
192.000000
529.000000
973.000000
654.000000
745.000000
575.000000
237.000000
3408.000000
1134.000000
698.000000
814.000000
145.000000
168.000000
338.000000
208.000000
2845.000000
234.000000
391.000000
81.000000
330.000000
239.000000
461.000000
564.000000
257.000000
439.000000
350.000000
5028.000000
350.000000
22.000000
938.000000
238.000000
170.000000
72.000000
798.000000
292.000000
541.000000
68.000000
733.000000
146.000000
317.000000
1023.000000
60.000000
377.000000
261.000000
157.000000
162.000000
214.000000
94.000000
444.000000
539.000000
255.000000
579.000000
703.000000
370.000000
969.000000
8483.000000
324.000000
1759.000000
76.000000
546.000000
270.000000
573.000000
2266.000000
867.000000
291.000000
557.000000
128.000000
77.000000
228.000000
98.000000
281.000000
533.000000
1123.000000
1450.000000
1563.000000
277.000000
806.000000
624.000000
302.000000
256.000000
177.000000
76.000000
109.000000
677.000000
586.000000
77.000000
251.000000
312.000000
435.000000
88.000000
941.000000
542.000000
235.000000
168.000000
539.000000
984.000000
197.000000
624.000000
97.000000
599.000000
279.000000
684.000000
407.000000
285.000000
469.000000
742.000000
301.000000
646.000000
565.000000
1111.000000
346.000000
156.000000
514.000000
1147.000000
1882.000000
132.000000
449.000000
1112.000000
1570.000000
551.000000
115.000000
1379.000000
162.000000
304.000000
1085.000000
184.000000
150.000000
288.000000
1146.000000
148.000000
1570.000000
97.000000
780.000000
361.000000
374.000000
460.000000
1115.000000
387.000000
645.000000
493.000000
167.000000
1124.000000
344.000000
784.000000
219.000000
548.000000
497.000000
776.000000
888.000000
183.000000
190.000000
603.000000
418.000000
243.000000
554.000000
326.000000
128.000000
1373.000000
507.000000
59.000000
40.000000
2296.000000
314.000000
253.000000
408.000000
1951.000000
414.000000
1024.000000
437.000000
253.000000
1466.000000
210.000000
143.000000
82.000000
798.000000
483.000000
137.000000
1078.000000
354.000000
1887.000000
295.000000
206.000000
4660.000000
137.000000
232.000000
308.000000
70.000000
1266.000000
63.000000
3487.000000
228.000000
172.000000
262.000000
6425.000000
180.000000
721.000000
385.000000
111.000000
70.000000
190.000000
580.000000
476.000000
539.000000
1111.000000
645.000000
190.000000
153.000000
349.000000
821.000000
553.000000
164.000000
396.000000
109.000000
119.000000
107.000000
662.000000
570.000000
906.000000
281.000000
487.000000
103.000000
4284.000000
922.000000
2899.000000
478.000000
159.000000
523.000000
488.000000
253.000000
1146.000000
135.000000
436.000000
2514.000000
293.000000
321.000000
278.000000
102.000000
509.000000
484.000000
285.000000
1480.000000
464.000000
166.000000
1272.000000
944.000000
112.000000
231.000000
419.000000
129.000000
470.000000
500.000000
680.000000
1523.000000
337.000000
728.000000
1046.000000
1422.000000
174.000000
1103.000000
505.000000
1606.000000
314.000000
2207.000000
724.000000
560.000000
104.000000
206.000000
138.000000
97.000000
183.000000
1236.000000
57.000000
292.000000
724.000000
107.000000
119.000000
353.000000
197.000000
482.000000
830.000000
155.000000
158.000000
946.000000
290.000000
3701.000000
217.000000
235.000000
838.000000
629.000000
434.000000
87.000000
537.000000
397.000000
320.000000
296.000000
554.000000
1715.000000
531.000000
169.000000
585.000000
595.000000
604.000000
229.000000
1307.000000
361.000000
547.000000
26.000000
230.000000
496.000000
587.000000
816.000000
241.000000
1406.000000
466.000000
1366.000000
162.000000
219.000000
75.000000
715.000000
234.000000
172.000000
593.000000
1072.000000
155.000000
309.000000
144.000000
328.000000
502.000000
1170.000000
245.000000
178.000000
164.000000
202.000000
1034.000000
277.000000
160.000000
676.000000
643.000000
104.000000
979.000000
526.000000
1347.000000
242.000000
583.000000
507.000000
1097.000000
119.000000
207.000000
787.000000
906.000000
1867.000000
91.000000
850.000000
568.000000
420.000000
377.000000
1110.000000
132.000000
261.000000
1236.000000
301.000000
221.000000
420.000000
16.000000
342.000000
700.000000
50.000000
590.000000
208.000000
465.000000
137.000000
195.000000
1216.000000
1107.000000
599.000000
25.000000
2213.000000
78.000000
159.000000
453.000000
198.000000
805.000000
398.000000
157.000000
499.000000
1736.000000
135.000000
157.000000
851.000000
248.000000
485.000000
74.000000
904.000000
363.000000
691.000000
1767.000000
357.000000
277.000000
283.000000
1139.000000
566.000000
52.000000
382.000000
151.000000
653.000000
497.000000
168.000000
121.000000
145.000000
325.000000
1037.000000
19.000000
162.000000
325.000000
102.000000
1655.000000
650.000000
1502.000000
492.000000
1557.000000
2551.000000
355.000000
289.000000
1019.000000
671.000000
664.000000
128.000000
577.000000
238.000000
2962.000000
632.000000
730.000000
35.000000
5204.000000
232.000000
375.000000
689.000000
229.000000
1579.000000
585.000000
39.000000
1829.000000
421.000000
2755.000000
253.000000
359.000000
794.000000
748.000000
1403.000000
510.000000
395.000000
4614.000000
460.000000
1953.000000
166.000000
789.000000
77.000000
338.000000
458.000000
469.000000
990.000000
309.000000
1107.000000
506.000000
915.000000
227.000000
615.000000
61.000000
396.000000
1211.000000
1114.000000
11429.000000
243.000000
172.000000
321.000000
611.000000
512.000000
168.000000
352.000000
1258.000000
194.000000
701.000000
379.000000
92.000000
1734.000000
1771.000000
205.000000
151.000000
583.000000
1498.000000
74.000000
354.000000
248.000000
293.000000
170.000000
781.000000
596.000000
549.000000
1162.000000
386.000000
417.000000
390.000000
456.000000
188.000000
205.000000
38.000000
585.000000
786.000000
323.000000
847.000000
120.000000
717.000000
332.000000
313.000000
166.000000
1802.000000
1251.000000
268.000000
168.000000
175.000000
563.000000
363.000000
1990.000000
318.000000
729.000000
226.000000
1343.000000
336.000000
1262.000000
3408.000000
1273.000000
481.000000
2457.000000
971.000000
1234.000000
2100.000000
79.000000
256.000000
481.000000
694.000000
938.000000
201.000000
236.000000
95.000000
278.000000
309.000000
539.000000
484.000000
440.000000
409.000000
49.000000
789.000000
133.000000
425.000000
852.000000
596.000000
370.000000
57.000000
370.000000
476.000000
4937.000000
413.000000
1636.000000
316.000000
106.000000
248.000000
97.000000
182.000000
243.000000
107.000000
110.000000
3497.000000
37.000000
204.000000
514.000000
30.000000
252.000000
379.000000
620.000000
287.000000
273.000000
152.000000
941.000000
162.000000
201.000000
5650.000000
377.000000
1131.000000
8218.000000
401.000000
324.000000
285.000000
421.000000
74.000000
190.000000
1424.000000
67.000000
216.000000
514.000000
120.000000
274.000000
920.000000
665.000000
1136.000000
323.000000
368.000000
306.000000
123.000000
271.000000
153.000000
616.000000
86.000000
730.000000
541.000000
221.000000
337.000000
235.000000
607.000000
549.000000
208.000000
84.000000
1539.000000
229.000000
765.000000
214.000000
313.000000
518.000000
70.000000
1516.000000
224.000000
1406.000000
865.000000
1159.000000
867.000000
103.000000
171.000000
868.000000
690.000000
1261.000000
66.000000
140.000000
621.000000
758.000000
1655.000000
371.000000
74.000000
193.000000
120.000000
353.000000
3171.000000
271.000000
120.000000
1012.000000
496.000000
465.000000
168.000000
318.000000
375.000000
215.000000
87.000000
279.000000
753.000000
844.000000
700.000000
413.000000
93.000000
475.000000
931.000000
144.000000
1963.000000
130.000000
661.000000
312.000000
360.000000
304.000000
92.000000
822.000000
654.000000
335.000000
7207.000000
66.000000
1282.000000
68.000000
137.000000
424.000000
66.000000
136.000000
281.000000
266.000000
364.000000
116.000000
2398.000000
254.000000
632.000000
625.000000
305.000000
2563.000000
129.000000
1001.000000
546.000000
518.000000
3259.000000
61.000000
130.000000
142.000000
163.000000
256.000000
375.000000
515.000000
157.000000
3430.000000
1227.000000
990.000000
869.000000
447.000000
312.000000
88.000000
532.000000
2267.000000
479.000000
712.000000
472.000000
562.000000
230.000000
68.000000
773.000000
220.000000
368.000000
121.000000
917.000000
237.000000
340.000000
546.000000
67.000000
219.000000
93.000000
284.000000
975.000000
760.000000
660.000000
1015.000000
583.000000
324.000000
339.000000
346.000000
293.000000
110.000000
109.000000
363.000000
89.000000
681.000000
348.000000
2198.000000
947.000000
1512.000000
158.000000
471.000000
765.000000
1092.000000
1236.000000
688.000000
2408.000000
283.000000
358.000000
654.000000
637.000000
372.000000
726.000000
853.000000
435.000000
909.000000
364.000000
10122.000000
388.000000
186.000000
691.000000
322.000000
519.000000
923.000000
377.000000
346.000000
800.000000
486.000000
433.000000
382.000000
73.000000
614.000000
519.000000
739.000000
173.000000
260.000000
300.000000
428.000000
2952.000000
3807.000000
1278.000000
506.000000
527.000000
243.000000
809.000000
359.000000
490.000000
2046.000000
2404.000000
203.000000
1176.000000
248.000000
283.000000
768.000000
2780.000000
267.000000
218.000000
504.000000
2075.000000
76.000000
162.000000
151.000000
899.000000
458.000000
124.000000
770.000000
169.000000
844.000000
553.000000
176.000000
878.000000
568.000000
321.000000
934.000000
809.000000
204.000000
232.000000
146.000000
