2534.000000
72.000000
303.000000
124.000000
545.000000
72.000000
160.000000
94.000000
359.000000
394.000000
141.000000
412.000000
295.000000
162.000000
400.000000
275.000000
138.000000
462.000000
668.000000
935.000000
267.000000
76.000000
1530.000000
3221.000000
201.000000
722.000000
202.000000
1312.000000
755.000000
662.000000
68.000000
790.000000
1194.000000
754.000000
569.000000
161.000000
1719.000000
1910.000000
42.000000
2417.000000
491.000000
389.000000
537.000000
693.000000
298.000000
530.000000
395.000000
501.000000
271.000000
321.000000
116.000000
806.000000
543.000000
973.000000
188.000000
1664.000000
820.000000
632.000000
183.000000
719.000000
473.000000
5146.000000
96.000000
518.000000
85.000000
88.000000
616.000000
823.000000
838.000000
537.000000
165.000000
718.000000
2874.000000
679.000000
260.000000
453.000000
1225.000000
99.000000
2224.000000
127.000000
2398.000000
146.000000
68.000000
362.000000
355.000000
169.000000
629.000000
204.000000
87.000000
247.000000
4834.000000
1693.000000
146.000000
1098.000000
254.000000
1071.000000
303.000000
257.000000
559.000000
148.000000
37.000000
613.000000
194.000000
355.000000
387.000000
1192.000000
399.000000
525.000000
37.000000
97.000000
47.000000
325.000000
1391.000000
632.000000
890.000000
5968.000000
687.000000
60.000000
325.000000
1121.000000
421.000000
70.000000
511.000000
336.000000
2950.000000
287.000000
579.000000
299.000000
189.000000
278.000000
47.000000
202.000000
172.000000
138.000000
457.000000
735.000000
1180.000000
1845.000000
491.000000
486.000000
214.000000
7483.000000
431.000000
934.000000
16.000000
171.000000
789.000000
330.000000
331.000000
629.000000
91.000000
113.000000
350.000000
686.000000
281.000000
1249.000000
403.000000
264.000000
2200.000000
1283.000000
1315.000000
82.000000
468.000000
505.000000
81.000000
389.000000
449.000000
3060.000000
1059.000000
102.000000
2144.000000
578.000000
1019.000000
843.000000
371.000000
108.000000
123.000000
397.000000
1512.000000
282.000000
479.000000
301.000000
94.000000
452.000000
839.000000
98.000000
150.000000
168.000000
326.000000
511.000000
232.000000
542.000000
1079.000000
158.000000
448.000000
643.000000
49.000000
264.000000
377.000000
248.000000
107.000000
224.000000
42.000000
378.000000
1115.000000
588.000000
104.000000
578.000000
1063.000000
315.000000
465.000000
330.000000
1678.000000
327.000000
247.000000
426.000000
4480.000000
281.000000
628.000000
168.000000
358.000000
1399.000000
123.000000
249.000000
1755.000000
338.000000
322.000000
369.000000
459.000000
285.000000
227.000000
222.000000
229.000000
368.000000
52.000000
307.000000
526.000000
344.000000
1724.000000
659.000000
2421.000000
513.000000
776.000000
119.000000
1694.000000
907.000000
574.000000
962.000000
142.000000
98.000000
103.000000
814.000000
297.000000
1001.000000
318.000000
268.000000
1843.000000
1951.000000
759.000000
187.000000
2100.000000
175.000000
380.000000
320.000000
231.000000
353.000000
147.000000
262.000000
414.000000
1364.000000
1059.000000
1967.000000
99.000000
628.000000
63.000000
616.000000
927.000000
68.000000
357.000000
252.000000
192.000000
817.000000
517.000000
385.000000
482.000000
613.000000
411.000000
450.000000
645.000000
435.000000
383.000000
281.000000
1117.000000
342.000000
2300.000000
698.000000
710.000000
1182.000000
131.000000
64.000000
257.000000
121.000000
973.000000
945.000000
451.000000
1335.000000
146.000000
1298.000000
506.000000
705.000000
854.000000
1291.000000
176.000000
406.000000
426.000000
87.000000
365.000000
531.000000
948.000000
212.000000
381.000000
1542.000000
447.000000
6653.000000
1060.000000
129.000000
148.000000
689.000000
182.000000
451.000000
859.000000
2938.000000
568.000000
835.000000
806.000000
301.000000
561.000000
637.000000
429.000000
519.000000
1952.000000
122.000000
232.000000
413.000000
240.000000
524.000000
99.000000
433.000000
1014.000000
552.000000
1199.000000
270.000000
159.000000
502.000000
314.000000
401.000000
621.000000
53.000000
629.000000
1063.000000
194.000000
22.000000
587.000000
887.000000
1035.000000
578.000000
453.000000
373.000000
2012.000000
298.000000
885.000000
1290.000000
408.000000
15754.000000
743.000000
636.000000
1727.000000
534.000000
277.000000
309.000000
4503.000000
620.000000
260.000000
467.000000
498.000000
158.000000
544.000000
130.000000
812.000000
2861.000000
278.000000
268.000000
873.000000
65.000000
363.000000
1840.000000
1640.000000
303.000000
285.000000
510.000000
2680.000000
140.000000
525.000000
365.000000
1377.000000
743.000000
2709.000000
192.000000
129.000000
1112.000000
262.000000
312.000000
3979.000000
264.000000
750.000000
258.000000
280.000000
221.000000
425.000000
227.000000
207.000000
4054.000000
161.000000
232.000000
248.000000
325.000000
323.000000
565.000000
174.000000
206.000000
594.000000
2111.000000
190.000000
485.000000
1142.000000
105.000000
550.000000
290.000000
111.000000
779.000000
314.000000
298.000000
402.000000
336.000000
425.000000
2615.000000
368.000000
408.000000
275.000000
602.000000
371.000000
1262.000000
545.000000
68.000000
213.000000
5479.000000
198.000000
1661.000000
1259.000000
110.000000
239.000000
339.000000
424.000000
1349.000000
2095.000000
617.000000
73.000000
353.000000
230.000000
109.000000
748.000000
84.000000
138.000000
270.000000
452.000000
174.000000
119.000000
262.000000
126.000000
450.000000
563.000000
447.000000
128.000000
1276.000000
633.000000
775.000000
1463.000000
311.000000
1258.000000
506.000000
60.000000
207.000000
35.000000
257.000000
329.000000
205.000000
1480.000000
274.000000
578.000000
284.000000
404.000000
974.000000
328.000000
2938.000000
714.000000
315.000000
735.000000
249.000000
1128.000000
664.000000
431.000000
1825.000000
1777.000000
219.000000
83.000000
85.000000
390.000000
208.000000
409.000000
992.000000
210.000000
2826.000000
229.000000
82.000000
1969.000000
194.000000
6164.000000
860.000000
97.000000
140.000000
445.000000
1991.000000
825.000000
1544.000000
233.000000
584.000000
88.000000
725.000000
1159.000000
276.000000
565.000000
681.000000
98.000000
131.000000
386.000000
237.000000
369.000000
1743.000000
2077.000000
960.000000
288.000000
1150.000000
463.000000
1198.000000
3493.000000
275.000000
669.000000
313.000000
260.000000
55.000000
488.000000
408.000000
397.000000
141.000000
130.000000
880.000000
630.000000
295.000000
173.000000
2189.000000
300.000000
750.000000
851.000000
2917.000000
327.000000
958.000000
479.000000
1024.000000
197.000000
325.000000
682.000000
1646.000000
229.000000
47.000000
703.000000
160.000000
253.000000
42.000000
309.000000
405.000000
1539.000000
920.000000
970.000000
153.000000
158.000000
360.000000
569.000000
607.000000
160.000000
592.000000
448.000000
85.000000
397.000000
1079.000000
360.000000
259.000000
296.000000
257.000000
927.000000
906.000000
496.000000
128.000000
223.000000
576.000000
2176.000000
301.000000
343.000000
1343.000000
598.000000
686.000000
1257.000000
406.000000
203.000000
2621.000000
156.000000
103.000000
525.000000
379.000000
457.000000
427.000000
683.000000
839.000000
71.000000
271.000000
71.000000
146.000000
302.000000
434.000000
671.000000
243.000000
1177.000000
60.000000
972.000000
579.000000
94.000000
912.000000
926.000000
564.000000
1291.000000
2079.000000
414.000000
1028.000000
871.000000
1509.000000
598.000000
487.000000
72.000000
455.000000
342.000000
629.000000
762.000000
384.000000
399.000000
652.000000
874.000000
532.000000
118.000000
4434.000000
205.000000
301.000000
182.000000
1226.000000
657.000000
85.000000
264.000000
481.000000
840.000000
86.000000
738.000000
504.000000
335.000000
533.000000
90.000000
421.000000
242.000000
1105.000000
779.000000
283.000000
170.000000
37.000000
438.000000
79.000000
445.000000
700.000000
620.000000
898.000000
85.000000
504.000000
316.000000
224.000000
469.000000
24.000000
633.000000
872.000000
151.000000
231.000000
258.000000
625.000000
379.000000
415.000000
141.000000
212.000000
475.000000
324.000000
793.000000
150.000000
600.000000
2481.000000
1969.000000
828.000000
561.000000
112.000000
174.000000
152.000000
138.000000
495.000000
1073.000000
61.000000
101.000000
391.000000
327.000000
707.000000
304.000000
359.000000
511.000000
201.000000
169.000000
2266.000000
190.000000
1646.000000
1364.000000
417.000000
343.000000
218.000000
1832.000000
308.000000
226.000000
191.000000
1268.000000
501.000000
1297.000000
514.000000
59.000000
257.000000
925.000000
263.000000
211.000000
3368.000000
479.000000
96.000000
109.000000
424.000000
268.000000
459.000000
1008.000000
28.000000
400.000000
811.000000
483.000000
209.000000
463.000000
345.000000
74.000000
989.000000
102.000000
325.000000
221.000000
771.000000
117.000000
2079.000000
1288.000000
276.000000
549.000000
3753.000000
249.000000
131.000000
193.000000
81.000000
267.000000
157.000000
918.000000
459.000000
343.000000
73.000000
422.000000
66.000000
127.000000
167.000000
432.000000
894.000000
1915.000000
134.000000
1438.000000
1912.000000
507.000000
484.000000
171.000000
41.000000
131.000000
1263.000000
817.000000
313.000000
342.000000
1289.000000
1370.000000
201.000000
674.000000
300.000000
1920.000000
651.000000
401.000000
105.000000
256.000000
69.000000
420.000000
285.000000
102.000000
529.000000
1243.000000
1038.000000
194.000000
209.000000
690.000000
83.000000
333.000000
243.000000
222.000000
227.000000
888.000000
340.000000
290.000000
516.000000
283.000000
295.000000
214.000000
149.000000
357.000000
242.000000
80.000000
574.000000
264.000000
1056.000000
1683.000000
271.000000
1188.000000
147.000000
305.000000
62.000000
258.000000
592.000000
616.000000
385.000000
1462.000000
225.000000
2809.000000
1274.000000
1024.000000
494.000000
1610.000000
678.000000
569.000000
601.000000
132.000000
197.000000
959.000000
168.000000
354.000000
599.000000
299.000000
216.000000
239.000000
511.000000
1588.000000
767.000000
3229.000000
268.000000
568.000000
387.000000
120.000000
315.000000
141.000000
584.000000
1236.000000
648.000000
1179.000000
268.000000
866.000000
550.000000
142.000000
200.000000
2863.000000
258.000000
936.000000
689.000000
434.000000
266.000000
853.000000
1583.000000
334.000000
427.000000
192.000000
528.000000
339.000000
857.000000
129.000000
344.000000
596.000000
400.000000
393.000000
149.000000
621.000000
103.000000
237.000000
483.000000
325.000000
2279.000000
169.000000
776.000000
91.000000
318.000000
301.000000
135.000000
654.000000
542.000000
60.000000
680.000000
543.000000
934.000000
179.000000
793.000000
201.000000
1612.000000
509.000000
142.000000
481.000000
1034.000000
270.000000
952.000000
484.000000
305.000000
891.000000
518.000000
1323.000000
480.000000
81.000000
99.000000
771.000000
63.000000
740.000000
437.000000
175.000000
366.000000
1617.000000
1263.000000
1056.000000
961.000000
419.000000
219.000000
51.000000
71.000000
383.000000
174.000000
345.000000
361.000000
229.000000
815.000000
260.000000
1178.000000
365.000000
162.000000
870.000000
98.000000
689.000000
624.000000
1874.000000
548.000000
149.000000
370.000000
1036.000000
6079.000000
437.000000
864.000000
508.000000
583.000000
397.000000
1656.000000
2828.000000
144.000000
270.000000
180.000000
