861.000000
1174.000000
101.000000
240.000000
1315.000000
803.000000
2600.000000
213.000000
620.000000
363.000000
162.000000
1681.000000
659.000000
1460.000000
509.000000
3740.000000
1197.000000
275.000000
401.000000
319.000000
584.000000
801.000000
217.000000
197.000000
239.000000
204.000000
3936.000000
69.000000
561.000000
130.000000
409.000000
221.000000
431.000000
227.000000
548.000000
1231.000000
63.000000
746.000000
287.000000
272.000000
2244.000000
399.000000
219.000000
196.000000
1299.000000
324.000000
2171.000000
2044.000000
385.000000
1221.000000
1683.000000
1056.000000
195.000000
2050.000000
577.000000
1140.000000
660.000000
2416.000000
148.000000
574.000000
178.000000
242.000000
138.000000
391.000000
1231.000000
668.000000
803.000000
58.000000
1347.000000
143.000000
300.000000
860.000000
378.000000
210.000000
126.000000
943.000000
204.000000
295.000000
252.000000
2098.000000
245.000000
118.000000
275.000000
415.000000
371.000000
176.000000
202.000000
550.000000
290.000000
1036.000000
456.000000
34.000000
4240.000000
431.000000
184.000000
726.000000
320.000000
668.000000
253.000000
62.000000
727.000000
407.000000
193.000000
102.000000
322.000000
636.000000
57.000000
1049.000000
911.000000
674.000000
985.000000
128.000000
537.000000
847.000000
214.000000
311.000000
1292.000000
773.000000
320.000000
310.000000
92.000000
249.000000
2504.000000
1548.000000
138.000000
215.000000
78.000000
1016.000000
82.000000
162.000000
27.000000
495.000000
6743.000000
1333.000000
278.000000
852.000000
72.000000
47.000000
445.000000
2105.000000
487.000000
60.000000
1293.000000
99.000000
132.000000
251.000000
1343.000000
114.000000
2066.000000
770.000000
1102.000000
200.000000
775.000000
1435.000000
224.000000
23.000000
202.000000
89.000000
1238.000000
847.000000
1704.000000
1059.000000
76.000000
1598.000000
1588.000000
257.000000
237.000000
291.000000
393.000000
2104.000000
105.000000
159.000000
400.000000
1064.000000
2235.000000
64.000000
2821.000000
727.000000
219.000000
178.000000
427.000000
2192.000000
3150.000000
248.000000
1415.000000
190.000000
264.000000
217.000000
2334.000000
205.000000
72.000000
656.000000
158.000000
428.000000
731.000000
336.000000
134.000000
60.000000
1525.000000
1139.000000
378.000000
3932.000000
658.000000
560.000000
226.000000
675.000000
304.000000
475.000000
1836.000000
214.000000
1536.000000
135.000000
224.000000
376.000000
154.000000
2247.000000
565.000000
189.000000
598.000000
898.000000
512.000000
104.000000
541.000000
181.000000
33.000000
2524.000000
133.000000
223.000000
38.000000
134.000000
229.000000
2900.000000
331.000000
148.000000
276.000000
298.000000
320.000000
250.000000
391.000000
2182.000000
88.000000
57.000000
291.000000
938.000000
1852.000000
312.000000
53.000000
326.000000
232.000000
2001.000000
471.000000
311.000000
788.000000
237.000000
215.000000
1324.000000
149.000000
1389.000000
188.000000
157.000000
322.000000
1235.000000
126.000000
758.000000
87.000000
2313.000000
287.000000
948.000000
270.000000
60.000000
306.000000
485.000000
207.000000
220.000000
114.000000
207.000000
367.000000
776.000000
315.000000
955.000000
340.000000
167.000000
258.000000
165.000000
345.000000
475.000000
1075.000000
646.000000
53.000000
661.000000
175.000000
415.000000
830.000000
2527.000000
444.000000
1138.000000
1670.000000
126.000000
152.000000
460.000000
743.000000
2009.000000
450.000000
796.000000
624.000000
3577.000000
363.000000
385.000000
956.000000
190.000000
192.000000
102.000000
2655.000000
381.000000
696.000000
434.000000
899.000000
158.000000
201.000000
285.000000
687.000000
113.000000
66.000000
826.000000
346.000000
252.000000
2008.000000
1010.000000
535.000000
176.000000
836.000000
430.000000
266.000000
1249.000000
962.000000
522.000000
1495.000000
363.000000
925.000000
81.000000
920.000000
153.000000
323.000000
208.000000
500.000000
331.000000
627.000000
648.000000
1563.000000
1029.000000
233.000000
211.000000
812.000000
349.000000
770.000000
193.000000
701.000000
784.000000
555.000000
389.000000
103.000000
376.000000
886.000000
212.000000
952.000000
412.000000
79.000000
550.000000
424.000000
103.000000
354.000000
852.000000
332.000000
1943.000000
373.000000
368.000000
487.000000
196.000000
168.000000
478.000000
297.000000
239.000000
454.000000
740.000000
457.000000
771.000000
217.000000
90.000000
125.000000
206.000000
600.000000
3159.000000
1095.000000
1017.000000
281.000000
611.000000
19.000000
177.000000
310.000000
21.000000
92.000000
166.000000
421.000000
837.000000
767.000000
915.000000
159.000000
1079.000000
646.000000
2098.000000
196.000000
91.000000
3739.000000
522.000000
89.000000
270.000000
238.000000
116.000000
65.000000
1309.000000
156.000000
601.000000
150.000000
1461.000000
322.000000
965.000000
3029.000000
835.000000
1062.000000
330.000000
168.000000
759.000000
1458.000000
152.000000
789.000000
428.000000
54.000000
161.000000
991.000000
1410.000000
370.000000
939.000000
353.000000
504.000000
39.000000
147.000000
1014.000000
409.000000
374.000000
243.000000
245.000000
999.000000
452.000000
762.000000
2005.000000
129.000000
121.000000
475.000000
266.000000
167.000000
775.000000
321.000000
250.000000
55.000000
828.000000
311.000000
90.000000
249.000000
665.000000
4943.000000
4067.000000
283.000000
1300.000000
173.000000
1410.000000
224.000000
250.000000
1138.000000
188.000000
793.000000
1167.000000
565.000000
109.000000
351.000000
408.000000
125.000000
407.000000
224.000000
1258.000000
69.000000
587.000000
248.000000
65.000000
153.000000
133.000000
1634.000000
188.000000
371.000000
882.000000
120.000000
441.000000
347.000000
858.000000
506.000000
259.000000
111.000000
476.000000
923.000000
156.000000
1778.000000
157.000000
1584.000000
233.000000
95.000000
319.000000
78.000000
134.000000
1268.000000
169.000000
332.000000
1033.000000
77.000000
207.000000
148.000000
954.000000
200.000000
784.000000
360.000000
61.000000
1268.000000
720.000000
3428.000000
271.000000
61.000000
358.000000
515.000000
2420.000000
418.000000
311.000000
177.000000
656.000000
454.000000
337.000000
1052.000000
400.000000
796.000000
89.000000
383.000000
2522.000000
1289.000000
535.000000
221.000000
271.000000
190.000000
180.000000
290.000000
1878.000000
270.000000
1162.000000
83.000000
158.000000
956.000000
118.000000
169.000000
789.000000
82.000000
998.000000
92.000000
237.000000
1545.000000
105.000000
200.000000
8780.000000
446.000000
723.000000
206.000000
199.000000
1129.000000
51.000000
2076.000000
1002.000000
226.000000
220.000000
261.000000
439.000000
465.000000
437.000000
105.000000
894.000000
895.000000
135.000000
171.000000
723.000000
240.000000
2843.000000
442.000000
351.000000
136.000000
1055.000000
1024.000000
211.000000
253.000000
233.000000
1312.000000
427.000000
134.000000
2443.000000
102.000000
812.000000
199.000000
882.000000
354.000000
610.000000
489.000000
551.000000
472.000000
569.000000
218.000000
207.000000
1494.000000
1676.000000
77.000000
304.000000
1691.000000
292.000000
199.000000
283.000000
508.000000
1360.000000
310.000000
513.000000
137.000000
3384.000000
650.000000
126.000000
441.000000
429.000000
5264.000000
173.000000
510.000000
598.000000
365.000000
883.000000
303.000000
455.000000
228.000000
607.000000
281.000000
159.000000
823.000000
983.000000
364.000000
79.000000
108.000000
75.000000
225.000000
281.000000
3182.000000
863.000000
2169.000000
117.000000
282.000000
822.000000
983.000000
965.000000
520.000000
327.000000
275.000000
99.000000
121.000000
293.000000
99.000000
57.000000
528.000000
391.000000
1262.000000
138.000000
460.000000
589.000000
328.000000
360.000000
244.000000
329.000000
605.000000
390.000000
495.000000
186.000000
106.000000
312.000000
79.000000
1224.000000
135.000000
525.000000
298.000000
568.000000
357.000000
153.000000
114.000000
536.000000
1253.000000
553.000000
235.000000
555.000000
678.000000
2238.000000
1940.000000
345.000000
62.000000
210.000000
274.000000
232.000000
1168.000000
265.000000
192.000000
492.000000
65.000000
227.000000
508.000000
331.000000
885.000000
134.000000
328.000000
5143.000000
26.000000
192.000000
115.000000
615.000000
346.000000
429.000000
904.000000
224.000000
366.000000
486.000000
57.000000
856.000000
271.000000
591.000000
689.000000
3013.000000
17.000000
138.000000
877.000000
831.000000
1143.000000
382.000000
1489.000000
939.000000
1738.000000
199.000000
185.000000
798.000000
123.000000
546.000000
691.000000
12456.000000
285.000000
424.000000
2191.000000
232.000000
371.000000
83.000000
1314.000000
375.000000
1025.000000
402.000000
323.000000
144.000000
1157.000000
1832.000000
49.000000
188.000000
455.000000
146.000000
338.000000
290.000000
265.000000
575.000000
325.000000
373.000000
179.000000
269.000000
310.000000
1056.000000
569.000000
405.000000
418.000000
592.000000
2217.000000
865.000000
332.000000
281.000000
1268.000000
290.000000
185.000000
240.000000
313.000000
231.000000
1047.000000
1134.000000
82.000000
1149.000000
447.000000
956.000000
874.000000
413.000000
628.000000
1264.000000
668.000000
117.000000
2591.000000
373.000000
982.000000
819.000000
343.000000
455.000000
202.000000
399.000000
1925.000000
422.000000
3788.000000
280.000000
110.000000
417.000000
67.000000
406.000000
920.000000
1511.000000
190.000000
459.000000
375.000000
859.000000
570.000000
921.000000
1018.000000
1182.000000
587.000000
541.000000
478.000000
424.000000
4688.000000
352.000000
94.000000
982.000000
2941.000000
264.000000
1128.000000
15.000000
1954.000000
3752.000000
280.000000
1814.000000
50.000000
238.000000
525.000000
1008.000000
92.000000
494.000000
2317.000000
894.000000
154.000000
1079.000000
797.000000
120.000000
1325.000000
51.000000
3084.000000
142.000000
716.000000
167.000000
638.000000
60.000000
2519.000000
99.000000
596.000000
531.000000
244.000000
310.000000
2049.000000
451.000000
192.000000
671.000000
351.000000
850.000000
343.000000
1872.000000
253.000000
2571.000000
776.000000
338.000000
379.000000
59.000000
208.000000
485.000000
236.000000
1237.000000
349.000000
258.000000
66.000000
188.000000
1551.000000
1120.000000
1870.000000
697.000000
546.000000
589.000000
229.000000
377.000000
560.000000
810.000000
1594.000000
1627.000000
781.000000
290.000000
286.000000
1055.000000
139.000000
189.000000
2331.000000
282.000000
257.000000
175.000000
1024.000000
757.000000
672.000000
176.000000
175.000000
298.000000
134.000000
6578.000000
111.000000
354.000000
1631.000000
1284.000000
139.000000
197.000000
871.000000
346.000000
446.000000
1036.000000
461.000000
120.000000
813.000000
434.000000
177.000000
333.000000
177.000000
1330.000000
255.000000
584.000000
149.000000
380.000000
183.000000
1672.000000
783.000000
243.000000
792.000000
523.000000
463.000000
757.000000
836.000000
532.000000
759.000000
460.000000
55.000000
536.000000
5885.000000
357.000000
463.000000
841.000000
163.000000
423.000000
1486.000000
418.000000
1028.000000
396.000000
53.000000
621.000000
290.000000
364.000000
1493.000000
333.000000
1036.000000
303.000000
190.000000
495.000000
319.000000
430.000000
1659.000000
68.000000
76.000000
1031.000000
209.000000
106.000000
825.000000
134.000000
361.000000
169.000000
166.000000
336.000000
438.000000
