357.000000
738.000000
364.000000
217.000000
56.000000
1603.000000
2425.000000
1304.000000
80.000000
284.000000
406.000000
257.000000
641.000000
182.000000
2169.000000
2556.000000
72.000000
511.000000
311.000000
483.000000
201.000000
255.000000
4360.000000
90.000000
358.000000
320.000000
430.000000
682.000000
206.000000
676.000000
740.000000
503.000000
242.000000
930.000000
768.000000
964.000000
253.000000
595.000000
443.000000
62.000000
78.000000
186.000000
123.000000
343.000000
1291.000000
618.000000
752.000000
894.000000
540.000000
247.000000
2634.000000
603.000000
374.000000
776.000000
459.000000
2601.000000
1645.000000
458.000000
561.000000
4501.000000
461.000000
917.000000
1060.000000
212.000000
149.000000
206.000000
351.000000
538.000000
388.000000
451.000000
393.000000
153.000000
493.000000
703.000000
697.000000
270.000000
253.000000
89.000000
352.000000
777.000000
181.000000
143.000000
672.000000
524.000000
226.000000
472.000000
317.000000
1640.000000
485.000000
931.000000
437.000000
1242.000000
814.000000
262.000000
501.000000
78.000000
53.000000
587.000000
1336.000000
1330.000000
314.000000
532.000000
369.000000
156.000000
214.000000
861.000000
79.000000
473.000000
87.000000
78.000000
133.000000
386.000000
219.000000
385.000000
895.000000
287.000000
3018.000000
122.000000
208.000000
186.000000
892.000000
427.000000
902.000000
320.000000
617.000000
279.000000
84.000000
105.000000
76.000000
468.000000
1924.000000
1535.000000
1558.000000
694.000000
915.000000
346.000000
375.000000
7955.000000
663.000000
612.000000
299.000000
421.000000
314.000000
74.000000
176.000000
942.000000
301.000000
832.000000
334.000000
304.000000
770.000000
83.000000
425.000000
115.000000
353.000000
1488.000000
3175.000000
372.000000
509.000000
391.000000
166.000000
688.000000
630.000000
885.000000
1627.000000
225.000000
926.000000
990.000000
277.000000
83.000000
627.000000
1621.000000
230.000000
458.000000
2750.000000
134.000000
551.000000
1688.000000
141.000000
1276.000000
203.000000
491.000000
705.000000
1116.000000
621.000000
444.000000
742.000000
216.000000
1059.000000
5116.000000
1916.000000
18.000000
3074.000000
89.000000
381.000000
164.000000
39.000000
147.000000
179.000000
176.000000
376.000000
382.000000
243.000000
238.000000
268.000000
229.000000
240.000000
736.000000
372.000000
290.000000
1541.000000
671.000000
493.000000
1546.000000
319.000000
175.000000
886.000000
123.000000
727.000000
623.000000
768.000000
310.000000
580.000000
143.000000
151.000000
2586.000000
599.000000
125.000000
715.000000
162.000000
2894.000000
377.000000
99.000000
84.000000
178.000000
718.000000
2403.000000
357.000000
64.000000
771.000000
598.000000
141.000000
485.000000
125.000000
1331.000000
1367.000000
525.000000
135.000000
414.000000
1123.000000
278.000000
550.000000
1992.000000
517.000000
1648.000000
998.000000
782.000000
549.000000
108.000000
242.000000
857.000000
343.000000
261.000000
203.000000
303.000000
4337.000000
655.000000
878.000000
529.000000
211.000000
135.000000
353.000000
265.000000
224.000000
205.000000
656.000000
142.000000
282.000000
299.000000
527.000000
810.000000
1286.000000
1910.000000
151.000000
295.000000
219.000000
53.000000
140.000000
88.000000
2615.000000
2252.000000
259.000000
141.000000
171.000000
125.000000
637.000000
159.000000
1388.000000
2479.000000
106.000000
412.000000
464.000000
439.000000
762.000000
83.000000
441.000000
1521.000000
349.000000
243.000000
363.000000
540.000000
267.000000
163.000000
684.000000
638.000000
138.000000
600.000000
503.000000
240.000000
174.000000
583.000000
366.000000
87.000000
57.000000
865.000000
1548.000000
745.000000
298.000000
4516.000000
967.000000
431.000000
957.000000
320.000000
1410.000000
1476.000000
1104.000000
868.000000
94.000000
470.000000
228.000000
147.000000
822.000000
621.000000
200.000000
1031.000000
87.000000
193.000000
1198.000000
1030.000000
238.000000
2119.000000
678.000000
2170.000000
308.000000
595.000000
581.000000
505.000000
628.000000
231.000000
1006.000000
31.000000
234.000000
287.000000
256.000000
775.000000
1126.000000
429.000000
193.000000
51.000000
676.000000
136.000000
220.000000
392.000000
553.000000
4349.000000
107.000000
954.000000
339.000000
437.000000
241.000000
973.000000
683.000000
198.000000
163.000000
803.000000
45.000000
538.000000
1437.000000
296.000000
267.000000
181.000000
54.000000
274.000000
180.000000
282.000000
76.000000
423.000000
1164.000000
3265.000000
717.000000
447.000000
1098.000000
228.000000
51.000000
145.000000
1102.000000
182.000000
444.000000
80.000000
179.000000
668.000000
116.000000
442.000000
737.000000
289.000000
363.000000
208.000000
1095.000000
723.000000
317.000000
307.000000
53.000000
124.000000
128.000000
373.000000
667.000000
119.000000
79.000000
26.000000
154.000000
24.000000
373.000000
46.000000
837.000000
3492.000000
711.000000
302.000000
159.000000
1197.000000
339.000000
362.000000
167.000000
164.000000
224.000000
1993.000000
389.000000
473.000000
2109.000000
77.000000
197.000000
1025.000000
118.000000
314.000000
257.000000
294.000000
581.000000
169.000000
414.000000
517.000000
36.000000
369.000000
1010.000000
2506.000000
406.000000
1003.000000
608.000000
6834.000000
937.000000
59.000000
87.000000
489.000000
114.000000
278.000000
152.000000
2442.000000
477.000000
1032.000000
89.000000
136.000000
254.000000
306.000000
2426.000000
568.000000
31.000000
132.000000
2017.000000
908.000000
1216.000000
722.000000
190.000000
1567.000000
443.000000
391.000000
230.000000
40.000000
133.000000
1052.000000
350.000000
458.000000
173.000000
387.000000
414.000000
119.000000
122.000000
1172.000000
545.000000
168.000000
4339.000000
536.000000
1180.000000
522.000000
77.000000
709.000000
857.000000
579.000000
84.000000
334.000000
1259.000000
572.000000
493.000000
336.000000
613.000000
2696.000000
278.000000
288.000000
84.000000
283.000000
732.000000
929.000000
67.000000
557.000000
223.000000
470.000000
338.000000
106.000000
192.000000
877.000000
196.000000
305.000000
59.000000
102.000000
300.000000
201.000000
2217.000000
804.000000
198.000000
458.000000
3127.000000
2711.000000
1017.000000
508.000000
214.000000
129.000000
281.000000
1165.000000
478.000000
371.000000
92.000000
449.000000
393.000000
202.000000
76.000000
84.000000
1537.000000
89.000000
1693.000000
1016.000000
506.000000
408.000000
118.000000
412.000000
325.000000
1125.000000
173.000000
1319.000000
455.000000
1223.000000
781.000000
617.000000
401.000000
213.000000
1367.000000
457.000000
190.000000
124.000000
549.000000
568.000000
859.000000
203.000000
133.000000
314.000000
110.000000
1290.000000
519.000000
370.000000
364.000000
102.000000
309.000000
106.000000
320.000000
233.000000
264.000000
350.000000
455.000000
444.000000
387.000000
324.000000
898.000000
127.000000
3096.000000
139.000000
1742.000000
140.000000
287.000000
220.000000
97.000000
159.000000
398.000000
103.000000
139.000000
156.000000
119.000000
341.000000
1679.000000
219.000000
3325.000000
377.000000
867.000000
213.000000
625.000000
203.000000
53.000000
221.000000
215.000000
182.000000
185.000000
277.000000
3337.000000
563.000000
137.000000
245.000000
185.000000
1771.000000
505.000000
787.000000
1838.000000
1462.000000
238.000000
141.000000
129.000000
157.000000
241.000000
131.000000
370.000000
504.000000
141.000000
182.000000
458.000000
586.000000
231.000000
82.000000
401.000000
78.000000
1757.000000
567.000000
293.000000
1180.000000
488.000000
250.000000
1050.000000
309.000000
146.000000
1127.000000
357.000000
671.000000
184.000000
328.000000
850.000000
790.000000
537.000000
83.000000
6449.000000
347.000000
335.000000
119.000000
1285.000000
2669.000000
127.000000
207.000000
148.000000
1594.000000
37.000000
1199.000000
667.000000
5035.000000
317.000000
415.000000
260.000000
1071.000000
611.000000
426.000000
295.000000
345.000000
362.000000
189.000000
443.000000
582.000000
549.000000
1549.000000
198.000000
168.000000
2609.000000
104.000000
342.000000
230.000000
254.000000
840.000000
1097.000000
579.000000
1212.000000
420.000000
529.000000
689.000000
295.000000
143.000000
272.000000
51.000000
99.000000
487.000000
141.000000
595.000000
214.000000
139.000000
204.000000
695.000000
151.000000
170.000000
1780.000000
101.000000
158.000000
124.000000
353.000000
1181.000000
792.000000
118.000000
497.000000
176.000000
112.000000
290.000000
1512.000000
890.000000
1534.000000
370.000000
500.000000
322.000000
395.000000
680.000000
198.000000
596.000000
144.000000
127.000000
374.000000
479.000000
1726.000000
123.000000
816.000000
675.000000
1459.000000
537.000000
516.000000
592.000000
924.000000
1591.000000
382.000000
1178.000000
2013.000000
133.000000
1683.000000
146.000000
41.000000
21.000000
150.000000
1942.000000
396.000000
557.000000
731.000000
451.000000
207.000000
90.000000
35.000000
1843.000000
2203.000000
204.000000
2783.000000
394.000000
221.000000
2182.000000
55.000000
254.000000
222.000000
1343.000000
566.000000
946.000000
268.000000
1175.000000
63.000000
362.000000
254.000000
188.000000
428.000000
651.000000
209.000000
2269.000000
234.000000
943.000000
127.000000
1695.000000
680.000000
331.000000
1235.000000
428.000000
254.000000
203.000000
62.000000
382.000000
388.000000
147.000000
212.000000
221.000000
457.000000
284.000000
1203.000000
180.000000
440.000000
88.000000
34.000000
294.000000
1235.000000
420.000000
606.000000
103.000000
391.000000
194.000000
116.000000
607.000000
408.000000
998.000000
492.000000
99.000000
779.000000
267.000000
421.000000
62.000000
76.000000
1599.000000
263.000000
57.000000
113.000000
312.000000
472.000000
946.000000
1092.000000
320.000000
1455.000000
493.000000
165.000000
1137.000000
554.000000
203.000000
283.000000
91.000000
262.000000
175.000000
60.000000
254.000000
471.000000
168.000000
495.000000
406.000000
782.000000
899.000000
2154.000000
493.000000
1239.000000
385.000000
702.000000
256.000000
176.000000
227.000000
343.000000
321.000000
256.000000
497.000000
379.000000
495.000000
102.000000
385.000000
84.000000
1358.000000
691.000000
214.000000
1068.000000
289.000000
1229.000000
653.000000
475.000000
123.000000
3164.000000
129.000000
1361.000000
2508.000000
4334.000000
665.000000
2641.000000
148.000000
198.000000
178.000000
147.000000
323.000000
64.000000
270.000000
98.000000
978.000000
435.000000
225.000000
1704.000000
203.000000
134.000000
268.000000
83.000000
225.000000
813.000000
558.000000
346.000000
36.000000
2797.000000
1118.000000
396.000000
520.000000
865.000000
473.000000
165.000000
210.000000
45.000000
782.000000
219.000000
917.000000
169.000000
75.000000
999.000000
409.000000
972.000000
379.000000
142.000000
121.000000
319.000000
255.000000
94.000000
277.000000
171.000000
477.000000
536.000000
488.000000
898.000000
349.000000
5266.000000
197.000000
2455.000000
235.000000
131.000000
299.000000
185.000000
124.000000
369.000000
173.000000
182.000000
342.000000
700.000000
1010.000000
293.000000
817.000000
454.000000
263.000000
656.000000
259.000000
1074.000000
1254.000000
536.000000
341.000000
280.000000
624.000000
69.000000
422.000000
497.000000
589.000000
834.000000
40.000000
148.000000
303.000000
70.000000
