100.000000
955.000000
41.000000
102.000000
247.000000
66.000000
179.000000
1114.000000
614.000000
158.000000
296.000000
382.000000
43.000000
191.000000
257.000000
228.000000
280.000000
158.000000
150.000000
265.000000
655.000000
133.000000
1455.000000
1345.000000
256.000000
547.000000
476.000000
154.000000
701.000000
763.000000
814.000000
3642.000000
2354.000000
443.000000
257.000000
2965.000000
721.000000
67.000000
644.000000
695.000000
97.000000
271.000000
426.000000
520.000000
449.000000
377.000000
351.000000
118.000000
255.000000
131.000000
2355.000000
408.000000
90.000000
57.000000
345.000000
726.000000
467.000000
265.000000
110.000000
599.000000
477.000000
141.000000
1539.000000
2124.000000
160.000000
124.000000
285.000000
329.000000
1603.000000
841.000000
88.000000
1773.000000
537.000000
1755.000000
175.000000
43.000000
165.000000
1643.000000
763.000000
425.000000
748.000000
52.000000
945.000000
1179.000000
605.000000
559.000000
323.000000
292.000000
110.000000
1812.000000
516.000000
377.000000
261.000000
1164.000000
93.000000
448.000000
391.000000
753.000000
317.000000
524.000000
665.000000
53.000000
34.000000
152.000000
1431.000000
231.000000
662.000000
1846.000000
867.000000
823.000000
94.000000
768.000000
1156.000000
247.000000
475.000000
517.000000
117.000000
1033.000000
630.000000
113.000000
491.000000
136.000000
58.000000
80.000000
34.000000
456.000000
482.000000
446.000000
1361.000000
461.000000
273.000000
490.000000
319.000000
1125.000000
458.000000
321.000000
239.000000
186.000000
453.000000
75.000000
65.000000
2070.000000
412.000000
310.000000
277.000000
375.000000
88.000000
220.000000
881.000000
416.000000
2308.000000
527.000000
1141.000000
201.000000
190.000000
70.000000
158.000000
607.000000
32.000000
88.000000
2176.000000
569.000000
1005.000000
58.000000
111.000000
175.000000
360.000000
1753.000000
530.000000
1731.000000
293.000000
1404.000000
83.000000
1074.000000
799.000000
81.000000
140.000000
424.000000
710.000000
453.000000
1830.000000
977.000000
287.000000
105.000000
350.000000
2606.000000
460.000000
102.000000
687.000000
1773.000000
412.000000
249.000000
264.000000
175.000000
817.000000
443.000000
2799.000000
39.000000
208.000000
763.000000
158.000000
394.000000
644.000000
690.000000
234.000000
1516.000000
95.000000
3104.000000
2337.000000
209.000000
197.000000
209.000000
776.000000
192.000000
566.000000
122.000000
419.000000
181.000000
482.000000
293.000000
238.000000
86.000000
577.000000
386.000000
375.000000
3670.000000
850.000000
299.000000
270.000000
669.000000
138.000000
481.000000
77.000000
892.000000
871.000000
107.000000
278.000000
321.000000
99.000000
707.000000
625.000000
258.000000
128.000000
270.000000
967.000000
141.000000
147.000000
732.000000
272.000000
2022.000000
1671.000000
551.000000
275.000000
85.000000
744.000000
229.000000
1536.000000
1670.000000
146.000000
3270.000000
187.000000
1009.000000
195.000000
85.000000
549.000000
179.000000
177.000000
771.000000
552.000000
564.000000
453.000000
145.000000
598.000000
3414.000000
886.000000
1590.000000
387.000000
448.000000
1781.000000
547.000000
617.000000
328.000000
293.000000
153.000000
521.000000
527.000000
1709.000000
722.000000
103.000000
596.000000
3162.000000
2897.000000
640.000000
882.000000
246.000000
71.000000
474.000000
97.000000
136.000000
452.000000
999.000000
857.000000
213.000000
438.000000
454.000000
140.000000
323.000000
1353.000000
138.000000
394.000000
152.000000
329.000000
593.000000
323.000000
655.000000
114.000000
215.000000
398.000000
230.000000
433.000000
894.000000
257.000000
129.000000
1900.000000
226.000000
239.000000
466.000000
3747.000000
583.000000
1144.000000
57.000000
384.000000
1901.000000
1830.000000
288.000000
154.000000
658.000000
393.000000
1670.000000
319.000000
449.000000
134.000000
720.000000
3525.000000
727.000000
1088.000000
394.000000
335.000000
830.000000
1145.000000
112.000000
554.000000
410.000000
332.000000
460.000000
156.000000
809.000000
425.000000
2286.000000
197.000000
418.000000
859.000000
480.000000
263.000000
183.000000
212.000000
351.000000
561.000000
1156.000000
116.000000
74.000000
155.000000
834.000000
1175.000000
1059.000000
344.000000
222.000000
325.000000
1046.000000
322.000000
182.000000
234.000000
751.000000
213.000000
95.000000
1122.000000
2871.000000
2318.000000
851.000000
2713.000000
222.000000
104.000000
111.000000
181.000000
2596.000000
581.000000
405.000000
244.000000
243.000000
928.000000
636.000000
21.000000
869.000000
227.000000
4137.000000
625.000000
521.000000
342.000000
335.000000
541.000000
910.000000
1048.000000
322.000000
614.000000
1924.000000
259.000000
1502.000000
117.000000
390.000000
859.000000
505.000000
763.000000
464.000000
1436.000000
2004.000000
3998.000000
583.000000
533.000000
548.000000
105.000000
149.000000
218.000000
496.000000
415.000000
604.000000
804.000000
1991.000000
786.000000
514.000000
477.000000
369.000000
866.000000
658.000000
289.000000
61.000000
763.000000
113.000000
164.000000
807.000000
144.000000
988.000000
780.000000
4704.000000
387.000000
73.000000
418.000000
2563.000000
498.000000
384.000000
272.000000
42.000000
102.000000
247.000000
325.000000
913.000000
415.000000
163.000000
228.000000
616.000000
312.000000
446.000000
262.000000
40.000000
151.000000
656.000000
1066.000000
212.000000
90.000000
88.000000
8622.000000
385.000000
3205.000000
1007.000000
273.000000
249.000000
1071.000000
659.000000
270.000000
182.000000
150.000000
259.000000
1354.000000
324.000000
1943.000000
228.000000
279.000000
1359.000000
276.000000
843.000000
135.000000
1600.000000
695.000000
98.000000
1022.000000
372.000000
219.000000
1828.000000
337.000000
60.000000
116.000000
478.000000
159.000000
946.000000
1216.000000
1898.000000
373.000000
390.000000
2057.000000
588.000000
225.000000
727.000000
1054.000000
168.000000
1056.000000
255.000000
583.000000
54.000000
151.000000
503.000000
1766.000000
185.000000
715.000000
522.000000
1076.000000
38.000000
223.000000
62.000000
773.000000
359.000000
241.000000
1625.000000
68.000000
3007.000000
195.000000
206.000000
711.000000
367.000000
90.000000
1860.000000
482.000000
307.000000
164.000000
141.000000
648.000000
147.000000
331.000000
168.000000
120.000000
861.000000
912.000000
245.000000
1321.000000
824.000000
451.000000
711.000000
2060.000000
686.000000
399.000000
51.000000
671.000000
9549.000000
193.000000
239.000000
1910.000000
123.000000
980.000000
313.000000
417.000000
123.000000
201.000000
169.000000
1883.000000
1836.000000
89.000000
76.000000
233.000000
462.000000
134.000000
151.000000
380.000000
231.000000
657.000000
1336.000000
211.000000
117.000000
1418.000000
567.000000
121.000000
320.000000
24.000000
97.000000
188.000000
1577.000000
205.000000
454.000000
324.000000
505.000000
1997.000000
293.000000
603.000000
368.000000
107.000000
241.000000
1643.000000
302.000000
219.000000
820.000000
1052.000000
38.000000
80.000000
673.000000
996.000000
768.000000
216.000000
192.000000
626.000000
214.000000
286.000000
188.000000
2058.000000
30.000000
205.000000
368.000000
354.000000
330.000000
447.000000
271.000000
643.000000
98.000000
427.000000
103.000000
310.000000
698.000000
3937.000000
397.000000
416.000000
435.000000
62.000000
248.000000
241.000000
506.000000
544.000000
225.000000
364.000000
94.000000
351.000000
101.000000
968.000000
1464.000000
737.000000
780.000000
214.000000
99.000000
919.000000
1300.000000
351.000000
406.000000
526.000000
1011.000000
47.000000
645.000000
163.000000
894.000000
59.000000
178.000000
265.000000
915.000000
268.000000
1991.000000
102.000000
330.000000
1796.000000
166.000000
295.000000
45.000000
115.000000
120.000000
736.000000
1372.000000
724.000000
2254.000000
225.000000
41.000000
29.000000
327.000000
2799.000000
268.000000
538.000000
127.000000
193.000000
1134.000000
1091.000000
166.000000
133.000000
283.000000
345.000000
253.000000
1417.000000
411.000000
2368.000000
414.000000
890.000000
199.000000
2533.000000
330.000000
224.000000
910.000000
389.000000
888.000000
88.000000
2201.000000
3133.000000
625.000000
256.000000
126.000000
519.000000
518.000000
322.000000
1259.000000
126.000000
1147.000000
355.000000
382.000000
339.000000
46.000000
203.000000
1558.000000
219.000000
311.000000
1095.000000
3896.000000
211.000000
242.000000
1285.000000
242.000000
49.000000
148.000000
111.000000
343.000000
382.000000
495.000000
172.000000
282.000000
249.000000
1493.000000
90.000000
455.000000
122.000000
2813.000000
318.000000
1390.000000
448.000000
1262.000000
319.000000
980.000000
138.000000
207.000000
169.000000
182.000000
186.000000
327.000000
339.000000
315.000000
146.000000
154.000000
298.000000
2388.000000
1330.000000
334.000000
580.000000
1376.000000
251.000000
337.000000
47.000000
179.000000
286.000000
82.000000
132.000000
320.000000
6482.000000
63.000000
314.000000
413.000000
280.000000
944.000000
287.000000
264.000000
319.000000
285.000000
60.000000
411.000000
121.000000
123.000000
248.000000
2349.000000
370.000000
980.000000
3865.000000
337.000000
1186.000000
258.000000
72.000000
854.000000
55.000000
716.000000
1260.000000
452.000000
296.000000
180.000000
550.000000
204.000000
1015.000000
626.000000
196.000000
1063.000000
753.000000
601.000000
93.000000
284.000000
753.000000
578.000000
2654.000000
276.000000
3120.000000
255.000000
19.000000
594.000000
333.000000
1145.000000
1539.000000
3584.000000
4660.000000
253.000000
433.000000
447.000000
1149.000000
109.000000
536.000000
141.000000
347.000000
798.000000
1147.000000
1746.000000
286.000000
299.000000
66.000000
1429.000000
143.000000
104.000000
350.000000
612.000000
49.000000
1085.000000
997.000000
986.000000
2085.000000
1632.000000
404.000000
777.000000
290.000000
217.000000
153.000000
1466.000000
87.000000
1163.000000
238.000000
1009.000000
79.000000
436.000000
2951.000000
1469.000000
202.000000
236.000000
152.000000
982.000000
92.000000
767.000000
111.000000
547.000000
1162.000000
838.000000
166.000000
168.000000
1087.000000
2038.000000
89.000000
787.000000
383.000000
242.000000
276.000000
236.000000
696.000000
661.000000
131.000000
2590.000000
239.000000
352.000000
104.000000
312.000000
764.000000
170.000000
575.000000
451.000000
1641.000000
382.000000
147.000000
272.000000
804.000000
88.000000
665.000000
406.000000
456.000000
631.000000
520.000000
967.000000
153.000000
112.000000
643.000000
778.000000
228.000000
744.000000
345.000000
491.000000
4343.000000
1315.000000
276.000000
606.000000
100.000000
337.000000
217.000000
1157.000000
1345.000000
206.000000
128.000000
556.000000
77.000000
22.000000
1064.000000
392.000000
217.000000
995.000000
1394.000000
452.000000
77.000000
452.000000
1105.000000
120.000000
425.000000
180.000000
561.000000
120.000000
1998.000000
1224.000000
1349.000000
656.000000
68.000000
418.000000
344.000000
139.000000
161.000000
3359.000000
913.000000
1078.000000
283.000000
678.000000
967.000000
386.000000
359.000000
220.000000
163.000000
2430.000000
143.000000
1300.000000
598.000000
877.000000
66.000000
1114.000000
349.000000
44.000000
183.000000
542.000000
211.000000
309.000000
2419.000000
518.000000
795.000000
114.000000
344.000000
266.000000
574.000000
