284.000000
2124.000000
521.000000
1656.000000
494.000000
1591.000000
1148.000000
143.000000
672.000000
1072.000000
3234.000000
136.000000
1271.000000
167.000000
473.000000
179.000000
118.000000
123.000000
370.000000
338.000000
193.000000
311.000000
1445.000000
384.000000
130.000000
887.000000
1066.000000
1213.000000
136.000000
399.000000
424.000000
408.000000
431.000000
1243.000000
260.000000
182.000000
1670.000000
199.000000
155.000000
782.000000
240.000000
1185.000000
966.000000
642.000000
40.000000
357.000000
136.000000
473.000000
39.000000
300.000000
175.000000
974.000000
190.000000
439.000000
19.000000
565.000000
2167.000000
656.000000
281.000000
210.000000
1640.000000
368.000000
840.000000
455.000000
333.000000
707.000000
361.000000
258.000000
8559.000000
416.000000
147.000000
579.000000
360.000000
201.000000
545.000000
567.000000
64.000000
367.000000
618.000000
396.000000
462.000000
1970.000000
213.000000
197.000000
1092.000000
329.000000
188.000000
74.000000
183.000000
777.000000
207.000000
228.000000
1607.000000
2701.000000
211.000000
317.000000
344.000000
442.000000
73.000000
868.000000
441.000000
284.000000
974.000000
309.000000
658.000000
189.000000
146.000000
644.000000
1039.000000
350.000000
746.000000
580.000000
45.000000
518.000000
108.000000
901.000000
775.000000
851.000000
82.000000
803.000000
2579.000000
1279.000000
248.000000
1864.000000
496.000000
222.000000
286.000000
739.000000
684.000000
666.000000
1902.000000
303.000000
238.000000
510.000000
175.000000
1703.000000
245.000000
634.000000
666.000000
523.000000
375.000000
229.000000
805.000000
201.000000
516.000000
1030.000000
130.000000
595.000000
1515.000000
47.000000
566.000000
690.000000
1479.000000
505.000000
304.000000
1131.000000
401.000000
577.000000
536.000000
125.000000
378.000000
641.000000
1196.000000
198.000000
40.000000
269.000000
473.000000
725.000000
616.000000
1971.000000
248.000000
70.000000
128.000000
258.000000
142.000000
2034.000000
994.000000
572.000000
240.000000
492.000000
147.000000
272.000000
248.000000
163.000000
939.000000
134.000000
63.000000
100.000000
915.000000
220.000000
100.000000
356.000000
316.000000
213.000000
1183.000000
159.000000
126.000000
1633.000000
329.000000
483.000000
513.000000
1078.000000
168.000000
81.000000
331.000000
260.000000
492.000000
536.000000
602.000000
1029.000000
743.000000
414.000000
194.000000
699.000000
217.000000
34.000000
265.000000
359.000000
237.000000
656.000000
500.000000
647.000000
198.000000
420.000000
702.000000
294.000000
487.000000
352.000000
675.000000
276.000000
227.000000
693.000000
314.000000
252.000000
245.000000
250.000000
134.000000
311.000000
201.000000
187.000000
411.000000
452.000000
220.000000
840.000000
435.000000
125.000000
1040.000000
1000.000000
90.000000
1346.000000
1016.000000
1399.000000
212.000000
475.000000
650.000000
105.000000
748.000000
471.000000
1815.000000
448.000000
871.000000
62.000000
352.000000
91.000000
292.000000
598.000000
1216.000000
251.000000
1739.000000
76.000000
485.000000
220.000000
924.000000
348.000000
430.000000
258.000000
290.000000
3406.000000
534.000000
3328.000000
493.000000
641.000000
723.000000
861.000000
884.000000
293.000000
860.000000
168.000000
1424.000000
416.000000
1105.000000
3979.000000
135.000000
600.000000
1035.000000
374.000000
380.000000
446.000000
273.000000
200.000000
1009.000000
1127.000000
454.000000
685.000000
176.000000
682.000000
204.000000
433.000000
355.000000
524.000000
306.000000
498.000000
1821.000000
70.000000
284.000000
213.000000
304.000000
551.000000
872.000000
152.000000
1037.000000
86.000000
130.000000
70.000000
429.000000
132.000000
62.000000
73.000000
182.000000
751.000000
582.000000
339.000000
146.000000
155.000000
182.000000
246.000000
802.000000
1009.000000
332.000000
62.000000
264.000000
542.000000
2318.000000
161.000000
197.000000
294.000000
1043.000000
591.000000
1685.000000
178.000000
726.000000
144.000000
289.000000
383.000000
263.000000
64.000000
112.000000
1459.000000
240.000000
388.000000
806.000000
175.000000
203.000000
183.000000
172.000000
327.000000
807.000000
299.000000
1434.000000
60.000000
1291.000000
801.000000
3522.000000
488.000000
135.000000
157.000000
800.000000
144.000000
205.000000
395.000000
575.000000
752.000000
503.000000
351.000000
1025.000000
395.000000
88.000000
178.000000
1094.000000
578.000000
795.000000
235.000000
125.000000
2931.000000
394.000000
246.000000
218.000000
305.000000
1826.000000
1346.000000
304.000000
263.000000
2980.000000
622.000000
292.000000
102.000000
196.000000
3141.000000
61.000000
444.000000
1692.000000
353.000000
944.000000
130.000000
446.000000
134.000000
158.000000
857.000000
458.000000
360.000000
418.000000
959.000000
388.000000
1398.000000
212.000000
236.000000
382.000000
298.000000
247.000000
58.000000
98.000000
441.000000
276.000000
210.000000
1331.000000
221.000000
185.000000
269.000000
430.000000
264.000000
925.000000
418.000000
186.000000
241.000000
422.000000
934.000000
551.000000
4684.000000
345.000000
94.000000
177.000000
4012.000000
262.000000
1688.000000
607.000000
231.000000
38.000000
907.000000
753.000000
141.000000
44.000000
102.000000
1614.000000
210.000000
341.000000
643.000000
324.000000
297.000000
130.000000
198.000000
205.000000
824.000000
184.000000
373.000000
301.000000
359.000000
630.000000
224.000000
229.000000
458.000000
212.000000
1471.000000
223.000000
768.000000
913.000000
2655.000000
511.000000
520.000000
292.000000
1113.000000
1957.000000
84.000000
339.000000
1386.000000
291.000000
740.000000
340.000000
1665.000000
778.000000
455.000000
1475.000000
338.000000
354.000000
204.000000
424.000000
218.000000
162.000000
1570.000000
1176.000000
686.000000
149.000000
366.000000
78.000000
180.000000
201.000000
215.000000
925.000000
796.000000
581.000000
655.000000
516.000000
551.000000
228.000000
1201.000000
849.000000
445.000000
71.000000
574.000000
569.000000
208.000000
149.000000
268.000000
976.000000
374.000000
259.000000
1261.000000
706.000000
96.000000
472.000000
234.000000
374.000000
533.000000
747.000000
848.000000
1425.000000
46.000000
693.000000
284.000000
1324.000000
774.000000
244.000000
783.000000
237.000000
303.000000
287.000000
70.000000
197.000000
238.000000
253.000000
87.000000
229.000000
187.000000
389.000000
1646.000000
417.000000
155.000000
61.000000
80.000000
382.000000
631.000000
246.000000
884.000000
31.000000
136.000000
226.000000
493.000000
337.000000
4132.000000
332.000000
2427.000000
75.000000
473.000000
1257.000000
304.000000
749.000000
1453.000000
181.000000
1666.000000
986.000000
105.000000
677.000000
3189.000000
524.000000
171.000000
480.000000
847.000000
212.000000
222.000000
1688.000000
31.000000
195.000000
173.000000
595.000000
240.000000
840.000000
511.000000
508.000000
415.000000
252.000000
76.000000
88.000000
113.000000
747.000000
163.000000
410.000000
1241.000000
144.000000
326.000000
549.000000
345.000000
1102.000000
499.000000
361.000000
758.000000
752.000000
99.000000
1775.000000
526.000000
1349.000000
3552.000000
539.000000
1467.000000
168.000000
1205.000000
302.000000
687.000000
289.000000
1363.000000
365.000000
261.000000
683.000000
213.000000
1972.000000
523.000000
875.000000
405.000000
479.000000
2741.000000
710.000000
206.000000
99.000000
402.000000
120.000000
343.000000
738.000000
373.000000
21.000000
312.000000
827.000000
259.000000
327.000000
785.000000
1071.000000
70.000000
120.000000
249.000000
334.000000
260.000000
268.000000
574.000000
264.000000
299.000000
303.000000
312.000000
110.000000
1362.000000
1970.000000
342.000000
1337.000000
1315.000000
420.000000
470.000000
436.000000
173.000000
2530.000000
1884.000000
155.000000
258.000000
455.000000
142.000000
305.000000
166.000000
185.000000
271.000000
203.000000
1116.000000
477.000000
305.000000
269.000000
118.000000
291.000000
212.000000
832.000000
540.000000
418.000000
493.000000
235.000000
518.000000
11066.000000
1465.000000
167.000000
3737.000000
1050.000000
1451.000000
126.000000
718.000000
812.000000
350.000000
169.000000
62.000000
50.000000
1905.000000
751.000000
263.000000
145.000000
598.000000
137.000000
4341.000000
460.000000
379.000000
530.000000
134.000000
481.000000
52.000000
476.000000
113.000000
401.000000
351.000000
1078.000000
572.000000
1338.000000
204.000000
81.000000
953.000000
482.000000
1919.000000
334.000000
175.000000
376.000000
823.000000
1130.000000
115.000000
355.000000
622.000000
499.000000
761.000000
434.000000
129.000000
208.000000
20.000000
791.000000
270.000000
740.000000
530.000000
445.000000
138.000000
1319.000000
426.000000
421.000000
522.000000
1386.000000
108.000000
355.000000
59.000000
231.000000
1214.000000
299.000000
104.000000
148.000000
147.000000
645.000000
858.000000
1148.000000
739.000000
144.000000
437.000000
319.000000
403.000000
183.000000
266.000000
1063.000000
3455.000000
635.000000
838.000000
864.000000
229.000000
138.000000
115.000000
829.000000
347.000000
262.000000
94.000000
147.000000
171.000000
108.000000
112.000000
862.000000
566.000000
519.000000
520.000000
285.000000
191.000000
794.000000
2614.000000
510.000000
393.000000
1243.000000
74.000000
371.000000
158.000000
227.000000
86.000000
454.000000
1356.000000
574.000000
650.000000
47.000000
41.000000
985.000000
594.000000
685.000000
111.000000
670.000000
505.000000
106.000000
1000.000000
231.000000
435.000000
508.000000
660.000000
471.000000
236.000000
83.000000
68.000000
210.000000
644.000000
410.000000
199.000000
57.000000
881.000000
93.000000
1440.000000
474.000000
1322.000000
143.000000
358.000000
469.000000
1347.000000
1193.000000
118.000000
484.000000
948.000000
347.000000
1941.000000
1126.000000
525.000000
79.000000
818.000000
227.000000
1087.000000
105.000000
281.000000
345.000000
488.000000
317.000000
70.000000
1206.000000
408.000000
43.000000
1521.000000
3437.000000
120.000000
341.000000
447.000000
164.000000
1056.000000
148.000000
669.000000
531.000000
801.000000
503.000000
684.000000
591.000000
1049.000000
992.000000
190.000000
602.000000
158.000000
680.000000
41.000000
708.000000
1144.000000
893.000000
415.000000
1404.000000
223.000000
692.000000
207.000000
502.000000
886.000000
147.000000
117.000000
86.000000
828.000000
980.000000
288.000000
610.000000
347.000000
698.000000
445.000000
156.000000
130.000000
106.000000
538.000000
267.000000
280.000000
138.000000
361.000000
381.000000
1227.000000
1428.000000
16.000000
177.000000
259.000000
559.000000
225.000000
831.000000
638.000000
160.000000
441.000000
246.000000
392.000000
86.000000
162.000000
336.000000
691.000000
78.000000
210.000000
790.000000
304.000000
74.000000
1259.000000
200.000000
409.000000
47.000000
254.000000
1612.000000
452.000000
157.000000
336.000000
815.000000
250.000000
769.000000
490.000000
2081.000000
293.000000
823.000000
856.000000
277.000000
767.000000
114.000000
490.000000
1186.000000
98.000000
294.000000
148.000000
1440.000000
162.000000
450.000000
51.000000
194.000000
102.000000
64.000000
1279.000000
232.000000
683.000000
3354.000000
369.000000
267.000000
211.000000
45.000000
231.000000
1085.000000
167.000000
662.000000
167.000000
66.000000
1333.000000
1788.000000
577.000000
