171.000000
225.000000
125.000000
90.000000
900.000000
1984.000000
349.000000
237.000000
522.000000
132.000000
755.000000
495.000000
357.000000
280.000000
57.000000
3163.000000
1366.000000
1445.000000
910.000000
483.000000
83.000000
287.000000
94.000000
364.000000
274.000000
426.000000
426.000000
729.000000
324.000000
82.000000
1275.000000
202.000000
222.000000
455.000000
655.000000
1809.000000
155.000000
270.000000
99.000000
54.000000
170.000000
1356.000000
134.000000
1360.000000
224.000000
2669.000000
175.000000
1887.000000
219.000000
384.000000
3924.000000
80.000000
159.000000
805.000000
2726.000000
688.000000
99.000000
771.000000
376.000000
1354.000000
146.000000
343.000000
229.000000
713.000000
222.000000
398.000000
437.000000
4631.000000
799.000000
1271.000000
489.000000
444.000000
637.000000
1444.000000
182.000000
4969.000000
347.000000
2210.000000
195.000000
66.000000
4350.000000
222.000000
229.000000
657.000000
1134.000000
295.000000
119.000000
755.000000
223.000000
2549.000000
201.000000
2867.000000
491.000000
29.000000
126.000000
1799.000000
170.000000
258.000000
804.000000
202.000000
149.000000
201.000000
413.000000
429.000000
145.000000
185.000000
741.000000
558.000000
963.000000
1061.000000
681.000000
561.000000
333.000000
252.000000
1015.000000
669.000000
206.000000
1620.000000
3677.000000
878.000000
2781.000000
435.000000
964.000000
39.000000
378.000000
705.000000
1050.000000
60.000000
540.000000
166.000000
150.000000
225.000000
294.000000
266.000000
1099.000000
159.000000
137.000000
843.000000
366.000000
812.000000
144.000000
427.000000
1437.000000
5216.000000
1223.000000
999.000000
46.000000
532.000000
888.000000
472.000000
376.000000
27.000000
50.000000
674.000000
477.000000
728.000000
1227.000000
307.000000
299.000000
718.000000
76.000000
62.000000
103.000000
414.000000
747.000000
163.000000
2239.000000
79.000000
234.000000
392.000000
44.000000
831.000000
103.000000
593.000000
171.000000
2243.000000
348.000000
1288.000000
547.000000
460.000000
1545.000000
2320.000000
529.000000
560.000000
423.000000
228.000000
914.000000
460.000000
2316.000000
651.000000
508.000000
3511.000000
485.000000
116.000000
755.000000
354.000000
183.000000
287.000000
1385.000000
1009.000000
1157.000000
227.000000
960.000000
148.000000
156.000000
90.000000
643.000000
103.000000
1813.000000
371.000000
614.000000
31.000000
244.000000
680.000000
1035.000000
288.000000
234.000000
754.000000
94.000000
103.000000
392.000000
177.000000
573.000000
353.000000
59.000000
336.000000
139.000000
1935.000000
963.000000
109.000000
1174.000000
143.000000
2641.000000
428.000000
291.000000
1204.000000
229.000000
749.000000
267.000000
51.000000
404.000000
606.000000
15.000000
187.000000
451.000000
1598.000000
465.000000
300.000000
88.000000
1601.000000
349.000000
510.000000
707.000000
273.000000
244.000000
152.000000
227.000000
52.000000
1530.000000
234.000000
1329.000000
239.000000
519.000000
168.000000
1266.000000
1633.000000
132.000000
1576.000000
1123.000000
123.000000
119.000000
94.000000
961.000000
1485.000000
172.000000
196.000000
317.000000
503.000000
797.000000
2931.000000
433.000000
405.000000
346.000000
1979.000000
276.000000
470.000000
547.000000
2884.000000
94.000000
1722.000000
959.000000
52.000000
180.000000
1297.000000
530.000000
1246.000000
125.000000
511.000000
283.000000
2000.000000
1932.000000
147.000000
384.000000
268.000000
814.000000
82.000000
402.000000
698.000000
163.000000
778.000000
177.000000
409.000000
619.000000
1264.000000
1115.000000
292.000000
943.000000
875.000000
464.000000
413.000000
774.000000
187.000000
207.000000
229.000000
267.000000
150.000000
490.000000
904.000000
840.000000
139.000000
1619.000000
1373.000000
729.000000
3489.000000
584.000000
907.000000
688.000000
233.000000
945.000000
1437.000000
197.000000
187.000000
1405.000000
986.000000
509.000000
551.000000
437.000000
452.000000
888.000000
678.000000
386.000000
518.000000
1007.000000
110.000000
1110.000000
216.000000
80.000000
674.000000
2299.000000
392.000000
694.000000
3598.000000
643.000000
147.000000
28.000000
804.000000
50.000000
332.000000
464.000000
542.000000
254.000000
150.000000
80.000000
97.000000
486.000000
253.000000
196.000000
268.000000
254.000000
1601.000000
1105.000000
145.000000
922.000000
92.000000
675.000000
100.000000
143.000000
224.000000
783.000000
3231.000000
743.000000
357.000000
112.000000
526.000000
145.000000
155.000000
1064.000000
488.000000
249.000000
94.000000
4453.000000
25.000000
430.000000
436.000000
634.000000
1087.000000
534.000000
232.000000
331.000000
491.000000
694.000000
1325.000000
749.000000
175.000000
65.000000
378.000000
318.000000
133.000000
1815.000000
167.000000
155.000000
269.000000
756.000000
346.000000
302.000000
757.000000
685.000000
425.000000
115.000000
154.000000
1231.000000
288.000000
339.000000
358.000000
718.000000
1344.000000
416.000000
346.000000
199.000000
138.000000
91.000000
36.000000
98.000000
4882.000000
551.000000
118.000000
473.000000
286.000000
240.000000
55.000000
492.000000
258.000000
648.000000
442.000000
269.000000
401.000000
982.000000
293.000000
394.000000
257.000000
1774.000000
142.000000
198.000000
746.000000
472.000000
332.000000
208.000000
179.000000
270.000000
444.000000
98.000000
370.000000
570.000000
278.000000
207.000000
1087.000000
672.000000
209.000000
1805.000000
1185.000000
139.000000
210.000000
1350.000000
81.000000
140.000000
1536.000000
448.000000
72.000000
112.000000
495.000000
250.000000
502.000000
160.000000
196.000000
1148.000000
689.000000
340.000000
1499.000000
369.000000
340.000000
483.000000
222.000000
872.000000
1488.000000
464.000000
1143.000000
1034.000000
998.000000
1438.000000
208.000000
972.000000
305.000000
325.000000
219.000000
170.000000
1744.000000
1833.000000
426.000000
58.000000
379.000000
291.000000
2010.000000
146.000000
879.000000
3104.000000
1038.000000
1382.000000
236.000000
110.000000
184.000000
278.000000
312.000000
647.000000
1109.000000
1384.000000
595.000000
1856.000000
110.000000
2378.000000
3833.000000
215.000000
418.000000
478.000000
118.000000
723.000000
219.000000
296.000000
330.000000
177.000000
498.000000
404.000000
422.000000
287.000000
462.000000
240.000000
460.000000
492.000000
1928.000000
163.000000
379.000000
318.000000
528.000000
145.000000
1924.000000
290.000000
444.000000
958.000000
300.000000
2420.000000
665.000000
469.000000
106.000000
292.000000
260.000000
106.000000
222.000000
581.000000
340.000000
305.000000
110.000000
272.000000
3192.000000
3248.000000
338.000000
429.000000
543.000000
239.000000
81.000000
121.000000
2130.000000
154.000000
424.000000
456.000000
310.000000
323.000000
1967.000000
2106.000000
261.000000
136.000000
907.000000
73.000000
208.000000
260.000000
631.000000
201.000000
448.000000
183.000000
425.000000
568.000000
353.000000
1468.000000
164.000000
589.000000
314.000000
198.000000
252.000000
619.000000
1015.000000
557.000000
412.000000
1259.000000
1419.000000
562.000000
383.000000
832.000000
2154.000000
377.000000
139.000000
2246.000000
177.000000
298.000000
423.000000
111.000000
1392.000000
779.000000
457.000000
169.000000
85.000000
208.000000
180.000000
409.000000
379.000000
252.000000
209.000000
374.000000
415.000000
165.000000
845.000000
223.000000
509.000000
468.000000
1082.000000
402.000000
783.000000
167.000000
648.000000
264.000000
382.000000
191.000000
576.000000
213.000000
212.000000
611.000000
554.000000
1132.000000
320.000000
390.000000
272.000000
80.000000
381.000000
654.000000
148.000000
523.000000
223.000000
23.000000
970.000000
366.000000
454.000000
437.000000
620.000000
6318.000000
98.000000
659.000000
213.000000
157.000000
204.000000
498.000000
1860.000000
315.000000
965.000000
417.000000
156.000000
951.000000
88.000000
356.000000
233.000000
143.000000
237.000000
593.000000
511.000000
260.000000
555.000000
1151.000000
211.000000
145.000000
189.000000
311.000000
1872.000000
871.000000
578.000000
443.000000
376.000000
12.000000
105.000000
268.000000
155.000000
518.000000
399.000000
810.000000
201.000000
480.000000
499.000000
302.000000
956.000000
438.000000
310.000000
283.000000
287.000000
521.000000
496.000000
226.000000
335.000000
979.000000
805.000000
261.000000
880.000000
210.000000
471.000000
1068.000000
481.000000
80.000000
355.000000
106.000000
630.000000
48.000000
730.000000
134.000000
189.000000
2087.000000
93.000000
27.000000
544.000000
2197.000000
468.000000
284.000000
160.000000
458.000000
412.000000
287.000000
191.000000
236.000000
319.000000
359.000000
12.000000
61.000000
383.000000
595.000000
2046.000000
128.000000
150.000000
120.000000
1297.000000
136.000000
108.000000
154.000000
818.000000
495.000000
131.000000
2273.000000
2271.000000
90.000000
1202.000000
516.000000
1301.000000
131.000000
129.000000
385.000000
1093.000000
60.000000
930.000000
188.000000
3070.000000
515.000000
811.000000
759.000000
266.000000
84.000000
223.000000
364.000000
252.000000
1346.000000
1144.000000
1217.000000
382.000000
475.000000
750.000000
1100.000000
378.000000
203.000000
750.000000
2518.000000
1739.000000
2835.000000
209.000000
406.000000
558.000000
88.000000
212.000000
213.000000
274.000000
204.000000
710.000000
140.000000
241.000000
245.000000
3403.000000
767.000000
192.000000
494.000000
145.000000
143.000000
1242.000000
195.000000
202.000000
5496.000000
248.000000
251.000000
738.000000
380.000000
170.000000
74.000000
1621.000000
560.000000
122.000000
571.000000
2333.000000
714.000000
163.000000
360.000000
321.000000
599.000000
918.000000
106.000000
630.000000
421.000000
218.000000
935.000000
503.000000
383.000000
373.000000
506.000000
523.000000
174.000000
99.000000
955.000000
1025.000000
172.000000
801.000000
721.000000
1421.000000
86.000000
372.000000
2072.000000
393.000000
169.000000
380.000000
184.000000
4626.000000
201.000000
435.000000
823.000000
151.000000
1489.000000
247.000000
296.000000
1192.000000
2440.000000
764.000000
141.000000
55.000000
806.000000
84.000000
1232.000000
725.000000
159.000000
234.000000
76.000000
67.000000
221.000000
45.000000
726.000000
298.000000
2026.000000
545.000000
360.000000
147.000000
2102.000000
283.000000
254.000000
1230.000000
230.000000
827.000000
1066.000000
125.000000
125.000000
296.000000
94.000000
85.000000
762.000000
667.000000
3422.000000
383.000000
98.000000
87.000000
1214.000000
1365.000000
311.000000
117.000000
523.000000
1727.000000
401.000000
362.000000
599.000000
203.000000
518.000000
379.000000
139.000000
144.000000
37.000000
795.000000
4623.000000
1221.000000
400.000000
980.000000
678.000000
335.000000
409.000000
60.000000
101.000000
176.000000
344.000000
2540.000000
49.000000
998.000000
1068.000000
916.000000
1230.000000
382.000000
406.000000
22.000000
1207.000000
54.000000
647.000000
201.000000
279.000000
408.000000
779.000000
1606.000000
54.000000
158.000000
2480.000000
180.000000
293.000000
575.000000
300.000000
1254.000000
216.000000
1062.000000
571.000000
1017.000000
1107.000000
736.000000
436.000000
1853.000000
1160.000000
186.000000
254.000000
318.000000
438.000000
120.000000
1990.000000
623.000000
226.000000
139.000000
147.000000
550.000000
3176.000000
1292.000000
300.000000
289.000000
