681.000000
381.000000
273.000000
143.000000
211.000000
150.000000
198.000000
327.000000
332.000000
2950.000000
177.000000
115.000000
1648.000000
97.000000
186.000000
85.000000
65.000000
180.000000
718.000000
680.000000
935.000000
241.000000
230.000000
134.000000
139.000000
640.000000
283.000000
2235.000000
208.000000
580.000000
2472.000000
47.000000
164.000000
336.000000
431.000000
610.000000
176.000000
1668.000000
247.000000
587.000000
709.000000
83.000000
177.000000
77.000000
717.000000
596.000000
215.000000
287.000000
277.000000
193.000000
481.000000
169.000000
317.000000
1576.000000
266.000000
1181.000000
638.000000
585.000000
684.000000
453.000000
176.000000
1478.000000
218.000000
92.000000
229.000000
2487.000000
274.000000
315.000000
39.000000
233.000000
431.000000
172.000000
247.000000
504.000000
195.000000
538.000000
251.000000
844.000000
195.000000
278.000000
82.000000
179.000000
990.000000
82.000000
136.000000
514.000000
1488.000000
574.000000
228.000000
999.000000
478.000000
83.000000
173.000000
1125.000000
7335.000000
190.000000
127.000000
528.000000
188.000000
428.000000
514.000000
588.000000
2483.000000
604.000000
439.000000
1682.000000
256.000000
283.000000
1178.000000
230.000000
981.000000
1492.000000
307.000000
86.000000
824.000000
640.000000
453.000000
515.000000
2119.000000
3537.000000
123.000000
195.000000
239.000000
287.000000
833.000000
362.000000
955.000000
723.000000
108.000000
1759.000000
3808.000000
768.000000
537.000000
382.000000
302.000000
886.000000
426.000000
911.000000
330.000000
675.000000
556.000000
98.000000
210.000000
590.000000
374.000000
957.000000
446.000000
418.000000
585.000000
329.000000
713.000000
226.000000
245.000000
195.000000
1245.000000
431.000000
744.000000
561.000000
1292.000000
82.000000
241.000000
1588.000000
961.000000
5965.000000
414.000000
127.000000
361.000000
129.000000
230.000000
581.000000
159.000000
475.000000
451.000000
501.000000
49.000000
88.000000
710.000000
558.000000
166.000000
336.000000
337.000000
485.000000
96.000000
521.000000
171.000000
315.000000
1253.000000
1567.000000
68.000000
520.000000
1514.000000
34.000000
521.000000
559.000000
530.000000
659.000000
4670.000000
1754.000000
345.000000
180.000000
36.000000
837.000000
1324.000000
915.000000
99.000000
286.000000
217.000000
656.000000
747.000000
134.000000
171.000000
475.000000
574.000000
40.000000
31.000000
601.000000
376.000000
339.000000
308.000000
666.000000
1243.000000
134.000000
127.000000
2157.000000
549.000000
136.000000
1371.000000
300.000000
253.000000
222.000000
254.000000
49.000000
342.000000
196.000000
1043.000000
77.000000
561.000000
482.000000
5306.000000
139.000000
256.000000
452.000000
1091.000000
351.000000
110.000000
153.000000
466.000000
412.000000
815.000000
777.000000
123.000000
159.000000
440.000000
728.000000
75.000000
402.000000
1236.000000
83.000000
776.000000
348.000000
192.000000
1401.000000
2315.000000
489.000000
1054.000000
608.000000
703.000000
314.000000
6254.000000
601.000000
63.000000
1837.000000
969.000000
957.000000
273.000000
265.000000
479.000000
3168.000000
167.000000
611.000000
1189.000000
1133.000000
97.000000
84.000000
232.000000
77.000000
4382.000000
107.000000
253.000000
1052.000000
143.000000
402.000000
245.000000
260.000000
101.000000
320.000000
115.000000
828.000000
479.000000
239.000000
1183.000000
773.000000
68.000000
156.000000
153.000000
225.000000
708.000000
1084.000000
223.000000
516.000000
339.000000
22.000000
289.000000
332.000000
2729.000000
794.000000
3727.000000
1457.000000
823.000000
944.000000
554.000000
216.000000
610.000000
165.000000
72.000000
231.000000
331.000000
538.000000
124.000000
130.000000
412.000000
1019.000000
62.000000
301.000000
336.000000
197.000000
234.000000
92.000000
255.000000
623.000000
619.000000
165.000000
482.000000
23.000000
397.000000
259.000000
97.000000
56.000000
2302.000000
60.000000
400.000000
1160.000000
1032.000000
332.000000
220.000000
617.000000
215.000000
344.000000
68.000000
6458.000000
545.000000
192.000000
299.000000
245.000000
170.000000
167.000000
149.000000
238.000000
831.000000
339.000000
1156.000000
446.000000
2020.000000
312.000000
251.000000
417.000000
396.000000
117.000000
1283.000000
484.000000
426.000000
248.000000
321.000000
719.000000
163.000000
465.000000
393.000000
1937.000000
1257.000000
514.000000
120.000000
58.000000
719.000000
478.000000
676.000000
715.000000
104.000000
753.000000
8482.000000
395.000000
71.000000
395.000000
285.000000
327.000000
272.000000
107.000000
309.000000
255.000000
1190.000000
188.000000
987.000000
229.000000
655.000000
580.000000
564.000000
703.000000
735.000000
439.000000
160.000000
712.000000
326.000000
775.000000
153.000000
104.000000
667.000000
150.000000
166.000000
761.000000
73.000000
256.000000
497.000000
300.000000
125.000000
331.000000
1092.000000
441.000000
170.000000
200.000000
196.000000
880.000000
419.000000
1793.000000
1384.000000
64.000000
218.000000
648.000000
129.000000
386.000000
3991.000000
344.000000
179.000000
837.000000
593.000000
4912.000000
321.000000
66.000000
1416.000000
705.000000
204.000000
1124.000000
200.000000
1799.000000
981.000000
256.000000
1030.000000
220.000000
590.000000
452.000000
84.000000
157.000000
371.000000
594.000000
196.000000
170.000000
464.000000
1286.000000
208.000000
254.000000
4922.000000
267.000000
639.000000
316.000000
1003.000000
95.000000
1447.000000
262.000000
106.000000
430.000000
1764.000000
606.000000
860.000000
238.000000
83.000000
347.000000
208.000000
244.000000
298.000000
458.000000
171.000000
384.000000
511.000000
266.000000
317.000000
360.000000
519.000000
456.000000
473.000000
1828.000000
1006.000000
352.000000
806.000000
224.000000
952.000000
685.000000
2262.000000
463.000000
156.000000
136.000000
156.000000
145.000000
312.000000
297.000000
370.000000
224.000000
271.000000
118.000000
1189.000000
631.000000
195.000000
204.000000
188.000000
846.000000
228.000000
134.000000
90.000000
2441.000000
203.000000
1931.000000
581.000000
78.000000
113.000000
154.000000
832.000000
501.000000
90.000000
192.000000
179.000000
1790.000000
451.000000
74.000000
41.000000
2056.000000
918.000000
170.000000
261.000000
12738.000000
1017.000000
1514.000000
330.000000
510.000000
923.000000
334.000000
1342.000000
233.000000
372.000000
228.000000
226.000000
156.000000
224.000000
440.000000
264.000000
92.000000
2042.000000
236.000000
338.000000
300.000000
683.000000
228.000000
193.000000
431.000000
529.000000
749.000000
2779.000000
663.000000
153.000000
111.000000
1380.000000
274.000000
563.000000
1007.000000
609.000000
2907.000000
1567.000000
614.000000
524.000000
318.000000
133.000000
87.000000
1487.000000
125.000000
685.000000
386.000000
1003.000000
1672.000000
267.000000
228.000000
121.000000
134.000000
1104.000000
2532.000000
544.000000
161.000000
623.000000
28.000000
14.000000
124.000000
602.000000
291.000000
96.000000
1903.000000
347.000000
857.000000
127.000000
1913.000000
124.000000
2008.000000
169.000000
954.000000
162.000000
180.000000
306.000000
338.000000
250.000000
1938.000000
2735.000000
66.000000
50.000000
751.000000
484.000000
250.000000
126.000000
1105.000000
787.000000
257.000000
374.000000
759.000000
1886.000000
91.000000
885.000000
172.000000
170.000000
110.000000
157.000000
478.000000
382.000000
668.000000
734.000000
105.000000
216.000000
1055.000000
399.000000
293.000000
179.000000
2339.000000
477.000000
1684.000000
1041.000000
347.000000
494.000000
299.000000
339.000000
1299.000000
243.000000
409.000000
220.000000
420.000000
2202.000000
414.000000
578.000000
2852.000000
287.000000
323.000000
2222.000000
1017.000000
383.000000
240.000000
125.000000
1752.000000
232.000000
832.000000
412.000000
692.000000
246.000000
84.000000
680.000000
116.000000
1787.000000
789.000000
267.000000
138.000000
734.000000
218.000000
694.000000
239.000000
979.000000
248.000000
275.000000
330.000000
62.000000
390.000000
1446.000000
2875.000000
598.000000
110.000000
120.000000
274.000000
679.000000
141.000000
892.000000
630.000000
432.000000
6580.000000
182.000000
246.000000
701.000000
645.000000
781.000000
143.000000
334.000000
199.000000
2858.000000
454.000000
1158.000000
174.000000
1448.000000
236.000000
131.000000
634.000000
198.000000
150.000000
543.000000
495.000000
200.000000
902.000000
1643.000000
29.000000
229.000000
607.000000
111.000000
492.000000
1208.000000
276.000000
320.000000
1433.000000
74.000000
1287.000000
230.000000
332.000000
1197.000000
188.000000
932.000000
485.000000
167.000000
3563.000000
561.000000
406.000000
108.000000
1495.000000
418.000000
408.000000
504.000000
2198.000000
596.000000
241.000000
902.000000
821.000000
712.000000
193.000000
336.000000
217.000000
383.000000
1355.000000
53.000000
101.000000
317.000000
683.000000
186.000000
466.000000
311.000000
520.000000
205.000000
317.000000
246.000000
1321.000000
68.000000
282.000000
100.000000
319.000000
580.000000
170.000000
317.000000
1251.000000
203.000000
172.000000
394.000000
334.000000
183.000000
218.000000
536.000000
2903.000000
881.000000
613.000000
550.000000
508.000000
198.000000
430.000000
882.000000
1079.000000
889.000000
2376.000000
465.000000
188.000000
3785.000000
271.000000
478.000000
200.000000
503.000000
452.000000
50.000000
810.000000
261.000000
1201.000000
449.000000
1048.000000
4494.000000
248.000000
1328.000000
307.000000
57.000000
475.000000
324.000000
231.000000
531.000000
143.000000
568.000000
710.000000
65.000000
401.000000
2252.000000
439.000000
964.000000
328.000000
268.000000
149.000000
1726.000000
706.000000
861.000000
500.000000
581.000000
911.000000
128.000000
752.000000
1308.000000
841.000000
103.000000
762.000000
621.000000
178.000000
2572.000000
912.000000
430.000000
159.000000
351.000000
42.000000
111.000000
218.000000
698.000000
541.000000
651.000000
111.000000
204.000000
534.000000
281.000000
76.000000
440.000000
1083.000000
295.000000
102.000000
148.000000
534.000000
199.000000
500.000000
458.000000
236.000000
356.000000
221.000000
1329.000000
3342.000000
773.000000
554.000000
195.000000
105.000000
437.000000
87.000000
152.000000
380.000000
160.000000
1275.000000
2897.000000
1150.000000
405.000000
164.000000
1035.000000
384.000000
1302.000000
417.000000
129.000000
596.000000
355.000000
3049.000000
430.000000
113.000000
288.000000
569.000000
1027.000000
1073.000000
778.000000
114.000000
330.000000
266.000000
285.000000
137.000000
211.000000
110.000000
64.000000
859.000000
184.000000
337.000000
458.000000
323.000000
271.000000
320.000000
11630.000000
167.000000
308.000000
2473.000000
1930.000000
370.000000
305.000000
421.000000
322.000000
211.000000
408.000000
111.000000
688.000000
900.000000
900.000000
856.000000
34.000000
55.000000
237.000000
1018.000000
390.000000
827.000000
1442.000000
1962.000000
290.000000
897.000000
70.000000
540.000000
138.000000
389.000000
130.000000
808.000000
1144.000000
616.000000
813.000000
607.000000
76.000000
285.000000
91.000000
2102.000000
3078.000000
177.000000
982.000000
464.000000
1020.000000
167.000000
206.000000
313.000000
95.000000
1719.000000
803.000000
1112.000000
197.000000
819.000000
267.000000
265.000000
248.000000
249.000000
