222.000000
1758.000000
380.000000
84.000000
114.000000
335.000000
1146.000000
492.000000
199.000000
800.000000
619.000000
418.000000
225.000000
596.000000
1086.000000
646.000000
645.000000
177.000000
234.000000
1325.000000
292.000000
133.000000
69.000000
147.000000
1457.000000
104.000000
52.000000
1898.000000
846.000000
731.000000
219.000000
377.000000
2665.000000
99.000000
1118.000000
148.000000
595.000000
173.000000
182.000000
552.000000
399.000000
427.000000
1383.000000
257.000000
174.000000
29.000000
644.000000
2440.000000
58.000000
200.000000
247.000000
3021.000000
98.000000
265.000000
347.000000
301.000000
247.000000
72.000000
572.000000
125.000000
6746.000000
2122.000000
228.000000
211.000000
110.000000
106.000000
1322.000000
591.000000
642.000000
1307.000000
876.000000
416.000000
86.000000
1126.000000
321.000000
77.000000
1309.000000
405.000000
63.000000
3118.000000
426.000000
543.000000
343.000000
203.000000
451.000000
69.000000
72.000000
118.000000
129.000000
1229.000000
128.000000
306.000000
110.000000
3374.000000
492.000000
241.000000
359.000000
68.000000
204.000000
29.000000
149.000000
1132.000000
187.000000
380.000000
100.000000
191.000000
520.000000
309.000000
168.000000
117.000000
1387.000000
958.000000
2260.000000
39.000000
57.000000
337.000000
308.000000
1421.000000
1892.000000
35.000000
360.000000
2126.000000
210.000000
146.000000
317.000000
413.000000
521.000000
640.000000
627.000000
525.000000
362.000000
493.000000
52.000000
379.000000
137.000000
486.000000
202.000000
57.000000
885.000000
292.000000
150.000000
465.000000
209.000000
608.000000
581.000000
252.000000
198.000000
253.000000
1813.000000
685.000000
1593.000000
380.000000
488.000000
644.000000
652.000000
397.000000
3789.000000
288.000000
536.000000
432.000000
449.000000
447.000000
717.000000
215.000000
3389.000000
1530.000000
340.000000
161.000000
148.000000
417.000000
312.000000
91.000000
354.000000
209.000000
1370.000000
166.000000
25.000000
2152.000000
449.000000
66.000000
788.000000
205.000000
112.000000
88.000000
128.000000
92.000000
220.000000
124.000000
57.000000
810.000000
725.000000
1170.000000
531.000000
1866.000000
369.000000
271.000000
2637.000000
655.000000
199.000000
84.000000
298.000000
926.000000
1300.000000
346.000000
462.000000
2737.000000
687.000000
1193.000000
232.000000
181.000000
99.000000
170.000000
234.000000
1028.000000
330.000000
238.000000
188.000000
985.000000
245.000000
191.000000
350.000000
1236.000000
1490.000000
199.000000
258.000000
337.000000
2408.000000
838.000000
533.000000
303.000000
324.000000
1881.000000
160.000000
109.000000
326.000000
473.000000
1500.000000
803.000000
88.000000
546.000000
2459.000000
1254.000000
66.000000
221.000000
884.000000
204.000000
303.000000
367.000000
477.000000
958.000000
356.000000
224.000000
777.000000
831.000000
570.000000
232.000000
69.000000
589.000000
546.000000
1962.000000
158.000000
269.000000
122.000000
470.000000
490.000000
378.000000
2123.000000
234.000000
64.000000
320.000000
197.000000
341.000000
197.000000
179.000000
257.000000
137.000000
532.000000
170.000000
260.000000
308.000000
309.000000
59.000000
503.000000
315.000000
4550.000000
415.000000
119.000000
763.000000
354.000000
621.000000
36.000000
166.000000
211.000000
311.000000
137.000000
495.000000
137.000000
532.000000
1968.000000
130.000000
604.000000
815.000000
649.000000
1430.000000
1238.000000
212.000000
443.000000
584.000000
63.000000
278.000000
618.000000
283.000000
662.000000
205.000000
983.000000
331.000000
1109.000000
556.000000
787.000000
163.000000
361.000000
197.000000
180.000000
175.000000
242.000000
1253.000000
745.000000
363.000000
587.000000
1086.000000
408.000000
319.000000
3118.000000
6578.000000
1036.000000
601.000000
432.000000
104.000000
753.000000
113.000000
191.000000
1451.000000
392.000000
449.000000
286.000000
549.000000
560.000000
97.000000
235.000000
749.000000
205.000000
416.000000
734.000000
124.000000
461.000000
308.000000
386.000000
46.000000
217.000000
357.000000
521.000000
375.000000
456.000000
165.000000
1865.000000
2680.000000
2668.000000
226.000000
2058.000000
638.000000
267.000000
1122.000000
323.000000
713.000000
914.000000
583.000000
308.000000
544.000000
408.000000
728.000000
1746.000000
998.000000
255.000000
336.000000
1130.000000
466.000000
173.000000
199.000000
648.000000
29.000000
362.000000
610.000000
139.000000
176.000000
376.000000
199.000000
219.000000
513.000000
381.000000
278.000000
111.000000
1160.000000
721.000000
201.000000
131.000000
67.000000
69.000000
105.000000
121.000000
181.000000
975.000000
1763.000000
141.000000
197.000000
39.000000
479.000000
2638.000000
172.000000
655.000000
144.000000
693.000000
468.000000
241.000000
273.000000
782.000000
376.000000
204.000000
646.000000
812.000000
254.000000
1664.000000
399.000000
212.000000
241.000000
167.000000
300.000000
235.000000
813.000000
142.000000
272.000000
377.000000
56.000000
542.000000
1386.000000
1453.000000
232.000000
271.000000
301.000000
81.000000
516.000000
632.000000
803.000000
851.000000
470.000000
182.000000
315.000000
129.000000
86.000000
338.000000
223.000000
993.000000
215.000000
104.000000
903.000000
2021.000000
253.000000
1668.000000
550.000000
71.000000
872.000000
782.000000
295.000000
330.000000
300.000000
1343.000000
471.000000
1664.000000
80.000000
251.000000
1367.000000
424.000000
241.000000
1084.000000
62.000000
249.000000
789.000000
62.000000
74.000000
35.000000
132.000000
144.000000
999.000000
355.000000
133.000000
1211.000000
370.000000
388.000000
194.000000
496.000000
75.000000
3717.000000
506.000000
422.000000
105.000000
432.000000
3205.000000
983.000000
119.000000
3863.000000
106.000000
1525.000000
1071.000000
274.000000
363.000000
1182.000000
254.000000
1387.000000
823.000000
266.000000
312.000000
669.000000
231.000000
412.000000
287.000000
1057.000000
92.000000
1656.000000
192.000000
681.000000
1556.000000
649.000000
207.000000
170.000000
337.000000
32.000000
1450.000000
474.000000
1121.000000
170.000000
912.000000
871.000000
2176.000000
1043.000000
439.000000
5487.000000
227.000000
52.000000
1336.000000
242.000000
1349.000000
436.000000
921.000000
95.000000
4901.000000
185.000000
89.000000
150.000000
1243.000000
102.000000
245.000000
1550.000000
563.000000
787.000000
1213.000000
42.000000
369.000000
6094.000000
116.000000
374.000000
389.000000
101.000000
73.000000
1493.000000
44.000000
262.000000
336.000000
1446.000000
157.000000
160.000000
303.000000
1566.000000
91.000000
167.000000
247.000000
712.000000
365.000000
1850.000000
2489.000000
375.000000
3304.000000
825.000000
502.000000
120.000000
610.000000
255.000000
154.000000
726.000000
185.000000
215.000000
301.000000
241.000000
342.000000
981.000000
539.000000
224.000000
325.000000
928.000000
37.000000
76.000000
371.000000
125.000000
404.000000
393.000000
369.000000
3109.000000
289.000000
648.000000
241.000000
2094.000000
5516.000000
236.000000
139.000000
157.000000
217.000000
311.000000
591.000000
1077.000000
466.000000
399.000000
584.000000
644.000000
1131.000000
528.000000
445.000000
123.000000
191.000000
640.000000
694.000000
1474.000000
292.000000
614.000000
221.000000
1330.000000
119.000000
278.000000
354.000000
567.000000
44.000000
1024.000000
553.000000
393.000000
719.000000
196.000000
689.000000
289.000000
88.000000
279.000000
792.000000
462.000000
1364.000000
222.000000
105.000000
746.000000
517.000000
2309.000000
1873.000000
274.000000
154.000000
320.000000
195.000000
857.000000
143.000000
591.000000
1042.000000
648.000000
62.000000
61.000000
305.000000
296.000000
406.000000
327.000000
255.000000
871.000000
88.000000
960.000000
125.000000
669.000000
256.000000
2106.000000
104.000000
571.000000
795.000000
217.000000
450.000000
1425.000000
641.000000
903.000000
168.000000
611.000000
1114.000000
546.000000
969.000000
412.000000
650.000000
526.000000
460.000000
525.000000
289.000000
189.000000
493.000000
412.000000
81.000000
426.000000
307.000000
625.000000
189.000000
815.000000
171.000000
504.000000
570.000000
314.000000
434.000000
374.000000
697.000000
582.000000
73.000000
188.000000
1068.000000
84.000000
73.000000
348.000000
121.000000
549.000000
285.000000
7235.000000
71.000000
6070.000000
225.000000
1825.000000
687.000000
817.000000
398.000000
256.000000
269.000000
335.000000
498.000000
501.000000
73.000000
81.000000
258.000000
80.000000
127.000000
180.000000
120.000000
727.000000
155.000000
305.000000
847.000000
351.000000
265.000000
331.000000
281.000000
2735.000000
426.000000
556.000000
435.000000
5936.000000
920.000000
369.000000
180.000000
735.000000
104.000000
1516.000000
443.000000
901.000000
2205.000000
148.000000
1263.000000
360.000000
584.000000
326.000000
523.000000
2308.000000
183.000000
905.000000
447.000000
812.000000
96.000000
1361.000000
107.000000
153.000000
354.000000
249.000000
559.000000
2127.000000
146.000000
157.000000
804.000000
3631.000000
1473.000000
124.000000
585.000000
581.000000
470.000000
188.000000
196.000000
956.000000
36.000000
88.000000
218.000000
1850.000000
195.000000
230.000000
2095.000000
202.000000
327.000000
678.000000
604.000000
1595.000000
120.000000
227.000000
55.000000
521.000000
242.000000
108.000000
403.000000
2414.000000
316.000000
393.000000
747.000000
213.000000
2073.000000
704.000000
99.000000
922.000000
1182.000000
373.000000
559.000000
613.000000
384.000000
86.000000
1457.000000
370.000000
329.000000
115.000000
201.000000
1982.000000
1104.000000
150.000000
68.000000
189.000000
1542.000000
107.000000
171.000000
395.000000
457.000000
1562.000000
1451.000000
109.000000
308.000000
224.000000
1645.000000
532.000000
84.000000
527.000000
46.000000
282.000000
857.000000
3027.000000
282.000000
1234.000000
66.000000
274.000000
250.000000
643.000000
164.000000
257.000000
58.000000
197.000000
752.000000
873.000000
2037.000000
553.000000
842.000000
45.000000
536.000000
194.000000
147.000000
2956.000000
150.000000
723.000000
482.000000
345.000000
871.000000
824.000000
102.000000
136.000000
88.000000
149.000000
311.000000
29.000000
86.000000
497.000000
221.000000
1571.000000
212.000000
34.000000
285.000000
421.000000
398.000000
144.000000
374.000000
302.000000
2382.000000
129.000000
1067.000000
685.000000
209.000000
46.000000
184.000000
218.000000
814.000000
121.000000
792.000000
1364.000000
194.000000
160.000000
239.000000
111.000000
146.000000
1062.000000
122.000000
175.000000
217.000000
163.000000
1051.000000
367.000000
483.000000
3486.000000
677.000000
187.000000
96.000000
166.000000
3917.000000
194.000000
241.000000
85.000000
4077.000000
1963.000000
679.000000
143.000000
1774.000000
649.000000
940.000000
34.000000
891.000000
285.000000
1076.000000
707.000000
87.000000
1091.000000
1529.000000
522.000000
1145.000000
379.000000
267.000000
528.000000
63.000000
726.000000
307.000000
849.000000
152.000000
124.000000
163.000000
1269.000000
243.000000
333.000000
91.000000
392.000000
215.000000
230.000000
814.000000
1494.000000
282.000000
124.000000
1429.000000
872.000000
2112.000000
702.000000
189.000000
1424.000000
1083.000000
667.000000
372.000000
519.000000
500.000000
1705.000000
238.000000
17250.000000
236.000000
