402.000000
353.000000
213.000000
174.000000
485.000000
1389.000000
167.000000
1081.000000
88.000000
456.000000
86.000000
577.000000
120.000000
96.000000
143.000000
422.000000
273.000000
1226.000000
191.000000
124.000000
537.000000
174.000000
207.000000
2804.000000
226.000000
62.000000
71.000000
2251.000000
354.000000
649.000000
238.000000
324.000000
510.000000
107.000000
189.000000
325.000000
1391.000000
346.000000
234.000000
708.000000
323.000000
88.000000
842.000000
493.000000
695.000000
98.000000
349.000000
332.000000
529.000000
163.000000
146.000000
231.000000
337.000000
201.000000
477.000000
90.000000
590.000000
1579.000000
90.000000
414.000000
867.000000
249.000000
861.000000
111.000000
406.000000
717.000000
469.000000
383.000000
394.000000
3180.000000
757.000000
2504.000000
422.000000
1479.000000
303.000000
240.000000
600.000000
517.000000
1472.000000
252.000000
406.000000
203.000000
257.000000
329.000000
541.000000
145.000000
1291.000000
674.000000
563.000000
246.000000
205.000000
361.000000
626.000000
443.000000
94.000000
261.000000
879.000000
274.000000
99.000000
743.000000
372.000000
259.000000
147.000000
229.000000
1410.000000
416.000000
1528.000000
151.000000
585.000000
175.000000
65.000000
1119.000000
474.000000
886.000000
207.000000
642.000000
285.000000
1755.000000
485.000000
858.000000
246.000000
37.000000
129.000000
88.000000
1294.000000
66.000000
596.000000
8220.000000
1218.000000
79.000000
180.000000
827.000000
5133.000000
370.000000
820.000000
512.000000
53.000000
115.000000
123.000000
722.000000
101.000000
1104.000000
465.000000
496.000000
155.000000
1251.000000
1345.000000
545.000000
1244.000000
139.000000
336.000000
256.000000
359.000000
211.000000
401.000000
252.000000
833.000000
301.000000
2482.000000
1463.000000
676.000000
293.000000
835.000000
272.000000
77.000000
103.000000
882.000000
621.000000
815.000000
413.000000
155.000000
533.000000
466.000000
105.000000
311.000000
1200.000000
714.000000
478.000000
385.000000
219.000000
955.000000
555.000000
215.000000
181.000000
442.000000
161.000000
3351.000000
60.000000
1469.000000
744.000000
1194.000000
481.000000
386.000000
50.000000
445.000000
246.000000
162.000000
1187.000000
406.000000
190.000000
219.000000
137.000000
262.000000
45625.000000
377.000000
286.000000
177.000000
423.000000
240.000000
299.000000
69.000000
52.000000
257.000000
323.000000
484.000000
143.000000
320.000000
403.000000
137.000000
179.000000
1066.000000
2342.000000
414.000000
166.000000
1182.000000
144.000000
485.000000
1396.000000
210.000000
240.000000
357.000000
3357.000000
261.000000
242.000000
309.000000
519.000000
600.000000
1200.000000
560.000000
638.000000
248.000000
741.000000
497.000000
187.000000
235.000000
394.000000
145.000000
377.000000
161.000000
95.000000
853.000000
753.000000
412.000000
750.000000
776.000000
126.000000
1263.000000
135.000000
554.000000
1651.000000
382.000000
1057.000000
510.000000
354.000000
492.000000
535.000000
139.000000
1065.000000
70.000000
731.000000
394.000000
420.000000
166.000000
175.000000
149.000000
252.000000
508.000000
1330.000000
120.000000
156.000000
739.000000
510.000000
461.000000
306.000000
3271.000000
592.000000
400.000000
236.000000
223.000000
3583.000000
1432.000000
563.000000
4710.000000
331.000000
921.000000
30.000000
126.000000
836.000000
1217.000000
100.000000
470.000000
97.000000
257.000000
2290.000000
478.000000
49.000000
1072.000000
224.000000
103.000000
769.000000
510.000000
99.000000
450.000000
124.000000
286.000000
521.000000
396.000000
767.000000
717.000000
1506.000000
337.000000
235.000000
375.000000
523.000000
2131.000000
217.000000
374.000000
338.000000
282.000000
1055.000000
479.000000
1553.000000
99.000000
261.000000
74.000000
106.000000
567.000000
205.000000
972.000000
723.000000
342.000000
149.000000
569.000000
125.000000
286.000000
1284.000000
123.000000
222.000000
185.000000
233.000000
157.000000
470.000000
95.000000
792.000000
92.000000
147.000000
2390.000000
334.000000
125.000000
208.000000
183.000000
346.000000
288.000000
332.000000
675.000000
124.000000
142.000000
896.000000
666.000000
1662.000000
195.000000
292.000000
151.000000
62.000000
204.000000
496.000000
304.000000
715.000000
230.000000
137.000000
951.000000
486.000000
738.000000
652.000000
612.000000
278.000000
2325.000000
270.000000
417.000000
166.000000
279.000000
73.000000
621.000000
276.000000
249.000000
287.000000
86.000000
330.000000
1539.000000
198.000000
2019.000000
125.000000
203.000000
447.000000
554.000000
328.000000
207.000000
571.000000
85.000000
481.000000
551.000000
132.000000
690.000000
222.000000
239.000000
89.000000
1107.000000
296.000000
106.000000
492.000000
427.000000
394.000000
269.000000
100.000000
1785.000000
410.000000
301.000000
1189.000000
711.000000
228.000000
549.000000
403.000000
732.000000
4491.000000
3364.000000
44.000000
855.000000
191.000000
185.000000
313.000000
393.000000
117.000000
192.000000
204.000000
632.000000
1731.000000
1324.000000
147.000000
176.000000
889.000000
113.000000
160.000000
401.000000
530.000000
562.000000
342.000000
262.000000
215.000000
403.000000
88.000000
374.000000
510.000000
457.000000
49.000000
191.000000
893.000000
685.000000
2756.000000
239.000000
67.000000
390.000000
4885.000000
1640.000000
366.000000
2977.000000
590.000000
2517.000000
1014.000000
1266.000000
727.000000
34.000000
439.000000
668.000000
52.000000
686.000000
153.000000
708.000000
481.000000
399.000000
39.000000
1466.000000
660.000000
112.000000
3165.000000
339.000000
266.000000
323.000000
478.000000
1126.000000
233.000000
89.000000
813.000000
2002.000000
2204.000000
1200.000000
703.000000
752.000000
977.000000
153.000000
108.000000
270.000000
380.000000
740.000000
220.000000
1560.000000
364.000000
377.000000
714.000000
549.000000
337.000000
193.000000
696.000000
702.000000
545.000000
278.000000
51.000000
593.000000
3811.000000
121.000000
1445.000000
379.000000
987.000000
643.000000
263.000000
311.000000
736.000000
330.000000
1639.000000
514.000000
421.000000
357.000000
492.000000
107.000000
2671.000000
187.000000
483.000000
1050.000000
356.000000
184.000000
121.000000
70.000000
458.000000
515.000000
1158.000000
752.000000
373.000000
624.000000
385.000000
443.000000
557.000000
605.000000
487.000000
215.000000
2278.000000
584.000000
803.000000
444.000000
300.000000
164.000000
1795.000000
285.000000
283.000000
662.000000
1344.000000
1426.000000
157.000000
300.000000
419.000000
78.000000
170.000000
344.000000
62.000000
870.000000
2253.000000
294.000000
608.000000
75.000000
89.000000
328.000000
1752.000000
168.000000
625.000000
346.000000
83.000000
1402.000000
214.000000
65.000000
442.000000
129.000000
57.000000
771.000000
635.000000
378.000000
1114.000000
1190.000000
1031.000000
128.000000
1062.000000
727.000000
564.000000
429.000000
1560.000000
81.000000
370.000000
704.000000
233.000000
445.000000
514.000000
248.000000
551.000000
486.000000
837.000000
169.000000
75.000000
136.000000
1073.000000
197.000000
3571.000000
756.000000
87.000000
2483.000000
847.000000
285.000000
118.000000
1013.000000
6539.000000
376.000000
477.000000
649.000000
142.000000
209.000000
2191.000000
100.000000
558.000000
399.000000
376.000000
182.000000
197.000000
179.000000
2160.000000
756.000000
251.000000
234.000000
1794.000000
53.000000
333.000000
2128.000000
1595.000000
220.000000
907.000000
113.000000
502.000000
295.000000
69.000000
117.000000
224.000000
170.000000
2829.000000
258.000000
763.000000
334.000000
269.000000
783.000000
180.000000
783.000000
4089.000000
1215.000000
517.000000
176.000000
242.000000
431.000000
604.000000
743.000000
826.000000
754.000000
325.000000
843.000000
609.000000
556.000000
887.000000
300.000000
539.000000
272.000000
335.000000
175.000000
112.000000
175.000000
499.000000
406.000000
3894.000000
418.000000
629.000000
472.000000
64.000000
428.000000
175.000000
245.000000
249.000000
355.000000
550.000000
335.000000
1017.000000
2018.000000
46.000000
878.000000
429.000000
950.000000
161.000000
137.000000
142.000000
61.000000
119.000000
265.000000
1055.000000
510.000000
2809.000000
93.000000
197.000000
177.000000
277.000000
208.000000
782.000000
549.000000
598.000000
93.000000
1464.000000
361.000000
980.000000
42.000000
4066.000000
242.000000
449.000000
93.000000
251.000000
1153.000000
761.000000
389.000000
94.000000
41.000000
316.000000
677.000000
550.000000
369.000000
618.000000
135.000000
123.000000
1081.000000
520.000000
335.000000
696.000000
470.000000
382.000000
124.000000
2846.000000
279.000000
349.000000
469.000000
950.000000
238.000000
352.000000
972.000000
4408.000000
325.000000
1031.000000
131.000000
42.000000
606.000000
116.000000
459.000000
685.000000
343.000000
106.000000
497.000000
90.000000
228.000000
581.000000
1812.000000
85.000000
202.000000
57.000000
298.000000
720.000000
231.000000
47.000000
949.000000
115.000000
367.000000
65.000000
430.000000
1689.000000
480.000000
11.000000
84.000000
346.000000
326.000000
434.000000
293.000000
94.000000
462.000000
557.000000
993.000000
396.000000
110.000000
412.000000
59.000000
46.000000
2315.000000
620.000000
121.000000
1638.000000
550.000000
103.000000
240.000000
126.000000
781.000000
1490.000000
483.000000
257.000000
1027.000000
525.000000
242.000000
913.000000
363.000000
63.000000
1097.000000
117.000000
458.000000
60.000000
406.000000
527.000000
707.000000
493.000000
167.000000
1342.000000
1187.000000
476.000000
90.000000
237.000000
1098.000000
701.000000
93.000000
218.000000
1032.000000
1605.000000
460.000000
2130.000000
1543.000000
454.000000
1573.000000
2225.000000
235.000000
577.000000
339.000000
331.000000
617.000000
217.000000
223.000000
1343.000000
2187.000000
79.000000
136.000000
720.000000
211.000000
2613.000000
929.000000
205.000000
200.000000
730.000000
381.000000
1140.000000
1862.000000
536.000000
1995.000000
100.000000
175.000000
3098.000000
449.000000
368.000000
5071.000000
1003.000000
613.000000
177.000000
245.000000
336.000000
314.000000
131.000000
314.000000
1585.000000
98.000000
1066.000000
811.000000
153.000000
300.000000
149.000000
251.000000
2406.000000
136.000000
187.000000
1094.000000
318.000000
797.000000
677.000000
429.000000
113.000000
4566.000000
625.000000
113.000000
919.000000
87.000000
1543.000000
1493.000000
1340.000000
440.000000
197.000000
774.000000
173.000000
860.000000
406.000000
3795.000000
235.000000
442.000000
133.000000
648.000000
325.000000
160.000000
695.000000
232.000000
502.000000
296.000000
77.000000
253.000000
754.000000
192.000000
110.000000
225.000000
128.000000
88.000000
210.000000
569.000000
397.000000
174.000000
1199.000000
240.000000
987.000000
110.000000
29.000000
1006.000000
149.000000
721.000000
314.000000
89.000000
211.000000
155.000000
1365.000000
446.000000
348.000000
593.000000
293.000000
383.000000
121.000000
331.000000
167.000000
68.000000
910.000000
765.000000
1778.000000
2143.000000
367.000000
623.000000
347.000000
1751.000000
684.000000
339.000000
861.000000
396.000000
56.000000
415.000000
267.000000
590.000000
1887.000000
516.000000
918.000000
57.000000
662.000000
203.000000
74.000000
319.000000
819.000000
118.000000
239.000000
