547.000000
348.000000
184.000000
305.000000
239.000000
748.000000
248.000000
397.000000
276.000000
162.000000
149.000000
457.000000
986.000000
186.000000
851.000000
217.000000
471.000000
833.000000
2065.000000
148.000000
735.000000
141.000000
128.000000
795.000000
17290.000000
336.000000
988.000000
572.000000
633.000000
1982.000000
148.000000
3386.000000
186.000000
3420.000000
193.000000
281.000000
127.000000
548.000000
227.000000
205.000000
715.000000
452.000000
114.000000
401.000000
128.000000
217.000000
232.000000
557.000000
132.000000
303.000000
317.000000
89.000000
277.000000
140.000000
229.000000
3299.000000
166.000000
246.000000
822.000000
675.000000
50.000000
2602.000000
1050.000000
106.000000
201.000000
261.000000
893.000000
614.000000
913.000000
298.000000
188.000000
529.000000
1382.000000
173.000000
287.000000
1275.000000
226.000000
284.000000
247.000000
218.000000
1515.000000
125.000000
1729.000000
1452.000000
234.000000
571.000000
964.000000
255.000000
158.000000
511.000000
660.000000
1715.000000
475.000000
346.000000
5386.000000
164.000000
229.000000
1087.000000
64.000000
526.000000
247.000000
340.000000
1054.000000
196.000000
202.000000
416.000000
978.000000
190.000000
570.000000
99.000000
790.000000
401.000000
180.000000
455.000000
583.000000
1750.000000
174.000000
452.000000
226.000000
73.000000
369.000000
394.000000
1274.000000
248.000000
554.000000
374.000000
436.000000
7925.000000
141.000000
242.000000
1619.000000
2315.000000
45.000000
157.000000
712.000000
261.000000
277.000000
1403.000000
607.000000
493.000000
399.000000
563.000000
377.000000
1006.000000
1114.000000
463.000000
179.000000
143.000000
949.000000
246.000000
329.000000
578.000000
807.000000
489.000000
152.000000
321.000000
102.000000
1294.000000
215.000000
362.000000
568.000000
723.000000
680.000000
62.000000
105.000000
192.000000
519.000000
319.000000
431.000000
1850.000000
405.000000
460.000000
246.000000
222.000000
491.000000
1853.000000
426.000000
930.000000
166.000000
290.000000
1580.000000
137.000000
23.000000
379.000000
1015.000000
155.000000
881.000000
401.000000
363.000000
973.000000
1062.000000
1583.000000
1239.000000
1995.000000
349.000000
902.000000
2608.000000
920.000000
705.000000
206.000000
1192.000000
744.000000
79.000000
2712.000000
266.000000
52.000000
854.000000
824.000000
310.000000
798.000000
801.000000
407.000000
1468.000000
4165.000000
201.000000
191.000000
1476.000000
2700.000000
169.000000
549.000000
304.000000
413.000000
839.000000
449.000000
2986.000000
406.000000
377.000000
370.000000
42.000000
108.000000
25.000000
508.000000
252.000000
913.000000
403.000000
498.000000
163.000000
68.000000
402.000000
1056.000000
1809.000000
394.000000
161.000000
376.000000
485.000000
996.000000
215.000000
124.000000
350.000000
493.000000
290.000000
1652.000000
587.000000
327.000000
469.000000
62.000000
611.000000
1475.000000
246.000000
333.000000
115.000000
121.000000
491.000000
1036.000000
1404.000000
163.000000
275.000000
138.000000
587.000000
97.000000
633.000000
270.000000
897.000000
1091.000000
82.000000
11729.000000
297.000000
630.000000
236.000000
1803.000000
1068.000000
440.000000
2861.000000
329.000000
385.000000
484.000000
90.000000
4056.000000
574.000000
106.000000
307.000000
123.000000
347.000000
213.000000
299.000000
354.000000
843.000000
888.000000
578.000000
832.000000
342.000000
241.000000
440.000000
224.000000
1389.000000
148.000000
109.000000
915.000000
132.000000
1333.000000
280.000000
602.000000
681.000000
580.000000
1548.000000
348.000000
271.000000
942.000000
1287.000000
183.000000
256.000000
4547.000000
1773.000000
1844.000000
1127.000000
675.000000
370.000000
834.000000
175.000000
380.000000
307.000000
306.000000
1132.000000
533.000000
656.000000
646.000000
228.000000
184.000000
735.000000
1182.000000
1765.000000
1615.000000
955.000000
248.000000
1746.000000
306.000000
323.000000
228.000000
320.000000
667.000000
849.000000
368.000000
4593.000000
420.000000
373.000000
1239.000000
164.000000
744.000000
181.000000
306.000000
313.000000
445.000000
2840.000000
871.000000
167.000000
698.000000
618.000000
3048.000000
164.000000
1049.000000
140.000000
1005.000000
323.000000
136.000000
3281.000000
334.000000
760.000000
1334.000000
360.000000
3193.000000
95.000000
799.000000
371.000000
2721.000000
493.000000
313.000000
697.000000
245.000000
1109.000000
976.000000
146.000000
285.000000
532.000000
238.000000
79.000000
354.000000
8065.000000
1005.000000
49.000000
154.000000
1131.000000
646.000000
341.000000
178.000000
223.000000
156.000000
825.000000
145.000000
106.000000
545.000000
352.000000
84.000000
70.000000
468.000000
666.000000
414.000000
322.000000
484.000000
704.000000
915.000000
154.000000
233.000000
43.000000
274.000000
1515.000000
236.000000
5668.000000
263.000000
874.000000
525.000000
300.000000
135.000000
967.000000
120.000000
279.000000
771.000000
2279.000000
785.000000
670.000000
327.000000
185.000000
1073.000000
1837.000000
1250.000000
705.000000
4702.000000
415.000000
65.000000
1126.000000
196.000000
81.000000
819.000000
208.000000
187.000000
213.000000
531.000000
186.000000
725.000000
591.000000
884.000000
743.000000
84.000000
102.000000
1793.000000
342.000000
726.000000
84.000000
586.000000
804.000000
221.000000
1053.000000
832.000000
824.000000
181.000000
127.000000
724.000000
111.000000
202.000000
937.000000
54.000000
72.000000
91.000000
189.000000
146.000000
196.000000
150.000000
688.000000
615.000000
1023.000000
563.000000
307.000000
825.000000
776.000000
182.000000
712.000000
1081.000000
586.000000
354.000000
2854.000000
669.000000
420.000000
33.000000
285.000000
126.000000
1477.000000
531.000000
454.000000
285.000000
790.000000
6234.000000
641.000000
1803.000000
744.000000
299.000000
122.000000
365.000000
584.000000
110.000000
1259.000000
567.000000
250.000000
179.000000
288.000000
2647.000000
274.000000
1059.000000
404.000000
209.000000
3205.000000
241.000000
487.000000
2810.000000
186.000000
1499.000000
1885.000000
420.000000
422.000000
54.000000
942.000000
396.000000
633.000000
135.000000
1637.000000
456.000000
143.000000
2343.000000
503.000000
127.000000
304.000000
61.000000
156.000000
267.000000
812.000000
679.000000
62.000000
1569.000000
51.000000
412.000000
164.000000
752.000000
87.000000
343.000000
140.000000
436.000000
1078.000000
424.000000
753.000000
921.000000
1835.000000
490.000000
771.000000
516.000000
637.000000
435.000000
139.000000
773.000000
188.000000
156.000000
751.000000
439.000000
363.000000
370.000000
878.000000
1058.000000
65.000000
620.000000
786.000000
343.000000
591.000000
909.000000
190.000000
2622.000000
796.000000
130.000000
278.000000
4765.000000
644.000000
569.000000
482.000000
363.000000
268.000000
1130.000000
1330.000000
1580.000000
250.000000
251.000000
270.000000
287.000000
555.000000
47.000000
255.000000
2300.000000
439.000000
138.000000
292.000000
248.000000
567.000000
282.000000
65.000000
366.000000
186.000000
809.000000
774.000000
987.000000
709.000000
1087.000000
1158.000000
760.000000
7490.000000
236.000000
158.000000
132.000000
505.000000
153.000000
597.000000
509.000000
129.000000
1096.000000
166.000000
567.000000
69.000000
395.000000
1015.000000
468.000000
680.000000
377.000000
720.000000
995.000000
576.000000
212.000000
737.000000
1287.000000
263.000000
1143.000000
1307.000000
389.000000
271.000000
524.000000
360.000000
337.000000
73.000000
558.000000
429.000000
168.000000
196.000000
1119.000000
160.000000
144.000000
528.000000
135.000000
223.000000
412.000000
209.000000
1698.000000
46.000000
1142.000000
191.000000
535.000000
282.000000
49.000000
316.000000
618.000000
699.000000
396.000000
174.000000
136.000000
1784.000000
193.000000
292.000000
509.000000
706.000000
601.000000
151.000000
108.000000
426.000000
239.000000
153.000000
2411.000000
1102.000000
874.000000
216.000000
544.000000
353.000000
310.000000
207.000000
153.000000
872.000000
392.000000
233.000000
203.000000
108.000000
178.000000
278.000000
87.000000
274.000000
1755.000000
1474.000000
1332.000000
320.000000
272.000000
2334.000000
614.000000
1001.000000
1642.000000
87.000000
35.000000
315.000000
992.000000
489.000000
366.000000
35.000000
225.000000
564.000000
1099.000000
107.000000
211.000000
1718.000000
533.000000
219.000000
1654.000000
565.000000
325.000000
423.000000
141.000000
1380.000000
9114.000000
856.000000
750.000000
646.000000
2137.000000
712.000000
379.000000
721.000000
434.000000
306.000000
2957.000000
546.000000
257.000000
301.000000
105.000000
1066.000000
1302.000000
275.000000
4168.000000
359.000000
204.000000
289.000000
949.000000
859.000000
128.000000
288.000000
373.000000
181.000000
981.000000
329.000000
430.000000
72.000000
631.000000
272.000000
312.000000
134.000000
158.000000
125.000000
1142.000000
290.000000
288.000000
1045.000000
181.000000
97.000000
2254.000000
131.000000
205.000000
294.000000
687.000000
635.000000
713.000000
909.000000
847.000000
260.000000
96.000000
210.000000
465.000000
218.000000
153.000000
466.000000
325.000000
137.000000
2052.000000
552.000000
324.000000
567.000000
1000.000000
140.000000
350.000000
208.000000
1057.000000
274.000000
1337.000000
1292.000000
373.000000
1354.000000
86.000000
170.000000
165.000000
156.000000
2312.000000
173.000000
256.000000
625.000000
770.000000
356.000000
585.000000
125.000000
976.000000
181.000000
444.000000
313.000000
143.000000
505.000000
572.000000
2124.000000
89.000000
211.000000
479.000000
2907.000000
355.000000
233.000000
97.000000
201.000000
326.000000
234.000000
395.000000
655.000000
265.000000
262.000000
198.000000
383.000000
345.000000
1822.000000
848.000000
548.000000
66.000000
954.000000
2681.000000
1398.000000
119.000000
480.000000
425.000000
502.000000
1031.000000
149.000000
487.000000
538.000000
1370.000000
2392.000000
174.000000
69.000000
34.000000
393.000000
992.000000
255.000000
159.000000
392.000000
423.000000
481.000000
208.000000
32.000000
327.000000
1086.000000
177.000000
2176.000000
2050.000000
310.000000
333.000000
632.000000
257.000000
406.000000
418.000000
3450.000000
53.000000
93.000000
482.000000
553.000000
239.000000
99.000000
557.000000
233.000000
56.000000
418.000000
423.000000
1503.000000
550.000000
829.000000
309.000000
586.000000
102.000000
80.000000
1291.000000
1248.000000
183.000000
941.000000
2447.000000
990.000000
513.000000
113.000000
65.000000
274.000000
215.000000
1008.000000
751.000000
309.000000
132.000000
85.000000
205.000000
586.000000
238.000000
621.000000
1177.000000
562.000000
878.000000
185.000000
695.000000
557.000000
101.000000
1272.000000
585.000000
271.000000
243.000000
1046.000000
455.000000
1759.000000
1509.000000
196.000000
490.000000
3865.000000
499.000000
314.000000
886.000000
52.000000
384.000000
294.000000
1722.000000
132.000000
116.000000
204.000000
382.000000
381.000000
1429.000000
208.000000
675.000000
783.000000
200.000000
54.000000
118.000000
298.000000
94.000000
155.000000
2146.000000
390.000000
635.000000
85.000000
945.000000
157.000000
588.000000
347.000000
297.000000
504.000000
950.000000
1040.000000
566.000000
489.000000
791.000000
3234.000000
195.000000
797.000000
1482.000000
420.000000
247.000000
2273.000000
156.000000
