1970.000000
317.000000
269.000000
334.000000
450.000000
81.000000
280.000000
1254.000000
1467.000000
1180.000000
171.000000
468.000000
170.000000
309.000000
350.000000
1759.000000
121.000000
139.000000
128.000000
716.000000
633.000000
258.000000
1480.000000
215.000000
127.000000
166.000000
1697.000000
225.000000
498.000000
2429.000000
911.000000
264.000000
1764.000000
266.000000
297.000000
2884.000000
215.000000
441.000000
1062.000000
80.000000
173.000000
471.000000
629.000000
849.000000
388.000000
471.000000
1207.000000
333.000000
1011.000000
217.000000
839.000000
98.000000
144.000000
99.000000
663.000000
629.000000
611.000000
58.000000
2078.000000
691.000000
362.000000
820.000000
494.000000
59.000000
392.000000
231.000000
3402.000000
266.000000
214.000000
794.000000
594.000000
449.000000
377.000000
440.000000
702.000000
69.000000
266.000000
664.000000
1343.000000
448.000000
458.000000
222.000000
431.000000
510.000000
191.000000
221.000000
86.000000
1115.000000
644.000000
2963.000000
840.000000
493.000000
241.000000
331.000000
503.000000
497.000000
472.000000
490.000000
2015.000000
166.000000
271.000000
728.000000
460.000000
148.000000
83.000000
370.000000
1129.000000
188.000000
1097.000000
315.000000
467.000000
659.000000
193.000000
544.000000
2597.000000
90.000000
425.000000
375.000000
360.000000
418.000000
499.000000
677.000000
959.000000
112.000000
115.000000
180.000000
1381.000000
1261.000000
845.000000
323.000000
890.000000
429.000000
669.000000
340.000000
1108.000000
520.000000
159.000000
1764.000000
316.000000
1871.000000
911.000000
837.000000
84.000000
634.000000
224.000000
124.000000
209.000000
4747.000000
1025.000000
676.000000
284.000000
132.000000
267.000000
1831.000000
259.000000
473.000000
1968.000000
296.000000
1372.000000
406.000000
145.000000
160.000000
128.000000
1202.000000
1041.000000
982.000000
429.000000
359.000000
706.000000
292.000000
137.000000
685.000000
216.000000
199.000000
1238.000000
244.000000
376.000000
936.000000
44.000000
786.000000
94.000000
555.000000
482.000000
367.000000
482.000000
1125.000000
102.000000
443.000000
844.000000
255.000000
501.000000
166.000000
765.000000
197.000000
145.000000
916.000000
745.000000
156.000000
374.000000
779.000000
234.000000
230.000000
609.000000
118.000000
185.000000
106.000000
297.000000
695.000000
148.000000
192.000000
321.000000
316.000000
275.000000
383.000000
58.000000
797.000000
92.000000
1059.000000
310.000000
858.000000
92.000000
467.000000
251.000000
1482.000000
217.000000
425.000000
206.000000
345.000000
558.000000
3826.000000
499.000000
98.000000
281.000000
1232.000000
238.000000
138.000000
494.000000
39.000000
556.000000
736.000000
1090.000000
270.000000
415.000000
1444.000000
42.000000
189.000000
217.000000
1606.000000
787.000000
1040.000000
576.000000
366.000000
345.000000
96.000000
1172.000000
1331.000000
185.000000
389.000000
83.000000
246.000000
1652.000000
786.000000
391.000000
161.000000
306.000000
2323.000000
314.000000
1212.000000
969.000000
271.000000
94.000000
303.000000
268.000000
301.000000
462.000000
1133.000000
120.000000
407.000000
980.000000
309.000000
672.000000
235.000000
1368.000000
1252.000000
377.000000
685.000000
318.000000
111.000000
683.000000
895.000000
728.000000
403.000000
175.000000
1618.000000
394.000000
183.000000
4112.000000
17.000000
190.000000
137.000000
6939.000000
168.000000
419.000000
1209.000000
224.000000
1833.000000
551.000000
63.000000
334.000000
735.000000
260.000000
1894.000000
176.000000
207.000000
198.000000
314.000000
1126.000000
164.000000
256.000000
238.000000
258.000000
299.000000
217.000000
1013.000000
870.000000
218.000000
204.000000
779.000000
2193.000000
258.000000
89.000000
838.000000
794.000000
206.000000
926.000000
5572.000000
144.000000
502.000000
141.000000
463.000000
2272.000000
444.000000
697.000000
4540.000000
238.000000
1777.000000
394.000000
979.000000
90.000000
340.000000
191.000000
332.000000
441.000000
1221.000000
542.000000
350.000000
399.000000
5133.000000
1492.000000
326.000000
505.000000
62.000000
249.000000
115.000000
266.000000
454.000000
1026.000000
234.000000
61.000000
981.000000
749.000000
137.000000
949.000000
2808.000000
519.000000
520.000000
136.000000
575.000000
429.000000
1047.000000
376.000000
372.000000
714.000000
1411.000000
353.000000
6780.000000
101.000000
1523.000000
137.000000
863.000000
316.000000
451.000000
464.000000
257.000000
205.000000
444.000000
742.000000
875.000000
218.000000
1404.000000
184.000000
142.000000
347.000000
353.000000
295.000000
428.000000
604.000000
217.000000
631.000000
1095.000000
239.000000
503.000000
1035.000000
312.000000
57.000000
678.000000
268.000000
2598.000000
318.000000
1133.000000
156.000000
364.000000
497.000000
334.000000
829.000000
1378.000000
2384.000000
3531.000000
167.000000
1498.000000
986.000000
98.000000
135.000000
303.000000
581.000000
288.000000
1205.000000
86.000000
132.000000
528.000000
362.000000
486.000000
773.000000
547.000000
1182.000000
168.000000
719.000000
178.000000
914.000000
578.000000
844.000000
327.000000
428.000000
1935.000000
95.000000
3204.000000
236.000000
504.000000
506.000000
95.000000
1444.000000
73.000000
1513.000000
1026.000000
347.000000
446.000000
626.000000
1039.000000
50.000000
52.000000
109.000000
319.000000
183.000000
147.000000
915.000000
683.000000
2325.000000
518.000000
459.000000
236.000000
580.000000
462.000000
1206.000000
88.000000
848.000000
947.000000
120.000000
248.000000
570.000000
161.000000
940.000000
352.000000
224.000000
168.000000
55.000000
815.000000
246.000000
317.000000
833.000000
892.000000
953.000000
141.000000
146.000000
204.000000
1330.000000
897.000000
501.000000
199.000000
1768.000000
572.000000
867.000000
127.000000
61.000000
259.000000
215.000000
599.000000
652.000000
709.000000
231.000000
263.000000
142.000000
231.000000
341.000000
123.000000
140.000000
939.000000
405.000000
404.000000
512.000000
400.000000
1675.000000
50.000000
690.000000
1255.000000
867.000000
205.000000
267.000000
1311.000000
202.000000
1055.000000
185.000000
141.000000
90.000000
369.000000
334.000000
428.000000
2203.000000
1631.000000
615.000000
1911.000000
43.000000
273.000000
10.000000
391.000000
1386.000000
524.000000
526.000000
743.000000
462.000000
119.000000
495.000000
521.000000
845.000000
1506.000000
264.000000
249.000000
97.000000
358.000000
767.000000
198.000000
487.000000
190.000000
93.000000
296.000000
2675.000000
802.000000
3647.000000
39.000000
142.000000
245.000000
310.000000
206.000000
2354.000000
204.000000
708.000000
617.000000
109.000000
857.000000
873.000000
123.000000
695.000000
673.000000
379.000000
499.000000
2861.000000
603.000000
798.000000
119.000000
1779.000000
347.000000
2036.000000
2432.000000
75.000000
713.000000
130.000000
91.000000
192.000000
904.000000
118.000000
690.000000
337.000000
710.000000
209.000000
926.000000
440.000000
184.000000
664.000000
845.000000
349.000000
318.000000
670.000000
393.000000
573.000000
100.000000
262.000000
837.000000
464.000000
386.000000
402.000000
162.000000
285.000000
249.000000
1139.000000
356.000000
1892.000000
604.000000
256.000000
443.000000
955.000000
425.000000
745.000000
1796.000000
808.000000
81.000000
356.000000
2436.000000
236.000000
419.000000
515.000000
375.000000
54.000000
66.000000
426.000000
852.000000
790.000000
192.000000
122.000000
419.000000
684.000000
131.000000
342.000000
223.000000
297.000000
1381.000000
190.000000
64.000000
1024.000000
1011.000000
728.000000
151.000000
159.000000
417.000000
85.000000
2538.000000
1991.000000
85.000000
338.000000
934.000000
868.000000
995.000000
222.000000
654.000000
38.000000
1693.000000
4127.000000
611.000000
1020.000000
568.000000
190.000000
233.000000
2964.000000
225.000000
457.000000
1135.000000
470.000000
235.000000
801.000000
67.000000
185.000000
339.000000
81.000000
228.000000
530.000000
758.000000
336.000000
538.000000
730.000000
355.000000
115.000000
816.000000
1040.000000
1162.000000
376.000000
46.000000
403.000000
129.000000
528.000000
1941.000000
308.000000
153.000000
2492.000000
148.000000
529.000000
601.000000
83.000000
189.000000
892.000000
88.000000
796.000000
51.000000
124.000000
191.000000
928.000000
413.000000
245.000000
174.000000
672.000000
218.000000
190.000000
844.000000
374.000000
94.000000
578.000000
701.000000
187.000000
560.000000
297.000000
379.000000
112.000000
246.000000
543.000000
1163.000000
188.000000
409.000000
265.000000
3164.000000
736.000000
849.000000
343.000000
146.000000
195.000000
151.000000
596.000000
448.000000
230.000000
62.000000
214.000000
555.000000
468.000000
35.000000
408.000000
125.000000
875.000000
1186.000000
303.000000
302.000000
225.000000
386.000000
90.000000
131.000000
501.000000
883.000000
448.000000
226.000000
223.000000
159.000000
573.000000
606.000000
321.000000
203.000000
253.000000
1047.000000
72.000000
640.000000
4734.000000
165.000000
639.000000
55.000000
476.000000
662.000000
2211.000000
574.000000
2623.000000
91.000000
1083.000000
111.000000
382.000000
135.000000
3588.000000
905.000000
1089.000000
1449.000000
718.000000
639.000000
203.000000
487.000000
378.000000
895.000000
300.000000
227.000000
599.000000
801.000000
1303.000000
519.000000
90.000000
177.000000
550.000000
351.000000
400.000000
434.000000
1048.000000
532.000000
260.000000
89.000000
560.000000
619.000000
121.000000
325.000000
121.000000
382.000000
3616.000000
270.000000
183.000000
238.000000
348.000000
217.000000
270.000000
222.000000
2992.000000
91.000000
673.000000
275.000000
229.000000
140.000000
136.000000
53.000000
128.000000
730.000000
682.000000
688.000000
165.000000
406.000000
593.000000
100.000000
212.000000
2334.000000
72.000000
784.000000
399.000000
5388.000000
525.000000
455.000000
276.000000
510.000000
848.000000
645.000000
1020.000000
434.000000
421.000000
323.000000
1229.000000
489.000000
74.000000
1052.000000
603.000000
209.000000
616.000000
485.000000
398.000000
377.000000
192.000000
211.000000
231.000000
311.000000
2146.000000
831.000000
1068.000000
594.000000
119.000000
522.000000
87.000000
1021.000000
157.000000
82.000000
327.000000
962.000000
134.000000
199.000000
289.000000
242.000000
347.000000
5428.000000
652.000000
261.000000
2846.000000
198.000000
1624.000000
451.000000
157.000000
114.000000
472.000000
765.000000
89.000000
182.000000
888.000000
3038.000000
182.000000
267.000000
725.000000
202.000000
554.000000
443.000000
1925.000000
29.000000
259.000000
871.000000
525.000000
603.000000
210.000000
1969.000000
106.000000
465.000000
305.000000
458.000000
137.000000
422.000000
1044.000000
90.000000
1202.000000
357.000000
1103.000000
131.000000
313.000000
607.000000
200.000000
431.000000
1585.000000
130.000000
127.000000
265.000000
942.000000
176.000000
726.000000
180.000000
922.000000
882.000000
472.000000
220.000000
280.000000
1483.000000
89.000000
1041.000000
174.000000
308.000000
1397.000000
220.000000
178.000000
283.000000
779.000000
751.000000
202.000000
1139.000000
37.000000
168.000000
246.000000
219.000000
2965.000000
499.000000
335.000000
667.000000
493.000000
244.000000
435.000000
205.000000
123.000000
777.000000
44.000000
126.000000
486.000000
65.000000
