3633.000000
819.000000
1115.000000
909.000000
264.000000
1009.000000
697.000000
130.000000
859.000000
2883.000000
364.000000
663.000000
224.000000
187.000000
66.000000
176.000000
216.000000
327.000000
159.000000
1066.000000
440.000000
435.000000
770.000000
378.000000
671.000000
499.000000
144.000000
79.000000
129.000000
115.000000
212.000000
219.000000
201.000000
1037.000000
596.000000
194.000000
215.000000
654.000000
1121.000000
1272.000000
307.000000
204.000000
205.000000
1082.000000
2500.000000
306.000000
323.000000
297.000000
617.000000
579.000000
956.000000
2069.000000
1317.000000
1063.000000
26.000000
153.000000
471.000000
629.000000
61.000000
311.000000
547.000000
98.000000
181.000000
335.000000
1415.000000
1473.000000
165.000000
227.000000
311.000000
194.000000
160.000000
40.000000
434.000000
84.000000
635.000000
347.000000
132.000000
216.000000
386.000000
70.000000
951.000000
351.000000
310.000000
442.000000
1256.000000
1896.000000
307.000000
2431.000000
1265.000000
445.000000
110.000000
103.000000
875.000000
2317.000000
839.000000
1011.000000
46.000000
708.000000
128.000000
348.000000
281.000000
1277.000000
1474.000000
1274.000000
824.000000
454.000000
168.000000
263.000000
1197.000000
282.000000
1312.000000
145.000000
335.000000
90.000000
11647.000000
302.000000
877.000000
2182.000000
110.000000
1684.000000
412.000000
360.000000
1584.000000
2240.000000
383.000000
26.000000
190.000000
260.000000
465.000000
132.000000
560.000000
2465.000000
1940.000000
282.000000
296.000000
381.000000
248.000000
174.000000
272.000000
156.000000
376.000000
6060.000000
306.000000
371.000000
489.000000
206.000000
101.000000
370.000000
72.000000
392.000000
953.000000
1998.000000
3110.000000
804.000000
104.000000
226.000000
2030.000000
243.000000
447.000000
142.000000
522.000000
730.000000
2244.000000
404.000000
1711.000000
335.000000
278.000000
430.000000
119.000000
88.000000
130.000000
410.000000
136.000000
437.000000
2653.000000
1276.000000
394.000000
256.000000
165.000000
1594.000000
75.000000
561.000000
1878.000000
102.000000
317.000000
87.000000
257.000000
2252.000000
374.000000
280.000000
119.000000
54.000000
387.000000
57.000000
228.000000
498.000000
721.000000
291.000000
267.000000
3159.000000
401.000000
75.000000
517.000000
611.000000
2975.000000
800.000000
341.000000
432.000000
415.000000
2097.000000
125.000000
293.000000
507.000000
901.000000
71.000000
167.000000
216.000000
968.000000
500.000000
755.000000
152.000000
2131.000000
400.000000
321.000000
188.000000
614.000000
709.000000
81.000000
252.000000
151.000000
495.000000
1429.000000
281.000000
1260.000000
388.000000
1846.000000
217.000000
301.000000
595.000000
2460.000000
245.000000
165.000000
335.000000
367.000000
766.000000
1658.000000
1708.000000
534.000000
776.000000
287.000000
234.000000
1330.000000
406.000000
360.000000
589.000000
137.000000
180.000000
135.000000
143.000000
1019.000000
781.000000
484.000000
689.000000
1595.000000
706.000000
827.000000
1504.000000
72.000000
437.000000
91.000000
385.000000
258.000000
474.000000
413.000000
1443.000000
712.000000
819.000000
882.000000
1040.000000
14.000000
996.000000
323.000000
407.000000
1060.000000
422.000000
135.000000
1177.000000
462.000000
481.000000
211.000000
72.000000
113.000000
114.000000
132.000000
78.000000
1600.000000
118.000000
324.000000
316.000000
1244.000000
1104.000000
114.000000
449.000000
317.000000
240.000000
196.000000
112.000000
508.000000
1979.000000
262.000000
62.000000
263.000000
150.000000
405.000000
204.000000
1272.000000
1664.000000
116.000000
1822.000000
563.000000
1780.000000
281.000000
216.000000
226.000000
1721.000000
179.000000
552.000000
539.000000
151.000000
327.000000
297.000000
312.000000
141.000000
806.000000
518.000000
314.000000
1262.000000
162.000000
762.000000
512.000000
269.000000
1031.000000
160.000000
249.000000
97.000000
643.000000
972.000000
230.000000
290.000000
307.000000
1235.000000
2048.000000
716.000000
372.000000
589.000000
211.000000
1227.000000
1186.000000
254.000000
1679.000000
684.000000
1774.000000
438.000000
285.000000
129.000000
529.000000
66.000000
535.000000
262.000000
460.000000
1899.000000
41.000000
172.000000
130.000000
385.000000
245.000000
791.000000
3663.000000
607.000000
354.000000
648.000000
50.000000
240.000000
247.000000
72.000000
3064.000000
198.000000
309.000000
224.000000
445.000000
750.000000
237.000000
1066.000000
557.000000
51.000000
45.000000
1363.000000
2784.000000
594.000000
496.000000
665.000000
501.000000
525.000000
441.000000
553.000000
51.000000
167.000000
694.000000
303.000000
1031.000000
360.000000
103.000000
541.000000
417.000000
907.000000
176.000000
536.000000
508.000000
1076.000000
1949.000000
480.000000
191.000000
172.000000
1406.000000
559.000000
910.000000
153.000000
218.000000
628.000000
339.000000
103.000000
242.000000
278.000000
921.000000
3551.000000
418.000000
840.000000
217.000000
1813.000000
425.000000
553.000000
1735.000000
252.000000
404.000000
194.000000
215.000000
126.000000
315.000000
820.000000
164.000000
832.000000
207.000000
675.000000
309.000000
290.000000
212.000000
1627.000000
662.000000
338.000000
419.000000
113.000000
876.000000
681.000000
498.000000
441.000000
608.000000
777.000000
132.000000
69.000000
558.000000
1845.000000
422.000000
2617.000000
201.000000
1149.000000
460.000000
574.000000
1455.000000
210.000000
325.000000
894.000000
186.000000
1229.000000
1436.000000
421.000000
47.000000
1172.000000
2762.000000
100.000000
10535.000000
245.000000
227.000000
202.000000
505.000000
4542.000000
307.000000
1908.000000
1458.000000
177.000000
872.000000
158.000000
74.000000
535.000000
276.000000
1519.000000
488.000000
823.000000
459.000000
196.000000
241.000000
2289.000000
203.000000
485.000000
2996.000000
859.000000
179.000000
489.000000
143.000000
2552.000000
745.000000
902.000000
247.000000
1116.000000
716.000000
171.000000
641.000000
630.000000
78.000000
244.000000
174.000000
209.000000
217.000000
216.000000
608.000000
6465.000000
831.000000
274.000000
485.000000
315.000000
268.000000
181.000000
148.000000
1073.000000
394.000000
1860.000000
135.000000
68.000000
126.000000
113.000000
17.000000
862.000000
191.000000
551.000000
231.000000
74.000000
140.000000
151.000000
69.000000
566.000000
265.000000
709.000000
376.000000
257.000000
462.000000
69.000000
380.000000
299.000000
74.000000
177.000000
1150.000000
602.000000
241.000000
394.000000
268.000000
799.000000
923.000000
135.000000
705.000000
492.000000
144.000000
308.000000
929.000000
236.000000
458.000000
69.000000
120.000000
831.000000
166.000000
636.000000
151.000000
203.000000
703.000000
170.000000
328.000000
2271.000000
529.000000
45.000000
938.000000
1309.000000
1060.000000
155.000000
64.000000
289.000000
111.000000
417.000000
1939.000000
184.000000
697.000000
209.000000
176.000000
342.000000
1215.000000
150.000000
424.000000
525.000000
912.000000
824.000000
808.000000
1520.000000
124.000000
114.000000
330.000000
426.000000
202.000000
1297.000000
191.000000
262.000000
59.000000
440.000000
795.000000
506.000000
363.000000
1065.000000
6181.000000
249.000000
264.000000
521.000000
174.000000
1691.000000
486.000000
2309.000000
849.000000
1294.000000
592.000000
246.000000
617.000000
495.000000
281.000000
1448.000000
832.000000
93.000000
565.000000
280.000000
363.000000
394.000000
1117.000000
1001.000000
517.000000
162.000000
951.000000
80.000000
413.000000
314.000000
734.000000
224.000000
47.000000
104.000000
325.000000
257.000000
405.000000
88.000000
243.000000
394.000000
260.000000
222.000000
741.000000
4143.000000
632.000000
811.000000
1133.000000
115.000000
33.000000
142.000000
274.000000
309.000000
543.000000
1222.000000
173.000000
496.000000
699.000000
390.000000
124.000000
327.000000
2555.000000
766.000000
403.000000
1779.000000
675.000000
1611.000000
2220.000000
493.000000
146.000000
968.000000
251.000000
550.000000
668.000000
75.000000
128.000000
296.000000
229.000000
369.000000
242.000000
736.000000
1694.000000
44.000000
164.000000
271.000000
14.000000
100.000000
77.000000
419.000000
144.000000
151.000000
159.000000
1870.000000
262.000000
301.000000
749.000000
482.000000
444.000000
129.000000
66.000000
317.000000
869.000000
335.000000
739.000000
1121.000000
665.000000
227.000000
957.000000
783.000000
261.000000
568.000000
712.000000
343.000000
212.000000
94.000000
194.000000
2031.000000
444.000000
452.000000
3402.000000
1049.000000
1392.000000
261.000000
406.000000
154.000000
316.000000
71.000000
132.000000
1282.000000
846.000000
455.000000
70.000000
694.000000
1886.000000
328.000000
446.000000
966.000000
459.000000
429.000000
137.000000
70.000000
462.000000
328.000000
825.000000
446.000000
219.000000
286.000000
246.000000
404.000000
229.000000
595.000000
693.000000
792.000000
220.000000
324.000000
623.000000
160.000000
268.000000
222.000000
2724.000000
891.000000
784.000000
558.000000
340.000000
205.000000
81.000000
336.000000
727.000000
390.000000
119.000000
592.000000
11.000000
206.000000
170.000000
589.000000
75.000000
268.000000
221.000000
708.000000
835.000000
526.000000
2141.000000
199.000000
465.000000
477.000000
151.000000
423.000000
383.000000
978.000000
150.000000
142.000000
65.000000
333.000000
1241.000000
1434.000000
55.000000
979.000000
1160.000000
403.000000
595.000000
845.000000
55.000000
162.000000
535.000000
5754.000000
1647.000000
117.000000
151.000000
603.000000
202.000000
2654.000000
26.000000
560.000000
139.000000
910.000000
508.000000
139.000000
1197.000000
314.000000
103.000000
211.000000
151.000000
144.000000
766.000000
4674.000000
486.000000
142.000000
233.000000
752.000000
416.000000
948.000000
1016.000000
107.000000
1981.000000
563.000000
181.000000
1093.000000
1029.000000
789.000000
364.000000
187.000000
781.000000
78.000000
1987.000000
853.000000
636.000000
655.000000
962.000000
191.000000
496.000000
585.000000
2152.000000
402.000000
287.000000
197.000000
423.000000
422.000000
545.000000
140.000000
133.000000
160.000000
199.000000
315.000000
731.000000
286.000000
544.000000
323.000000
1424.000000
1273.000000
229.000000
681.000000
126.000000
501.000000
88.000000
1433.000000
359.000000
978.000000
431.000000
675.000000
266.000000
350.000000
490.000000
391.000000
83.000000
159.000000
780.000000
365.000000
420.000000
1411.000000
1164.000000
573.000000
275.000000
262.000000
600.000000
977.000000
603.000000
744.000000
63.000000
323.000000
324.000000
291.000000
731.000000
984.000000
90.000000
166.000000
551.000000
392.000000
81.000000
2734.000000
566.000000
179.000000
778.000000
1386.000000
507.000000
172.000000
8515.000000
900.000000
1473.000000
281.000000
306.000000
240.000000
533.000000
1389.000000
3860.000000
1280.000000
266.000000
951.000000
72.000000
747.000000
683.000000
1019.000000
1037.000000
913.000000
626.000000
631.000000
723.000000
225.000000
98.000000
418.000000
103.000000
1257.000000
332.000000
571.000000
1126.000000
1447.000000
319.000000
3135.000000
155.000000
209.000000
430.000000
202.000000
277.000000
1678.000000
1287.000000
541.000000
630.000000
538.000000
866.000000
67.000000
130.000000
254.000000
272.000000
113.000000
1719.000000
156.000000
207.000000
356.000000
627.000000
