295.000000
440.000000
268.000000
201.000000
103.000000
716.000000
349.000000
526.000000
917.000000
2847.000000
505.000000
1411.000000
868.000000
427.000000
512.000000
4607.000000
1202.000000
142.000000
1274.000000
328.000000
342.000000
299.000000
338.000000
420.000000
396.000000
819.000000
144.000000
1532.000000
1112.000000
2607.000000
74.000000
412.000000
107.000000
1948.000000
326.000000
342.000000
236.000000
1341.000000
759.000000
1386.000000
198.000000
815.000000
111.000000
1256.000000
115.000000
657.000000
129.000000
251.000000
181.000000
880.000000
555.000000
425.000000
367.000000
811.000000
2921.000000
151.000000
1465.000000
100.000000
420.000000
89.000000
517.000000
57.000000
200.000000
595.000000
759.000000
267.000000
399.000000
521.000000
740.000000
1175.000000
880.000000
726.000000
688.000000
1083.000000
174.000000
591.000000
675.000000
1831.000000
1062.000000
704.000000
795.000000
277.000000
95.000000
90.000000
4702.000000
3545.000000
1437.000000
488.000000
5342.000000
697.000000
610.000000
737.000000
279.000000
1267.000000
2838.000000
2274.000000
125.000000
494.000000
45.000000
136.000000
658.000000
252.000000
591.000000
315.000000
351.000000
84.000000
1970.000000
1414.000000
237.000000
665.000000
3689.000000
258.000000
555.000000
253.000000
367.000000
181.000000
692.000000
753.000000
1968.000000
1881.000000
54.000000
415.000000
636.000000
473.000000
1073.000000
321.000000
914.000000
808.000000
270.000000
114.000000
247.000000
310.000000
24.000000
196.000000
672.000000
166.000000
401.000000
2473.000000
615.000000
272.000000
1417.000000
1611.000000
1811.000000
556.000000
2191.000000
293.000000
370.000000
743.000000
1188.000000
1065.000000
328.000000
509.000000
134.000000
1425.000000
41.000000
2123.000000
927.000000
1307.000000
645.000000
222.000000
1346.000000
626.000000
1945.000000
643.000000
542.000000
824.000000
30.000000
802.000000
460.000000
1063.000000
728.000000
472.000000
214.000000
148.000000
269.000000
453.000000
266.000000
589.000000
286.000000
107.000000
676.000000
200.000000
106.000000
538.000000
217.000000
139.000000
78.000000
162.000000
118.000000
78.000000
189.000000
1126.000000
476.000000
2950.000000
305.000000
8227.000000
195.000000
1476.000000
490.000000
421.000000
403.000000
479.000000
109.000000
1072.000000
680.000000
294.000000
155.000000
131.000000
932.000000
799.000000
259.000000
666.000000
393.000000
387.000000
1073.000000
259.000000
348.000000
1637.000000
209.000000
66.000000
645.000000
2963.000000
251.000000
217.000000
398.000000
2526.000000
273.000000
262.000000
134.000000
2014.000000
361.000000
305.000000
5244.000000
967.000000
750.000000
365.000000
1093.000000
438.000000
241.000000
891.000000
554.000000
325.000000
395.000000
1293.000000
140.000000
185.000000
154.000000
136.000000
1241.000000
53.000000
301.000000
542.000000
257.000000
1175.000000
249.000000
559.000000
80.000000
347.000000
773.000000
572.000000
135.000000
103.000000
359.000000
533.000000
3118.000000
505.000000
215.000000
1142.000000
94.000000
28.000000
104.000000
1250.000000
93.000000
56.000000
93.000000
1818.000000
173.000000
103.000000
155.000000
126.000000
729.000000
464.000000
931.000000
203.000000
534.000000
219.000000
709.000000
662.000000
166.000000
905.000000
659.000000
42.000000
429.000000
81.000000
630.000000
979.000000
766.000000
1268.000000
1281.000000
567.000000
407.000000
433.000000
584.000000
513.000000
626.000000
599.000000
1097.000000
298.000000
390.000000
591.000000
63.000000
852.000000
1120.000000
183.000000
230.000000
357.000000
1596.000000
739.000000
195.000000
741.000000
185.000000
350.000000
85.000000
167.000000
136.000000
208.000000
50.000000
353.000000
253.000000
395.000000
222.000000
413.000000
447.000000
102.000000
1158.000000
1188.000000
811.000000
183.000000
194.000000
723.000000
291.000000
128.000000
1695.000000
253.000000
339.000000
277.000000
321.000000
1853.000000
777.000000
105.000000
1260.000000
455.000000
388.000000
244.000000
56.000000
1188.000000
396.000000
638.000000
385.000000
1816.000000
271.000000
443.000000
1158.000000
697.000000
930.000000
398.000000
290.000000
255.000000
278.000000
140.000000
65.000000
409.000000
318.000000
342.000000
70.000000
4085.000000
209.000000
971.000000
313.000000
166.000000
428.000000
126.000000
1812.000000
1058.000000
510.000000
946.000000
107.000000
482.000000
1362.000000
107.000000
316.000000
310.000000
1835.000000
799.000000
1743.000000
511.000000
1113.000000
253.000000
976.000000
266.000000
184.000000
608.000000
546.000000
331.000000
194.000000
213.000000
279.000000
427.000000
155.000000
446.000000
2183.000000
184.000000
416.000000
274.000000
414.000000
72.000000
2011.000000
252.000000
355.000000
160.000000
602.000000
1051.000000
1659.000000
1154.000000
36.000000
760.000000
287.000000
73.000000
60.000000
588.000000
67.000000
3003.000000
3803.000000
1193.000000
103.000000
371.000000
284.000000
512.000000
148.000000
270.000000
340.000000
207.000000
232.000000
370.000000
338.000000
78.000000
125.000000
223.000000
179.000000
644.000000
354.000000
208.000000
416.000000
1194.000000
731.000000
280.000000
146.000000
374.000000
597.000000
60.000000
1040.000000
249.000000
97.000000
133.000000
306.000000
600.000000
2247.000000
466.000000
165.000000
706.000000
64.000000
164.000000
243.000000
1067.000000
341.000000
214.000000
1021.000000
1481.000000
542.000000
245.000000
453.000000
169.000000
766.000000
315.000000
2859.000000
1067.000000
428.000000
1824.000000
638.000000
83.000000
107.000000
1632.000000
1349.000000
177.000000
399.000000
181.000000
3700.000000
2097.000000
34.000000
448.000000
138.000000
633.000000
870.000000
106.000000
351.000000
311.000000
1057.000000
356.000000
397.000000
1060.000000
2645.000000
1758.000000
2065.000000
245.000000
335.000000
201.000000
200.000000
970.000000
271.000000
128.000000
362.000000
140.000000
365.000000
762.000000
843.000000
117.000000
31.000000
830.000000
988.000000
282.000000
340.000000
328.000000
783.000000
219.000000
420.000000
511.000000
233.000000
533.000000
660.000000
263.000000
118.000000
130.000000
460.000000
771.000000
309.000000
545.000000
96.000000
95.000000
246.000000
580.000000
79.000000
267.000000
349.000000
523.000000
112.000000
308.000000
114.000000
148.000000
420.000000
2758.000000
917.000000
1124.000000
88.000000
204.000000
1104.000000
1250.000000
324.000000
109.000000
1754.000000
4237.000000
666.000000
159.000000
919.000000
1040.000000
137.000000
299.000000
378.000000
239.000000
756.000000
921.000000
935.000000
594.000000
1452.000000
213.000000
73.000000
69.000000
156.000000
251.000000
673.000000
268.000000
63.000000
307.000000
472.000000
51.000000
274.000000
297.000000
1169.000000
443.000000
539.000000
483.000000
782.000000
64.000000
463.000000
258.000000
150.000000
137.000000
1145.000000
848.000000
803.000000
144.000000
615.000000
447.000000
310.000000
833.000000
1013.000000
1429.000000
512.000000
570.000000
767.000000
202.000000
1151.000000
867.000000
5349.000000
1155.000000
170.000000
74.000000
1000.000000
1654.000000
645.000000
562.000000
492.000000
492.000000
2343.000000
217.000000
1022.000000
309.000000
1678.000000
607.000000
422.000000
122.000000
766.000000
131.000000
526.000000
114.000000
126.000000
1704.000000
592.000000
735.000000
42.000000
109.000000
656.000000
416.000000
447.000000
80.000000
147.000000
277.000000
2295.000000
206.000000
5607.000000
1802.000000
329.000000
593.000000
1075.000000
306.000000
362.000000
539.000000
740.000000
788.000000
2747.000000
518.000000
131.000000
89.000000
319.000000
449.000000
426.000000
298.000000
551.000000
142.000000
100.000000
216.000000
186.000000
155.000000
855.000000
93.000000
183.000000
1360.000000
294.000000
980.000000
468.000000
646.000000
459.000000
4259.000000
547.000000
939.000000
117.000000
188.000000
192.000000
711.000000
658.000000
1605.000000
168.000000
162.000000
81.000000
23.000000
710.000000
387.000000
286.000000
204.000000
2418.000000
798.000000
513.000000
195.000000
847.000000
958.000000
1081.000000
215.000000
780.000000
181.000000
1692.000000
1523.000000
1092.000000
232.000000
803.000000
560.000000
486.000000
617.000000
107.000000
248.000000
1921.000000
1007.000000
925.000000
1765.000000
323.000000
178.000000
394.000000
141.000000
303.000000
347.000000
160.000000
834.000000
654.000000
654.000000
96.000000
89.000000
220.000000
49.000000
61.000000
107.000000
716.000000
408.000000
262.000000
399.000000
293.000000
2508.000000
152.000000
2409.000000
1156.000000
443.000000
2132.000000
35.000000
279.000000
516.000000
361.000000
575.000000
1373.000000
1544.000000
373.000000
837.000000
693.000000
232.000000
167.000000
235.000000
443.000000
31.000000
602.000000
340.000000
149.000000
935.000000
255.000000
676.000000
380.000000
496.000000
426.000000
140.000000
1499.000000
137.000000
464.000000
182.000000
1782.000000
169.000000
1004.000000
426.000000
656.000000
93.000000
392.000000
3375.000000
141.000000
270.000000
277.000000
1608.000000
1944.000000
206.000000
765.000000
482.000000
1206.000000
793.000000
15644.000000
489.000000
282.000000
1790.000000
1467.000000
2364.000000
1843.000000
230.000000
212.000000
414.000000
731.000000
3455.000000
953.000000
2946.000000
579.000000
171.000000
139.000000
18.000000
264.000000
3128.000000
262.000000
328.000000
132.000000
569.000000
1957.000000
634.000000
569.000000
362.000000
276.000000
109.000000
283.000000
411.000000
122.000000
895.000000
572.000000
150.000000
1333.000000
117.000000
1321.000000
263.000000
563.000000
1088.000000
214.000000
1330.000000
425.000000
392.000000
782.000000
38.000000
76.000000
226.000000
332.000000
134.000000
946.000000
101.000000
305.000000
544.000000
146.000000
274.000000
72.000000
38.000000
219.000000
252.000000
401.000000
188.000000
1116.000000
711.000000
186.000000
277.000000
614.000000
339.000000
293.000000
167.000000
215.000000
739.000000
323.000000
450.000000
225.000000
16.000000
1698.000000
77.000000
712.000000
1758.000000
98.000000
461.000000
523.000000
2159.000000
747.000000
414.000000
166.000000
1246.000000
248.000000
501.000000
329.000000
701.000000
210.000000
264.000000
614.000000
262.000000
400.000000
1993.000000
463.000000
931.000000
151.000000
1109.000000
343.000000
213.000000
952.000000
328.000000
131.000000
217.000000
286.000000
277.000000
2172.000000
715.000000
415.000000
539.000000
154.000000
84.000000
217.000000
406.000000
158.000000
1704.000000
42.000000
508.000000
111.000000
453.000000
157.000000
244.000000
908.000000
371.000000
545.000000
422.000000
185.000000
923.000000
746.000000
1040.000000
542.000000
325.000000
60.000000
313.000000
278.000000
102.000000
378.000000
270.000000
421.000000
2570.000000
421.000000
377.000000
126.000000
2565.000000
5163.000000
1125.000000
160.000000
290.000000
578.000000
318.000000
1198.000000
193.000000
1989.000000
460.000000
116.000000
989.000000
75.000000
647.000000
45.000000
1376.000000
163.000000
309.000000
743.000000
353.000000
661.000000
91.000000
1388.000000
198.000000
2518.000000
735.000000
1676.000000
116.000000
2046.000000
490.000000
82.000000
425.000000
218.000000
156.000000
210.000000
128.000000
683.000000
214.000000
299.000000
3752.000000
171.000000
129.000000
1000.000000
192.000000
