284.000000
110.000000
546.000000
1589.000000
365.000000
639.000000
303.000000
250.000000
263.000000
837.000000
1004.000000
699.000000
4976.000000
68.000000
325.000000
355.000000
413.000000
152.000000
161.000000
1178.000000
1219.000000
155.000000
688.000000
1998.000000
116.000000
326.000000
373.000000
449.000000
356.000000
425.000000
385.000000
518.000000
1481.000000
342.000000
256.000000
686.000000
610.000000
142.000000
160.000000
418.000000
187.000000
147.000000
110.000000
1241.000000
585.000000
2043.000000
82.000000
280.000000
196.000000
233.000000
676.000000
423.000000
1746.000000
1001.000000
862.000000
386.000000
334.000000
71.000000
495.000000
338.000000
650.000000
240.000000
411.000000
235.000000
98.000000
88.000000
285.000000
2185.000000
267.000000
183.000000
69.000000
389.000000
370.000000
2030.000000
934.000000
191.000000
1643.000000
576.000000
85.000000
125.000000
122.000000
426.000000
407.000000
237.000000
477.000000
224.000000
366.000000
655.000000
199.000000
3542.000000
2033.000000
339.000000
2208.000000
186.000000
370.000000
993.000000
282.000000
228.000000
36.000000
421.000000
560.000000
332.000000
101.000000
1843.000000
173.000000
123.000000
626.000000
575.000000
1657.000000
201.000000
751.000000
1054.000000
183.000000
402.000000
288.000000
368.000000
655.000000
706.000000
509.000000
150.000000
438.000000
309.000000
2922.000000
1081.000000
685.000000
5549.000000
294.000000
137.000000
428.000000
340.000000
657.000000
204.000000
264.000000
348.000000
257.000000
293.000000
750.000000
586.000000
1802.000000
1572.000000
1253.000000
97.000000
2751.000000
145.000000
324.000000
141.000000
709.000000
2331.000000
201.000000
831.000000
64.000000
269.000000
569.000000
240.000000
537.000000
256.000000
457.000000
702.000000
896.000000
422.000000
1853.000000
319.000000
114.000000
1270.000000
552.000000
900.000000
589.000000
135.000000
31.000000
1106.000000
1896.000000
163.000000
125.000000
407.000000
309.000000
198.000000
165.000000
994.000000
245.000000
159.000000
806.000000
85.000000
1409.000000
988.000000
208.000000
1914.000000
193.000000
570.000000
5323.000000
410.000000
394.000000
137.000000
403.000000
51.000000
1438.000000
649.000000
1726.000000
1143.000000
655.000000
88.000000
509.000000
109.000000
200.000000
322.000000
199.000000
3371.000000
903.000000
381.000000
260.000000
254.000000
528.000000
316.000000
465.000000
1184.000000
281.000000
528.000000
4146.000000
57.000000
36.000000
373.000000
83.000000
390.000000
678.000000
351.000000
279.000000
5940.000000
1146.000000
656.000000
432.000000
385.000000
340.000000
180.000000
447.000000
285.000000
120.000000
273.000000
128.000000
299.000000
1067.000000
312.000000
307.000000
132.000000
302.000000
426.000000
167.000000
1706.000000
456.000000
1475.000000
162.000000
1510.000000
186.000000
186.000000
562.000000
246.000000
1400.000000
794.000000
1747.000000
1546.000000
459.000000
548.000000
253.000000
123.000000
42.000000
199.000000
159.000000
253.000000
1092.000000
406.000000
3725.000000
599.000000
893.000000
268.000000
69.000000
366.000000
1984.000000
2070.000000
199.000000
446.000000
339.000000
302.000000
2011.000000
162.000000
1062.000000
379.000000
272.000000
129.000000
174.000000
291.000000
368.000000
651.000000
1290.000000
12.000000
858.000000
1198.000000
600.000000
918.000000
121.000000
579.000000
1153.000000
53.000000
276.000000
58.000000
66.000000
145.000000
295.000000
667.000000
700.000000
516.000000
228.000000
309.000000
448.000000
484.000000
487.000000
512.000000
347.000000
2676.000000
268.000000
1234.000000
97.000000
392.000000
2020.000000
223.000000
351.000000
218.000000
52.000000
715.000000
325.000000
261.000000
354.000000
443.000000
438.000000
190.000000
194.000000
281.000000
4057.000000
150.000000
826.000000
1635.000000
440.000000
694.000000
304.000000
863.000000
243.000000
73.000000
703.000000
797.000000
466.000000
5570.000000
145.000000
832.000000
146.000000
281.000000
481.000000
177.000000
228.000000
93.000000
47.000000
488.000000
509.000000
1592.000000
403.000000
45.000000
467.000000
185.000000
643.000000
680.000000
608.000000
227.000000
473.000000
325.000000
281.000000
355.000000
240.000000
156.000000
75.000000
192.000000
241.000000
642.000000
263.000000
496.000000
467.000000
40.000000
818.000000
1665.000000
170.000000
270.000000
254.000000
1087.000000
331.000000
326.000000
739.000000
427.000000
785.000000
114.000000
1735.000000
863.000000
24.000000
1694.000000
292.000000
548.000000
467.000000
1299.000000
994.000000
1141.000000
698.000000
167.000000
131.000000
263.000000
101.000000
807.000000
307.000000
306.000000
653.000000
650.000000
1115.000000
213.000000
2356.000000
3396.000000
395.000000
871.000000
163.000000
112.000000
757.000000
273.000000
989.000000
2037.000000
195.000000
919.000000
133.000000
280.000000
775.000000
173.000000
5003.000000
554.000000
236.000000
25.000000
1128.000000
2583.000000
1929.000000
669.000000
706.000000
3350.000000
212.000000
1478.000000
75.000000
120.000000
117.000000
1059.000000
305.000000
282.000000
211.000000
267.000000
1381.000000
279.000000
1038.000000
218.000000
224.000000
96.000000
1520.000000
145.000000
121.000000
348.000000
114.000000
387.000000
94.000000
2231.000000
1072.000000
78.000000
909.000000
59.000000
523.000000
693.000000
623.000000
455.000000
766.000000
471.000000
415.000000
90.000000
791.000000
115.000000
278.000000
267.000000
460.000000
3605.000000
2793.000000
1169.000000
1105.000000
252.000000
440.000000
364.000000
107.000000
262.000000
1398.000000
381.000000
1123.000000
250.000000
147.000000
93.000000
981.000000
164.000000
507.000000
476.000000
837.000000
712.000000
59.000000
228.000000
302.000000
157.000000
584.000000
455.000000
159.000000
362.000000
231.000000
530.000000
137.000000
58.000000
247.000000
1299.000000
68.000000
129.000000
698.000000
600.000000
2143.000000
1418.000000
42.000000
128.000000
559.000000
64.000000
135.000000
687.000000
1613.000000
357.000000
619.000000
296.000000
2540.000000
107.000000
1296.000000
850.000000
352.000000
251.000000
974.000000
668.000000
1874.000000
270.000000
684.000000
1165.000000
1901.000000
447.000000
213.000000
108.000000
1191.000000
215.000000
186.000000
577.000000
197.000000
240.000000
4150.000000
3418.000000
496.000000
645.000000
619.000000
402.000000
374.000000
2471.000000
370.000000
64.000000
132.000000
1074.000000
317.000000
525.000000
684.000000
973.000000
2515.000000
1111.000000
3119.000000
918.000000
1286.000000
206.000000
423.000000
517.000000
264.000000
586.000000
688.000000
182.000000
441.000000
85.000000
645.000000
216.000000
105.000000
303.000000
108.000000
712.000000
899.000000
211.000000
1756.000000
317.000000
493.000000
293.000000
92.000000
141.000000
628.000000
40.000000
1050.000000
133.000000
165.000000
125.000000
486.000000
79.000000
1217.000000
117.000000
283.000000
841.000000
494.000000
594.000000
1516.000000
345.000000
606.000000
268.000000
686.000000
3373.000000
288.000000
679.000000
198.000000
612.000000
2134.000000
316.000000
208.000000
123.000000
253.000000
157.000000
1354.000000
111.000000
113.000000
157.000000
575.000000
400.000000
179.000000
482.000000
88.000000
4158.000000
119.000000
2599.000000
803.000000
123.000000
980.000000
334.000000
640.000000
298.000000
3961.000000
1045.000000
151.000000
201.000000
2198.000000
1778.000000
339.000000
891.000000
775.000000
490.000000
1154.000000
924.000000
141.000000
2002.000000
715.000000
804.000000
359.000000
231.000000
129.000000
642.000000
1407.000000
413.000000
454.000000
114.000000
614.000000
523.000000
905.000000
102.000000
671.000000
285.000000
338.000000
41.000000
1342.000000
354.000000
678.000000
224.000000
108.000000
1602.000000
1233.000000
723.000000
413.000000
1529.000000
697.000000
564.000000
83.000000
238.000000
290.000000
637.000000
374.000000
664.000000
1073.000000
244.000000
229.000000
143.000000
756.000000
1017.000000
134.000000
301.000000
706.000000
428.000000
5407.000000
438.000000
141.000000
1952.000000
365.000000
436.000000
258.000000
737.000000
353.000000
1724.000000
394.000000
139.000000
692.000000
2732.000000
137.000000
505.000000
716.000000
1140.000000
323.000000
271.000000
388.000000
47.000000
238.000000
261.000000
1183.000000
516.000000
209.000000
170.000000
39.000000
527.000000
271.000000
783.000000
501.000000
1729.000000
1686.000000
242.000000
543.000000
251.000000
246.000000
228.000000
483.000000
381.000000
134.000000
713.000000
1785.000000
503.000000
105.000000
533.000000
569.000000
422.000000
266.000000
426.000000
1304.000000
536.000000
921.000000
211.000000
210.000000
555.000000
282.000000
1008.000000
558.000000
347.000000
1916.000000
264.000000
239.000000
254.000000
975.000000
665.000000
416.000000
562.000000
627.000000
5485.000000
267.000000
842.000000
216.000000
232.000000
258.000000
375.000000
970.000000
1455.000000
89.000000
2063.000000
281.000000
662.000000
426.000000
1224.000000
2336.000000
314.000000
473.000000
43.000000
753.000000
221.000000
155.000000
556.000000
18258.000000
946.000000
276.000000
366.000000
455.000000
449.000000
184.000000
111.000000
2851.000000
157.000000
439.000000
60.000000
374.000000
394.000000
185.000000
104.000000
633.000000
116.000000
184.000000
204.000000
537.000000
531.000000
442.000000
820.000000
625.000000
323.000000
215.000000
265.000000
347.000000
119.000000
188.000000
70.000000
53.000000
106.000000
752.000000
122.000000
1025.000000
517.000000
89.000000
447.000000
111.000000
486.000000
347.000000
1820.000000
290.000000
280.000000
433.000000
561.000000
213.000000
941.000000
291.000000
1654.000000
298.000000
359.000000
1570.000000
831.000000
182.000000
329.000000
284.000000
224.000000
2417.000000
169.000000
729.000000
1203.000000
148.000000
399.000000
140.000000
521.000000
844.000000
160.000000
1491.000000
223.000000
104.000000
650.000000
257.000000
909.000000
521.000000
922.000000
675.000000
654.000000
268.000000
365.000000
121.000000
587.000000
387.000000
419.000000
1631.000000
296.000000
1178.000000
884.000000
350.000000
956.000000
103.000000
1598.000000
1675.000000
2057.000000
715.000000
464.000000
642.000000
144.000000
112.000000
180.000000
638.000000
218.000000
322.000000
58.000000
258.000000
87.000000
3628.000000
348.000000
963.000000
284.000000
934.000000
227.000000
396.000000
94.000000
43.000000
1647.000000
3648.000000
462.000000
1359.000000
214.000000
353.000000
202.000000
431.000000
129.000000
543.000000
447.000000
202.000000
57.000000
388.000000
2436.000000
1255.000000
208.000000
223.000000
244.000000
466.000000
756.000000
261.000000
934.000000
850.000000
162.000000
261.000000
817.000000
152.000000
457.000000
256.000000
259.000000
286.000000
1080.000000
1189.000000
595.000000
841.000000
1128.000000
305.000000
72.000000
1006.000000
60.000000
146.000000
762.000000
1129.000000
228.000000
2653.000000
690.000000
562.000000
341.000000
782.000000
67.000000
292.000000
140.000000
289.000000
798.000000
113.000000
57.000000
33.000000
1039.000000
2082.000000
269.000000
98.000000
426.000000
103.000000
528.000000
214.000000
678.000000
1417.000000
929.000000
328.000000
187.000000
319.000000
352.000000
1128.000000
159.000000
112.000000
629.000000
2642.000000
505.000000
3531.000000
82.000000
