119.000000
76.000000
308.000000
710.000000
699.000000
2494.000000
280.000000
374.000000
625.000000
166.000000
237.000000
291.000000
178.000000
713.000000
248.000000
589.000000
173.000000
63.000000
499.000000
476.000000
324.000000
2305.000000
917.000000
619.000000
471.000000
1584.000000
1341.000000
1407.000000
277.000000
1190.000000
53.000000
101.000000
339.000000
624.000000
1555.000000
884.000000
2367.000000
255.000000
285.000000
2561.000000
1140.000000
809.000000
1042.000000
902.000000
1636.000000
1186.000000
1946.000000
136.000000
227.000000
3071.000000
256.000000
39.000000
108.000000
722.000000
518.000000
538.000000
1316.000000
41.000000
1241.000000
163.000000
504.000000
416.000000
473.000000
444.000000
382.000000
31.000000
580.000000
203.000000
586.000000
156.000000
475.000000
554.000000
643.000000
255.000000
267.000000
172.000000
278.000000
362.000000
203.000000
459.000000
891.000000
244.000000
1522.000000
121.000000
1876.000000
401.000000
37.000000
123.000000
133.000000
728.000000
284.000000
812.000000
369.000000
227.000000
242.000000
670.000000
144.000000
410.000000
75.000000
691.000000
267.000000
178.000000
385.000000
1308.000000
82.000000
216.000000
1617.000000
1155.000000
489.000000
160.000000
145.000000
358.000000
81.000000
409.000000
239.000000
2499.000000
203.000000
211.000000
320.000000
81.000000
1283.000000
357.000000
61.000000
425.000000
225.000000
449.000000
530.000000
287.000000
1161.000000
1603.000000
4836.000000
5188.000000
411.000000
1327.000000
149.000000
223.000000
400.000000
404.000000
263.000000
474.000000
1130.000000
384.000000
1931.000000
85.000000
117.000000
134.000000
108.000000
493.000000
49.000000
496.000000
253.000000
194.000000
14.000000
354.000000
280.000000
444.000000
480.000000
576.000000
164.000000
764.000000
568.000000
466.000000
992.000000
295.000000
2060.000000
446.000000
208.000000
92.000000
158.000000
158.000000
236.000000
1997.000000
828.000000
1291.000000
450.000000
769.000000
88.000000
1852.000000
259.000000
942.000000
114.000000
197.000000
717.000000
832.000000
412.000000
578.000000
32.000000
4951.000000
472.000000
76.000000
1925.000000
136.000000
277.000000
268.000000
267.000000
2212.000000
115.000000
211.000000
315.000000
461.000000
265.000000
57.000000
264.000000
279.000000
668.000000
1310.000000
409.000000
184.000000
259.000000
1396.000000
99.000000
139.000000
259.000000
27.000000
388.000000
253.000000
201.000000
107.000000
622.000000
1182.000000
377.000000
501.000000
57.000000
574.000000
942.000000
545.000000
453.000000
44.000000
1197.000000
909.000000
2849.000000
145.000000
1185.000000
2178.000000
461.000000
566.000000
231.000000
113.000000
587.000000
309.000000
690.000000
1376.000000
1588.000000
2277.000000
1390.000000
889.000000
656.000000
411.000000
176.000000
129.000000
649.000000
1326.000000
258.000000
577.000000
787.000000
384.000000
442.000000
400.000000
331.000000
199.000000
139.000000
187.000000
143.000000
149.000000
4424.000000
496.000000
141.000000
456.000000
701.000000
111.000000
327.000000
144.000000
408.000000
539.000000
50.000000
2610.000000
330.000000
806.000000
759.000000
550.000000
537.000000
4428.000000
532.000000
470.000000
158.000000
333.000000
300.000000
721.000000
683.000000
357.000000
166.000000
242.000000
1040.000000
665.000000
204.000000
582.000000
455.000000
291.000000
577.000000
308.000000
534.000000
383.000000
101.000000
1333.000000
303.000000
172.000000
1174.000000
130.000000
444.000000
755.000000
259.000000
620.000000
1635.000000
977.000000
544.000000
173.000000
355.000000
655.000000
164.000000
291.000000
613.000000
1060.000000
5877.000000
182.000000
836.000000
92.000000
733.000000
294.000000
529.000000
1281.000000
134.000000
201.000000
2841.000000
728.000000
211.000000
185.000000
2588.000000
1476.000000
613.000000
1569.000000
85.000000
598.000000
288.000000
280.000000
234.000000
235.000000
509.000000
4546.000000
140.000000
2234.000000
2934.000000
338.000000
136.000000
613.000000
3190.000000
337.000000
1768.000000
242.000000
572.000000
254.000000
186.000000
682.000000
63.000000
44.000000
770.000000
1765.000000
103.000000
725.000000
1712.000000
1412.000000
498.000000
92.000000
287.000000
3642.000000
1814.000000
245.000000
364.000000
543.000000
185.000000
506.000000
1264.000000
643.000000
15.000000
390.000000
167.000000
298.000000
601.000000
419.000000
130.000000
38.000000
115.000000
152.000000
853.000000
141.000000
395.000000
242.000000
131.000000
258.000000
309.000000
183.000000
114.000000
161.000000
132.000000
587.000000
56.000000
1538.000000
729.000000
202.000000
265.000000
98.000000
251.000000
216.000000
345.000000
438.000000
248.000000
728.000000
332.000000
328.000000
1093.000000
73.000000
262.000000
880.000000
300.000000
328.000000
137.000000
414.000000
454.000000
225.000000
551.000000
187.000000
733.000000
646.000000
412.000000
393.000000
1635.000000
500.000000
554.000000
107.000000
1949.000000
92.000000
59.000000
620.000000
741.000000
336.000000
777.000000
1456.000000
991.000000
164.000000
228.000000
482.000000
1012.000000
890.000000
204.000000
744.000000
60.000000
300.000000
592.000000
339.000000
931.000000
384.000000
765.000000
398.000000
583.000000
293.000000
237.000000
521.000000
522.000000
722.000000
60.000000
1406.000000
1755.000000
510.000000
131.000000
1239.000000
1010.000000
389.000000
1018.000000
3141.000000
233.000000
190.000000
276.000000
973.000000
192.000000
168.000000
581.000000
818.000000
345.000000
527.000000
800.000000
562.000000
515.000000
180.000000
443.000000
9004.000000
844.000000
266.000000
231.000000
230.000000
1395.000000
466.000000
5028.000000
140.000000
151.000000
506.000000
116.000000
171.000000
2203.000000
259.000000
342.000000
1671.000000
820.000000
70.000000
2962.000000
83.000000
175.000000
89.000000
173.000000
599.000000
331.000000
164.000000
66.000000
330.000000
1766.000000
1455.000000
729.000000
232.000000
2064.000000
411.000000
778.000000
1594.000000
126.000000
332.000000
190.000000
1223.000000
99.000000
1199.000000
328.000000
1113.000000
429.000000
251.000000
257.000000
77.000000
245.000000
681.000000
412.000000
301.000000
162.000000
512.000000
2579.000000
144.000000
1726.000000
425.000000
131.000000
357.000000
384.000000
815.000000
3570.000000
1064.000000
225.000000
379.000000
276.000000
1153.000000
1307.000000
806.000000
349.000000
561.000000
1886.000000
555.000000
124.000000
201.000000
175.000000
533.000000
67.000000
1170.000000
894.000000
1417.000000
238.000000
567.000000
2396.000000
65.000000
1403.000000
208.000000
2252.000000
135.000000
915.000000
265.000000
300.000000
219.000000
31.000000
3467.000000
1223.000000
396.000000
453.000000
60.000000
476.000000
1058.000000
651.000000
475.000000
715.000000
862.000000
286.000000
915.000000
619.000000
849.000000
1911.000000
266.000000
500.000000
1162.000000
556.000000
3417.000000
145.000000
354.000000
1204.000000
449.000000
353.000000
283.000000
426.000000
643.000000
364.000000
308.000000
202.000000
1250.000000
860.000000
8052.000000
2464.000000
499.000000
208.000000
1146.000000
827.000000
360.000000
485.000000
1108.000000
612.000000
560.000000
394.000000
1985.000000
456.000000
408.000000
1608.000000
664.000000
1404.000000
754.000000
126.000000
128.000000
321.000000
379.000000
658.000000
701.000000
173.000000
472.000000
402.000000
264.000000
539.000000
400.000000
3780.000000
1107.000000
47.000000
984.000000
181.000000
67.000000
456.000000
572.000000
694.000000
156.000000
992.000000
176.000000
147.000000
569.000000
162.000000
353.000000
1237.000000
233.000000
515.000000
302.000000
596.000000
422.000000
550.000000
293.000000
112.000000
206.000000
66.000000
61.000000
221.000000
825.000000
231.000000
2757.000000
319.000000
482.000000
1022.000000
166.000000
50.000000
667.000000
462.000000
131.000000
323.000000
1017.000000
89.000000
1263.000000
119.000000
288.000000
1129.000000
151.000000
237.000000
287.000000
361.000000
580.000000
311.000000
443.000000
529.000000
146.000000
170.000000
476.000000
366.000000
301.000000
1199.000000
275.000000
1281.000000
451.000000
215.000000
254.000000
787.000000
149.000000
178.000000
901.000000
1087.000000
1938.000000
144.000000
207.000000
168.000000
211.000000
896.000000
936.000000
263.000000
460.000000
1804.000000
350.000000
447.000000
543.000000
386.000000
1338.000000
113.000000
310.000000
260.000000
233.000000
1275.000000
673.000000
697.000000
358.000000
131.000000
257.000000
226.000000
364.000000
130.000000
234.000000
348.000000
89.000000
738.000000
198.000000
1551.000000
395.000000
141.000000
498.000000
787.000000
124.000000
206.000000
226.000000
352.000000
743.000000
129.000000
152.000000
297.000000
252.000000
1173.000000
691.000000
504.000000
254.000000
166.000000
138.000000
2741.000000
540.000000
191.000000
361.000000
244.000000
2831.000000
320.000000
307.000000
281.000000
1030.000000
1019.000000
166.000000
120.000000
1204.000000
355.000000
539.000000
1336.000000
208.000000
796.000000
515.000000
2091.000000
254.000000
595.000000
350.000000
3931.000000
474.000000
201.000000
1269.000000
1592.000000
3159.000000
873.000000
1238.000000
1414.000000
1343.000000
244.000000
256.000000
220.000000
164.000000
1489.000000
284.000000
254.000000
736.000000
226.000000
835.000000
256.000000
625.000000
712.000000
599.000000
73.000000
203.000000
274.000000
1414.000000
57.000000
1050.000000
691.000000
547.000000
355.000000
199.000000
127.000000
401.000000
215.000000
93.000000
1049.000000
1280.000000
815.000000
209.000000
30.000000
258.000000
921.000000
339.000000
35.000000
1437.000000
680.000000
962.000000
208.000000
281.000000
257.000000
1065.000000
1342.000000
249.000000
1977.000000
80.000000
50.000000
435.000000
413.000000
167.000000
167.000000
222.000000
552.000000
1619.000000
1106.000000
1594.000000
4281.000000
428.000000
166.000000
318.000000
26.000000
189.000000
94.000000
226.000000
1144.000000
193.000000
917.000000
1544.000000
1118.000000
257.000000
121.000000
45.000000
984.000000
49.000000
1455.000000
406.000000
349.000000
99.000000
158.000000
216.000000
255.000000
1745.000000
134.000000
262.000000
568.000000
1242.000000
328.000000
496.000000
422.000000
601.000000
154.000000
116.000000
149.000000
261.000000
222.000000
158.000000
571.000000
326.000000
803.000000
213.000000
85.000000
2371.000000
1065.000000
143.000000
463.000000
513.000000
225.000000
1092.000000
722.000000
217.000000
1466.000000
472.000000
1453.000000
137.000000
15686.000000
463.000000
229.000000
571.000000
245.000000
1308.000000
779.000000
1330.000000
373.000000
1084.000000
19907.000000
624.000000
340.000000
1308.000000
837.000000
248.000000
493.000000
44.000000
1510.000000
126.000000
304.000000
137.000000
234.000000
568.000000
764.000000
1256.000000
1067.000000
234.000000
488.000000
247.000000
539.000000
831.000000
670.000000
188.000000
42.000000
54.000000
612.000000
222.000000
217.000000
1125.000000
82.000000
519.000000
1487.000000
107.000000
2256.000000
358.000000
1144.000000
905.000000
612.000000
920.000000
1433.000000
298.000000
630.000000
1127.000000
330.000000
1260.000000
522.000000
469.000000
405.000000
304.000000
730.000000
842.000000
1276.000000
1443.000000
225.000000
744.000000
373.000000
208.000000
287.000000
1277.000000
273.000000
112.000000
