227.000000
213.000000
271.000000
153.000000
1220.000000
360.000000
385.000000
688.000000
83.000000
228.000000
338.000000
1060.000000
1300.000000
588.000000
469.000000
217.000000
925.000000
610.000000
122.000000
114.000000
102.000000
295.000000
155.000000
645.000000
1657.000000
82.000000
262.000000
64.000000
789.000000
471.000000
671.000000
534.000000
449.000000
528.000000
2863.000000
405.000000
823.000000
424.000000
679.000000
937.000000
560.000000
592.000000
363.000000
952.000000
864.000000
173.000000
751.000000
156.000000
379.000000
76.000000
1009.000000
185.000000
1230.000000
1372.000000
145.000000
913.000000
156.000000
482.000000
1807.000000
57.000000
895.000000
950.000000
587.000000
294.000000
160.000000
1076.000000
818.000000
1966.000000
1067.000000
1481.000000
81.000000
88.000000
481.000000
199.000000
331.000000
459.000000
3124.000000
173.000000
526.000000
850.000000
166.000000
235.000000
127.000000
354.000000
2337.000000
181.000000
207.000000
898.000000
243.000000
668.000000
393.000000
305.000000
109.000000
162.000000
842.000000
808.000000
1529.000000
460.000000
146.000000
159.000000
883.000000
246.000000
222.000000
104.000000
626.000000
212.000000
627.000000
74.000000
1555.000000
650.000000
221.000000
133.000000
300.000000
1481.000000
36.000000
877.000000
229.000000
158.000000
133.000000
315.000000
2644.000000
227.000000
358.000000
289.000000
441.000000
248.000000
536.000000
395.000000
1016.000000
668.000000
2700.000000
188.000000
268.000000
159.000000
648.000000
728.000000
437.000000
519.000000
690.000000
488.000000
1026.000000
122.000000
472.000000
374.000000
570.000000
301.000000
646.000000
146.000000
2283.000000
537.000000
454.000000
1794.000000
1044.000000
72.000000
797.000000
523.000000
662.000000
26.000000
832.000000
1884.000000
119.000000
170.000000
168.000000
186.000000
1232.000000
1074.000000
3122.000000
125.000000
200.000000
110.000000
498.000000
133.000000
664.000000
176.000000
119.000000
206.000000
381.000000
527.000000
439.000000
384.000000
52.000000
218.000000
601.000000
388.000000
159.000000
634.000000
811.000000
102.000000
130.000000
1215.000000
101.000000
2962.000000
194.000000
1750.000000
637.000000
910.000000
257.000000
941.000000
2584.000000
214.000000
191.000000
896.000000
378.000000
233.000000
506.000000
449.000000
1844.000000
396.000000
182.000000
154.000000
490.000000
1382.000000
181.000000
225.000000
141.000000
99.000000
414.000000
35.000000
511.000000
370.000000
250.000000
978.000000
125.000000
345.000000
979.000000
239.000000
133.000000
262.000000
2047.000000
148.000000
102.000000
454.000000
593.000000
529.000000
3791.000000
431.000000
859.000000
1141.000000
171.000000
2589.000000
1694.000000
1267.000000
405.000000
457.000000
953.000000
219.000000
120.000000
419.000000
597.000000
1721.000000
390.000000
273.000000
587.000000
169.000000
161.000000
151.000000
813.000000
181.000000
257.000000
594.000000
614.000000
1420.000000
937.000000
1477.000000
1019.000000
281.000000
395.000000
630.000000
493.000000
574.000000
1383.000000
323.000000
1505.000000
1050.000000
679.000000
132.000000
505.000000
724.000000
342.000000
1697.000000
89.000000
1761.000000
393.000000
287.000000
278.000000
225.000000
323.000000
80.000000
54.000000
78.000000
285.000000
771.000000
683.000000
925.000000
279.000000
250.000000
174.000000
1669.000000
77.000000
243.000000
1251.000000
554.000000
382.000000
674.000000
427.000000
39.000000
1510.000000
1834.000000
734.000000
314.000000
393.000000
636.000000
135.000000
556.000000
354.000000
1234.000000
4073.000000
515.000000
1159.000000
57.000000
1007.000000
813.000000
523.000000
1225.000000
141.000000
115.000000
340.000000
261.000000
214.000000
276.000000
1014.000000
306.000000
681.000000
134.000000
171.000000
830.000000
523.000000
336.000000
130.000000
1479.000000
167.000000
13.000000
115.000000
1114.000000
251.000000
2206.000000
430.000000
194.000000
691.000000
224.000000
659.000000
448.000000
342.000000
431.000000
319.000000
306.000000
1202.000000
276.000000
455.000000
388.000000
474.000000
369.000000
208.000000
1659.000000
113.000000
167.000000
137.000000
3084.000000
273.000000
142.000000
272.000000
1175.000000
694.000000
454.000000
176.000000
449.000000
113.000000
179.000000
126.000000
64.000000
751.000000
399.000000
317.000000
311.000000
316.000000
540.000000
145.000000
1272.000000
928.000000
317.000000
1351.000000
336.000000
72.000000
373.000000
149.000000
441.000000
182.000000
1530.000000
272.000000
951.000000
455.000000
1454.000000
87.000000
1441.000000
53.000000
1248.000000
413.000000
456.000000
1398.000000
2973.000000
185.000000
1206.000000
154.000000
702.000000
681.000000
442.000000
305.000000
360.000000
363.000000
110.000000
324.000000
2922.000000
110.000000
290.000000
628.000000
65.000000
233.000000
131.000000
235.000000
311.000000
2797.000000
115.000000
744.000000
1190.000000
1299.000000
507.000000
353.000000
1469.000000
634.000000
244.000000
387.000000
216.000000
130.000000
191.000000
540.000000
315.000000
187.000000
197.000000
276.000000
757.000000
336.000000
748.000000
2107.000000
4018.000000
542.000000
343.000000
703.000000
173.000000
425.000000
2629.000000
125.000000
1171.000000
337.000000
736.000000
201.000000
376.000000
187.000000
285.000000
136.000000
774.000000
485.000000
257.000000
231.000000
1868.000000
1297.000000
384.000000
262.000000
325.000000
597.000000
354.000000
735.000000
2808.000000
920.000000
683.000000
248.000000
1346.000000
236.000000
405.000000
1617.000000
100.000000
404.000000
1016.000000
555.000000
297.000000
914.000000
1508.000000
404.000000
460.000000
613.000000
2079.000000
294.000000
235.000000
260.000000
307.000000
389.000000
44.000000
704.000000
242.000000
303.000000
1732.000000
229.000000
173.000000
293.000000
156.000000
269.000000
140.000000
334.000000
389.000000
276.000000
1277.000000
169.000000
218.000000
295.000000
42.000000
1507.000000
387.000000
686.000000
54.000000
289.000000
401.000000
579.000000
1570.000000
251.000000
284.000000
2263.000000
111.000000
393.000000
97.000000
3921.000000
944.000000
1026.000000
1849.000000
995.000000
81.000000
104.000000
1549.000000
1195.000000
375.000000
386.000000
499.000000
434.000000
175.000000
114.000000
715.000000
342.000000
331.000000
204.000000
2380.000000
314.000000
3393.000000
509.000000
619.000000
402.000000
56.000000
494.000000
531.000000
371.000000
587.000000
1257.000000
279.000000
155.000000
1872.000000
2040.000000
759.000000
2436.000000
1116.000000
361.000000
707.000000
764.000000
1144.000000
96.000000
181.000000
479.000000
262.000000
2471.000000
153.000000
396.000000
517.000000
268.000000
142.000000
108.000000
4976.000000
511.000000
770.000000
988.000000
685.000000
1169.000000
659.000000
508.000000
558.000000
826.000000
617.000000
542.000000
291.000000
6645.000000
243.000000
669.000000
518.000000
447.000000
804.000000
143.000000
580.000000
1433.000000
1520.000000
116.000000
366.000000
163.000000
4335.000000
250.000000
137.000000
1167.000000
280.000000
798.000000
100.000000
1016.000000
620.000000
1382.000000
1133.000000
2627.000000
1091.000000
1215.000000
117.000000
544.000000
70.000000
538.000000
185.000000
887.000000
424.000000
630.000000
1630.000000
251.000000
442.000000
245.000000
262.000000
114.000000
392.000000
1778.000000
468.000000
320.000000
416.000000
172.000000
101.000000
304.000000
200.000000
744.000000
1581.000000
252.000000
492.000000
716.000000
370.000000
253.000000
149.000000
121.000000
214.000000
265.000000
68.000000
1719.000000
809.000000
94.000000
3562.000000
213.000000
171.000000
738.000000
635.000000
414.000000
1016.000000
1781.000000
269.000000
755.000000
517.000000
299.000000
996.000000
1119.000000
745.000000
1798.000000
562.000000
1051.000000
370.000000
197.000000
291.000000
693.000000
60.000000
93.000000
148.000000
256.000000
124.000000
48.000000
531.000000
129.000000
1389.000000
1580.000000
363.000000
296.000000
604.000000
217.000000
114.000000
239.000000
484.000000
1175.000000
774.000000
209.000000
339.000000
301.000000
794.000000
2171.000000
72.000000
132.000000
382.000000
2626.000000
1589.000000
522.000000
1000.000000
6244.000000
779.000000
107.000000
59.000000
2070.000000
243.000000
347.000000
846.000000
332.000000
423.000000
131.000000
237.000000
364.000000
461.000000
1117.000000
58.000000
368.000000
256.000000
527.000000
574.000000
587.000000
150.000000
2321.000000
186.000000
963.000000
1708.000000
760.000000
526.000000
963.000000
132.000000
663.000000
427.000000
277.000000
871.000000
296.000000
190.000000
886.000000
212.000000
1244.000000
123.000000
279.000000
166.000000
104.000000
263.000000
314.000000
709.000000
484.000000
415.000000
670.000000
85.000000
887.000000
778.000000
374.000000
178.000000
334.000000
128.000000
2174.000000
66.000000
670.000000
100.000000
104.000000
103.000000
733.000000
293.000000
152.000000
632.000000
48.000000
792.000000
86.000000
822.000000
1174.000000
1330.000000
228.000000
155.000000
957.000000
36.000000
193.000000
307.000000
640.000000
1757.000000
586.000000
1373.000000
872.000000
254.000000
408.000000
262.000000
1177.000000
597.000000
432.000000
590.000000
805.000000
936.000000
159.000000
3378.000000
628.000000
376.000000
219.000000
195.000000
157.000000
429.000000
308.000000
249.000000
209.000000
1200.000000
739.000000
60.000000
575.000000
2747.000000
376.000000
554.000000
118.000000
245.000000
990.000000
1478.000000
71.000000
815.000000
99.000000
277.000000
77.000000
165.000000
443.000000
855.000000
829.000000
3500.000000
487.000000
405.000000
85.000000
144.000000
791.000000
1683.000000
69.000000
650.000000
246.000000
579.000000
432.000000
486.000000
242.000000
58.000000
2433.000000
69.000000
111.000000
147.000000
278.000000
39.000000
128.000000
441.000000
1581.000000
289.000000
194.000000
2012.000000
167.000000
127.000000
689.000000
37.000000
158.000000
493.000000
303.000000
1638.000000
584.000000
841.000000
264.000000
256.000000
76.000000
193.000000
142.000000
1223.000000
210.000000
1226.000000
415.000000
1204.000000
378.000000
17.000000
3263.000000
183.000000
180.000000
419.000000
3688.000000
2039.000000
245.000000
356.000000
339.000000
1035.000000
91.000000
984.000000
223.000000
1017.000000
1885.000000
556.000000
1753.000000
1543.000000
2609.000000
346.000000
481.000000
1821.000000
790.000000
1390.000000
349.000000
344.000000
486.000000
641.000000
701.000000
2452.000000
309.000000
1194.000000
757.000000
218.000000
344.000000
444.000000
535.000000
1418.000000
391.000000
1415.000000
545.000000
1017.000000
163.000000
868.000000
363.000000
157.000000
940.000000
224.000000
1739.000000
168.000000
303.000000
252.000000
1267.000000
1475.000000
121.000000
1127.000000
605.000000
141.000000
282.000000
530.000000
230.000000
769.000000
215.000000
380.000000
803.000000
581.000000
127.000000
92.000000
805.000000
300.000000
205.000000
73.000000
624.000000
606.000000
179.000000
556.000000
151.000000
470.000000
314.000000
81.000000
95.000000
344.000000
445.000000
437.000000
3384.000000
652.000000
204.000000
641.000000
347.000000
1033.000000
389.000000
210.000000
212.000000
235.000000
2169.000000
133.000000
512.000000
149.000000
201.000000
84.000000
125.000000
534.000000
178.000000
2646.000000
147.000000
837.000000
