109.000000
220.000000
732.000000
652.000000
1285.000000
186.000000
247.000000
268.000000
697.000000
1142.000000
126.000000
289.000000
418.000000
482.000000
307.000000
434.000000
228.000000
961.000000
1849.000000
541.000000
252.000000
371.000000
108.000000
629.000000
1163.000000
644.000000
76.000000
292.000000
166.000000
1405.000000
358.000000
1166.000000
750.000000
82.000000
1029.000000
158.000000
945.000000
344.000000
533.000000
244.000000
1558.000000
433.000000
958.000000
150.000000
362.000000
184.000000
263.000000
643.000000
1388.000000
103.000000
680.000000
1229.000000
358.000000
97.000000
161.000000
544.000000
1251.000000
1107.000000
1103.000000
87.000000
393.000000
533.000000
130.000000
485.000000
1222.000000
569.000000
365.000000
225.000000
391.000000
250.000000
916.000000
467.000000
1165.000000
1112.000000
242.000000
60.000000
1330.000000
501.000000
546.000000
219.000000
635.000000
292.000000
25.000000
787.000000
600.000000
1026.000000
338.000000
735.000000
220.000000
2649.000000
180.000000
1159.000000
415.000000
96.000000
226.000000
1131.000000
764.000000
2856.000000
821.000000
307.000000
654.000000
521.000000
1115.000000
1488.000000
2515.000000
148.000000
2725.000000
132.000000
697.000000
199.000000
2943.000000
454.000000
106.000000
867.000000
243.000000
2451.000000
45.000000
534.000000
278.000000
1367.000000
265.000000
2772.000000
1196.000000
625.000000
1114.000000
358.000000
198.000000
747.000000
373.000000
244.000000
288.000000
849.000000
718.000000
3665.000000
794.000000
118.000000
1638.000000
280.000000
825.000000
461.000000
4193.000000
1807.000000
267.000000
284.000000
172.000000
185.000000
208.000000
426.000000
153.000000
172.000000
1007.000000
765.000000
1519.000000
210.000000
71.000000
147.000000
958.000000
226.000000
141.000000
440.000000
63.000000
304.000000
536.000000
239.000000
159.000000
4469.000000
243.000000
130.000000
255.000000
341.000000
1071.000000
182.000000
154.000000
508.000000
263.000000
1156.000000
370.000000
414.000000
172.000000
488.000000
300.000000
928.000000
493.000000
1375.000000
344.000000
193.000000
1456.000000
196.000000
64.000000
232.000000
982.000000
708.000000
337.000000
489.000000
323.000000
788.000000
1378.000000
542.000000
88.000000
792.000000
801.000000
428.000000
620.000000
162.000000
427.000000
618.000000
1855.000000
367.000000
241.000000
2101.000000
645.000000
1481.000000
327.000000
134.000000
559.000000
724.000000
326.000000
731.000000
656.000000
214.000000
977.000000
1097.000000
550.000000
188.000000
169.000000
784.000000
224.000000
5179.000000
636.000000
43.000000
297.000000
3380.000000
207.000000
465.000000
498.000000
1478.000000
443.000000
707.000000
786.000000
503.000000
144.000000
271.000000
676.000000
264.000000
266.000000
1172.000000
398.000000
202.000000
304.000000
350.000000
198.000000
866.000000
27.000000
115.000000
156.000000
63.000000
3117.000000
563.000000
124.000000
321.000000
853.000000
620.000000
475.000000
293.000000
207.000000
184.000000
215.000000
306.000000
1732.000000
790.000000
191.000000
332.000000
2453.000000
121.000000
80.000000
789.000000
443.000000
63.000000
1646.000000
597.000000
509.000000
177.000000
1398.000000
210.000000
1937.000000
244.000000
702.000000
215.000000
237.000000
460.000000
571.000000
270.000000
1295.000000
354.000000
4464.000000
458.000000
88.000000
1612.000000
1292.000000
57.000000
124.000000
517.000000
202.000000
596.000000
53.000000
958.000000
226.000000
120.000000
214.000000
869.000000
384.000000
4857.000000
146.000000
351.000000
406.000000
717.000000
624.000000
775.000000
2496.000000
689.000000
921.000000
212.000000
105.000000
390.000000
107.000000
92.000000
735.000000
836.000000
639.000000
1184.000000
1215.000000
1046.000000
828.000000
2540.000000
247.000000
1092.000000
257.000000
3402.000000
288.000000
881.000000
247.000000
378.000000
279.000000
251.000000
857.000000
1211.000000
264.000000
227.000000
270.000000
102.000000
574.000000
224.000000
1204.000000
227.000000
334.000000
307.000000
324.000000
648.000000
405.000000
397.000000
307.000000
799.000000
297.000000
63.000000
473.000000
330.000000
219.000000
219.000000
710.000000
874.000000
132.000000
95.000000
238.000000
616.000000
661.000000
103.000000
1574.000000
594.000000
1000.000000
922.000000
290.000000
925.000000
646.000000
1356.000000
269.000000
606.000000
1099.000000
300.000000
1165.000000
285.000000
336.000000
262.000000
342.000000
2893.000000
654.000000
1199.000000
2411.000000
781.000000
446.000000
267.000000
118.000000
282.000000
1278.000000
170.000000
2402.000000
1078.000000
110.000000
1295.000000
384.000000
360.000000
241.000000
663.000000
1755.000000
175.000000
378.000000
331.000000
495.000000
667.000000
2369.000000
340.000000
175.000000
1097.000000
282.000000
183.000000
344.000000
297.000000
538.000000
134.000000
628.000000
163.000000
713.000000
171.000000
3583.000000
692.000000
44.000000
120.000000
386.000000
895.000000
169.000000
56.000000
116.000000
257.000000
805.000000
346.000000
85.000000
1043.000000
78.000000
965.000000
963.000000
128.000000
513.000000
305.000000
358.000000
359.000000
232.000000
747.000000
722.000000
207.000000
2316.000000
338.000000
201.000000
198.000000
1768.000000
724.000000
872.000000
106.000000
232.000000
1353.000000
353.000000
138.000000
194.000000
788.000000
412.000000
721.000000
185.000000
821.000000
199.000000
237.000000
797.000000
457.000000
280.000000
1046.000000
2436.000000
91.000000
74.000000
287.000000
180.000000
373.000000
306.000000
363.000000
358.000000
59.000000
396.000000
979.000000
371.000000
388.000000
462.000000
211.000000
363.000000
66.000000
23.000000
112.000000
294.000000
762.000000
1499.000000
126.000000
211.000000
62.000000
110.000000
321.000000
4175.000000
677.000000
729.000000
2295.000000
1055.000000
130.000000
101.000000
151.000000
472.000000
210.000000
116.000000
263.000000
685.000000
193.000000
85.000000
331.000000
905.000000
278.000000
797.000000
1554.000000
509.000000
972.000000
634.000000
929.000000
1233.000000
164.000000
520.000000
420.000000
283.000000
208.000000
107.000000
188.000000
284.000000
831.000000
447.000000
742.000000
569.000000
62.000000
191.000000
3323.000000
415.000000
354.000000
386.000000
154.000000
535.000000
95.000000
77.000000
352.000000
595.000000
975.000000
605.000000
857.000000
239.000000
1589.000000
2025.000000
114.000000
326.000000
2295.000000
530.000000
4932.000000
284.000000
45.000000
249.000000
317.000000
533.000000
158.000000
227.000000
1285.000000
3518.000000
469.000000
1060.000000
161.000000
849.000000
2012.000000
269.000000
216.000000
741.000000
972.000000
358.000000
76.000000
188.000000
121.000000
616.000000
1904.000000
726.000000
716.000000
798.000000
42.000000
887.000000
145.000000
356.000000
1656.000000
139.000000
352.000000
948.000000
236.000000
147.000000
697.000000
754.000000
124.000000
438.000000
447.000000
439.000000
312.000000
423.000000
53.000000
269.000000
255.000000
994.000000
1939.000000
1371.000000
129.000000
2259.000000
67.000000
388.000000
249.000000
179.000000
602.000000
1840.000000
571.000000
1824.000000
328.000000
303.000000
152.000000
246.000000
377.000000
428.000000
1588.000000
1065.000000
3207.000000
48.000000
177.000000
149.000000
591.000000
302.000000
408.000000
304.000000
161.000000
828.000000
123.000000
511.000000
2121.000000
60.000000
441.000000
1754.000000
797.000000
1499.000000
461.000000
442.000000
1213.000000
156.000000
1756.000000
664.000000
2617.000000
309.000000
1857.000000
568.000000
143.000000
128.000000
528.000000
177.000000
592.000000
359.000000
97.000000
1045.000000
324.000000
740.000000
1001.000000
116.000000
707.000000
100.000000
317.000000
705.000000
631.000000
634.000000
138.000000
1237.000000
97.000000
263.000000
341.000000
438.000000
413.000000
726.000000
299.000000
1566.000000
606.000000
637.000000
546.000000
115.000000
104.000000
37.000000
793.000000
115.000000
235.000000
293.000000
50.000000
473.000000
639.000000
398.000000
256.000000
2847.000000
598.000000
414.000000
1433.000000
97.000000
925.000000
375.000000
236.000000
97.000000
622.000000
792.000000
3117.000000
1770.000000
279.000000
383.000000
402.000000
5590.000000
320.000000
400.000000
1587.000000
1166.000000
3454.000000
771.000000
75.000000
592.000000
4050.000000
439.000000
136.000000
547.000000
326.000000
61.000000
317.000000
473.000000
232.000000
313.000000
711.000000
491.000000
770.000000
688.000000
3347.000000
196.000000
542.000000
522.000000
1179.000000
313.000000
275.000000
292.000000
240.000000
434.000000
915.000000
513.000000
218.000000
983.000000
712.000000
615.000000
172.000000
422.000000
114.000000
4784.000000
228.000000
1669.000000
300.000000
1358.000000
858.000000
573.000000
2696.000000
137.000000
525.000000
674.000000
447.000000
485.000000
201.000000
2123.000000
122.000000
667.000000
128.000000
231.000000
515.000000
288.000000
83.000000
446.000000
1741.000000
784.000000
194.000000
195.000000
401.000000
229.000000
145.000000
922.000000
2191.000000
322.000000
116.000000
268.000000
460.000000
798.000000
611.000000
789.000000
1203.000000
686.000000
179.000000
298.000000
159.000000
323.000000
123.000000
206.000000
1290.000000
211.000000
465.000000
688.000000
1891.000000
380.000000
642.000000
682.000000
975.000000
1457.000000
332.000000
1963.000000
527.000000
389.000000
405.000000
876.000000
422.000000
750.000000
340.000000
2314.000000
966.000000
387.000000
255.000000
297.000000
465.000000
623.000000
1472.000000
294.000000
133.000000
334.000000
218.000000
2802.000000
1641.000000
331.000000
164.000000
928.000000
443.000000
924.000000
1903.000000
134.000000
1010.000000
429.000000
81.000000
1121.000000
162.000000
850.000000
578.000000
731.000000
86.000000
583.000000
225.000000
453.000000
1078.000000
61.000000
318.000000
213.000000
479.000000
2078.000000
493.000000
366.000000
607.000000
64.000000
464.000000
925.000000
2246.000000
1843.000000
304.000000
644.000000
127.000000
365.000000
725.000000
671.000000
465.000000
100.000000
862.000000
1021.000000
66.000000
824.000000
729.000000
2268.000000
601.000000
1394.000000
555.000000
358.000000
151.000000
230.000000
112.000000
168.000000
435.000000
4132.000000
538.000000
98.000000
617.000000
449.000000
674.000000
157.000000
384.000000
944.000000
471.000000
201.000000
153.000000
551.000000
940.000000
665.000000
405.000000
295.000000
254.000000
666.000000
190.000000
371.000000
41.000000
510.000000
66.000000
2468.000000
283.000000
1236.000000
681.000000
524.000000
63.000000
687.000000
84.000000
392.000000
89.000000
241.000000
725.000000
424.000000
148.000000
330.000000
520.000000
722.000000
547.000000
234.000000
6977.000000
356.000000
80.000000
720.000000
163.000000
1230.000000
418.000000
1260.000000
235.000000
152.000000
359.000000
538.000000
174.000000
1030.000000
483.000000
790.000000
365.000000
407.000000
20.000000
1916.000000
472.000000
528.000000
555.000000
630.000000
390.000000
359.000000
507.000000
485.000000
776.000000
1082.000000
626.000000
410.000000
218.000000
26.000000
378.000000
169.000000
838.000000
729.000000
527.000000
236.000000
255.000000
308.000000
205.000000
296.000000
609.000000
173.000000
315.000000
1749.000000
1135.000000
789.000000
616.000000
309.000000
236.000000
