1091.000000
367.000000
421.000000
825.000000
867.000000
385.000000
134.000000
428.000000
1268.000000
712.000000
2839.000000
111.000000
180.000000
727.000000
297.000000
1216.000000
229.000000
65.000000
216.000000
595.000000
324.000000
267.000000
1501.000000
465.000000
46.000000
2358.000000
702.000000
878.000000
3150.000000
639.000000
178.000000
552.000000
140.000000
93.000000
950.000000
1207.000000
1063.000000
700.000000
119.000000
2008.000000
1396.000000
97.000000
73.000000
156.000000
696.000000
549.000000
363.000000
202.000000
377.000000
488.000000
78.000000
218.000000
981.000000
638.000000
83.000000
2233.000000
140.000000
152.000000
352.000000
187.000000
408.000000
161.000000
971.000000
203.000000
358.000000
218.000000
827.000000
983.000000
478.000000
554.000000
217.000000
206.000000
1550.000000
1285.000000
306.000000
241.000000
452.000000
180.000000
191.000000
698.000000
1003.000000
338.000000
4184.000000
1098.000000
71.000000
233.000000
684.000000
194.000000
124.000000
173.000000
1915.000000
406.000000
71.000000
557.000000
241.000000
126.000000
305.000000
100.000000
1037.000000
1427.000000
41.000000
864.000000
493.000000
78.000000
466.000000
143.000000
258.000000
193.000000
209.000000
259.000000
861.000000
167.000000
396.000000
455.000000
461.000000
303.000000
871.000000
985.000000
142.000000
792.000000
334.000000
614.000000
1028.000000
395.000000
233.000000
1826.000000
204.000000
498.000000
467.000000
267.000000
271.000000
379.000000
675.000000
320.000000
286.000000
236.000000
350.000000
1304.000000
361.000000
414.000000
1191.000000
868.000000
667.000000
901.000000
107.000000
444.000000
2205.000000
246.000000
63.000000
501.000000
573.000000
466.000000
185.000000
7165.000000
370.000000
422.000000
747.000000
328.000000
586.000000
1445.000000
108.000000
4259.000000
356.000000
1124.000000
235.000000
145.000000
192.000000
440.000000
1044.000000
524.000000
1047.000000
135.000000
962.000000
1752.000000
1421.000000
250.000000
2466.000000
1683.000000
3092.000000
1310.000000
479.000000
128.000000
385.000000
766.000000
6113.000000
2573.000000
96.000000
1186.000000
1433.000000
220.000000
180.000000
366.000000
77.000000
795.000000
584.000000
3324.000000
992.000000
71.000000
1531.000000
581.000000
243.000000
232.000000
2202.000000
536.000000
1207.000000
813.000000
73.000000
309.000000
312.000000
4288.000000
610.000000
292.000000
700.000000
709.000000
2506.000000
127.000000
208.000000
1179.000000
93.000000
1336.000000
1063.000000
272.000000
562.000000
458.000000
3685.000000
632.000000
769.000000
423.000000
575.000000
513.000000
747.000000
46.000000
186.000000
174.000000
456.000000
428.000000
638.000000
454.000000
319.000000
165.000000
124.000000
152.000000
87.000000
76.000000
174.000000
727.000000
2909.000000
1489.000000
759.000000
1424.000000
105.000000
1496.000000
900.000000
47.000000
310.000000
880.000000
439.000000
59.000000
240.000000
1487.000000
110.000000
945.000000
90.000000
378.000000
701.000000
3548.000000
162.000000
798.000000
369.000000
274.000000
327.000000
718.000000
331.000000
1014.000000
639.000000
740.000000
349.000000
149.000000
367.000000
61.000000
914.000000
149.000000
2618.000000
4634.000000
156.000000
317.000000
1435.000000
508.000000
173.000000
824.000000
1248.000000
525.000000
242.000000
553.000000
2882.000000
280.000000
1402.000000
3825.000000
830.000000
3521.000000
292.000000
827.000000
120.000000
56.000000
4601.000000
490.000000
221.000000
1758.000000
1701.000000
5267.000000
180.000000
326.000000
155.000000
828.000000
153.000000
897.000000
646.000000
537.000000
42.000000
473.000000
1681.000000
368.000000
2389.000000
161.000000
203.000000
284.000000
319.000000
116.000000
461.000000
166.000000
557.000000
1489.000000
402.000000
913.000000
70.000000
912.000000
1270.000000
1052.000000
53.000000
291.000000
185.000000
363.000000
270.000000
2073.000000
191.000000
1238.000000
375.000000
510.000000
198.000000
1228.000000
254.000000
72.000000
1983.000000
3522.000000
200.000000
432.000000
479.000000
155.000000
820.000000
742.000000
323.000000
574.000000
208.000000
173.000000
2029.000000
531.000000
1584.000000
1688.000000
119.000000
180.000000
179.000000
298.000000
691.000000
2203.000000
179.000000
748.000000
278.000000
49.000000
466.000000
1989.000000
181.000000
374.000000
447.000000
48.000000
4472.000000
222.000000
528.000000
91.000000
455.000000
3010.000000
30.000000
165.000000
539.000000
389.000000
2714.000000
361.000000
318.000000
2299.000000
1398.000000
272.000000
832.000000
1151.000000
177.000000
79.000000
323.000000
215.000000
6035.000000
206.000000
652.000000
494.000000
416.000000
131.000000
574.000000
118.000000
164.000000
609.000000
239.000000
212.000000
508.000000
2123.000000
1775.000000
3892.000000
353.000000
566.000000
1059.000000
36.000000
411.000000
732.000000
399.000000
1202.000000
220.000000
86.000000
3706.000000
154.000000
367.000000
246.000000
463.000000
137.000000
427.000000
604.000000
360.000000
1759.000000
327.000000
279.000000
166.000000
162.000000
351.000000
160.000000
343.000000
82.000000
384.000000
704.000000
218.000000
636.000000
484.000000
773.000000
1065.000000
262.000000
429.000000
1557.000000
1263.000000
356.000000
2302.000000
80.000000
1271.000000
1560.000000
473.000000
464.000000
596.000000
3198.000000
183.000000
135.000000
1055.000000
291.000000
211.000000
503.000000
205.000000
53.000000
498.000000
157.000000
578.000000
994.000000
972.000000
500.000000
3041.000000
554.000000
112.000000
70.000000
296.000000
343.000000
99.000000
767.000000
328.000000
442.000000
255.000000
364.000000
243.000000
410.000000
416.000000
372.000000
1249.000000
65.000000
938.000000
306.000000
510.000000
1055.000000
307.000000
154.000000
133.000000
302.000000
368.000000
554.000000
164.000000
865.000000
524.000000
243.000000
452.000000
261.000000
676.000000
790.000000
236.000000
688.000000
161.000000
245.000000
2037.000000
355.000000
565.000000
58.000000
834.000000
194.000000
119.000000
360.000000
103.000000
360.000000
1214.000000
63.000000
325.000000
425.000000
286.000000
160.000000
2279.000000
280.000000
430.000000
237.000000
390.000000
474.000000
191.000000
460.000000
405.000000
2294.000000
323.000000
744.000000
269.000000
297.000000
695.000000
649.000000
26.000000
193.000000
719.000000
953.000000
927.000000
1273.000000
57.000000
163.000000
285.000000
3202.000000
657.000000
277.000000
1014.000000
2619.000000
518.000000
501.000000
156.000000
2596.000000
551.000000
283.000000
127.000000
621.000000
68.000000
315.000000
3194.000000
529.000000
423.000000
285.000000
204.000000
241.000000
325.000000
882.000000
162.000000
686.000000
1040.000000
64.000000
198.000000
739.000000
86.000000
617.000000
1735.000000
609.000000
35.000000
214.000000
181.000000
252.000000
412.000000
588.000000
12040.000000
123.000000
1890.000000
208.000000
127.000000
1118.000000
69.000000
178.000000
388.000000
705.000000
274.000000
77.000000
2215.000000
814.000000
90.000000
262.000000
203.000000
135.000000
423.000000
821.000000
116.000000
307.000000
2261.000000
444.000000
539.000000
335.000000
653.000000
108.000000
263.000000
1504.000000
177.000000
552.000000
434.000000
397.000000
219.000000
651.000000
2151.000000
1120.000000
262.000000
297.000000
754.000000
2008.000000
372.000000
171.000000
1021.000000
108.000000
724.000000
145.000000
1131.000000
112.000000
423.000000
342.000000
123.000000
212.000000
180.000000
141.000000
1554.000000
300.000000
565.000000
1016.000000
876.000000
368.000000
2823.000000
3727.000000
827.000000
714.000000
550.000000
100.000000
108.000000
133.000000
925.000000
553.000000
181.000000
206.000000
1286.000000
1047.000000
36.000000
323.000000
906.000000
74.000000
303.000000
81.000000
482.000000
592.000000
277.000000
199.000000
1198.000000
2390.000000
37.000000
99.000000
165.000000
146.000000
100.000000
1459.000000
125.000000
334.000000
788.000000
51.000000
792.000000
388.000000
286.000000
1421.000000
1305.000000
234.000000
289.000000
1976.000000
635.000000
1151.000000
186.000000
134.000000
242.000000
488.000000
535.000000
1013.000000
1019.000000
1104.000000
274.000000
402.000000
282.000000
262.000000
372.000000
248.000000
264.000000
179.000000
396.000000
865.000000
1603.000000
263.000000
957.000000
603.000000
228.000000
318.000000
225.000000
674.000000
392.000000
1583.000000
36.000000
264.000000
441.000000
429.000000
1177.000000
423.000000
267.000000
5340.000000
702.000000
631.000000
281.000000
768.000000
424.000000
511.000000
456.000000
1285.000000
469.000000
227.000000
105.000000
52.000000
744.000000
943.000000
966.000000
235.000000
224.000000
2584.000000
825.000000
355.000000
169.000000
614.000000
131.000000
1425.000000
255.000000
248.000000
518.000000
745.000000
1073.000000
458.000000
420.000000
389.000000
272.000000
262.000000
280.000000
106.000000
579.000000
1141.000000
713.000000
651.000000
1125.000000
2172.000000
1793.000000
458.000000
491.000000
1011.000000
335.000000
312.000000
5777.000000
777.000000
644.000000
1367.000000
383.000000
1203.000000
578.000000
539.000000
121.000000
157.000000
531.000000
7746.000000
884.000000
867.000000
261.000000
2469.000000
517.000000
218.000000
39.000000
736.000000
1006.000000
2151.000000
90.000000
145.000000
107.000000
167.000000
230.000000
107.000000
2252.000000
265.000000
3197.000000
679.000000
52.000000
316.000000
514.000000
410.000000
1168.000000
1345.000000
1455.000000
1072.000000
171.000000
6598.000000
403.000000
101.000000
212.000000
255.000000
1945.000000
170.000000
2565.000000
534.000000
121.000000
907.000000
132.000000
226.000000
1579.000000
110.000000
388.000000
514.000000
131.000000
5019.000000
236.000000
1572.000000
382.000000
319.000000
358.000000
390.000000
593.000000
449.000000
617.000000
220.000000
269.000000
885.000000
1468.000000
84.000000
223.000000
3203.000000
852.000000
2245.000000
625.000000
188.000000
546.000000
250.000000
723.000000
1250.000000
435.000000
686.000000
191.000000
99.000000
291.000000
1234.000000
120.000000
791.000000
244.000000
511.000000
288.000000
398.000000
391.000000
763.000000
250.000000
1105.000000
66.000000
2340.000000
74.000000
2826.000000
276.000000
861.000000
54.000000
866.000000
344.000000
538.000000
1445.000000
1843.000000
757.000000
188.000000
65.000000
170.000000
256.000000
540.000000
557.000000
410.000000
1409.000000
294.000000
80.000000
2973.000000
316.000000
767.000000
439.000000
506.000000
235.000000
228.000000
260.000000
21.000000
750.000000
1961.000000
446.000000
3618.000000
154.000000
917.000000
307.000000
1589.000000
163.000000
471.000000
275.000000
149.000000
232.000000
559.000000
63.000000
634.000000
1503.000000
286.000000
926.000000
1142.000000
253.000000
109.000000
118.000000
511.000000
377.000000
38.000000
155.000000
138.000000
748.000000
572.000000
1202.000000
734.000000
95.000000
139.000000
698.000000
174.000000
352.000000
173.000000
535.000000
439.000000
440.000000
1093.000000
104.000000
241.000000
289.000000
303.000000
1376.000000
496.000000
2726.000000
2538.000000
122.000000
128.000000
262.000000
1594.000000
2037.000000
329.000000
3626.000000
382.000000
1306.000000
628.000000
442.000000
2286.000000
4552.000000
2530.000000
83.000000
631.000000
938.000000
534.000000
291.000000
440.000000
669.000000
486.000000
