560.000000
7136.000000
471.000000
1582.000000
1153.000000
92.000000
115.000000
964.000000
766.000000
2751.000000
239.000000
785.000000
1512.000000
558.000000
964.000000
780.000000
235.000000
3351.000000
362.000000
65.000000
291.000000
1182.000000
767.000000
93.000000
324.000000
301.000000
477.000000
162.000000
93.000000
1771.000000
657.000000
1538.000000
627.000000
986.000000
368.000000
1088.000000
261.000000
285.000000
99.000000
215.000000
66.000000
78.000000
91.000000
1389.000000
180.000000
726.000000
640.000000
379.000000
740.000000
92.000000
383.000000
1045.000000
221.000000
708.000000
296.000000
584.000000
85.000000
386.000000
66.000000
275.000000
1602.000000
2690.000000
87.000000
517.000000
1008.000000
217.000000
449.000000
230.000000
1402.000000
354.000000
398.000000
233.000000
249.000000
110.000000
601.000000
560.000000
176.000000
249.000000
343.000000
489.000000
261.000000
131.000000
264.000000
522.000000
1472.000000
706.000000
256.000000
577.000000
80.000000
419.000000
277.000000
85.000000
170.000000
2226.000000
239.000000
249.000000
191.000000
1317.000000
357.000000
1690.000000
146.000000
344.000000
1690.000000
288.000000
2604.000000
281.000000
66.000000
463.000000
219.000000
413.000000
4006.000000
1086.000000
488.000000
191.000000
2920.000000
239.000000
761.000000
482.000000
325.000000
864.000000
217.000000
408.000000
205.000000
1104.000000
131.000000
1103.000000
497.000000
85.000000
123.000000
133.000000
1549.000000
1991.000000
80.000000
369.000000
226.000000
138.000000
131.000000
349.000000
88.000000
205.000000
160.000000
220.000000
240.000000
647.000000
193.000000
839.000000
322.000000
172.000000
1665.000000
1511.000000
549.000000
180.000000
770.000000
193.000000
376.000000
231.000000
308.000000
43.000000
220.000000
384.000000
249.000000
125.000000
387.000000
910.000000
424.000000
2262.000000
563.000000
301.000000
1804.000000
189.000000
603.000000
143.000000
274.000000
199.000000
95.000000
150.000000
501.000000
467.000000
307.000000
140.000000
341.000000
510.000000
1722.000000
361.000000
145.000000
1193.000000
870.000000
450.000000
354.000000
388.000000
585.000000
609.000000
33.000000
278.000000
93.000000
1679.000000
270.000000
815.000000
453.000000
746.000000
336.000000
1639.000000
581.000000
1118.000000
392.000000
349.000000
265.000000
325.000000
385.000000
301.000000
139.000000
925.000000
435.000000
356.000000
116.000000
2432.000000
1506.000000
708.000000
1309.000000
291.000000
182.000000
485.000000
346.000000
177.000000
686.000000
80.000000
155.000000
35.000000
567.000000
144.000000
207.000000
57.000000
126.000000
293.000000
1289.000000
515.000000
2166.000000
179.000000
765.000000
221.000000
1825.000000
77.000000
419.000000
115.000000
64.000000
78.000000
348.000000
149.000000
547.000000
118.000000
244.000000
327.000000
440.000000
326.000000
246.000000
816.000000
539.000000
1431.000000
782.000000
103.000000
267.000000
190.000000
67.000000
739.000000
266.000000
343.000000
1310.000000
117.000000
1533.000000
190.000000
95.000000
384.000000
153.000000
157.000000
455.000000
2966.000000
1926.000000
1271.000000
339.000000
1610.000000
1173.000000
580.000000
815.000000
268.000000
643.000000
797.000000
435.000000
415.000000
179.000000
166.000000
150.000000
616.000000
96.000000
186.000000
758.000000
439.000000
821.000000
429.000000
698.000000
200.000000
164.000000
62.000000
617.000000
711.000000
490.000000
772.000000
170.000000
35.000000
347.000000
316.000000
1227.000000
707.000000
399.000000
75.000000
1064.000000
1556.000000
325.000000
135.000000
379.000000
200.000000
398.000000
283.000000
966.000000
374.000000
5002.000000
402.000000
150.000000
665.000000
263.000000
541.000000
800.000000
61.000000
102.000000
136.000000
296.000000
61.000000
2078.000000
371.000000
309.000000
1039.000000
762.000000
2194.000000
197.000000
1706.000000
460.000000
172.000000
531.000000
1191.000000
177.000000
109.000000
285.000000
1082.000000
868.000000
1172.000000
222.000000
875.000000
812.000000
115.000000
59.000000
129.000000
705.000000
47.000000
372.000000
142.000000
678.000000
652.000000
132.000000
702.000000
610.000000
146.000000
2045.000000
561.000000
219.000000
172.000000
198.000000
175.000000
461.000000
15.000000
705.000000
2413.000000
273.000000
186.000000
623.000000
520.000000
716.000000
1008.000000
88.000000
117.000000
834.000000
151.000000
13.000000
832.000000
131.000000
494.000000
185.000000
813.000000
182.000000
968.000000
803.000000
479.000000
120.000000
99.000000
141.000000
888.000000
170.000000
500.000000
303.000000
408.000000
62.000000
115.000000
547.000000
884.000000
3499.000000
532.000000
451.000000
1612.000000
292.000000
369.000000
84.000000
44.000000
814.000000
193.000000
1214.000000
334.000000
3549.000000
608.000000
941.000000
93.000000
247.000000
300.000000
1310.000000
134.000000
182.000000
440.000000
749.000000
92.000000
130.000000
1193.000000
2664.000000
338.000000
585.000000
372.000000
152.000000
284.000000
443.000000
230.000000
158.000000
330.000000
1544.000000
2094.000000
1662.000000
90.000000
427.000000
211.000000
547.000000
146.000000
213.000000
1242.000000
189.000000
167.000000
754.000000
340.000000
773.000000
896.000000
1407.000000
354.000000
1301.000000
1262.000000
306.000000
24.000000
144.000000
2194.000000
675.000000
1319.000000
428.000000
1851.000000
387.000000
723.000000
740.000000
201.000000
363.000000
829.000000
1544.000000
353.000000
612.000000
816.000000
283.000000
498.000000
77.000000
181.000000
753.000000
214.000000
455.000000
630.000000
667.000000
1539.000000
74.000000
224.000000
278.000000
986.000000
186.000000
484.000000
2679.000000
905.000000
413.000000
1239.000000
83.000000
528.000000
157.000000
1493.000000
1460.000000
272.000000
1094.000000
438.000000
1500.000000
120.000000
843.000000
125.000000
86.000000
4816.000000
4306.000000
102.000000
267.000000
97.000000
1506.000000
3678.000000
446.000000
418.000000
301.000000
197.000000
780.000000
116.000000
618.000000
314.000000
324.000000
302.000000
741.000000
463.000000
8349.000000
293.000000
591.000000
374.000000
979.000000
271.000000
152.000000
581.000000
695.000000
224.000000
490.000000
2284.000000
323.000000
44.000000
63.000000
370.000000
154.000000
1209.000000
917.000000
102.000000
269.000000
1523.000000
145.000000
506.000000
518.000000
51.000000
174.000000
1955.000000
1430.000000
197.000000
476.000000
2116.000000
2522.000000
1057.000000
758.000000
431.000000
468.000000
263.000000
264.000000
353.000000
537.000000
2096.000000
725.000000
969.000000
1141.000000
236.000000
182.000000
1123.000000
72.000000
325.000000
1956.000000
289.000000
200.000000
1146.000000
740.000000
179.000000
173.000000
1010.000000
779.000000
384.000000
1999.000000
262.000000
195.000000
128.000000
161.000000
656.000000
912.000000
539.000000
404.000000
152.000000
365.000000
382.000000
249.000000
786.000000
236.000000
611.000000
126.000000
525.000000
128.000000
529.000000
286.000000
155.000000
134.000000
398.000000
64.000000
197.000000
272.000000
54.000000
150.000000
1029.000000
40.000000
342.000000
1460.000000
1039.000000
238.000000
1041.000000
701.000000
1167.000000
131.000000
234.000000
1466.000000
762.000000
253.000000
2336.000000
178.000000
351.000000
2069.000000
296.000000
226.000000
119.000000
221.000000
131.000000
426.000000
268.000000
147.000000
187.000000
396.000000
858.000000
266.000000
476.000000
75.000000
206.000000
1397.000000
410.000000
292.000000
286.000000
54.000000
706.000000
40.000000
379.000000
168.000000
373.000000
825.000000
816.000000
2123.000000
529.000000
1244.000000
116.000000
204.000000
284.000000
269.000000
1107.000000
783.000000
532.000000
713.000000
1148.000000
219.000000
592.000000
632.000000
279.000000
30.000000
140.000000
186.000000
530.000000
310.000000
322.000000
296.000000
640.000000
1152.000000
440.000000
1809.000000
322.000000
483.000000
74.000000
576.000000
329.000000
158.000000
576.000000
356.000000
290.000000
394.000000
299.000000
189.000000
478.000000
254.000000
129.000000
616.000000
113.000000
463.000000
1402.000000
1289.000000
731.000000
516.000000
816.000000
431.000000
1628.000000
184.000000
180.000000
320.000000
271.000000
911.000000
1209.000000
72.000000
239.000000
349.000000
250.000000
1118.000000
307.000000
175.000000
27.000000
350.000000
979.000000
2338.000000
928.000000
382.000000
288.000000
56.000000
450.000000
1996.000000
260.000000
2160.000000
3089.000000
274.000000
2242.000000
90.000000
92.000000
164.000000
312.000000
353.000000
152.000000
467.000000
188.000000
163.000000
99.000000
1585.000000
65.000000
296.000000
62.000000
426.000000
241.000000
683.000000
691.000000
156.000000
1750.000000
671.000000
1649.000000
969.000000
337.000000
764.000000
74.000000
466.000000
81.000000
130.000000
3175.000000
499.000000
388.000000
1790.000000
143.000000
595.000000
340.000000
749.000000
125.000000
545.000000
425.000000
521.000000
51.000000
945.000000
124.000000
200.000000
484.000000
490.000000
474.000000
518.000000
444.000000
202.000000
272.000000
367.000000
308.000000
183.000000
396.000000
792.000000
534.000000
705.000000
640.000000
302.000000
367.000000
1748.000000
339.000000
163.000000
107.000000
392.000000
1008.000000
166.000000
199.000000
33.000000
1615.000000
63.000000
285.000000
361.000000
346.000000
109.000000
1259.000000
854.000000
359.000000
1212.000000
675.000000
2139.000000
674.000000
353.000000
134.000000
315.000000
868.000000
327.000000
657.000000
1686.000000
158.000000
89.000000
325.000000
43.000000
301.000000
342.000000
1289.000000
404.000000
2429.000000
1609.000000
245.000000
202.000000
356.000000
46.000000
2358.000000
4180.000000
366.000000
51.000000
81.000000
121.000000
134.000000
2546.000000
126.000000
428.000000
34.000000
76.000000
958.000000
293.000000
266.000000
187.000000
391.000000
90.000000
1046.000000
2489.000000
661.000000
173.000000
304.000000
1228.000000
584.000000
451.000000
644.000000
1453.000000
602.000000
111.000000
1143.000000
103.000000
539.000000
939.000000
543.000000
715.000000
1643.000000
2537.000000
469.000000
178.000000
223.000000
224.000000
517.000000
200.000000
420.000000
511.000000
1442.000000
42.000000
404.000000
396.000000
1271.000000
278.000000
1219.000000
103.000000
330.000000
1871.000000
219.000000
283.000000
220.000000
1031.000000
3600.000000
781.000000
847.000000
153.000000
509.000000
300.000000
204.000000
529.000000
93.000000
250.000000
471.000000
556.000000
760.000000
3751.000000
325.000000
297.000000
387.000000
471.000000
1676.000000
430.000000
309.000000
295.000000
919.000000
192.000000
40.000000
245.000000
536.000000
51.000000
541.000000
448.000000
152.000000
2106.000000
427.000000
798.000000
177.000000
552.000000
436.000000
282.000000
475.000000
2037.000000
76.000000
1564.000000
599.000000
585.000000
94.000000
170.000000
324.000000
1249.000000
1942.000000
342.000000
471.000000
588.000000
854.000000
148.000000
1304.000000
397.000000
217.000000
412.000000
161.000000
2012.000000
441.000000
463.000000
396.000000
869.000000
1260.000000
710.000000
457.000000
756.000000
477.000000
264.000000
65.000000
222.000000
2797.000000
1570.000000
327.000000
425.000000
602.000000
196.000000
100.000000
230.000000
394.000000
774.000000
857.000000
