169.000000
126.000000
3754.000000
100.000000
602.000000
937.000000
120.000000
243.000000
1212.000000
274.000000
528.000000
65.000000
128.000000
100.000000
4912.000000
218.000000
79.000000
196.000000
2008.000000
166.000000
350.000000
191.000000
455.000000
107.000000
269.000000
962.000000
118.000000
159.000000
1122.000000
297.000000
493.000000
424.000000
57.000000
218.000000
373.000000
921.000000
534.000000
341.000000
287.000000
138.000000
144.000000
137.000000
1073.000000
97.000000
1035.000000
379.000000
306.000000
295.000000
1384.000000
690.000000
66.000000
1595.000000
92.000000
621.000000
534.000000
509.000000
499.000000
995.000000
201.000000
1239.000000
80.000000
591.000000
25.000000
733.000000
87.000000
206.000000
497.000000
428.000000
236.000000
770.000000
468.000000
216.000000
586.000000
119.000000
104.000000
292.000000
1031.000000
113.000000
712.000000
120.000000
552.000000
234.000000
386.000000
316.000000
604.000000
197.000000
221.000000
68.000000
208.000000
3515.000000
295.000000
619.000000
1262.000000
2961.000000
147.000000
2572.000000
1042.000000
576.000000
902.000000
256.000000
1203.000000
24.000000
406.000000
85.000000
1097.000000
6710.000000
197.000000
175.000000
161.000000
1891.000000
196.000000
510.000000
332.000000
152.000000
677.000000
220.000000
609.000000
138.000000
31.000000
378.000000
52.000000
183.000000
107.000000
842.000000
189.000000
262.000000
1169.000000
111.000000
1342.000000
415.000000
3339.000000
119.000000
474.000000
3499.000000
507.000000
562.000000
79.000000
696.000000
99.000000
130.000000
550.000000
603.000000
1082.000000
1154.000000
223.000000
56.000000
1247.000000
339.000000
204.000000
185.000000
2352.000000
309.000000
997.000000
59.000000
316.000000
1135.000000
131.000000
1618.000000
503.000000
144.000000
643.000000
411.000000
2055.000000
2542.000000
577.000000
2334.000000
375.000000
244.000000
937.000000
170.000000
931.000000
6109.000000
1095.000000
97.000000
104.000000
134.000000
357.000000
112.000000
879.000000
686.000000
260.000000
602.000000
949.000000
118.000000
150.000000
103.000000
892.000000
3016.000000
4626.000000
382.000000
52.000000
296.000000
354.000000
111.000000
105.000000
240.000000
251.000000
626.000000
781.000000
671.000000
1340.000000
393.000000
374.000000
262.000000
156.000000
228.000000
1267.000000
609.000000
433.000000
1378.000000
78.000000
69.000000
379.000000
643.000000
186.000000
972.000000
571.000000
323.000000
143.000000
401.000000
271.000000
75.000000
696.000000
93.000000
766.000000
166.000000
789.000000
180.000000
511.000000
124.000000
1447.000000
730.000000
304.000000
166.000000
149.000000
645.000000
2078.000000
174.000000
803.000000
874.000000
1042.000000
437.000000
479.000000
198.000000
141.000000
588.000000
181.000000
439.000000
2797.000000
1922.000000
123.000000
141.000000
2048.000000
604.000000
509.000000
749.000000
658.000000
388.000000
381.000000
194.000000
312.000000
3178.000000
2256.000000
2992.000000
122.000000
109.000000
141.000000
625.000000
97.000000
348.000000
386.000000
1562.000000
571.000000
325.000000
146.000000
787.000000
285.000000
988.000000
724.000000
513.000000
664.000000
190.000000
994.000000
410.000000
410.000000
134.000000
1128.000000
882.000000
299.000000
221.000000
1026.000000
221.000000
187.000000
248.000000
217.000000
185.000000
277.000000
375.000000
688.000000
277.000000
318.000000
39.000000
2312.000000
228.000000
1233.000000
2271.000000
2398.000000
2488.000000
1691.000000
351.000000
526.000000
619.000000
747.000000
355.000000
365.000000
92.000000
460.000000
192.000000
95.000000
177.000000
1809.000000
171.000000
898.000000
761.000000
272.000000
426.000000
1186.000000
135.000000
1715.000000
808.000000
233.000000
8604.000000
312.000000
1561.000000
522.000000
512.000000
1115.000000
496.000000
593.000000
261.000000
1543.000000
3099.000000
720.000000
2077.000000
1526.000000
510.000000
691.000000
1290.000000
589.000000
905.000000
387.000000
46.000000
471.000000
758.000000
98.000000
2521.000000
161.000000
741.000000
138.000000
308.000000
1600.000000
205.000000
81.000000
303.000000
149.000000
394.000000
1448.000000
222.000000
2584.000000
313.000000
603.000000
236.000000
52.000000
123.000000
924.000000
234.000000
688.000000
2017.000000
237.000000
543.000000
549.000000
415.000000
30.000000
249.000000
913.000000
237.000000
109.000000
491.000000
253.000000
891.000000
371.000000
275.000000
605.000000
1242.000000
299.000000
242.000000
216.000000
714.000000
3571.000000
432.000000
526.000000
1816.000000
480.000000
3081.000000
576.000000
1237.000000
224.000000
628.000000
2969.000000
748.000000
10945.000000
382.000000
959.000000
190.000000
429.000000
193.000000
789.000000
64.000000
586.000000
687.000000
1671.000000
273.000000
819.000000
869.000000
4635.000000
101.000000
675.000000
1572.000000
1492.000000
75.000000
775.000000
243.000000
266.000000
237.000000
916.000000
3763.000000
614.000000
1864.000000
606.000000
261.000000
405.000000
1152.000000
160.000000
595.000000
112.000000
242.000000
123.000000
109.000000
348.000000
222.000000
646.000000
668.000000
777.000000
165.000000
251.000000
607.000000
948.000000
755.000000
322.000000
214.000000
3316.000000
975.000000
303.000000
131.000000
772.000000
290.000000
244.000000
136.000000
1781.000000
168.000000
40.000000
537.000000
229.000000
605.000000
478.000000
367.000000
819.000000
236.000000
336.000000
629.000000
1190.000000
186.000000
148.000000
112.000000
549.000000
1367.000000
1469.000000
311.000000
74.000000
357.000000
449.000000
505.000000
229.000000
325.000000
696.000000
780.000000
3743.000000
80.000000
439.000000
493.000000
1067.000000
1545.000000
361.000000
41.000000
320.000000
1683.000000
177.000000
588.000000
3003.000000
671.000000
506.000000
1498.000000
305.000000
260.000000
221.000000
307.000000
183.000000
1417.000000
423.000000
362.000000
1276.000000
209.000000
859.000000
736.000000
222.000000
690.000000
384.000000
320.000000
157.000000
483.000000
338.000000
1432.000000
866.000000
980.000000
1975.000000
666.000000
160.000000
237.000000
756.000000
1638.000000
280.000000
116.000000
462.000000
501.000000
74.000000
147.000000
467.000000
1902.000000
329.000000
557.000000
187.000000
283.000000
496.000000
539.000000
162.000000
108.000000
160.000000
251.000000
160.000000
260.000000
162.000000
268.000000
294.000000
51.000000
460.000000
68.000000
96.000000
103.000000
259.000000
2375.000000
394.000000
1203.000000
72.000000
1392.000000
531.000000
559.000000
137.000000
192.000000
577.000000
523.000000
720.000000
725.000000
121.000000
2252.000000
394.000000
1683.000000
578.000000
86.000000
1736.000000
1296.000000
676.000000
2172.000000
607.000000
681.000000
408.000000
1313.000000
375.000000
260.000000
1210.000000
781.000000
552.000000
5286.000000
4603.000000
138.000000
143.000000
96.000000
863.000000
415.000000
914.000000
395.000000
476.000000
382.000000
259.000000
2199.000000
1861.000000
708.000000
869.000000
1400.000000
201.000000
1148.000000
274.000000
62.000000
576.000000
780.000000
69.000000
89.000000
838.000000
680.000000
90.000000
217.000000
250.000000
389.000000
1250.000000
1385.000000
95.000000
712.000000
258.000000
1919.000000
208.000000
536.000000
76.000000
1481.000000
1023.000000
353.000000
740.000000
115.000000
2128.000000
938.000000
268.000000
244.000000
461.000000
551.000000
155.000000
1552.000000
81.000000
527.000000
685.000000
1677.000000
589.000000
1457.000000
718.000000
1001.000000
220.000000
536.000000
378.000000
491.000000
1271.000000
661.000000
1385.000000
671.000000
183.000000
384.000000
366.000000
93.000000
222.000000
450.000000
149.000000
138.000000
104.000000
282.000000
217.000000
427.000000
360.000000
172.000000
340.000000
339.000000
190.000000
2108.000000
1797.000000
1082.000000
941.000000
693.000000
3279.000000
696.000000
812.000000
529.000000
555.000000
1425.000000
808.000000
213.000000
59.000000
120.000000
117.000000
714.000000
915.000000
2139.000000
317.000000
603.000000
95.000000
94.000000
130.000000
216.000000
530.000000
89.000000
537.000000
285.000000
201.000000
871.000000
2023.000000
894.000000
119.000000
198.000000
386.000000
1755.000000
91.000000
5387.000000
328.000000
1823.000000
213.000000
964.000000
34.000000
914.000000
340.000000
123.000000
643.000000
874.000000
515.000000
187.000000
2690.000000
299.000000
608.000000
243.000000
280.000000
243.000000
1598.000000
97.000000
377.000000
1391.000000
690.000000
281.000000
1697.000000
1404.000000
567.000000
7199.000000
281.000000
824.000000
267.000000
52.000000
255.000000
969.000000
114.000000
296.000000
719.000000
180.000000
714.000000
184.000000
1399.000000
710.000000
275.000000
337.000000
932.000000
483.000000
399.000000
247.000000
721.000000
2088.000000
45.000000
3941.000000
69.000000
152.000000
195.000000
2490.000000
199.000000
1944.000000
502.000000
104.000000
217.000000
547.000000
1142.000000
1022.000000
591.000000
480.000000
73.000000
448.000000
168.000000
144.000000
187.000000
521.000000
695.000000
557.000000
174.000000
671.000000
159.000000
331.000000
2628.000000
155.000000
1206.000000
49.000000
464.000000
2563.000000
644.000000
178.000000
342.000000
270.000000
877.000000
457.000000
262.000000
568.000000
200.000000
389.000000
136.000000
515.000000
447.000000
270.000000
152.000000
201.000000
157.000000
336.000000
632.000000
563.000000
665.000000
426.000000
1019.000000
255.000000
577.000000
192.000000
550.000000
149.000000
236.000000
368.000000
54.000000
1287.000000
143.000000
179.000000
2684.000000
616.000000
399.000000
123.000000
1506.000000
305.000000
206.000000
151.000000
434.000000
2315.000000
3706.000000
933.000000
149.000000
121.000000
382.000000
181.000000
145.000000
104.000000
268.000000
647.000000
136.000000
371.000000
223.000000
2162.000000
979.000000
309.000000
533.000000
258.000000
330.000000
36.000000
1357.000000
688.000000
177.000000
834.000000
1453.000000
68.000000
124.000000
387.000000
2761.000000
1075.000000
2124.000000
326.000000
337.000000
1378.000000
116.000000
926.000000
973.000000
540.000000
751.000000
153.000000
191.000000
186.000000
201.000000
269.000000
930.000000
479.000000
248.000000
347.000000
208.000000
490.000000
1903.000000
1591.000000
407.000000
1714.000000
172.000000
220.000000
785.000000
556.000000
811.000000
421.000000
163.000000
1556.000000
787.000000
72.000000
377.000000
1692.000000
472.000000
135.000000
2082.000000
833.000000
216.000000
1179.000000
269.000000
178.000000
280.000000
436.000000
1034.000000
694.000000
1618.000000
583.000000
562.000000
509.000000
2335.000000
1579.000000
435.000000
311.000000
926.000000
292.000000
285.000000
661.000000
197.000000
348.000000
62.000000
339.000000
26.000000
267.000000
666.000000
403.000000
40.000000
537.000000
99.000000
1147.000000
178.000000
12073.000000
369.000000
434.000000
401.000000
109.000000
185.000000
115.000000
1487.000000
849.000000
177.000000
111.000000
145.000000
346.000000
1511.000000
264.000000
243.000000
411.000000
157.000000
100.000000
286.000000
322.000000
1138.000000
505.000000
671.000000
60.000000
260.000000
352.000000
234.000000
681.000000
100.000000
162.000000
109.000000
123.000000
240.000000
158.000000
157.000000
42.000000
247.000000
146.000000
271.000000
855.000000
190.000000
1546.000000
