461.000000
878.000000
183.000000
234.000000
460.000000
151.000000
394.000000
183.000000
97.000000
1211.000000
2414.000000
224.000000
891.000000
92.000000
397.000000
1091.000000
1037.000000
1664.000000
1327.000000
204.000000
260.000000
1329.000000
169.000000
1017.000000
1006.000000
113.000000
4011.000000
2035.000000
203.000000
384.000000
284.000000
202.000000
445.000000
392.000000
1082.000000
148.000000
1191.000000
343.000000
692.000000
210.000000
1291.000000
2224.000000
298.000000
3667.000000
455.000000
266.000000
963.000000
3515.000000
985.000000
239.000000
855.000000
496.000000
275.000000
432.000000
299.000000
386.000000
1043.000000
952.000000
173.000000
264.000000
502.000000
199.000000
2170.000000
199.000000
460.000000
474.000000
394.000000
298.000000
7860.000000
501.000000
1112.000000
75.000000
309.000000
77.000000
1215.000000
365.000000
725.000000
2285.000000
603.000000
511.000000
57.000000
514.000000
44.000000
553.000000
1777.000000
1176.000000
1107.000000
1919.000000
458.000000
246.000000
692.000000
545.000000
184.000000
490.000000
151.000000
239.000000
320.000000
428.000000
620.000000
540.000000
275.000000
264.000000
180.000000
250.000000
482.000000
173.000000
1409.000000
103.000000
872.000000
121.000000
274.000000
130.000000
167.000000
923.000000
507.000000
153.000000
3433.000000
105.000000
1217.000000
934.000000
363.000000
511.000000
389.000000
249.000000
1019.000000
246.000000
340.000000
680.000000
312.000000
46.000000
603.000000
140.000000
271.000000
1197.000000
138.000000
132.000000
8109.000000
451.000000
194.000000
533.000000
153.000000
600.000000
113.000000
321.000000
611.000000
303.000000
610.000000
156.000000
699.000000
433.000000
915.000000
241.000000
524.000000
657.000000
728.000000
1066.000000
2214.000000
122.000000
533.000000
255.000000
1829.000000
2954.000000
222.000000
457.000000
778.000000
123.000000
723.000000
678.000000
31.000000
477.000000
152.000000
5566.000000
310.000000
161.000000
476.000000
1297.000000
298.000000
758.000000
220.000000
139.000000
2921.000000
292.000000
331.000000
1219.000000
420.000000
3441.000000
289.000000
200.000000
452.000000
132.000000
690.000000
290.000000
93.000000
841.000000
437.000000
369.000000
197.000000
945.000000
765.000000
1100.000000
252.000000
474.000000
507.000000
459.000000
168.000000
953.000000
159.000000
915.000000
463.000000
395.000000
228.000000
237.000000
65.000000
184.000000
225.000000
225.000000
227.000000
1971.000000
516.000000
577.000000
488.000000
1202.000000
1056.000000
765.000000
2135.000000
338.000000
712.000000
216.000000
213.000000
1723.000000
245.000000
3248.000000
490.000000
734.000000
513.000000
632.000000
548.000000
381.000000
1265.000000
550.000000
469.000000
100.000000
859.000000
137.000000
522.000000
274.000000
1832.000000
319.000000
909.000000
6287.000000
144.000000
282.000000
817.000000
121.000000
187.000000
741.000000
986.000000
1639.000000
60.000000
217.000000
457.000000
267.000000
324.000000
434.000000
1357.000000
80.000000
139.000000
145.000000
168.000000
74.000000
82.000000
93.000000
285.000000
229.000000
174.000000
412.000000
184.000000
77.000000
42.000000
273.000000
491.000000
186.000000
433.000000
179.000000
216.000000
151.000000
1363.000000
288.000000
671.000000
1240.000000
607.000000
527.000000
1067.000000
221.000000
42.000000
1098.000000
113.000000
593.000000
61.000000
309.000000
286.000000
607.000000
365.000000
403.000000
743.000000
1294.000000
59.000000
708.000000
670.000000
787.000000
444.000000
1198.000000
166.000000
918.000000
97.000000
998.000000
282.000000
908.000000
91.000000
913.000000
672.000000
1217.000000
555.000000
75.000000
702.000000
218.000000
316.000000
453.000000
345.000000
653.000000
1595.000000
242.000000
140.000000
370.000000
725.000000
906.000000
254.000000
1357.000000
326.000000
262.000000
1134.000000
686.000000
582.000000
793.000000
119.000000
237.000000
374.000000
218.000000
3458.000000
497.000000
418.000000
1746.000000
418.000000
128.000000
4781.000000
137.000000
194.000000
153.000000
302.000000
114.000000
181.000000
514.000000
888.000000
1517.000000
73.000000
781.000000
511.000000
1329.000000
224.000000
415.000000
754.000000
636.000000
126.000000
1041.000000
106.000000
174.000000
82.000000
73.000000
230.000000
86.000000
329.000000
307.000000
1056.000000
249.000000
733.000000
133.000000
286.000000
916.000000
2298.000000
1612.000000
86.000000
257.000000
1245.000000
407.000000
186.000000
239.000000
157.000000
889.000000
31.000000
544.000000
192.000000
591.000000
158.000000
319.000000
309.000000
286.000000
104.000000
426.000000
298.000000
521.000000
480.000000
414.000000
230.000000
408.000000
667.000000
708.000000
687.000000
91.000000
801.000000
107.000000
1204.000000
18.000000
572.000000
213.000000
432.000000
605.000000
173.000000
1060.000000
693.000000
1070.000000
1085.000000
563.000000
210.000000
52.000000
136.000000
194.000000
295.000000
7974.000000
112.000000
127.000000
102.000000
307.000000
912.000000
502.000000
442.000000
444.000000
415.000000
636.000000
1536.000000
1344.000000
1280.000000
1871.000000
703.000000
162.000000
541.000000
206.000000
254.000000
91.000000
957.000000
202.000000
56.000000
700.000000
499.000000
1176.000000
1067.000000
133.000000
207.000000
71.000000
877.000000
30.000000
611.000000
391.000000
69.000000
1582.000000
141.000000
795.000000
1088.000000
146.000000
140.000000
139.000000
558.000000
971.000000
875.000000
310.000000
2676.000000
269.000000
818.000000
290.000000
301.000000
436.000000
107.000000
429.000000
868.000000
440.000000
788.000000
2038.000000
33.000000
822.000000
404.000000
353.000000
157.000000
529.000000
559.000000
195.000000
505.000000
2634.000000
184.000000
282.000000
151.000000
354.000000
1412.000000
778.000000
602.000000
981.000000
939.000000
1267.000000
524.000000
621.000000
223.000000
2373.000000
417.000000
286.000000
278.000000
372.000000
119.000000
948.000000
457.000000
772.000000
555.000000
514.000000
899.000000
235.000000
297.000000
334.000000
668.000000
370.000000
361.000000
1332.000000
181.000000
680.000000
191.000000
291.000000
1981.000000
336.000000
212.000000
87.000000
249.000000
191.000000
786.000000
78.000000
511.000000
884.000000
927.000000
872.000000
577.000000
1499.000000
1801.000000
319.000000
599.000000
115.000000
612.000000
491.000000
631.000000
318.000000
133.000000
44.000000
404.000000
311.000000
1768.000000
81.000000
854.000000
65.000000
788.000000
1971.000000
144.000000
953.000000
294.000000
165.000000
1798.000000
2464.000000
268.000000
649.000000
931.000000
373.000000
2074.000000
155.000000
168.000000
18.000000
181.000000
472.000000
164.000000
2021.000000
217.000000
659.000000
88.000000
512.000000
791.000000
254.000000
361.000000
994.000000
324.000000
265.000000
283.000000
883.000000
1767.000000
537.000000
624.000000
880.000000
259.000000
135.000000
238.000000
1322.000000
572.000000
140.000000
534.000000
1871.000000
799.000000
169.000000
248.000000
489.000000
727.000000
678.000000
387.000000
737.000000
669.000000
617.000000
814.000000
137.000000
1067.000000
461.000000
56.000000
88.000000
89.000000
89.000000
208.000000
990.000000
309.000000
796.000000
1854.000000
59.000000
156.000000
330.000000
597.000000
1524.000000
209.000000
73.000000
747.000000
943.000000
87.000000
2263.000000
295.000000
431.000000
121.000000
291.000000
450.000000
144.000000
366.000000
1693.000000
1418.000000
941.000000
310.000000
468.000000
1042.000000
103.000000
202.000000
139.000000
369.000000
221.000000
1981.000000
394.000000
312.000000
133.000000
283.000000
68.000000
447.000000
73.000000
361.000000
578.000000
794.000000
101.000000
1555.000000
92.000000
33.000000
742.000000
92.000000
397.000000
352.000000
231.000000
1328.000000
1205.000000
213.000000
2365.000000
845.000000
1310.000000
4192.000000
470.000000
1183.000000
171.000000
746.000000
38.000000
188.000000
127.000000
371.000000
1370.000000
374.000000
537.000000
144.000000
1370.000000
292.000000
198.000000
2285.000000
346.000000
251.000000
153.000000
1043.000000
383.000000
73.000000
1996.000000
131.000000
113.000000
402.000000
89.000000
374.000000
197.000000
219.000000
893.000000
853.000000
1083.000000
813.000000
326.000000
3092.000000
348.000000
1669.000000
360.000000
579.000000
880.000000
548.000000
829.000000
252.000000
424.000000
284.000000
448.000000
379.000000
123.000000
627.000000
618.000000
89.000000
287.000000
986.000000
865.000000
278.000000
218.000000
376.000000
58.000000
424.000000
1012.000000
48.000000
432.000000
681.000000
522.000000
456.000000
1699.000000
193.000000
478.000000
1017.000000
234.000000
2068.000000
329.000000
515.000000
284.000000
459.000000
999.000000
206.000000
1355.000000
100.000000
227.000000
539.000000
646.000000
1030.000000
212.000000
317.000000
3331.000000
2019.000000
149.000000
216.000000
288.000000
350.000000
1078.000000
65.000000
2037.000000
594.000000
718.000000
513.000000
323.000000
951.000000
894.000000
10.000000
193.000000
1157.000000
573.000000
157.000000
90.000000
126.000000
408.000000
642.000000
271.000000
208.000000
704.000000
182.000000
818.000000
213.000000
533.000000
149.000000
180.000000
71.000000
80.000000
1151.000000
1280.000000
490.000000
1172.000000
176.000000
2248.000000
153.000000
424.000000
25.000000
2424.000000
357.000000
185.000000
116.000000
1580.000000
1650.000000
190.000000
193.000000
2320.000000
974.000000
314.000000
1629.000000
673.000000
124.000000
1745.000000
153.000000
64.000000
511.000000
553.000000
251.000000
1127.000000
324.000000
68.000000
633.000000
73.000000
49.000000
3212.000000
309.000000
276.000000
170.000000
1139.000000
100.000000
157.000000
429.000000
90.000000
42.000000
540.000000
529.000000
279.000000
437.000000
759.000000
323.000000
741.000000
1257.000000
439.000000
1071.000000
1661.000000
112.000000
2750.000000
326.000000
143.000000
190.000000
98.000000
630.000000
173.000000
464.000000
1122.000000
789.000000
385.000000
239.000000
1579.000000
363.000000
1911.000000
929.000000
707.000000
261.000000
886.000000
89.000000
696.000000
917.000000
234.000000
918.000000
383.000000
175.000000
2985.000000
120.000000
2412.000000
71.000000
776.000000
405.000000
401.000000
15.000000
410.000000
297.000000
208.000000
327.000000
740.000000
163.000000
596.000000
2528.000000
879.000000
96.000000
610.000000
1754.000000
449.000000
1360.000000
441.000000
339.000000
281.000000
3818.000000
316.000000
431.000000
307.000000
905.000000
477.000000
190.000000
155.000000
734.000000
535.000000
167.000000
359.000000
513.000000
625.000000
625.000000
93.000000
1265.000000
1831.000000
815.000000
217.000000
496.000000
342.000000
698.000000
574.000000
297.000000
1082.000000
677.000000
223.000000
463.000000
65.000000
370.000000
91.000000
132.000000
384.000000
30.000000
485.000000
755.000000
178.000000
185.000000
240.000000
171.000000
751.000000
1353.000000
288.000000
572.000000
124.000000
356.000000
157.000000
143.000000
1069.000000
132.000000
1342.000000
1428.000000
555.000000
582.000000
1428.000000
681.000000
1745.000000
408.000000
350.000000
610.000000
176.000000
983.000000
26.000000
114.000000
941.000000
1189.000000
1265.000000
1706.000000
337.000000
205.000000
1130.000000
1037.000000
983.000000
238.000000
203.000000
