407.000000
236.000000
188.000000
706.000000
1003.000000
211.000000
722.000000
508.000000
794.000000
361.000000
196.000000
61.000000
92.000000
513.000000
284.000000
203.000000
261.000000
592.000000
193.000000
145.000000
1000.000000
585.000000
943.000000
1547.000000
128.000000
50.000000
369.000000
2520.000000
92.000000
545.000000
634.000000
126.000000
905.000000
1136.000000
144.000000
388.000000
646.000000
492.000000
860.000000
978.000000
641.000000
491.000000
530.000000
1287.000000
983.000000
182.000000
251.000000
927.000000
620.000000
288.000000
37.000000
405.000000
261.000000
774.000000
135.000000
1095.000000
369.000000
1212.000000
2268.000000
275.000000
1353.000000
1001.000000
124.000000
93.000000
312.000000
911.000000
717.000000
2167.000000
665.000000
516.000000
547.000000
77.000000
287.000000
318.000000
626.000000
518.000000
756.000000
239.000000
448.000000
2319.000000
295.000000
496.000000
6830.000000
55.000000
495.000000
127.000000
89.000000
693.000000
523.000000
139.000000
26.000000
517.000000
233.000000
270.000000
87.000000
219.000000
556.000000
8155.000000
380.000000
143.000000
1797.000000
229.000000
223.000000
239.000000
241.000000
354.000000
429.000000
299.000000
624.000000
665.000000
499.000000
334.000000
118.000000
1269.000000
387.000000
318.000000
518.000000
945.000000
5601.000000
742.000000
210.000000
748.000000
2871.000000
232.000000
121.000000
401.000000
644.000000
109.000000
3095.000000
454.000000
1048.000000
614.000000
813.000000
218.000000
1271.000000
392.000000
243.000000
103.000000
435.000000
314.000000
173.000000
2456.000000
524.000000
251.000000
646.000000
580.000000
434.000000
987.000000
484.000000
179.000000
509.000000
409.000000
514.000000
206.000000
887.000000
191.000000
420.000000
504.000000
927.000000
46.000000
328.000000
528.000000
144.000000
826.000000
138.000000
1285.000000
136.000000
1024.000000
1559.000000
749.000000
276.000000
325.000000
166.000000
89.000000
1302.000000
276.000000
379.000000
35.000000
993.000000
432.000000
1351.000000
165.000000
1864.000000
169.000000
538.000000
420.000000
107.000000
875.000000
783.000000
268.000000
1120.000000
88.000000
289.000000
536.000000
736.000000
55.000000
399.000000
264.000000
270.000000
155.000000
232.000000
524.000000
662.000000
879.000000
768.000000
232.000000
296.000000
446.000000
378.000000
872.000000
464.000000
71.000000
633.000000
143.000000
202.000000
201.000000
684.000000
347.000000
4779.000000
313.000000
173.000000
439.000000
409.000000
285.000000
492.000000
281.000000
1996.000000
2886.000000
330.000000
156.000000
265.000000
361.000000
602.000000
607.000000
151.000000
104.000000
127.000000
652.000000
253.000000
967.000000
1405.000000
563.000000
95.000000
323.000000
1447.000000
702.000000
3119.000000
40.000000
254.000000
172.000000
173.000000
283.000000
660.000000
204.000000
443.000000
66.000000
528.000000
403.000000
692.000000
4649.000000
268.000000
128.000000
59.000000
305.000000
437.000000
407.000000
46.000000
56.000000
558.000000
89.000000
218.000000
49.000000
917.000000
472.000000
3405.000000
1843.000000
577.000000
595.000000
317.000000
2705.000000
281.000000
214.000000
135.000000
287.000000
3059.000000
115.000000
540.000000
594.000000
500.000000
892.000000
810.000000
272.000000
51.000000
354.000000
50.000000
2064.000000
520.000000
609.000000
470.000000
320.000000
168.000000
568.000000
285.000000
464.000000
707.000000
613.000000
213.000000
436.000000
255.000000
568.000000
2446.000000
733.000000
921.000000
543.000000
255.000000
168.000000
818.000000
1931.000000
128.000000
236.000000
183.000000
1245.000000
890.000000
282.000000
703.000000
178.000000
66.000000
155.000000
742.000000
646.000000
44.000000
950.000000
278.000000
537.000000
261.000000
2420.000000
409.000000
232.000000
724.000000
1754.000000
773.000000
5950.000000
737.000000
228.000000
433.000000
275.000000
89.000000
113.000000
1644.000000
526.000000
436.000000
1251.000000
529.000000
1383.000000
112.000000
1071.000000
711.000000
102.000000
2172.000000
599.000000
150.000000
199.000000
321.000000
1141.000000
1949.000000
1351.000000
444.000000
1650.000000
180.000000
194.000000
157.000000
1686.000000
242.000000
716.000000
861.000000
493.000000
63.000000
1432.000000
225.000000
259.000000
167.000000
1094.000000
1378.000000
428.000000
251.000000
104.000000
903.000000
245.000000
74.000000
427.000000
924.000000
290.000000
725.000000
307.000000
2162.000000
115.000000
753.000000
338.000000
160.000000
161.000000
1663.000000
706.000000
51.000000
388.000000
1134.000000
1108.000000
729.000000
143.000000
586.000000
227.000000
234.000000
653.000000
439.000000
184.000000
84.000000
1144.000000
41.000000
1702.000000
170.000000
348.000000
1245.000000
95.000000
940.000000
472.000000
150.000000
309.000000
263.000000
112.000000
79.000000
673.000000
342.000000
565.000000
551.000000
2102.000000
365.000000
191.000000
319.000000
328.000000
90.000000
282.000000
121.000000
352.000000
378.000000
381.000000
244.000000
2241.000000
395.000000
1104.000000
848.000000
2727.000000
85.000000
402.000000
1043.000000
1089.000000
813.000000
78.000000
279.000000
1161.000000
258.000000
268.000000
235.000000
219.000000
1823.000000
538.000000
330.000000
1057.000000
201.000000
616.000000
277.000000
267.000000
1261.000000
677.000000
376.000000
1081.000000
1159.000000
180.000000
160.000000
127.000000
965.000000
263.000000
1152.000000
95.000000
138.000000
105.000000
220.000000
702.000000
1774.000000
366.000000
70.000000
258.000000
239.000000
576.000000
324.000000
869.000000
575.000000
949.000000
924.000000
1913.000000
71.000000
117.000000
418.000000
399.000000
566.000000
243.000000
229.000000
66.000000
259.000000
1429.000000
529.000000
326.000000
511.000000
1948.000000
492.000000
112.000000
640.000000
1245.000000
887.000000
164.000000
326.000000
2281.000000
4197.000000
297.000000
229.000000
604.000000
166.000000
218.000000
2234.000000
226.000000
525.000000
678.000000
319.000000
237.000000
101.000000
243.000000
522.000000
116.000000
246.000000
237.000000
152.000000
314.000000
482.000000
909.000000
925.000000
197.000000
827.000000
424.000000
3531.000000
159.000000
345.000000
113.000000
1906.000000
121.000000
327.000000
39.000000
562.000000
394.000000
342.000000
2066.000000
51.000000
121.000000
1607.000000
730.000000
180.000000
490.000000
735.000000
406.000000
73.000000
123.000000
243.000000
240.000000
6657.000000
190.000000
1253.000000
1264.000000
917.000000
389.000000
1162.000000
323.000000
915.000000
772.000000
1441.000000
138.000000
962.000000
639.000000
1449.000000
826.000000
214.000000
215.000000
147.000000
463.000000
58.000000
389.000000
707.000000
209.000000
1576.000000
382.000000
1170.000000
925.000000
1446.000000
1004.000000
115.000000
38.000000
259.000000
255.000000
153.000000
58.000000
137.000000
106.000000
516.000000
252.000000
78.000000
1171.000000
1139.000000
813.000000
404.000000
1458.000000
116.000000
583.000000
875.000000
1766.000000
166.000000
397.000000
28.000000
491.000000
69.000000
1605.000000
142.000000
145.000000
562.000000
2764.000000
102.000000
1057.000000
1327.000000
333.000000
336.000000
193.000000
479.000000
629.000000
467.000000
737.000000
599.000000
57.000000
2151.000000
702.000000
1443.000000
1283.000000
938.000000
247.000000
370.000000
230.000000
272.000000
931.000000
298.000000
951.000000
281.000000
51.000000
1728.000000
872.000000
818.000000
169.000000
303.000000
582.000000
334.000000
172.000000
306.000000
204.000000
1654.000000
294.000000
404.000000
110.000000
455.000000
952.000000
237.000000
282.000000
96.000000
421.000000
86.000000
521.000000
451.000000
949.000000
271.000000
697.000000
535.000000
311.000000
556.000000
39.000000
158.000000
151.000000
340.000000
445.000000
237.000000
209.000000
266.000000
307.000000
93.000000
315.000000
2528.000000
271.000000
4167.000000
165.000000
195.000000
453.000000
184.000000
764.000000
3349.000000
1409.000000
531.000000
91.000000
744.000000
149.000000
131.000000
172.000000
962.000000
198.000000
1663.000000
2703.000000
260.000000
666.000000
273.000000
1101.000000
151.000000
408.000000
1639.000000
263.000000
238.000000
376.000000
180.000000
393.000000
282.000000
103.000000
1037.000000
92.000000
769.000000
95.000000
958.000000
128.000000
1918.000000
1328.000000
291.000000
434.000000
774.000000
290.000000
310.000000
41.000000
169.000000
397.000000
199.000000
605.000000
310.000000
526.000000
332.000000
447.000000
176.000000
875.000000
246.000000
189.000000
258.000000
1217.000000
989.000000
671.000000
806.000000
961.000000
410.000000
413.000000
117.000000
497.000000
380.000000
102.000000
274.000000
153.000000
190.000000
2143.000000
2033.000000
668.000000
727.000000
300.000000
1005.000000
279.000000
230.000000
1130.000000
182.000000
126.000000
749.000000
266.000000
346.000000
1157.000000
792.000000
51.000000
105.000000
1171.000000
221.000000
61.000000
384.000000
1493.000000
199.000000
3753.000000
630.000000
79.000000
140.000000
213.000000
882.000000
1938.000000
285.000000
500.000000
67.000000
453.000000
168.000000
1616.000000
314.000000
218.000000
1929.000000
998.000000
428.000000
346.000000
408.000000
536.000000
1261.000000
577.000000
542.000000
2664.000000
1924.000000
249.000000
119.000000
820.000000
760.000000
257.000000
732.000000
37.000000
309.000000
418.000000
1214.000000
217.000000
53.000000
211.000000
873.000000
952.000000
1616.000000
350.000000
744.000000
413.000000
224.000000
488.000000
207.000000
533.000000
270.000000
141.000000
418.000000
359.000000
2886.000000
784.000000
110.000000
466.000000
359.000000
234.000000
308.000000
230.000000
286.000000
317.000000
2393.000000
2412.000000
306.000000
168.000000
2647.000000
166.000000
160.000000
755.000000
550.000000
1823.000000
122.000000
80.000000
1668.000000
126.000000
367.000000
458.000000
646.000000
199.000000
134.000000
144.000000
1096.000000
444.000000
1562.000000
145.000000
791.000000
1426.000000
114.000000
91.000000
249.000000
68.000000
863.000000
588.000000
181.000000
298.000000
138.000000
158.000000
480.000000
1125.000000
610.000000
232.000000
258.000000
133.000000
288.000000
382.000000
179.000000
34.000000
1037.000000
124.000000
306.000000
741.000000
169.000000
205.000000
744.000000
740.000000
346.000000
1583.000000
436.000000
229.000000
425.000000
575.000000
444.000000
359.000000
283.000000
646.000000
557.000000
1430.000000
103.000000
256.000000
174.000000
1025.000000
3462.000000
1837.000000
615.000000
1261.000000
1200.000000
675.000000
4971.000000
883.000000
676.000000
51.000000
63.000000
3344.000000
443.000000
540.000000
523.000000
291.000000
423.000000
295.000000
84.000000
134.000000
157.000000
262.000000
161.000000
273.000000
68.000000
139.000000
471.000000
921.000000
764.000000
201.000000
467.000000
765.000000
117.000000
178.000000
105.000000
708.000000
549.000000
325.000000
434.000000
7345.000000
1696.000000
214.000000
934.000000
1125.000000
421.000000
606.000000
125.000000
286.000000
118.000000
512.000000
407.000000
1072.000000
483.000000
114.000000
66.000000
696.000000
383.000000
254.000000
1291.000000
123.000000
688.000000
577.000000
1075.000000
747.000000
159.000000
138.000000
586.000000
2768.000000
484.000000
1294.000000
582.000000
164.000000
