388.000000
2476.000000
260.000000
274.000000
150.000000
3171.000000
3264.000000
563.000000
973.000000
1141.000000
103.000000
77.000000
298.000000
110.000000
409.000000
102.000000
231.000000
267.000000
1204.000000
1599.000000
399.000000
564.000000
211.000000
227.000000
3813.000000
108.000000
750.000000
391.000000
103.000000
308.000000
106.000000
64.000000
181.000000
286.000000
2159.000000
1828.000000
2702.000000
358.000000
1128.000000
80.000000
746.000000
882.000000
631.000000
315.000000
286.000000
136.000000
367.000000
178.000000
601.000000
900.000000
513.000000
158.000000
457.000000
1322.000000
692.000000
482.000000
227.000000
1463.000000
986.000000
1037.000000
651.000000
345.000000
153.000000
298.000000
95.000000
42.000000
43.000000
1280.000000
346.000000
359.000000
79.000000
64.000000
178.000000
489.000000
174.000000
567.000000
171.000000
780.000000
404.000000
3401.000000
469.000000
115.000000
58.000000
191.000000
205.000000
564.000000
1743.000000
123.000000
3649.000000
416.000000
1718.000000
1025.000000
837.000000
542.000000
94.000000
1859.000000
308.000000
253.000000
677.000000
56.000000
541.000000
831.000000
385.000000
133.000000
257.000000
665.000000
469.000000
2775.000000
311.000000
1689.000000
118.000000
439.000000
1545.000000
1279.000000
568.000000
224.000000
829.000000
58.000000
315.000000
351.000000
341.000000
411.000000
623.000000
4042.000000
134.000000
128.000000
253.000000
583.000000
757.000000
406.000000
40.000000
81.000000
622.000000
206.000000
2812.000000
415.000000
767.000000
147.000000
150.000000
596.000000
165.000000
199.000000
1115.000000
704.000000
242.000000
126.000000
724.000000
159.000000
1404.000000
298.000000
136.000000
814.000000
140.000000
250.000000
176.000000
284.000000
110.000000
652.000000
204.000000
1766.000000
187.000000
639.000000
854.000000
322.000000
461.000000
263.000000
196.000000
230.000000
376.000000
470.000000
562.000000
3101.000000
106.000000
1573.000000
1128.000000
686.000000
2053.000000
422.000000
110.000000
918.000000
953.000000
193.000000
185.000000
606.000000
954.000000
3132.000000
464.000000
193.000000
1418.000000
160.000000
1631.000000
157.000000
405.000000
434.000000
1465.000000
1476.000000
370.000000
247.000000
652.000000
306.000000
1009.000000
1256.000000
311.000000
444.000000
569.000000
127.000000
512.000000
1129.000000
254.000000
1423.000000
1067.000000
829.000000
125.000000
236.000000
470.000000
2184.000000
497.000000
775.000000
584.000000
259.000000
265.000000
220.000000
283.000000
18.000000
318.000000
2222.000000
228.000000
3333.000000
483.000000
1274.000000
501.000000
182.000000
105.000000
420.000000
322.000000
374.000000
614.000000
176.000000
546.000000
365.000000
1358.000000
468.000000
4996.000000
334.000000
1136.000000
336.000000
195.000000
1292.000000
76.000000
1007.000000
351.000000
213.000000
1202.000000
827.000000
77.000000
3931.000000
468.000000
1843.000000
175.000000
135.000000
330.000000
1624.000000
610.000000
156.000000
160.000000
1148.000000
524.000000
198.000000
248.000000
263.000000
888.000000
1783.000000
259.000000
44.000000
222.000000
916.000000
157.000000
398.000000
118.000000
219.000000
496.000000
825.000000
310.000000
248.000000
1045.000000
1484.000000
143.000000
314.000000
175.000000
129.000000
1029.000000
181.000000
339.000000
773.000000
144.000000
535.000000
439.000000
424.000000
204.000000
552.000000
376.000000
107.000000
749.000000
162.000000
806.000000
982.000000
1300.000000
1339.000000
67.000000
644.000000
141.000000
38.000000
71.000000
2193.000000
920.000000
151.000000
121.000000
64.000000
901.000000
61.000000
264.000000
771.000000
581.000000
218.000000
282.000000
1843.000000
422.000000
198.000000
242.000000
196.000000
949.000000
361.000000
578.000000
608.000000
177.000000
163.000000
733.000000
280.000000
927.000000
1415.000000
363.000000
99.000000
158.000000
578.000000
130.000000
829.000000
737.000000
1970.000000
188.000000
312.000000
918.000000
1104.000000
69.000000
68.000000
266.000000
2146.000000
83.000000
823.000000
41.000000
101.000000
100.000000
165.000000
993.000000
51.000000
213.000000
708.000000
104.000000
58.000000
131.000000
157.000000
502.000000
72.000000
404.000000
579.000000
248.000000
1080.000000
1232.000000
1472.000000
2050.000000
233.000000
44.000000
247.000000
371.000000
263.000000
769.000000
472.000000
777.000000
701.000000
2486.000000
425.000000
904.000000
185.000000
1052.000000
3568.000000
2348.000000
739.000000
206.000000
137.000000
487.000000
313.000000
195.000000
82.000000
902.000000
153.000000
405.000000
269.000000
551.000000
1299.000000
1280.000000
604.000000
1732.000000
1629.000000
155.000000
371.000000
696.000000
237.000000
1123.000000
303.000000
450.000000
383.000000
63.000000
102.000000
100.000000
806.000000
1754.000000
253.000000
111.000000
221.000000
97.000000
154.000000
102.000000
276.000000
513.000000
163.000000
147.000000
126.000000
754.000000
249.000000
956.000000
221.000000
186.000000
158.000000
117.000000
123.000000
986.000000
425.000000
303.000000
1729.000000
1913.000000
648.000000
448.000000
329.000000
1184.000000
117.000000
102.000000
368.000000
1440.000000
211.000000
1251.000000
947.000000
38.000000
56.000000
5388.000000
157.000000
80.000000
610.000000
1828.000000
336.000000
801.000000
2053.000000
1448.000000
320.000000
235.000000
68.000000
115.000000
221.000000
569.000000
848.000000
413.000000
150.000000
567.000000
293.000000
650.000000
93.000000
1445.000000
278.000000
144.000000
1027.000000
550.000000
3474.000000
1031.000000
551.000000
459.000000
360.000000
303.000000
537.000000
185.000000
504.000000
304.000000
2391.000000
4005.000000
99.000000
531.000000
1413.000000
371.000000
1065.000000
135.000000
388.000000
581.000000
307.000000
786.000000
813.000000
531.000000
1735.000000
1124.000000
1140.000000
54.000000
387.000000
281.000000
123.000000
806.000000
589.000000
132.000000
354.000000
201.000000
2415.000000
323.000000
156.000000
208.000000
2326.000000
552.000000
972.000000
249.000000
826.000000
192.000000
2050.000000
493.000000
100.000000
123.000000
277.000000
1137.000000
523.000000
625.000000
219.000000
175.000000
238.000000
383.000000
41.000000
97.000000
393.000000
533.000000
1903.000000
3537.000000
4199.000000
2865.000000
499.000000
391.000000
2116.000000
387.000000
383.000000
58.000000
1190.000000
1476.000000
2112.000000
230.000000
105.000000
385.000000
280.000000
559.000000
960.000000
78.000000
630.000000
274.000000
225.000000
462.000000
830.000000
302.000000
1602.000000
1247.000000
150.000000
880.000000
175.000000
253.000000
3552.000000
449.000000
304.000000
103.000000
278.000000
306.000000
363.000000
673.000000
1113.000000
1267.000000
546.000000
284.000000
430.000000
965.000000
4659.000000
510.000000
2265.000000
728.000000
162.000000
1972.000000
148.000000
246.000000
281.000000
51.000000
104.000000
717.000000
959.000000
370.000000
63.000000
127.000000
517.000000
344.000000
1281.000000
1377.000000
435.000000
260.000000
650.000000
1010.000000
765.000000
1723.000000
1269.000000
120.000000
130.000000
950.000000
1352.000000
435.000000
333.000000
346.000000
194.000000
333.000000
422.000000
1042.000000
558.000000
176.000000
434.000000
191.000000
261.000000
324.000000
223.000000
1478.000000
782.000000
244.000000
389.000000
102.000000
1465.000000
89.000000
190.000000
813.000000
2996.000000
134.000000
483.000000
55.000000
709.000000
130.000000
964.000000
324.000000
132.000000
267.000000
36.000000
431.000000
358.000000
281.000000
4063.000000
1175.000000
717.000000
313.000000
137.000000
255.000000
395.000000
261.000000
612.000000
291.000000
165.000000
196.000000
598.000000
881.000000
117.000000
1323.000000
219.000000
77.000000
143.000000
277.000000
814.000000
549.000000
340.000000
835.000000
607.000000
544.000000
903.000000
324.000000
2980.000000
954.000000
1248.000000
1156.000000
170.000000
588.000000
336.000000
212.000000
431.000000
304.000000
223.000000
134.000000
4964.000000
156.000000
797.000000
115.000000
136.000000
1026.000000
187.000000
144.000000
215.000000
1166.000000
162.000000
491.000000
1296.000000
1529.000000
178.000000
334.000000
926.000000
203.000000
181.000000
1345.000000
2338.000000
417.000000
480.000000
4597.000000
1170.000000
187.000000
410.000000
667.000000
90.000000
199.000000
69.000000
88.000000
999.000000
1522.000000
936.000000
667.000000
252.000000
2373.000000
1895.000000
785.000000
254.000000
678.000000
582.000000
824.000000
644.000000
1190.000000
501.000000
447.000000
188.000000
189.000000
219.000000
886.000000
143.000000
213.000000
857.000000
415.000000
437.000000
1511.000000
1442.000000
138.000000
612.000000
1209.000000
656.000000
279.000000
244.000000
396.000000
476.000000
154.000000
349.000000
529.000000
1235.000000
664.000000
386.000000
799.000000
3750.000000
228.000000
58.000000
501.000000
270.000000
226.000000
673.000000
279.000000
1191.000000
355.000000
295.000000
293.000000
1102.000000
472.000000
1094.000000
350.000000
259.000000
629.000000
108.000000
215.000000
461.000000
271.000000
975.000000
484.000000
1250.000000
343.000000
174.000000
140.000000
306.000000
302.000000
327.000000
552.000000
359.000000
121.000000
975.000000
73.000000
1584.000000
253.000000
324.000000
556.000000
3216.000000
451.000000
209.000000
888.000000
136.000000
588.000000
159.000000
877.000000
195.000000
699.000000
174.000000
238.000000
1202.000000
322.000000
828.000000
118.000000
408.000000
235.000000
286.000000
636.000000
1471.000000
678.000000
81.000000
492.000000
906.000000
478.000000
676.000000
106.000000
155.000000
504.000000
111.000000
427.000000
214.000000
890.000000
185.000000
403.000000
1142.000000
1636.000000
883.000000
789.000000
1713.000000
198.000000
694.000000
330.000000
2896.000000
186.000000
749.000000
1592.000000
522.000000
579.000000
195.000000
390.000000
231.000000
358.000000
39.000000
370.000000
138.000000
2420.000000
614.000000
531.000000
47.000000
637.000000
606.000000
111.000000
105.000000
666.000000
302.000000
101.000000
118.000000
630.000000
72.000000
381.000000
1225.000000
44.000000
152.000000
1249.000000
1042.000000
868.000000
475.000000
92.000000
177.000000
2305.000000
203.000000
425.000000
704.000000
81.000000
191.000000
325.000000
1142.000000
2017.000000
536.000000
365.000000
175.000000
393.000000
466.000000
1197.000000
139.000000
1051.000000
268.000000
35.000000
204.000000
860.000000
380.000000
269.000000
392.000000
1024.000000
178.000000
142.000000
496.000000
149.000000
75.000000
515.000000
209.000000
565.000000
404.000000
380.000000
381.000000
1851.000000
2721.000000
730.000000
90.000000
320.000000
217.000000
1481.000000
1619.000000
691.000000
772.000000
239.000000
280.000000
290.000000
318.000000
890.000000
476.000000
171.000000
575.000000
112.000000
216.000000
2743.000000
1420.000000
289.000000
741.000000
806.000000
414.000000
672.000000
3322.000000
239.000000
711.000000
369.000000
170.000000
737.000000
769.000000
162.000000
1400.000000
1239.000000
281.000000
514.000000
1175.000000
380.000000
420.000000
339.000000
397.000000
676.000000
360.000000
393.000000
120.000000
450.000000
256.000000
324.000000
118.000000
572.000000
976.000000
153.000000
320.000000
1157.000000
985.000000
150.000000
2203.000000
268.000000
130.000000
133.000000
36.000000
