2526.000000
581.000000
305.000000
198.000000
260.000000
229.000000
590.000000
273.000000
435.000000
403.000000
1120.000000
1173.000000
1477.000000
338.000000
1399.000000
1716.000000
364.000000
107.000000
246.000000
1039.000000
72.000000
150.000000
475.000000
242.000000
659.000000
649.000000
1384.000000
76.000000
1640.000000
113.000000
277.000000
1874.000000
392.000000
371.000000
292.000000
562.000000
735.000000
1292.000000
900.000000
288.000000
211.000000
501.000000
189.000000
2532.000000
136.000000
75.000000
178.000000
173.000000
356.000000
716.000000
100.000000
96.000000
198.000000
153.000000
1256.000000
143.000000
399.000000
1676.000000
124.000000
69.000000
456.000000
88.000000
397.000000
857.000000
325.000000
908.000000
104.000000
247.000000
94.000000
434.000000
1665.000000
468.000000
57.000000
358.000000
249.000000
326.000000
217.000000
208.000000
1183.000000
175.000000
719.000000
5882.000000
1081.000000
931.000000
104.000000
315.000000
229.000000
299.000000
118.000000
1031.000000
703.000000
33.000000
1082.000000
678.000000
172.000000
660.000000
242.000000
522.000000
268.000000
59.000000
354.000000
158.000000
4678.000000
618.000000
155.000000
107.000000
224.000000
1017.000000
180.000000
377.000000
4529.000000
232.000000
140.000000
754.000000
270.000000
2806.000000
377.000000
673.000000
150.000000
367.000000
107.000000
368.000000
364.000000
541.000000
60.000000
1407.000000
27.000000
658.000000
125.000000
61.000000
266.000000
382.000000
273.000000
436.000000
469.000000
399.000000
691.000000
749.000000
2990.000000
115.000000
927.000000
223.000000
292.000000
1393.000000
4270.000000
629.000000
365.000000
759.000000
242.000000
203.000000
523.000000
383.000000
580.000000
919.000000
212.000000
332.000000
57.000000
788.000000
356.000000
1648.000000
277.000000
45.000000
84.000000
140.000000
771.000000
2365.000000
95.000000
447.000000
473.000000
37.000000
449.000000
204.000000
179.000000
1141.000000
419.000000
884.000000
734.000000
709.000000
843.000000
159.000000
197.000000
218.000000
2126.000000
1216.000000
600.000000
358.000000
1518.000000
38.000000
182.000000
879.000000
556.000000
794.000000
946.000000
133.000000
694.000000
211.000000
458.000000
320.000000
2897.000000
334.000000
83.000000
790.000000
201.000000
317.000000
547.000000
1950.000000
595.000000
888.000000
262.000000
1968.000000
104.000000
1925.000000
533.000000
363.000000
80.000000
2902.000000
392.000000
48.000000
41.000000
373.000000
286.000000
355.000000
104.000000
602.000000
221.000000
175.000000
668.000000
707.000000
193.000000
848.000000
3574.000000
138.000000
276.000000
770.000000
506.000000
315.000000
743.000000
209.000000
213.000000
276.000000
308.000000
920.000000
191.000000
56.000000
1166.000000
294.000000
6511.000000
86.000000
1003.000000
2849.000000
410.000000
3584.000000
201.000000
805.000000
594.000000
300.000000
430.000000
255.000000
79.000000
620.000000
218.000000
423.000000
78.000000
188.000000
377.000000
555.000000
1312.000000
225.000000
58.000000
1107.000000
78.000000
330.000000
466.000000
121.000000
637.000000
94.000000
438.000000
156.000000
337.000000
399.000000
762.000000
145.000000
283.000000
265.000000
275.000000
860.000000
522.000000
147.000000
127.000000
216.000000
278.000000
128.000000
208.000000
289.000000
463.000000
638.000000
2206.000000
167.000000
243.000000
251.000000
608.000000
566.000000
1927.000000
442.000000
509.000000
133.000000
189.000000
1106.000000
283.000000
2685.000000
140.000000
491.000000
3518.000000
462.000000
193.000000
106.000000
1426.000000
678.000000
177.000000
374.000000
321.000000
795.000000
1137.000000
437.000000
369.000000
1072.000000
242.000000
89.000000
581.000000
68.000000
363.000000
5756.000000
504.000000
260.000000
806.000000
521.000000
977.000000
75.000000
268.000000
979.000000
363.000000
255.000000
489.000000
144.000000
1031.000000
900.000000
172.000000
271.000000
376.000000
262.000000
917.000000
366.000000
464.000000
146.000000
2199.000000
1378.000000
78.000000
883.000000
84.000000
1969.000000
839.000000
82.000000
440.000000
71.000000
1528.000000
128.000000
493.000000
27.000000
922.000000
219.000000
921.000000
128.000000
100.000000
1167.000000
250.000000
126.000000
449.000000
405.000000
1073.000000
2143.000000
577.000000
374.000000
1377.000000
90.000000
618.000000
1526.000000
135.000000
457.000000
452.000000
545.000000
295.000000
262.000000
602.000000
906.000000
274.000000
1642.000000
368.000000
907.000000
228.000000
489.000000
314.000000
6021.000000
1263.000000
469.000000
478.000000
161.000000
233.000000
266.000000
471.000000
910.000000
2024.000000
277.000000
952.000000
103.000000
1868.000000
311.000000
1327.000000
110.000000
147.000000
576.000000
454.000000
351.000000
572.000000
1593.000000
238.000000
100.000000
302.000000
470.000000
1926.000000
289.000000
1318.000000
185.000000
622.000000
185.000000
112.000000
458.000000
779.000000
92.000000
327.000000
362.000000
81.000000
404.000000
125.000000
181.000000
292.000000
34.000000
84.000000
340.000000
286.000000
283.000000
207.000000
616.000000
1382.000000
60.000000
255.000000
158.000000
1205.000000
645.000000
219.000000
153.000000
1034.000000
1087.000000
1441.000000
305.000000
1352.000000
586.000000
133.000000
790.000000
290.000000
58.000000
905.000000
521.000000
290.000000
202.000000
654.000000
624.000000
186.000000
129.000000
60.000000
159.000000
86.000000
763.000000
324.000000
737.000000
469.000000
106.000000
265.000000
667.000000
204.000000
835.000000
229.000000
1097.000000
1649.000000
236.000000
290.000000
165.000000
2444.000000
487.000000
245.000000
666.000000
821.000000
360.000000
300.000000
135.000000
560.000000
1593.000000
545.000000
1082.000000
464.000000
1276.000000
467.000000
1161.000000
2748.000000
1211.000000
2023.000000
327.000000
1139.000000
223.000000
66.000000
196.000000
416.000000
265.000000
172.000000
598.000000
305.000000
2208.000000
234.000000
188.000000
1053.000000
196.000000
597.000000
739.000000
868.000000
262.000000
1164.000000
294.000000
555.000000
573.000000
697.000000
297.000000
2261.000000
1042.000000
462.000000
576.000000
712.000000
493.000000
70.000000
1855.000000
2040.000000
860.000000
447.000000
817.000000
2782.000000
483.000000
455.000000
648.000000
2595.000000
241.000000
829.000000
714.000000
232.000000
89.000000
987.000000
845.000000
575.000000
938.000000
90.000000
193.000000
107.000000
224.000000
79.000000
5488.000000
86.000000
328.000000
968.000000
42.000000
63.000000
275.000000
262.000000
1166.000000
119.000000
599.000000
109.000000
240.000000
73.000000
348.000000
68.000000
589.000000
445.000000
204.000000
831.000000
3199.000000
150.000000
250.000000
580.000000
37.000000
306.000000
1523.000000
2161.000000
186.000000
167.000000
393.000000
820.000000
770.000000
214.000000
458.000000
578.000000
146.000000
1233.000000
1174.000000
181.000000
47.000000
389.000000
525.000000
408.000000
993.000000
346.000000
162.000000
59.000000
674.000000
261.000000
189.000000
360.000000
1320.000000
3086.000000
518.000000
1117.000000
428.000000
190.000000
222.000000
671.000000
146.000000
740.000000
54.000000
298.000000
360.000000
75.000000
915.000000
786.000000
723.000000
140.000000
751.000000
465.000000
2054.000000
1162.000000
210.000000
211.000000
332.000000
1876.000000
39.000000
118.000000
410.000000
1049.000000
391.000000
686.000000
930.000000
189.000000
272.000000
513.000000
2087.000000
599.000000
229.000000
1075.000000
294.000000
1051.000000
110.000000
436.000000
1338.000000
325.000000
68.000000
779.000000
727.000000
227.000000
208.000000
560.000000
283.000000
450.000000
2190.000000
62.000000
229.000000
3662.000000
629.000000
106.000000
621.000000
347.000000
203.000000
84.000000
414.000000
1820.000000
67.000000
268.000000
406.000000
4479.000000
585.000000
203.000000
149.000000
333.000000
542.000000
293.000000
2339.000000
133.000000
361.000000
397.000000
409.000000
445.000000
411.000000
121.000000
282.000000
586.000000
178.000000
1840.000000
56.000000
1921.000000
139.000000
250.000000
17.000000
158.000000
131.000000
550.000000
1748.000000
1037.000000
117.000000
840.000000
1065.000000
385.000000
77.000000
298.000000
279.000000
148.000000
1132.000000
564.000000
5503.000000
180.000000
880.000000
433.000000
292.000000
847.000000
132.000000
285.000000
157.000000
701.000000
445.000000
155.000000
356.000000
351.000000
3017.000000
285.000000
193.000000
428.000000
2289.000000
456.000000
152.000000
202.000000
708.000000
406.000000
810.000000
241.000000
796.000000
562.000000
92.000000
293.000000
248.000000
2666.000000
133.000000
52.000000
156.000000
653.000000
227.000000
230.000000
180.000000
361.000000
400.000000
307.000000
330.000000
793.000000
768.000000
290.000000
395.000000
290.000000
521.000000
1303.000000
863.000000
1291.000000
550.000000
954.000000
193.000000
389.000000
1236.000000
407.000000
261.000000
380.000000
2569.000000
33.000000
183.000000
359.000000
366.000000
153.000000
872.000000
901.000000
218.000000
3447.000000
419.000000
419.000000
173.000000
34.000000
322.000000
117.000000
762.000000
406.000000
5253.000000
191.000000
881.000000
443.000000
2365.000000
39.000000
900.000000
1035.000000
153.000000
202.000000
1212.000000
1601.000000
97.000000
209.000000
726.000000
3088.000000
594.000000
359.000000
241.000000
183.000000
2909.000000
163.000000
579.000000
1987.000000
2045.000000
169.000000
573.000000
616.000000
1431.000000
158.000000
644.000000
197.000000
472.000000
278.000000
508.000000
139.000000
778.000000
479.000000
509.000000
346.000000
329.000000
317.000000
128.000000
1697.000000
1208.000000
1121.000000
268.000000
281.000000
128.000000
290.000000
133.000000
875.000000
362.000000
443.000000
1646.000000
112.000000
211.000000
125.000000
586.000000
971.000000
205.000000
656.000000
1172.000000
1777.000000
262.000000
8385.000000
392.000000
278.000000
433.000000
49.000000
121.000000
344.000000
2741.000000
176.000000
193.000000
315.000000
124.000000
630.000000
361.000000
755.000000
489.000000
152.000000
116.000000
162.000000
1011.000000
784.000000
362.000000
273.000000
424.000000
351.000000
238.000000
243.000000
388.000000
83.000000
931.000000
1835.000000
807.000000
69.000000
382.000000
1428.000000
995.000000
237.000000
401.000000
383.000000
483.000000
591.000000
503.000000
152.000000
585.000000
214.000000
275.000000
1677.000000
695.000000
664.000000
88.000000
191.000000
1027.000000
1588.000000
516.000000
57.000000
123.000000
137.000000
140.000000
540.000000
762.000000
457.000000
1099.000000
697.000000
126.000000
6083.000000
152.000000
310.000000
894.000000
863.000000
85.000000
99.000000
134.000000
737.000000
3331.000000
198.000000
246.000000
930.000000
677.000000
1070.000000
527.000000
584.000000
644.000000
194.000000
533.000000
62.000000
105.000000
1617.000000
177.000000
3156.000000
727.000000
404.000000
72.000000
1063.000000
250.000000
799.000000
385.000000
351.000000
263.000000
535.000000
457.000000
1152.000000
384.000000
950.000000
27.000000
1084.000000
1039.000000
178.000000
800.000000
208.000000
1039.000000
37.000000
219.000000
1201.000000
329.000000
440.000000
1223.000000
254.000000
1104.000000
890.000000
257.000000
442.000000
624.000000
1144.000000
622.000000
515.000000
308.000000
