64.000000
151.000000
777.000000
237.000000
316.000000
1471.000000
255.000000
456.000000
91.000000
912.000000
791.000000
1338.000000
1130.000000
362.000000
333.000000
1954.000000
365.000000
464.000000
115.000000
479.000000
293.000000
147.000000
174.000000
396.000000
35.000000
333.000000
295.000000
232.000000
912.000000
537.000000
1991.000000
513.000000
278.000000
115.000000
1389.000000
751.000000
2173.000000
727.000000
70.000000
363.000000
73.000000
2049.000000
132.000000
233.000000
103.000000
767.000000
895.000000
330.000000
269.000000
1450.000000
125.000000
96.000000
913.000000
750.000000
638.000000
22.000000
106.000000
184.000000
133.000000
1065.000000
394.000000
351.000000
173.000000
586.000000
705.000000
287.000000
3617.000000
3440.000000
316.000000
182.000000
140.000000
91.000000
269.000000
352.000000
512.000000
200.000000
86.000000
95.000000
4287.000000
359.000000
171.000000
230.000000
367.000000
725.000000
2902.000000
1131.000000
137.000000
332.000000
249.000000
114.000000
489.000000
564.000000
156.000000
110.000000
173.000000
388.000000
541.000000
503.000000
814.000000
428.000000
400.000000
251.000000
165.000000
613.000000
4385.000000
606.000000
426.000000
194.000000
275.000000
536.000000
66.000000
1611.000000
485.000000
586.000000
512.000000
136.000000
339.000000
319.000000
1179.000000
125.000000
1819.000000
398.000000
89.000000
170.000000
208.000000
116.000000
206.000000
876.000000
286.000000
1722.000000
1027.000000
1347.000000
125.000000
430.000000
497.000000
352.000000
402.000000
840.000000
313.000000
217.000000
291.000000
285.000000
515.000000
560.000000
32.000000
4278.000000
892.000000
188.000000
76.000000
243.000000
382.000000
1239.000000
358.000000
427.000000
1731.000000
386.000000
174.000000
458.000000
1381.000000
215.000000
557.000000
26.000000
1145.000000
452.000000
507.000000
848.000000
1132.000000
914.000000
646.000000
195.000000
714.000000
323.000000
524.000000
504.000000
58.000000
4113.000000
258.000000
873.000000
856.000000
636.000000
443.000000
1049.000000
599.000000
661.000000
1813.000000
656.000000
366.000000
1253.000000
79.000000
713.000000
786.000000
756.000000
667.000000
1415.000000
543.000000
296.000000
251.000000
262.000000
556.000000
759.000000
1623.000000
1413.000000
571.000000
82.000000
164.000000
160.000000
55.000000
156.000000
1139.000000
508.000000
122.000000
309.000000
258.000000
1030.000000
245.000000
343.000000
744.000000
430.000000
1070.000000
534.000000
87.000000
284.000000
182.000000
491.000000
169.000000
93.000000
106.000000
615.000000
359.000000
649.000000
1464.000000
797.000000
718.000000
239.000000
60.000000
5076.000000
424.000000
66.000000
363.000000
682.000000
847.000000
222.000000
248.000000
92.000000
705.000000
504.000000
574.000000
1085.000000
469.000000
991.000000
151.000000
733.000000
1264.000000
1037.000000
446.000000
378.000000
1340.000000
584.000000
219.000000
693.000000
621.000000
1547.000000
207.000000
998.000000
2560.000000
489.000000
474.000000
1328.000000
3874.000000
1312.000000
1003.000000
326.000000
137.000000
1091.000000
17772.000000
213.000000
82.000000
2659.000000
331.000000
471.000000
5723.000000
219.000000
562.000000
794.000000
300.000000
584.000000
250.000000
449.000000
187.000000
81.000000
2738.000000
257.000000
974.000000
1020.000000
1039.000000
388.000000
200.000000
1277.000000
217.000000
203.000000
360.000000
851.000000
243.000000
272.000000
253.000000
276.000000
935.000000
217.000000
310.000000
9379.000000
314.000000
464.000000
88.000000
479.000000
488.000000
436.000000
709.000000
6267.000000
405.000000
149.000000
1217.000000
974.000000
800.000000
271.000000
199.000000
897.000000
519.000000
123.000000
418.000000
225.000000
259.000000
422.000000
1105.000000
2507.000000
312.000000
551.000000
803.000000
1093.000000
1253.000000
204.000000
528.000000
1068.000000
31.000000
259.000000
274.000000
606.000000
256.000000
185.000000
3943.000000
91.000000
28.000000
69.000000
89.000000
214.000000
397.000000
1208.000000
669.000000
115.000000
724.000000
140.000000
199.000000
389.000000
69.000000
540.000000
1732.000000
112.000000
1062.000000
508.000000
556.000000
1056.000000
1409.000000
363.000000
170.000000
624.000000
172.000000
1005.000000
1723.000000
1021.000000
463.000000
771.000000
381.000000
196.000000
244.000000
80.000000
223.000000
802.000000
1637.000000
225.000000
150.000000
651.000000
355.000000
760.000000
1136.000000
1538.000000
1455.000000
1162.000000
493.000000
1030.000000
283.000000
353.000000
357.000000
526.000000
449.000000
370.000000
674.000000
263.000000
416.000000
430.000000
1721.000000
310.000000
1087.000000
404.000000
835.000000
345.000000
271.000000
174.000000
248.000000
4105.000000
97.000000
249.000000
139.000000
520.000000
279.000000
90.000000
32.000000
179.000000
2098.000000
244.000000
169.000000
116.000000
143.000000
645.000000
404.000000
1535.000000
4548.000000
148.000000
27.000000
176.000000
249.000000
1249.000000
323.000000
603.000000
78.000000
1052.000000
159.000000
192.000000
658.000000
703.000000
246.000000
387.000000
89.000000
839.000000
426.000000
108.000000
446.000000
607.000000
697.000000
228.000000
819.000000
903.000000
116.000000
177.000000
1561.000000
318.000000
77.000000
207.000000
238.000000
263.000000
191.000000
1299.000000
365.000000
382.000000
2331.000000
288.000000
104.000000
387.000000
826.000000
1180.000000
53.000000
432.000000
6213.000000
49.000000
182.000000
893.000000
208.000000
2318.000000
155.000000
119.000000
555.000000
51.000000
273.000000
325.000000
529.000000
444.000000
469.000000
949.000000
303.000000
637.000000
372.000000
577.000000
292.000000
105.000000
368.000000
125.000000
383.000000
175.000000
363.000000
157.000000
215.000000
310.000000
485.000000
489.000000
638.000000
1157.000000
545.000000
250.000000
953.000000
422.000000
284.000000
2048.000000
487.000000
734.000000
392.000000
187.000000
126.000000
280.000000
2812.000000
819.000000
344.000000
289.000000
121.000000
1852.000000
58.000000
369.000000
734.000000
2010.000000
277.000000
5043.000000
700.000000
968.000000
284.000000
214.000000
186.000000
305.000000
462.000000
168.000000
2608.000000
65.000000
574.000000
669.000000
488.000000
151.000000
230.000000
362.000000
172.000000
127.000000
246.000000
411.000000
158.000000
473.000000
225.000000
1888.000000
930.000000
511.000000
545.000000
268.000000
133.000000
140.000000
1431.000000
237.000000
776.000000
225.000000
1701.000000
1157.000000
184.000000
1947.000000
1259.000000
865.000000
528.000000
337.000000
1464.000000
576.000000
545.000000
625.000000
700.000000
62.000000
2366.000000
286.000000
236.000000
25.000000
84.000000
258.000000
1790.000000
56.000000
359.000000
807.000000
240.000000
887.000000
1360.000000
311.000000
1254.000000
632.000000
240.000000
806.000000
403.000000
311.000000
1260.000000
1948.000000
1325.000000
302.000000
1156.000000
453.000000
103.000000
687.000000
2362.000000
92.000000
246.000000
1155.000000
1233.000000
464.000000
890.000000
335.000000
2237.000000
131.000000
169.000000
657.000000
640.000000
211.000000
111.000000
196.000000
1473.000000
786.000000
287.000000
163.000000
853.000000
135.000000
591.000000
660.000000
74.000000
134.000000
242.000000
251.000000
1721.000000
817.000000
482.000000
56.000000
1944.000000
334.000000
843.000000
254.000000
1093.000000
151.000000
251.000000
87.000000
150.000000
504.000000
1181.000000
178.000000
376.000000
74.000000
81.000000
266.000000
371.000000
306.000000
1386.000000
258.000000
347.000000
40.000000
710.000000
286.000000
1530.000000
62.000000
48.000000
1386.000000
650.000000
251.000000
1520.000000
298.000000
99.000000
770.000000
168.000000
269.000000
196.000000
3944.000000
915.000000
438.000000
329.000000
727.000000
92.000000
942.000000
383.000000
777.000000
36.000000
2423.000000
111.000000
209.000000
89.000000
572.000000
188.000000
2672.000000
1697.000000
368.000000
213.000000
4560.000000
954.000000
268.000000
350.000000
161.000000
829.000000
336.000000
435.000000
203.000000
360.000000
347.000000
69.000000
49.000000
261.000000
187.000000
850.000000
515.000000
59.000000
266.000000
485.000000
990.000000
631.000000
630.000000
921.000000
929.000000
1304.000000
337.000000
75.000000
482.000000
488.000000
310.000000
230.000000
597.000000
296.000000
50.000000
126.000000
607.000000
59.000000
134.000000
78.000000
68.000000
479.000000
1013.000000
433.000000
3384.000000
324.000000
1165.000000
84.000000
106.000000
86.000000
261.000000
1305.000000
1126.000000
362.000000
515.000000
1386.000000
291.000000
1594.000000
1505.000000
1622.000000
107.000000
267.000000
1748.000000
490.000000
1690.000000
41.000000
105.000000
41.000000
985.000000
1852.000000
888.000000
345.000000
189.000000
238.000000
1253.000000
79.000000
930.000000
302.000000
741.000000
503.000000
362.000000
277.000000
392.000000
861.000000
1465.000000
419.000000
301.000000
9398.000000
230.000000
2113.000000
958.000000
95.000000
582.000000
272.000000
105.000000
396.000000
333.000000
2304.000000
264.000000
138.000000
85.000000
1164.000000
294.000000
51.000000
125.000000
186.000000
425.000000
2010.000000
1602.000000
268.000000
174.000000
937.000000
975.000000
658.000000
1033.000000
645.000000
6991.000000
206.000000
511.000000
1040.000000
296.000000
118.000000
195.000000
182.000000
637.000000
2051.000000
2559.000000
777.000000
754.000000
46.000000
75.000000
885.000000
700.000000
154.000000
1148.000000
148.000000
656.000000
230.000000
232.000000
607.000000
973.000000
1299.000000
196.000000
281.000000
114.000000
535.000000
644.000000
889.000000
196.000000
289.000000
319.000000
878.000000
575.000000
341.000000
87.000000
49.000000
301.000000
413.000000
1135.000000
232.000000
1856.000000
1023.000000
306.000000
48.000000
580.000000
58.000000
606.000000
503.000000
2802.000000
453.000000
568.000000
35.000000
618.000000
73.000000
473.000000
492.000000
729.000000
79.000000
398.000000
1695.000000
197.000000
251.000000
335.000000
521.000000
119.000000
308.000000
490.000000
287.000000
518.000000
672.000000
1359.000000
664.000000
60.000000
359.000000
286.000000
68.000000
423.000000
183.000000
219.000000
218.000000
488.000000
214.000000
399.000000
188.000000
224.000000
290.000000
195.000000
176.000000
2155.000000
458.000000
1029.000000
108.000000
1682.000000
109.000000
267.000000
165.000000
170.000000
30.000000
1852.000000
642.000000
188.000000
3324.000000
222.000000
890.000000
3577.000000
602.000000
46.000000
357.000000
456.000000
573.000000
666.000000
561.000000
1505.000000
124.000000
2183.000000
99.000000
342.000000
419.000000
188.000000
203.000000
300.000000
330.000000
115.000000
512.000000
294.000000
394.000000
363.000000
1085.000000
130.000000
345.000000
489.000000
976.000000
138.000000
794.000000
1815.000000
337.000000
3697.000000
1060.000000
342.000000
262.000000
325.000000
140.000000
308.000000
612.000000
917.000000
321.000000
515.000000
644.000000
809.000000
40.000000
510.000000
103.000000
309.000000
509.000000
244.000000
300.000000
49.000000
328.000000
69.000000
104.000000
620.000000
1249.000000
576.000000
536.000000
349.000000
1218.000000
699.000000
628.000000
264.000000
329.000000
9429.000000
472.000000
189.000000
381.000000
380.000000
228.000000
119.000000
