756.000000
68.000000
131.000000
289.000000
441.000000
370.000000
191.000000
83.000000
100.000000
282.000000
168.000000
292.000000
146.000000
3054.000000
47.000000
87.000000
1131.000000
112.000000
530.000000
199.000000
391.000000
690.000000
689.000000
274.000000
815.000000
184.000000
667.000000
2232.000000
88.000000
422.000000
335.000000
272.000000
1190.000000
1158.000000
1107.000000
221.000000
1164.000000
197.000000
349.000000
185.000000
731.000000
919.000000
492.000000
2863.000000
159.000000
266.000000
341.000000
601.000000
462.000000
311.000000
1037.000000
195.000000
704.000000
1800.000000
1399.000000
229.000000
1227.000000
1224.000000
316.000000
617.000000
154.000000
89.000000
63.000000
201.000000
416.000000
807.000000
2436.000000
246.000000
258.000000
678.000000
1566.000000
1167.000000
433.000000
83.000000
403.000000
452.000000
369.000000
312.000000
1058.000000
839.000000
805.000000
244.000000
666.000000
1855.000000
1045.000000
5633.000000
152.000000
548.000000
2988.000000
311.000000
74.000000
113.000000
100.000000
591.000000
100.000000
492.000000
1326.000000
509.000000
1635.000000
70.000000
862.000000
591.000000
202.000000
212.000000
281.000000
920.000000
672.000000
377.000000
759.000000
563.000000
1028.000000
6414.000000
997.000000
501.000000
572.000000
1073.000000
279.000000
1738.000000
275.000000
496.000000
394.000000
797.000000
1405.000000
553.000000
145.000000
2278.000000
779.000000
314.000000
401.000000
264.000000
385.000000
1070.000000
577.000000
164.000000
689.000000
443.000000
444.000000
984.000000
153.000000
245.000000
768.000000
472.000000
257.000000
36.000000
310.000000
319.000000
731.000000
709.000000
113.000000
644.000000
180.000000
459.000000
108.000000
3133.000000
188.000000
81.000000
1804.000000
87.000000
219.000000
1436.000000
287.000000
471.000000
410.000000
819.000000
1907.000000
491.000000
136.000000
891.000000
475.000000
427.000000
1031.000000
573.000000
1271.000000
202.000000
538.000000
386.000000
1845.000000
165.000000
485.000000
458.000000
957.000000
453.000000
397.000000
385.000000
220.000000
126.000000
743.000000
1021.000000
933.000000
144.000000
880.000000
587.000000
1060.000000
138.000000
412.000000
27.000000
1197.000000
292.000000
616.000000
43.000000
346.000000
95.000000
261.000000
915.000000
246.000000
467.000000
106.000000
181.000000
2388.000000
71.000000
1383.000000
154.000000
1447.000000
53.000000
702.000000
136.000000
615.000000
328.000000
241.000000
590.000000
1296.000000
1584.000000
170.000000
1445.000000
367.000000
3165.000000
1003.000000
135.000000
214.000000
312.000000
832.000000
428.000000
552.000000
265.000000
1031.000000
133.000000
119.000000
115.000000
544.000000
221.000000
261.000000
456.000000
588.000000
611.000000
190.000000
1482.000000
82.000000
583.000000
1334.000000
2023.000000
1659.000000
581.000000
337.000000
446.000000
248.000000
1006.000000
340.000000
361.000000
359.000000
113.000000
420.000000
335.000000
195.000000
181.000000
2909.000000
1654.000000
340.000000
374.000000
585.000000
650.000000
196.000000
508.000000
354.000000
209.000000
183.000000
49.000000
479.000000
400.000000
111.000000
699.000000
686.000000
321.000000
805.000000
87.000000
833.000000
105.000000
523.000000
188.000000
134.000000
433.000000
845.000000
125.000000
1451.000000
565.000000
323.000000
197.000000
408.000000
298.000000
344.000000
1436.000000
516.000000
649.000000
1263.000000
1765.000000
74.000000
206.000000
906.000000
542.000000
752.000000
421.000000
336.000000
373.000000
927.000000
1428.000000
2349.000000
371.000000
610.000000
284.000000
488.000000
395.000000
1265.000000
908.000000
69.000000
955.000000
572.000000
212.000000
652.000000
137.000000
121.000000
64.000000
4601.000000
565.000000
403.000000
4606.000000
810.000000
864.000000
196.000000
843.000000
849.000000
200.000000
289.000000
912.000000
475.000000
429.000000
1134.000000
490.000000
836.000000
1136.000000
42.000000
2020.000000
154.000000
1036.000000
106.000000
60.000000
312.000000
205.000000
61.000000
1036.000000
133.000000
230.000000
387.000000
88.000000
91.000000
67.000000
913.000000
75.000000
493.000000
479.000000
648.000000
182.000000
832.000000
205.000000
43.000000
549.000000
1374.000000
908.000000
1608.000000
101.000000
613.000000
185.000000
810.000000
709.000000
448.000000
315.000000
696.000000
606.000000
519.000000
667.000000
65.000000
728.000000
371.000000
414.000000
261.000000
1504.000000
3454.000000
92.000000
240.000000
174.000000
775.000000
265.000000
638.000000
791.000000
439.000000
696.000000
253.000000
122.000000
329.000000
835.000000
446.000000
840.000000
278.000000
1602.000000
145.000000
246.000000
209.000000
489.000000
58.000000
286.000000
176.000000
504.000000
176.000000
2070.000000
406.000000
947.000000
1025.000000
610.000000
2141.000000
5228.000000
156.000000
157.000000
162.000000
53.000000
247.000000
321.000000
313.000000
2384.000000
310.000000
659.000000
218.000000
272.000000
189.000000
2012.000000
168.000000
209.000000
433.000000
260.000000
1500.000000
81.000000
842.000000
435.000000
219.000000
613.000000
452.000000
109.000000
184.000000
132.000000
369.000000
432.000000
1022.000000
144.000000
341.000000
722.000000
403.000000
620.000000
936.000000
104.000000
486.000000
3025.000000
123.000000
183.000000
571.000000
2210.000000
677.000000
374.000000
509.000000
197.000000
380.000000
196.000000
745.000000
657.000000
2803.000000
197.000000
628.000000
164.000000
846.000000
125.000000
644.000000
117.000000
411.000000
1801.000000
70.000000
414.000000
586.000000
749.000000
225.000000
2960.000000
313.000000
666.000000
137.000000
162.000000
3604.000000
280.000000
156.000000
604.000000
1098.000000
119.000000
292.000000
127.000000
422.000000
1192.000000
519.000000
23.000000
658.000000
430.000000
59.000000
226.000000
1328.000000
164.000000
694.000000
136.000000
530.000000
1320.000000
224.000000
304.000000
1847.000000
574.000000
623.000000
1752.000000
37.000000
313.000000
160.000000
90.000000
197.000000
193.000000
407.000000
744.000000
779.000000
716.000000
57.000000
852.000000
1777.000000
1183.000000
282.000000
1492.000000
206.000000
1820.000000
260.000000
499.000000
1997.000000
833.000000
741.000000
327.000000
430.000000
587.000000
1942.000000
380.000000
463.000000
424.000000
3271.000000
412.000000
2489.000000
886.000000
1097.000000
171.000000
697.000000
346.000000
192.000000
165.000000
1629.000000
98.000000
449.000000
1261.000000
196.000000
220.000000
515.000000
299.000000
338.000000
488.000000
396.000000
519.000000
580.000000
464.000000
667.000000
208.000000
692.000000
297.000000
88.000000
1962.000000
272.000000
231.000000
207.000000
120.000000
111.000000
243.000000
267.000000
560.000000
650.000000
941.000000
385.000000
375.000000
1142.000000
297.000000
181.000000
108.000000
892.000000
419.000000
282.000000
2987.000000
243.000000
333.000000
460.000000
93.000000
63.000000
145.000000
1164.000000
347.000000
406.000000
539.000000
140.000000
441.000000
949.000000
1714.000000
91.000000
62.000000
1454.000000
473.000000
381.000000
205.000000
470.000000
445.000000
461.000000
320.000000
507.000000
566.000000
373.000000
79.000000
605.000000
397.000000
493.000000
279.000000
552.000000
342.000000
1458.000000
98.000000
297.000000
881.000000
458.000000
139.000000
220.000000
869.000000
153.000000
415.000000
501.000000
44.000000
133.000000
237.000000
484.000000
1785.000000
556.000000
769.000000
1115.000000
1734.000000
524.000000
321.000000
1327.000000
1929.000000
134.000000
1595.000000
113.000000
7143.000000
344.000000
114.000000
343.000000
117.000000
183.000000
1446.000000
134.000000
665.000000
76.000000
427.000000
110.000000
114.000000
898.000000
263.000000
429.000000
553.000000
307.000000
72.000000
1877.000000
2458.000000
584.000000
229.000000
171.000000
677.000000
304.000000
776.000000
765.000000
633.000000
1135.000000
610.000000
745.000000
911.000000
326.000000
2382.000000
340.000000
72.000000
372.000000
316.000000
563.000000
281.000000
736.000000
163.000000
523.000000
936.000000
159.000000
229.000000
65.000000
689.000000
375.000000
378.000000
183.000000
791.000000
4664.000000
1263.000000
1772.000000
238.000000
92.000000
480.000000
616.000000
292.000000
702.000000
168.000000
551.000000
1964.000000
231.000000
894.000000
336.000000
818.000000
258.000000
164.000000
190.000000
4630.000000
110.000000
255.000000
180.000000
242.000000
319.000000
1092.000000
2994.000000
293.000000
2839.000000
631.000000
682.000000
658.000000
70.000000
401.000000
48.000000
450.000000
84.000000
748.000000
446.000000
823.000000
1895.000000
991.000000
337.000000
65.000000
423.000000
378.000000
707.000000
705.000000
565.000000
159.000000
1210.000000
118.000000
669.000000
48.000000
915.000000
267.000000
169.000000
728.000000
1790.000000
631.000000
202.000000
92.000000
178.000000
212.000000
891.000000
689.000000
425.000000
2659.000000
34.000000
86.000000
210.000000
42.000000
179.000000
147.000000
239.000000
1894.000000
308.000000
53.000000
948.000000
716.000000
555.000000
25.000000
91.000000
163.000000
706.000000
414.000000
288.000000
71.000000
359.000000
377.000000
210.000000
489.000000
1194.000000
333.000000
200.000000
702.000000
861.000000
129.000000
432.000000
1822.000000
509.000000
337.000000
504.000000
2502.000000
184.000000
655.000000
3117.000000
238.000000
387.000000
147.000000
421.000000
557.000000
1185.000000
405.000000
77.000000
1773.000000
325.000000
1789.000000
424.000000
557.000000
374.000000
434.000000
615.000000
257.000000
1880.000000
119.000000
751.000000
2177.000000
185.000000
187.000000
97.000000
150.000000
49.000000
269.000000
373.000000
301.000000
822.000000
1412.000000
438.000000
29.000000
307.000000
517.000000
269.000000
563.000000
193.000000
284.000000
544.000000
2200.000000
1910.000000
178.000000
700.000000
67.000000
913.000000
74.000000
925.000000
475.000000
511.000000
2096.000000
590.000000
880.000000
222.000000
1685.000000
388.000000
458.000000
2551.000000
250.000000
1453.000000
654.000000
104.000000
217.000000
610.000000
172.000000
284.000000
76.000000
933.000000
811.000000
194.000000
725.000000
490.000000
341.000000
397.000000
902.000000
214.000000
175.000000
220.000000
4030.000000
314.000000
2389.000000
52.000000
479.000000
659.000000
789.000000
1769.000000
1302.000000
257.000000
212.000000
1310.000000
201.000000
172.000000
106.000000
309.000000
98.000000
688.000000
148.000000
320.000000
44.000000
408.000000
838.000000
203.000000
508.000000
600.000000
272.000000
358.000000
1605.000000
270.000000
133.000000
83.000000
1142.000000
443.000000
1167.000000
293.000000
44.000000
201.000000
284.000000
384.000000
467.000000
561.000000
861.000000
219.000000
1013.000000
192.000000
818.000000
474.000000
2423.000000
136.000000
308.000000
483.000000
376.000000
576.000000
194.000000
328.000000
233.000000
154.000000
501.000000
166.000000
790.000000
174.000000
70.000000
84.000000
563.000000
677.000000
1099.000000
86.000000
146.000000
1272.000000
90.000000
328.000000
99.000000
53.000000
177.000000
505.000000
1244.000000
1924.000000
411.000000
682.000000
464.000000
750.000000
298.000000
379.000000
1232.000000
83.000000
99.000000
578.000000
252.000000
271.000000
189.000000
37.000000
2304.000000
