535.000000
2000.000000
287.000000
87.000000
368.000000
942.000000
1560.000000
186.000000
224.000000
215.000000
529.000000
145.000000
391.000000
2043.000000
147.000000
159.000000
67.000000
559.000000
528.000000
245.000000
214.000000
257.000000
369.000000
274.000000
119.000000
323.000000
317.000000
459.000000
3334.000000
1813.000000
426.000000
165.000000
1498.000000
1023.000000
375.000000
499.000000
143.000000
489.000000
86.000000
922.000000
346.000000
1713.000000
525.000000
161.000000
391.000000
1331.000000
825.000000
480.000000
359.000000
650.000000
546.000000
1357.000000
147.000000
158.000000
1310.000000
836.000000
1217.000000
310.000000
325.000000
306.000000
221.000000
201.000000
301.000000
605.000000
302.000000
168.000000
609.000000
464.000000
494.000000
99.000000
1418.000000
292.000000
328.000000
203.000000
222.000000
386.000000
932.000000
705.000000
419.000000
376.000000
136.000000
780.000000
270.000000
25.000000
93.000000
618.000000
1502.000000
891.000000
410.000000
1050.000000
128.000000
760.000000
898.000000
1533.000000
131.000000
45.000000
215.000000
657.000000
1628.000000
405.000000
283.000000
947.000000
1223.000000
574.000000
1190.000000
69.000000
210.000000
1304.000000
963.000000
140.000000
397.000000
54.000000
177.000000
2158.000000
784.000000
354.000000
700.000000
217.000000
61.000000
917.000000
479.000000
1169.000000
637.000000
2462.000000
128.000000
1062.000000
777.000000
110.000000
1770.000000
538.000000
339.000000
82.000000
1607.000000
1694.000000
859.000000
720.000000
1134.000000
413.000000
1278.000000
295.000000
845.000000
340.000000
388.000000
608.000000
950.000000
2089.000000
81.000000
297.000000
373.000000
178.000000
219.000000
111.000000
335.000000
177.000000
733.000000
3654.000000
227.000000
98.000000
810.000000
496.000000
524.000000
999.000000
111.000000
461.000000
358.000000
114.000000
254.000000
451.000000
1181.000000
311.000000
284.000000
1104.000000
277.000000
143.000000
1430.000000
147.000000
969.000000
209.000000
1357.000000
4113.000000
3397.000000
1501.000000
755.000000
632.000000
209.000000
154.000000
1253.000000
181.000000
66.000000
809.000000
110.000000
637.000000
708.000000
1041.000000
959.000000
211.000000
1062.000000
1036.000000
2781.000000
570.000000
171.000000
252.000000
723.000000
181.000000
985.000000
189.000000
378.000000
433.000000
886.000000
1040.000000
744.000000
733.000000
650.000000
276.000000
609.000000
618.000000
508.000000
353.000000
187.000000
516.000000
1943.000000
192.000000
106.000000
120.000000
67.000000
1257.000000
159.000000
155.000000
547.000000
236.000000
45.000000
162.000000
377.000000
279.000000
1086.000000
164.000000
433.000000
238.000000
523.000000
1332.000000
963.000000
125.000000
106.000000
1036.000000
2208.000000
1032.000000
520.000000
810.000000
756.000000
185.000000
889.000000
264.000000
560.000000
144.000000
528.000000
727.000000
280.000000
83.000000
2650.000000
582.000000
517.000000
1304.000000
1601.000000
209.000000
262.000000
420.000000
65.000000
761.000000
1016.000000
973.000000
89.000000
584.000000
1161.000000
131.000000
253.000000
1394.000000
112.000000
746.000000
170.000000
506.000000
1491.000000
156.000000
1904.000000
418.000000
721.000000
448.000000
260.000000
347.000000
131.000000
987.000000
207.000000
127.000000
550.000000
350.000000
112.000000
455.000000
28.000000
386.000000
1429.000000
47.000000
468.000000
2346.000000
694.000000
401.000000
145.000000
815.000000
281.000000
257.000000
176.000000
619.000000
452.000000
234.000000
137.000000
3211.000000
154.000000
502.000000
242.000000
52.000000
341.000000
1072.000000
1286.000000
730.000000
375.000000
363.000000
369.000000
495.000000
297.000000
215.000000
624.000000
1580.000000
736.000000
179.000000
269.000000
542.000000
1210.000000
946.000000
1775.000000
189.000000
133.000000
466.000000
2492.000000
181.000000
499.000000
274.000000
26.000000
583.000000
624.000000
163.000000
207.000000
840.000000
169.000000
510.000000
747.000000
1809.000000
521.000000
219.000000
149.000000
255.000000
357.000000
274.000000
698.000000
1229.000000
316.000000
435.000000
376.000000
179.000000
1018.000000
7965.000000
835.000000
226.000000
450.000000
35.000000
377.000000
421.000000
150.000000
932.000000
288.000000
880.000000
194.000000
438.000000
608.000000
876.000000
237.000000
521.000000
102.000000
250.000000
150.000000
184.000000
441.000000
584.000000
314.000000
97.000000
321.000000
213.000000
250.000000
1183.000000
2115.000000
558.000000
182.000000
69.000000
580.000000
417.000000
136.000000
247.000000
133.000000
188.000000
490.000000
2962.000000
1186.000000
212.000000
2997.000000
738.000000
349.000000
1086.000000
2274.000000
2555.000000
221.000000
128.000000
398.000000
570.000000
424.000000
1164.000000
886.000000
747.000000
553.000000
1466.000000
163.000000
148.000000
204.000000
670.000000
498.000000
551.000000
66.000000
221.000000
40.000000
115.000000
145.000000
714.000000
406.000000
759.000000
784.000000
1417.000000
1867.000000
2081.000000
153.000000
1377.000000
221.000000
758.000000
55.000000
1106.000000
132.000000
762.000000
301.000000
234.000000
455.000000
473.000000
408.000000
652.000000
805.000000
859.000000
743.000000
129.000000
3587.000000
603.000000
1329.000000
398.000000
1244.000000
269.000000
537.000000
383.000000
364.000000
250.000000
51.000000
101.000000
93.000000
139.000000
246.000000
228.000000
127.000000
2314.000000
177.000000
385.000000
1578.000000
554.000000
730.000000
154.000000
802.000000
184.000000
733.000000
156.000000
849.000000
218.000000
626.000000
814.000000
101.000000
195.000000
337.000000
136.000000
798.000000
308.000000
125.000000
1552.000000
676.000000
141.000000
373.000000
232.000000
104.000000
169.000000
1686.000000
149.000000
500.000000
218.000000
603.000000
762.000000
2278.000000
342.000000
1096.000000
132.000000
356.000000
576.000000
165.000000
5798.000000
716.000000
261.000000
422.000000
553.000000
174.000000
1542.000000
2448.000000
671.000000
130.000000
1091.000000
693.000000
190.000000
214.000000
449.000000
807.000000
975.000000
4392.000000
749.000000
492.000000
242.000000
372.000000
1172.000000
460.000000
143.000000
161.000000
21.000000
1472.000000
1080.000000
1599.000000
1788.000000
1206.000000
122.000000
262.000000
146.000000
726.000000
368.000000
320.000000
443.000000
415.000000
722.000000
766.000000
666.000000
1333.000000
110.000000
1419.000000
258.000000
449.000000
414.000000
577.000000
412.000000
326.000000
118.000000
1070.000000
1523.000000
159.000000
1071.000000
187.000000
334.000000
4410.000000
138.000000
554.000000
2753.000000
114.000000
564.000000
131.000000
1414.000000
932.000000
1190.000000
223.000000
181.000000
1010.000000
712.000000
3696.000000
190.000000
664.000000
289.000000
1340.000000
844.000000
406.000000
273.000000
334.000000
237.000000
519.000000
231.000000
608.000000
1312.000000
127.000000
1097.000000
49.000000
292.000000
102.000000
531.000000
94.000000
539.000000
110.000000
323.000000
4350.000000
551.000000
297.000000
184.000000
397.000000
183.000000
99.000000
99.000000
232.000000
136.000000
159.000000
119.000000
34.000000
477.000000
1366.000000
150.000000
255.000000
2076.000000
116.000000
714.000000
314.000000
101.000000
363.000000
2190.000000
1090.000000
1667.000000
960.000000
382.000000
107.000000
178.000000
379.000000
214.000000
499.000000
194.000000
987.000000
344.000000
366.000000
1345.000000
544.000000
287.000000
317.000000
1924.000000
165.000000
164.000000
1951.000000
1206.000000
1214.000000
214.000000
233.000000
79.000000
124.000000
105.000000
160.000000
2914.000000
615.000000
1050.000000
304.000000
129.000000
56.000000
299.000000
2247.000000
798.000000
951.000000
428.000000
1536.000000
148.000000
592.000000
346.000000
175.000000
639.000000
221.000000
555.000000
571.000000
428.000000
419.000000
200.000000
106.000000
236.000000
718.000000
540.000000
328.000000
1414.000000
160.000000
892.000000
217.000000
400.000000
523.000000
1082.000000
90.000000
2181.000000
966.000000
173.000000
705.000000
238.000000
510.000000
1762.000000
2030.000000
490.000000
229.000000
1902.000000
176.000000
687.000000
321.000000
206.000000
49.000000
243.000000
176.000000
166.000000
1092.000000
1133.000000
594.000000
483.000000
250.000000
493.000000
2214.000000
352.000000
3538.000000
182.000000
1188.000000
168.000000
862.000000
162.000000
618.000000
1033.000000
3472.000000
447.000000
956.000000
1161.000000
541.000000
1987.000000
496.000000
624.000000
214.000000
263.000000
66.000000
281.000000
1067.000000
315.000000
1448.000000
605.000000
238.000000
693.000000
177.000000
505.000000
2991.000000
1365.000000
573.000000
89.000000
231.000000
3042.000000
478.000000
224.000000
996.000000
928.000000
768.000000
289.000000
170.000000
1629.000000
603.000000
727.000000
461.000000
226.000000
383.000000
289.000000
229.000000
386.000000
281.000000
399.000000
4813.000000
2054.000000
1453.000000
740.000000
220.000000
741.000000
1135.000000
909.000000
821.000000
527.000000
358.000000
91.000000
36.000000
419.000000
1013.000000
594.000000
197.000000
455.000000
412.000000
654.000000
877.000000
385.000000
93.000000
137.000000
224.000000
3699.000000
1171.000000
248.000000
90.000000
3124.000000
294.000000
521.000000
633.000000
162.000000
208.000000
159.000000
481.000000
685.000000
586.000000
1046.000000
135.000000
190.000000
256.000000
579.000000
311.000000
105.000000
296.000000
61.000000
71.000000
606.000000
577.000000
1198.000000
422.000000
323.000000
79.000000
322.000000
254.000000
789.000000
270.000000
442.000000
475.000000
140.000000
302.000000
2569.000000
256.000000
467.000000
116.000000
532.000000
358.000000
467.000000
200.000000
190.000000
2177.000000
64.000000
114.000000
884.000000
73.000000
343.000000
2628.000000
310.000000
216.000000
372.000000
475.000000
303.000000
596.000000
2130.000000
3137.000000
179.000000
1224.000000
86.000000
5570.000000
194.000000
298.000000
2372.000000
339.000000
183.000000
1224.000000
98.000000
695.000000
634.000000
1046.000000
2606.000000
812.000000
524.000000
321.000000
377.000000
353.000000
59.000000
475.000000
511.000000
2077.000000
614.000000
150.000000
279.000000
353.000000
181.000000
58.000000
280.000000
2247.000000
51.000000
557.000000
197.000000
227.000000
1194.000000
120.000000
919.000000
686.000000
214.000000
1193.000000
632.000000
58.000000
805.000000
569.000000
784.000000
599.000000
1555.000000
477.000000
910.000000
85.000000
234.000000
1673.000000
722.000000
245.000000
8625.000000
1089.000000
3570.000000
2029.000000
612.000000
178.000000
228.000000
1788.000000
2349.000000
169.000000
795.000000
186.000000
1351.000000
104.000000
238.000000
53.000000
231.000000
605.000000
1044.000000
1512.000000
647.000000
505.000000
279.000000
346.000000
317.000000
460.000000
382.000000
1464.000000
152.000000
241.000000
199.000000
398.000000
336.000000
467.000000
2603.000000
132.000000
495.000000
91.000000
226.000000
242.000000
961.000000
393.000000
89.000000
280.000000
567.000000
137.000000
544.000000
384.000000
143.000000
225.000000
730.000000
727.000000
463.000000
932.000000
828.000000
492.000000
4549.000000
5999.000000
883.000000
603.000000
433.000000
206.000000
520.000000
117.000000
141.000000
1985.000000
731.000000
42.000000
1114.000000
400.000000
1255.000000
