3553.000000
1839.000000
42.000000
148.000000
338.000000
445.000000
138.000000
219.000000
331.000000
519.000000
361.000000
148.000000
853.000000
240.000000
712.000000
195.000000
3207.000000
256.000000
338.000000
125.000000
487.000000
620.000000
78.000000
453.000000
544.000000
3050.000000
277.000000
118.000000
1359.000000
616.000000
368.000000
980.000000
303.000000
499.000000
373.000000
124.000000
338.000000
118.000000
587.000000
1456.000000
2419.000000
409.000000
203.000000
408.000000
207.000000
575.000000
901.000000
573.000000
199.000000
459.000000
83.000000
39.000000
298.000000
616.000000
555.000000
279.000000
712.000000
431.000000
168.000000
439.000000
396.000000
1216.000000
481.000000
100.000000
1187.000000
126.000000
74.000000
756.000000
41.000000
66.000000
276.000000
137.000000
1397.000000
2055.000000
286.000000
621.000000
2053.000000
420.000000
929.000000
84.000000
471.000000
1443.000000
2360.000000
415.000000
765.000000
291.000000
385.000000
639.000000
244.000000
200.000000
713.000000
109.000000
507.000000
1326.000000
951.000000
3434.000000
105.000000
471.000000
2341.000000
646.000000
1510.000000
360.000000
122.000000
159.000000
367.000000
446.000000
252.000000
150.000000
1067.000000
2980.000000
434.000000
518.000000
1734.000000
412.000000
1028.000000
177.000000
786.000000
1126.000000
702.000000
637.000000
308.000000
217.000000
155.000000
105.000000
135.000000
1982.000000
762.000000
173.000000
293.000000
360.000000
1627.000000
411.000000
546.000000
369.000000
269.000000
618.000000
1594.000000
10667.000000
349.000000
911.000000
573.000000
741.000000
1279.000000
240.000000
97.000000
502.000000
149.000000
136.000000
158.000000
34.000000
744.000000
2674.000000
857.000000
1284.000000
195.000000
196.000000
246.000000
1435.000000
187.000000
932.000000
580.000000
502.000000
715.000000
523.000000
88.000000
795.000000
781.000000
835.000000
309.000000
31.000000
379.000000
885.000000
434.000000
185.000000
1030.000000
461.000000
1927.000000
242.000000
451.000000
302.000000
76.000000
1027.000000
325.000000
158.000000
521.000000
409.000000
40.000000
270.000000
3341.000000
78.000000
186.000000
984.000000
465.000000
199.000000
226.000000
91.000000
189.000000
127.000000
90.000000
673.000000
610.000000
513.000000
535.000000
984.000000
434.000000
247.000000
446.000000
508.000000
5617.000000
828.000000
268.000000
1565.000000
643.000000
144.000000
363.000000
189.000000
302.000000
391.000000
36.000000
2069.000000
164.000000
143.000000
133.000000
397.000000
1901.000000
396.000000
625.000000
294.000000
1761.000000
774.000000
572.000000
407.000000
257.000000
281.000000
442.000000
322.000000
265.000000
788.000000
749.000000
374.000000
561.000000
390.000000
627.000000
152.000000
242.000000
753.000000
145.000000
285.000000
235.000000
515.000000
106.000000
423.000000
510.000000
440.000000
309.000000
480.000000
1053.000000
282.000000
735.000000
85.000000
1121.000000
456.000000
279.000000
1056.000000
655.000000
1483.000000
217.000000
512.000000
552.000000
79.000000
1225.000000
146.000000
402.000000
505.000000
1752.000000
1035.000000
612.000000
286.000000
698.000000
984.000000
1078.000000
2018.000000
159.000000
575.000000
140.000000
343.000000
1127.000000
1456.000000
1764.000000
718.000000
682.000000
183.000000
561.000000
265.000000
4097.000000
282.000000
735.000000
145.000000
1256.000000
2286.000000
891.000000
767.000000
1767.000000
590.000000
128.000000
417.000000
556.000000
162.000000
639.000000
877.000000
463.000000
249.000000
411.000000
704.000000
74.000000
91.000000
1054.000000
3125.000000
852.000000
136.000000
173.000000
267.000000
388.000000
436.000000
460.000000
1075.000000
353.000000
367.000000
497.000000
832.000000
433.000000
1324.000000
1138.000000
317.000000
247.000000
417.000000
296.000000
143.000000
753.000000
483.000000
2008.000000
430.000000
2615.000000
172.000000
176.000000
57.000000
1625.000000
363.000000
395.000000
217.000000
34.000000
147.000000
800.000000
1662.000000
936.000000
517.000000
638.000000
292.000000
118.000000
705.000000
355.000000
210.000000
491.000000
167.000000
1579.000000
130.000000
300.000000
1023.000000
706.000000
629.000000
427.000000
494.000000
315.000000
48.000000
828.000000
689.000000
81.000000
284.000000
1991.000000
5220.000000
842.000000
55.000000
142.000000
238.000000
147.000000
165.000000
164.000000
845.000000
1233.000000
468.000000
363.000000
571.000000
239.000000
133.000000
209.000000
1685.000000
400.000000
195.000000
1001.000000
111.000000
92.000000
883.000000
872.000000
1110.000000
242.000000
169.000000
33.000000
330.000000
177.000000
709.000000
446.000000
731.000000
50.000000
163.000000
206.000000
560.000000
342.000000
732.000000
327.000000
40.000000
302.000000
394.000000
612.000000
117.000000
296.000000
116.000000
612.000000
966.000000
230.000000
697.000000
219.000000
1217.000000
1602.000000
1295.000000
1593.000000
225.000000
701.000000
1053.000000
137.000000
369.000000
706.000000
359.000000
1672.000000
45.000000
405.000000
246.000000
1073.000000
114.000000
502.000000
78.000000
719.000000
595.000000
628.000000
311.000000
532.000000
401.000000
237.000000
153.000000
555.000000
353.000000
297.000000
1281.000000
164.000000
96.000000
85.000000
28.000000
797.000000
1428.000000
587.000000
85.000000
434.000000
402.000000
149.000000
417.000000
769.000000
585.000000
5340.000000
509.000000
92.000000
239.000000
228.000000
197.000000
123.000000
292.000000
248.000000
430.000000
666.000000
1567.000000
838.000000
342.000000
199.000000
181.000000
658.000000
408.000000
70.000000
224.000000
236.000000
267.000000
272.000000
417.000000
842.000000
2206.000000
508.000000
2221.000000
288.000000
1174.000000
376.000000
163.000000
1505.000000
239.000000
842.000000
609.000000
1047.000000
116.000000
100.000000
237.000000
632.000000
2235.000000
391.000000
784.000000
138.000000
798.000000
2817.000000
66.000000
6520.000000
578.000000
1030.000000
571.000000
110.000000
261.000000
1478.000000
1566.000000
508.000000
1764.000000
292.000000
173.000000
567.000000
2675.000000
163.000000
525.000000
563.000000
262.000000
223.000000
122.000000
856.000000
750.000000
344.000000
1342.000000
120.000000
123.000000
302.000000
453.000000
80.000000
1229.000000
81.000000
179.000000
99.000000
371.000000
127.000000
1472.000000
535.000000
466.000000
193.000000
328.000000
437.000000
202.000000
64.000000
1614.000000
85.000000
387.000000
1034.000000
619.000000
406.000000
980.000000
1888.000000
118.000000
537.000000
167.000000
176.000000
446.000000
137.000000
413.000000
142.000000
979.000000
327.000000
79.000000
102.000000
799.000000
458.000000
445.000000
679.000000
549.000000
570.000000
75.000000
151.000000
3768.000000
1165.000000
634.000000
2200.000000
167.000000
220.000000
557.000000
169.000000
605.000000
1191.000000
1980.000000
47.000000
104.000000
662.000000
595.000000
698.000000
1177.000000
1733.000000
84.000000
390.000000
577.000000
875.000000
5031.000000
7110.000000
1297.000000
227.000000
847.000000
3946.000000
1410.000000
54.000000
646.000000
412.000000
173.000000
119.000000
752.000000
581.000000
619.000000
931.000000
710.000000
1828.000000
415.000000
999.000000
741.000000
38.000000
946.000000
337.000000
568.000000
1261.000000
1835.000000
17450.000000
338.000000
113.000000
1414.000000
227.000000
282.000000
102.000000
8.000000
246.000000
1660.000000
98.000000
128.000000
113.000000
256.000000
793.000000
1021.000000
1330.000000
3203.000000
245.000000
362.000000
640.000000
204.000000
150.000000
217.000000
553.000000
244.000000
2517.000000
685.000000
302.000000
282.000000
52.000000
62.000000
105.000000
666.000000
27.000000
79.000000
447.000000
143.000000
524.000000
174.000000
312.000000
918.000000
962.000000
521.000000
2658.000000
719.000000
490.000000
601.000000
54.000000
911.000000
983.000000
134.000000
83.000000
471.000000
1113.000000
713.000000
429.000000
755.000000
433.000000
1942.000000
1833.000000
2873.000000
205.000000
449.000000
1515.000000
583.000000
117.000000
733.000000
225.000000
431.000000
343.000000
536.000000
93.000000
1228.000000
281.000000
82.000000
258.000000
257.000000
1373.000000
390.000000
80.000000
87.000000
449.000000
3924.000000
308.000000
971.000000
414.000000
673.000000
342.000000
305.000000
703.000000
295.000000
895.000000
942.000000
381.000000
2218.000000
345.000000
2445.000000
481.000000
173.000000
5025.000000
448.000000
119.000000
1180.000000
603.000000
196.000000
179.000000
221.000000
617.000000
842.000000
867.000000
112.000000
465.000000
1347.000000
867.000000
675.000000
373.000000
322.000000
251.000000
55.000000
875.000000
1277.000000
1560.000000
222.000000
1330.000000
54.000000
1463.000000
1114.000000
371.000000
155.000000
805.000000
528.000000
1275.000000
419.000000
554.000000
129.000000
308.000000
263.000000
1424.000000
144.000000
261.000000
1790.000000
822.000000
630.000000
373.000000
803.000000
276.000000
575.000000
412.000000
1377.000000
63.000000
841.000000
1442.000000
452.000000
1859.000000
776.000000
206.000000
424.000000
457.000000
410.000000
2079.000000
357.000000
299.000000
92.000000
284.000000
106.000000
653.000000
296.000000
621.000000
165.000000
191.000000
419.000000
1368.000000
447.000000
171.000000
382.000000
140.000000
1528.000000
453.000000
315.000000
95.000000
216.000000
576.000000
604.000000
215.000000
749.000000
91.000000
487.000000
322.000000
189.000000
318.000000
539.000000
497.000000
214.000000
115.000000
264.000000
104.000000
251.000000
1716.000000
65.000000
1092.000000
631.000000
206.000000
503.000000
1697.000000
117.000000
779.000000
103.000000
532.000000
301.000000
28.000000
362.000000
377.000000
257.000000
2228.000000
184.000000
411.000000
124.000000
581.000000
669.000000
280.000000
2125.000000
39.000000
110.000000
196.000000
286.000000
93.000000
28.000000
86.000000
252.000000
1477.000000
393.000000
60.000000
3935.000000
1187.000000
376.000000
803.000000
186.000000
32.000000
520.000000
1165.000000
504.000000
40.000000
815.000000
38.000000
238.000000
768.000000
515.000000
1217.000000
628.000000
651.000000
1145.000000
258.000000
2350.000000
149.000000
195.000000
213.000000
2294.000000
263.000000
994.000000
45.000000
486.000000
87.000000
118.000000
471.000000
177.000000
654.000000
377.000000
1275.000000
381.000000
80.000000
930.000000
7517.000000
244.000000
55.000000
835.000000
1165.000000
640.000000
3140.000000
348.000000
149.000000
768.000000
278.000000
118.000000
1070.000000
90.000000
562.000000
65.000000
197.000000
711.000000
288.000000
1086.000000
351.000000
477.000000
312.000000
154.000000
188.000000
654.000000
86.000000
653.000000
969.000000
1520.000000
242.000000
3958.000000
27.000000
1815.000000
207.000000
963.000000
63.000000
604.000000
1459.000000
779.000000
672.000000
282.000000
392.000000
1986.000000
132.000000
256.000000
1314.000000
484.000000
2789.000000
670.000000
741.000000
80.000000
781.000000
173.000000
195.000000
1669.000000
449.000000
426.000000
866.000000
676.000000
3903.000000
159.000000
1093.000000
96.000000
433.000000
950.000000
249.000000
904.000000
739.000000
218.000000
159.000000
742.000000
840.000000
328.000000
420.000000
81.000000
271.000000
790.000000
302.000000
339.000000
28.000000
26.000000
2085.000000
123.000000
