3063.000000
768.000000
485.000000
322.000000
260.000000
12261.000000
3308.000000
331.000000
2960.000000
254.000000
383.000000
3370.000000
91.000000
185.000000
1955.000000
42.000000
261.000000
332.000000
384.000000
883.000000
1098.000000
920.000000
121.000000
1816.000000
82.000000
316.000000
1236.000000
583.000000
383.000000
172.000000
789.000000
1475.000000
704.000000
360.000000
191.000000
521.000000
1630.000000
462.000000
256.000000
246.000000
349.000000
68.000000
313.000000
243.000000
2991.000000
218.000000
968.000000
418.000000
666.000000
438.000000
304.000000
108.000000
1427.000000
359.000000
1075.000000
237.000000
229.000000
431.000000
1271.000000
749.000000
651.000000
2802.000000
141.000000
390.000000
128.000000
731.000000
323.000000
153.000000
2573.000000
100.000000
875.000000
1354.000000
1153.000000
558.000000
1663.000000
109.000000
535.000000
2648.000000
69.000000
467.000000
3612.000000
1183.000000
655.000000
2856.000000
833.000000
363.000000
114.000000
366.000000
5017.000000
1014.000000
420.000000
209.000000
485.000000
264.000000
216.000000
739.000000
341.000000
623.000000
1696.000000
545.000000
324.000000
259.000000
1310.000000
270.000000
851.000000
734.000000
856.000000
708.000000
2705.000000
507.000000
1163.000000
1780.000000
384.000000
593.000000
596.000000
487.000000
882.000000
77.000000
261.000000
529.000000
159.000000
222.000000
837.000000
248.000000
127.000000
171.000000
41.000000
95.000000
4465.000000
359.000000
159.000000
154.000000
885.000000
600.000000
237.000000
314.000000
113.000000
245.000000
42.000000
824.000000
285.000000
154.000000
116.000000
233.000000
388.000000
1161.000000
1143.000000
2083.000000
757.000000
391.000000
371.000000
1265.000000
69.000000
487.000000
202.000000
2116.000000
1066.000000
90.000000
101.000000
271.000000
550.000000
296.000000
788.000000
113.000000
635.000000
1496.000000
217.000000
530.000000
249.000000
1905.000000
760.000000
1151.000000
1771.000000
295.000000
766.000000
1480.000000
486.000000
4658.000000
511.000000
1759.000000
1956.000000
2672.000000
469.000000
234.000000
344.000000
154.000000
2184.000000
2058.000000
421.000000
437.000000
558.000000
192.000000
156.000000
1260.000000
1406.000000
198.000000
5959.000000
551.000000
3860.000000
1303.000000
452.000000
505.000000
1600.000000
245.000000
1558.000000
1891.000000
655.000000
339.000000
731.000000
462.000000
48.000000
1223.000000
626.000000
483.000000
384.000000
542.000000
89.000000
550.000000
161.000000
978.000000
396.000000
167.000000
959.000000
1798.000000
352.000000
764.000000
1533.000000
1224.000000
116.000000
487.000000
221.000000
838.000000
1804.000000
1351.000000
88.000000
224.000000
1600.000000
318.000000
1108.000000
136.000000
141.000000
325.000000
251.000000
2482.000000
171.000000
669.000000
579.000000
284.000000
141.000000
66.000000
584.000000
1154.000000
316.000000
455.000000
155.000000
411.000000
740.000000
621.000000
3015.000000
153.000000
45.000000
911.000000
704.000000
246.000000
652.000000
101.000000
701.000000
603.000000
278.000000
286.000000
1156.000000
1783.000000
1037.000000
521.000000
513.000000
542.000000
53.000000
1286.000000
465.000000
232.000000
1499.000000
99.000000
786.000000
739.000000
4106.000000
315.000000
623.000000
804.000000
578.000000
295.000000
367.000000
284.000000
152.000000
98.000000
49.000000
517.000000
533.000000
789.000000
467.000000
1323.000000
737.000000
183.000000
324.000000
490.000000
424.000000
572.000000
679.000000
196.000000
148.000000
209.000000
1501.000000
316.000000
171.000000
68.000000
94.000000
792.000000
1021.000000
668.000000
206.000000
201.000000
926.000000
398.000000
957.000000
328.000000
171.000000
465.000000
142.000000
397.000000
313.000000
291.000000
60.000000
4069.000000
411.000000
536.000000
500.000000
539.000000
574.000000
2199.000000
396.000000
905.000000
363.000000
223.000000
843.000000
741.000000
847.000000
301.000000
368.000000
85.000000
185.000000
561.000000
157.000000
101.000000
165.000000
212.000000
170.000000
1025.000000
818.000000
335.000000
137.000000
477.000000
171.000000
1021.000000
158.000000
641.000000
150.000000
898.000000
120.000000
163.000000
183.000000
459.000000
374.000000
438.000000
1568.000000
540.000000
292.000000
118.000000
346.000000
447.000000
258.000000
321.000000
322.000000
1062.000000
414.000000
518.000000
482.000000
108.000000
2525.000000
409.000000
218.000000
600.000000
416.000000
587.000000
659.000000
1530.000000
141.000000
452.000000
94.000000
675.000000
166.000000
105.000000
103.000000
1086.000000
497.000000
421.000000
1008.000000
1031.000000
125.000000
1346.000000
1072.000000
164.000000
1487.000000
363.000000
365.000000
55.000000
203.000000
375.000000
2172.000000
1048.000000
349.000000
362.000000
93.000000
179.000000
90.000000
146.000000
257.000000
179.000000
974.000000
290.000000
813.000000
1024.000000
755.000000
416.000000
161.000000
1039.000000
113.000000
170.000000
1406.000000
275.000000
139.000000
3095.000000
334.000000
406.000000
883.000000
5562.000000
778.000000
736.000000
290.000000
2840.000000
150.000000
315.000000
228.000000
655.000000
316.000000
201.000000
255.000000
740.000000
675.000000
277.000000
452.000000
1067.000000
624.000000
874.000000
359.000000
43.000000
127.000000
401.000000
455.000000
341.000000
565.000000
313.000000
698.000000
781.000000
722.000000
1362.000000
50.000000
53.000000
3208.000000
282.000000
175.000000
153.000000
908.000000
426.000000
1495.000000
77.000000
130.000000
332.000000
445.000000
317.000000
223.000000
91.000000
470.000000
1042.000000
155.000000
360.000000
183.000000
2029.000000
282.000000
536.000000
223.000000
251.000000
109.000000
1474.000000
58.000000
96.000000
1618.000000
750.000000
1342.000000
427.000000
174.000000
1147.000000
4491.000000
117.000000
145.000000
174.000000
258.000000
212.000000
569.000000
263.000000
489.000000
3685.000000
279.000000
316.000000
380.000000
122.000000
67.000000
358.000000
621.000000
397.000000
380.000000
1093.000000
82.000000
307.000000
688.000000
480.000000
398.000000
1355.000000
1813.000000
915.000000
411.000000
812.000000
242.000000
441.000000
105.000000
271.000000
737.000000
90.000000
213.000000
825.000000
152.000000
202.000000
1414.000000
997.000000
423.000000
758.000000
184.000000
1305.000000
1029.000000
274.000000
423.000000
1842.000000
27.000000
146.000000
453.000000
260.000000
574.000000
457.000000
1085.000000
512.000000
493.000000
204.000000
141.000000
320.000000
637.000000
1235.000000
1344.000000
68.000000
523.000000
57.000000
377.000000
1843.000000
1805.000000
8169.000000
155.000000
520.000000
163.000000
127.000000
608.000000
889.000000
237.000000
1849.000000
320.000000
415.000000
725.000000
2070.000000
675.000000
146.000000
743.000000
893.000000
279.000000
208.000000
1590.000000
829.000000
317.000000
1036.000000
84.000000
526.000000
53.000000
814.000000
1100.000000
428.000000
673.000000
761.000000
462.000000
256.000000
64.000000
656.000000
602.000000
522.000000
129.000000
1344.000000
411.000000
785.000000
522.000000
2907.000000
119.000000
634.000000
1822.000000
558.000000
306.000000
3468.000000
859.000000
138.000000
635.000000
603.000000
95.000000
503.000000
268.000000
646.000000
472.000000
631.000000
48.000000
3975.000000
614.000000
162.000000
453.000000
512.000000
1375.000000
539.000000
72.000000
539.000000
179.000000
392.000000
465.000000
674.000000
168.000000
565.000000
46.000000
268.000000
401.000000
290.000000
150.000000
419.000000
403.000000
249.000000
204.000000
59.000000
1627.000000
256.000000
87.000000
464.000000
211.000000
105.000000
88.000000
99.000000
1509.000000
3035.000000
676.000000
102.000000
616.000000
2616.000000
5943.000000
625.000000
1663.000000
530.000000
289.000000
151.000000
257.000000
453.000000
168.000000
503.000000
482.000000
190.000000
528.000000
187.000000
368.000000
1130.000000
87.000000
770.000000
1314.000000
610.000000
446.000000
997.000000
289.000000
677.000000
188.000000
320.000000
200.000000
2567.000000
274.000000
288.000000
2064.000000
380.000000
64.000000
350.000000
162.000000
481.000000
632.000000
138.000000
1427.000000
1041.000000
2804.000000
434.000000
369.000000
1085.000000
171.000000
642.000000
211.000000
58.000000
290.000000
108.000000
2836.000000
749.000000
532.000000
28.000000
3674.000000
777.000000
582.000000
409.000000
205.000000
1170.000000
147.000000
89.000000
749.000000
206.000000
1960.000000
280.000000
496.000000
217.000000
323.000000
207.000000
437.000000
514.000000
796.000000
2125.000000
115.000000
539.000000
94.000000
584.000000
280.000000
271.000000
331.000000
270.000000
379.000000
254.000000
487.000000
253.000000
983.000000
1323.000000
1033.000000
571.000000
65.000000
106.000000
330.000000
469.000000
396.000000
457.000000
121.000000
280.000000
80.000000
149.000000
163.000000
747.000000
657.000000
875.000000
474.000000
517.000000
386.000000
240.000000
1263.000000
155.000000
129.000000
26.000000
3264.000000
326.000000
1603.000000
199.000000
241.000000
216.000000
53.000000
572.000000
1197.000000
873.000000
624.000000
1121.000000
78.000000
162.000000
285.000000
103.000000
1957.000000
123.000000
40.000000
73.000000
1394.000000
135.000000
306.000000
226.000000
197.000000
477.000000
735.000000
122.000000
163.000000
407.000000
170.000000
623.000000
81.000000
183.000000
260.000000
1568.000000
178.000000
265.000000
161.000000
1407.000000
46.000000
404.000000
601.000000
309.000000
239.000000
133.000000
63.000000
409.000000
687.000000
225.000000
283.000000
42.000000
1080.000000
3491.000000
1010.000000
162.000000
58.000000
441.000000
310.000000
73.000000
95.000000
363.000000
147.000000
179.000000
178.000000
656.000000
178.000000
202.000000
78.000000
79.000000
85.000000
265.000000
794.000000
1002.000000
1128.000000
782.000000
396.000000
564.000000
71.000000
358.000000
41.000000
164.000000
115.000000
154.000000
257.000000
346.000000
43.000000
3755.000000
270.000000
1058.000000
320.000000
859.000000
306.000000
484.000000
832.000000
283.000000
1361.000000
348.000000
43.000000
1606.000000
805.000000
1112.000000
466.000000
361.000000
34.000000
1165.000000
3694.000000
453.000000
502.000000
138.000000
630.000000
241.000000
627.000000
1404.000000
1019.000000
100.000000
2844.000000
431.000000
245.000000
559.000000
182.000000
822.000000
846.000000
1684.000000
437.000000
328.000000
308.000000
308.000000
518.000000
304.000000
439.000000
702.000000
900.000000
319.000000
342.000000
173.000000
111.000000
159.000000
258.000000
451.000000
58.000000
493.000000
352.000000
153.000000
381.000000
65.000000
183.000000
167.000000
737.000000
589.000000
636.000000
2787.000000
628.000000
253.000000
854.000000
178.000000
726.000000
946.000000
329.000000
174.000000
1465.000000
409.000000
57.000000
548.000000
2070.000000
1118.000000
280.000000
122.000000
4632.000000
468.000000
869.000000
344.000000
269.000000
84.000000
49.000000
224.000000
884.000000
914.000000
231.000000
637.000000
242.000000
349.000000
559.000000
368.000000
79.000000
174.000000
159.000000
440.000000
373.000000
274.000000
2526.000000
112.000000
198.000000
3014.000000
438.000000
58.000000
106.000000
67.000000
455.000000
421.000000
272.000000
32.000000
953.000000
370.000000
396.000000
2651.000000
249.000000
969.000000
