38.000000
236.000000
137.000000
685.000000
1181.000000
249.000000
233.000000
1204.000000
152.000000
38.000000
397.000000
221.000000
950.000000
402.000000
114.000000
1070.000000
90.000000
961.000000
253.000000
415.000000
540.000000
92.000000
976.000000
593.000000
794.000000
185.000000
3097.000000
1223.000000
516.000000
157.000000
585.000000
626.000000
2771.000000
651.000000
843.000000
480.000000
191.000000
324.000000
279.000000
609.000000
219.000000
389.000000
256.000000
2319.000000
446.000000
607.000000
11074.000000
267.000000
1943.000000
114.000000
288.000000
470.000000
160.000000
498.000000
138.000000
344.000000
1001.000000
224.000000
1592.000000
673.000000
1685.000000
392.000000
429.000000
807.000000
167.000000
236.000000
1595.000000
595.000000
349.000000
226.000000
639.000000
226.000000
269.000000
170.000000
669.000000
315.000000
1958.000000
159.000000
359.000000
3292.000000
48.000000
296.000000
230.000000
1315.000000
356.000000
128.000000
314.000000
101.000000
154.000000
161.000000
56.000000
150.000000
208.000000
2352.000000
451.000000
264.000000
1228.000000
2256.000000
126.000000
687.000000
259.000000
313.000000
865.000000
1958.000000
424.000000
240.000000
748.000000
194.000000
1153.000000
315.000000
83.000000
716.000000
439.000000
798.000000
140.000000
205.000000
166.000000
99.000000
155.000000
439.000000
435.000000
271.000000
298.000000
143.000000
620.000000
190.000000
95.000000
1248.000000
268.000000
1052.000000
747.000000
2943.000000
738.000000
525.000000
350.000000
200.000000
264.000000
773.000000
174.000000
184.000000
371.000000
523.000000
1104.000000
115.000000
128.000000
224.000000
94.000000
204.000000
216.000000
514.000000
685.000000
662.000000
573.000000
466.000000
86.000000
353.000000
46.000000
91.000000
234.000000
545.000000
627.000000
122.000000
2402.000000
381.000000
185.000000
65.000000
64.000000
423.000000
434.000000
327.000000
414.000000
603.000000
484.000000
180.000000
222.000000
354.000000
145.000000
104.000000
325.000000
641.000000
357.000000
267.000000
449.000000
223.000000
394.000000
430.000000
83.000000
284.000000
345.000000
494.000000
204.000000
216.000000
110.000000
231.000000
181.000000
432.000000
135.000000
117.000000
38.000000
1322.000000
806.000000
297.000000
176.000000
312.000000
309.000000
307.000000
517.000000
244.000000
632.000000
770.000000
88.000000
1136.000000
247.000000
3928.000000
442.000000
92.000000
1772.000000
818.000000
454.000000
645.000000
1047.000000
539.000000
445.000000
281.000000
144.000000
31.000000
61.000000
926.000000
341.000000
2520.000000
1251.000000
681.000000
643.000000
526.000000
1127.000000
261.000000
132.000000
124.000000
621.000000
1224.000000
458.000000
535.000000
739.000000
56.000000
205.000000
811.000000
654.000000
242.000000
127.000000
512.000000
107.000000
45.000000
102.000000
281.000000
371.000000
339.000000
916.000000
1366.000000
380.000000
235.000000
59.000000
4194.000000
554.000000
620.000000
279.000000
478.000000
172.000000
58.000000
202.000000
344.000000
1063.000000
601.000000
182.000000
1767.000000
1680.000000
939.000000
229.000000
973.000000
633.000000
194.000000
462.000000
385.000000
55.000000
1397.000000
44.000000
57.000000
705.000000
437.000000
246.000000
564.000000
172.000000
312.000000
764.000000
532.000000
82.000000
1276.000000
400.000000
1290.000000
370.000000
373.000000
183.000000
655.000000
1523.000000
533.000000
646.000000
242.000000
169.000000
881.000000
205.000000
1937.000000
744.000000
128.000000
319.000000
115.000000
845.000000
210.000000
62.000000
291.000000
431.000000
320.000000
3143.000000
637.000000
633.000000
493.000000
382.000000
96.000000
1872.000000
422.000000
147.000000
303.000000
123.000000
195.000000
521.000000
3248.000000
1337.000000
30.000000
1489.000000
1243.000000
107.000000
82.000000
499.000000
837.000000
109.000000
1545.000000
461.000000
515.000000
434.000000
1838.000000
700.000000
2774.000000
1932.000000
227.000000
278.000000
142.000000
186.000000
333.000000
900.000000
317.000000
171.000000
514.000000
425.000000
497.000000
590.000000
620.000000
278.000000
100.000000
446.000000
352.000000
4844.000000
593.000000
264.000000
659.000000
594.000000
1529.000000
588.000000
335.000000
185.000000
179.000000
1288.000000
165.000000
375.000000
1755.000000
255.000000
776.000000
1016.000000
860.000000
189.000000
1305.000000
99.000000
125.000000
420.000000
396.000000
238.000000
546.000000
285.000000
2221.000000
785.000000
511.000000
148.000000
572.000000
854.000000
350.000000
646.000000
2099.000000
659.000000
282.000000
1199.000000
712.000000
413.000000
465.000000
78.000000
202.000000
125.000000
163.000000
238.000000
413.000000
778.000000
322.000000
195.000000
48.000000
399.000000
447.000000
1577.000000
424.000000
952.000000
171.000000
309.000000
792.000000
368.000000
4609.000000
347.000000
1381.000000
443.000000
507.000000
143.000000
451.000000
1013.000000
336.000000
1613.000000
104.000000
1326.000000
329.000000
1820.000000
74.000000
4931.000000
142.000000
455.000000
1035.000000
381.000000
309.000000
4077.000000
934.000000
245.000000
1208.000000
748.000000
176.000000
837.000000
298.000000
590.000000
90.000000
244.000000
61.000000
2513.000000
454.000000
586.000000
195.000000
262.000000
63.000000
1547.000000
2090.000000
764.000000
1314.000000
202.000000
343.000000
83.000000
466.000000
138.000000
231.000000
431.000000
455.000000
190.000000
246.000000
116.000000
178.000000
1066.000000
663.000000
626.000000
272.000000
1240.000000
45.000000
329.000000
328.000000
1295.000000
936.000000
440.000000
134.000000
395.000000
633.000000
369.000000
1696.000000
50.000000
467.000000
106.000000
73.000000
82.000000
273.000000
3400.000000
157.000000
286.000000
113.000000
585.000000
2353.000000
214.000000
1867.000000
99.000000
195.000000
949.000000
482.000000
61.000000
329.000000
73.000000
507.000000
282.000000
130.000000
190.000000
240.000000
223.000000
322.000000
797.000000
256.000000
103.000000
461.000000
400.000000
128.000000
128.000000
396.000000
284.000000
514.000000
71.000000
429.000000
552.000000
88.000000
267.000000
384.000000
500.000000
796.000000
928.000000
434.000000
997.000000
140.000000
648.000000
778.000000
1128.000000
302.000000
1505.000000
572.000000
185.000000
248.000000
93.000000
1176.000000
359.000000
239.000000
510.000000
289.000000
1449.000000
418.000000
591.000000
1736.000000
368.000000
773.000000
900.000000
236.000000
426.000000
378.000000
652.000000
1825.000000
271.000000
312.000000
563.000000
216.000000
77.000000
1201.000000
451.000000
1400.000000
472.000000
212.000000
3786.000000
392.000000
446.000000
177.000000
1331.000000
494.000000
121.000000
738.000000
104.000000
396.000000
547.000000
189.000000
491.000000
474.000000
920.000000
255.000000
278.000000
617.000000
162.000000
239.000000
367.000000
480.000000
263.000000
148.000000
824.000000
73.000000
612.000000
1309.000000
1198.000000
1393.000000
473.000000
272.000000
77.000000
179.000000
5757.000000
611.000000
1309.000000
407.000000
371.000000
149.000000
304.000000
280.000000
175.000000
347.000000
534.000000
341.000000
859.000000
270.000000
1280.000000
1437.000000
188.000000
314.000000
1201.000000
458.000000
104.000000
827.000000
2075.000000
514.000000
1015.000000
106.000000
379.000000
812.000000
130.000000
299.000000
77.000000
418.000000
2378.000000
106.000000
180.000000
368.000000
295.000000
985.000000
253.000000
289.000000
1181.000000
758.000000
797.000000
939.000000
182.000000
820.000000
190.000000
254.000000
127.000000
346.000000
422.000000
405.000000
1294.000000
142.000000
142.000000
59.000000
571.000000
902.000000
258.000000
180.000000
529.000000
310.000000
582.000000
381.000000
2493.000000
1976.000000
154.000000
1527.000000
627.000000
237.000000
487.000000
93.000000
209.000000
450.000000
378.000000
1677.000000
582.000000
62.000000
365.000000
976.000000
163.000000
236.000000
1064.000000
313.000000
913.000000
402.000000
707.000000
106.000000
228.000000
155.000000
651.000000
91.000000
328.000000
601.000000
363.000000
368.000000
419.000000
392.000000
324.000000
2637.000000
234.000000
602.000000
61.000000
228.000000
194.000000
562.000000
430.000000
431.000000
948.000000
155.000000
1242.000000
184.000000
1437.000000
380.000000
750.000000
288.000000
160.000000
2176.000000
177.000000
542.000000
463.000000
125.000000
40.000000
1592.000000
159.000000
149.000000
423.000000
364.000000
323.000000
174.000000
974.000000
633.000000
79.000000
1766.000000
573.000000
194.000000
120.000000
532.000000
214.000000
660.000000
464.000000
546.000000
2858.000000
52.000000
145.000000
2550.000000
480.000000
249.000000
2896.000000
363.000000
147.000000
417.000000
98.000000
226.000000
288.000000
381.000000
220.000000
503.000000
3397.000000
3200.000000
1131.000000
261.000000
5762.000000
504.000000
488.000000
214.000000
410.000000
52.000000
193.000000
454.000000
943.000000
384.000000
176.000000
40.000000
918.000000
489.000000
1627.000000
202.000000
768.000000
391.000000
329.000000
424.000000
3238.000000
1492.000000
596.000000
888.000000
551.000000
4420.000000
450.000000
100.000000
253.000000
630.000000
126.000000
382.000000
277.000000
426.000000
502.000000
485.000000
104.000000
833.000000
467.000000
471.000000
428.000000
2247.000000
78.000000
1563.000000
241.000000
45.000000
1493.000000
1176.000000
752.000000
1085.000000
448.000000
187.000000
198.000000
577.000000
116.000000
358.000000
256.000000
260.000000
586.000000
281.000000
667.000000
1004.000000
61.000000
201.000000
451.000000
853.000000
409.000000
300.000000
79.000000
91.000000
424.000000
178.000000
827.000000
190.000000
376.000000
555.000000
932.000000
285.000000
142.000000
277.000000
688.000000
1391.000000
78.000000
97.000000
88.000000
67.000000
3293.000000
2753.000000
1003.000000
1331.000000
1550.000000
1174.000000
1181.000000
718.000000
517.000000
853.000000
999.000000
522.000000
526.000000
214.000000
486.000000
429.000000
319.000000
43.000000
102.000000
527.000000
243.000000
182.000000
137.000000
219.000000
377.000000
880.000000
634.000000
1594.000000
155.000000
1609.000000
2206.000000
2085.000000
437.000000
1808.000000
242.000000
3469.000000
2406.000000
293.000000
263.000000
1103.000000
677.000000
355.000000
132.000000
146.000000
571.000000
815.000000
154.000000
551.000000
853.000000
474.000000
361.000000
273.000000
89.000000
1799.000000
907.000000
442.000000
1137.000000
426.000000
163.000000
1249.000000
199.000000
1031.000000
85.000000
190.000000
614.000000
62.000000
200.000000
63.000000
490.000000
463.000000
223.000000
774.000000
285.000000
766.000000
201.000000
431.000000
277.000000
582.000000
720.000000
107.000000
101.000000
291.000000
545.000000
149.000000
237.000000
477.000000
292.000000
280.000000
733.000000
2028.000000
204.000000
245.000000
303.000000
1379.000000
508.000000
445.000000
269.000000
531.000000
941.000000
460.000000
676.000000
185.000000
1190.000000
235.000000
69.000000
798.000000
170.000000
546.000000
603.000000
292.000000
429.000000
728.000000
192.000000
4109.000000
489.000000
649.000000
469.000000
123.000000
364.000000
109.000000
111.000000
149.000000
730.000000
1479.000000
55.000000
482.000000
424.000000
256.000000
454.000000
256.000000
1058.000000
1434.000000
