322.000000
600.000000
42.000000
1023.000000
239.000000
1166.000000
562.000000
286.000000
529.000000
447.000000
436.000000
360.000000
459.000000
3042.000000
222.000000
643.000000
169.000000
2278.000000
684.000000
1056.000000
459.000000
301.000000
383.000000
327.000000
119.000000
479.000000
461.000000
910.000000
545.000000
716.000000
1114.000000
615.000000
188.000000
232.000000
439.000000
185.000000
174.000000
761.000000
178.000000
524.000000
2753.000000
434.000000
3085.000000
136.000000
1537.000000
1168.000000
1069.000000
265.000000
339.000000
1101.000000
273.000000
706.000000
839.000000
274.000000
2138.000000
722.000000
491.000000
706.000000
131.000000
129.000000
751.000000
911.000000
316.000000
613.000000
1920.000000
831.000000
388.000000
413.000000
182.000000
1223.000000
49.000000
156.000000
737.000000
765.000000
1426.000000
727.000000
284.000000
111.000000
88.000000
416.000000
145.000000
1324.000000
1830.000000
171.000000
1015.000000
50.000000
219.000000
285.000000
380.000000
324.000000
283.000000
467.000000
103.000000
637.000000
100.000000
317.000000
180.000000
299.000000
116.000000
484.000000
985.000000
80.000000
129.000000
568.000000
529.000000
259.000000
9510.000000
101.000000
190.000000
228.000000
452.000000
336.000000
1132.000000
124.000000
252.000000
227.000000
45.000000
2694.000000
108.000000
1028.000000
115.000000
423.000000
21.000000
148.000000
117.000000
78.000000
102.000000
541.000000
866.000000
1027.000000
308.000000
1172.000000
461.000000
1168.000000
418.000000
838.000000
1367.000000
326.000000
5257.000000
465.000000
5021.000000
716.000000
237.000000
968.000000
1077.000000
868.000000
312.000000
230.000000
492.000000
170.000000
876.000000
593.000000
1244.000000
5455.000000
895.000000
458.000000
113.000000
2991.000000
1035.000000
362.000000
930.000000
212.000000
1024.000000
162.000000
58.000000
223.000000
348.000000
838.000000
183.000000
413.000000
369.000000
213.000000
175.000000
200.000000
1235.000000
478.000000
655.000000
941.000000
222.000000
1506.000000
680.000000
418.000000
240.000000
53.000000
242.000000
392.000000
44.000000
737.000000
178.000000
205.000000
951.000000
185.000000
534.000000
191.000000
1335.000000
518.000000
931.000000
751.000000
243.000000
722.000000
104.000000
278.000000
827.000000
475.000000
1041.000000
641.000000
677.000000
817.000000
635.000000
533.000000
77.000000
134.000000
161.000000
552.000000
621.000000
478.000000
1307.000000
10149.000000
818.000000
172.000000
269.000000
1348.000000
4339.000000
470.000000
2130.000000
615.000000
253.000000
620.000000
516.000000
759.000000
751.000000
375.000000
562.000000
909.000000
48.000000
770.000000
132.000000
468.000000
464.000000
1330.000000
986.000000
517.000000
162.000000
320.000000
498.000000
900.000000
859.000000
395.000000
1447.000000
609.000000
889.000000
157.000000
137.000000
1678.000000
1092.000000
1048.000000
778.000000
316.000000
854.000000
330.000000
138.000000
380.000000
568.000000
280.000000
2096.000000
640.000000
270.000000
89.000000
229.000000
394.000000
1889.000000
198.000000
1083.000000
1034.000000
775.000000
1970.000000
97.000000
745.000000
162.000000
1349.000000
128.000000
341.000000
456.000000
133.000000
228.000000
481.000000
290.000000
2070.000000
507.000000
374.000000
348.000000
480.000000
1140.000000
222.000000
750.000000
207.000000
250.000000
2193.000000
1474.000000
153.000000
55.000000
101.000000
496.000000
450.000000
214.000000
23.000000
89.000000
172.000000
726.000000
152.000000
1143.000000
60.000000
852.000000
265.000000
1487.000000
1323.000000
1332.000000
924.000000
789.000000
333.000000
34.000000
192.000000
202.000000
355.000000
2182.000000
145.000000
83.000000
326.000000
345.000000
787.000000
453.000000
280.000000
708.000000
1251.000000
312.000000
112.000000
304.000000
269.000000
593.000000
326.000000
2596.000000
355.000000
660.000000
778.000000
325.000000
42.000000
63.000000
543.000000
1388.000000
182.000000
53.000000
147.000000
651.000000
191.000000
185.000000
519.000000
679.000000
893.000000
489.000000
99.000000
461.000000
99.000000
571.000000
48.000000
156.000000
407.000000
433.000000
1003.000000
96.000000
1437.000000
732.000000
296.000000
1204.000000
137.000000
139.000000
374.000000
162.000000
307.000000
421.000000
136.000000
2111.000000
348.000000
245.000000
278.000000
326.000000
1558.000000
112.000000
587.000000
537.000000
175.000000
282.000000
208.000000
1104.000000
229.000000
2405.000000
3646.000000
146.000000
746.000000
2226.000000
1902.000000
366.000000
964.000000
374.000000
538.000000
64.000000
387.000000
542.000000
844.000000
416.000000
285.000000
145.000000
172.000000
768.000000
520.000000
688.000000
166.000000
83.000000
991.000000
322.000000
170.000000
310.000000
2080.000000
940.000000
1718.000000
470.000000
246.000000
368.000000
247.000000
132.000000
377.000000
268.000000
325.000000
809.000000
159.000000
373.000000
358.000000
3249.000000
275.000000
524.000000
225.000000
258.000000
79.000000
268.000000
366.000000
102.000000
367.000000
91.000000
542.000000
761.000000
638.000000
114.000000
172.000000
205.000000
179.000000
134.000000
673.000000
264.000000
1323.000000
410.000000
555.000000
979.000000
1293.000000
235.000000
1772.000000
319.000000
117.000000
542.000000
1228.000000
716.000000
492.000000
1403.000000
100.000000
139.000000
1134.000000
537.000000
699.000000
75.000000
221.000000
944.000000
398.000000
145.000000
552.000000
178.000000
138.000000
622.000000
294.000000
188.000000
436.000000
316.000000
1334.000000
814.000000
1260.000000
3346.000000
110.000000
1261.000000
102.000000
119.000000
216.000000
174.000000
164.000000
167.000000
82.000000
308.000000
1833.000000
386.000000
62.000000
421.000000
223.000000
162.000000
72.000000
62.000000
343.000000
921.000000
228.000000
713.000000
234.000000
766.000000
382.000000
138.000000
2815.000000
452.000000
724.000000
283.000000
3930.000000
1127.000000
403.000000
122.000000
78.000000
162.000000
182.000000
286.000000
615.000000
535.000000
38.000000
173.000000
435.000000
87.000000
204.000000
3898.000000
322.000000
527.000000
239.000000
276.000000
673.000000
352.000000
73.000000
1700.000000
387.000000
707.000000
250.000000
325.000000
460.000000
1188.000000
98.000000
1084.000000
77.000000
246.000000
263.000000
772.000000
1468.000000
266.000000
240.000000
663.000000
200.000000
809.000000
186.000000
190.000000
47.000000
1797.000000
326.000000
369.000000
217.000000
121.000000
135.000000
511.000000
528.000000
533.000000
359.000000
270.000000
334.000000
676.000000
1679.000000
372.000000
570.000000
234.000000
1445.000000
199.000000
616.000000
501.000000
263.000000
260.000000
240.000000
17.000000
69.000000
897.000000
355.000000
1282.000000
257.000000
73.000000
603.000000
229.000000
1689.000000
338.000000
1090.000000
233.000000
616.000000
294.000000
604.000000
924.000000
342.000000
507.000000
1018.000000
662.000000
86.000000
1368.000000
381.000000
173.000000
455.000000
348.000000
2093.000000
559.000000
951.000000
260.000000
71.000000
925.000000
652.000000
711.000000
211.000000
662.000000
864.000000
949.000000
47.000000
808.000000
941.000000
917.000000
284.000000
538.000000
473.000000
492.000000
712.000000
339.000000
436.000000
365.000000
529.000000
564.000000
1944.000000
273.000000
1204.000000
211.000000
664.000000
188.000000
2493.000000
306.000000
1261.000000
619.000000
932.000000
524.000000
387.000000
235.000000
451.000000
1839.000000
2750.000000
171.000000
130.000000
192.000000
976.000000
1044.000000
1349.000000
934.000000
171.000000
502.000000
606.000000
55.000000
50.000000
201.000000
697.000000
11800.000000
706.000000
407.000000
586.000000
400.000000
195.000000
484.000000
739.000000
11.000000
1951.000000
367.000000
800.000000
311.000000
42.000000
1709.000000
1016.000000
178.000000
816.000000
678.000000
526.000000
728.000000
1320.000000
87.000000
134.000000
647.000000
378.000000
89.000000
106.000000
244.000000
739.000000
218.000000
1104.000000
1117.000000
636.000000
39.000000
261.000000
283.000000
590.000000
809.000000
369.000000
181.000000
1673.000000
210.000000
861.000000
290.000000
586.000000
126.000000
370.000000
673.000000
285.000000
2775.000000
1296.000000
798.000000
100.000000
430.000000
261.000000
428.000000
655.000000
292.000000
523.000000
1267.000000
382.000000
1455.000000
423.000000
119.000000
2953.000000
198.000000
255.000000
700.000000
233.000000
856.000000
683.000000
262.000000
1343.000000
152.000000
672.000000
296.000000
237.000000
780.000000
672.000000
428.000000
436.000000
53.000000
138.000000
1568.000000
60.000000
858.000000
717.000000
70.000000
165.000000
338.000000
696.000000
179.000000
372.000000
452.000000
771.000000
300.000000
92.000000
1657.000000
1123.000000
239.000000
1007.000000
167.000000
1410.000000
536.000000
238.000000
592.000000
287.000000
2352.000000
843.000000
924.000000
241.000000
317.000000
917.000000
672.000000
715.000000
93.000000
800.000000
394.000000
224.000000
70.000000
210.000000
1759.000000
1102.000000
184.000000
406.000000
252.000000
73.000000
862.000000
1138.000000
257.000000
104.000000
95.000000
274.000000
329.000000
437.000000
135.000000
1159.000000
3301.000000
304.000000
827.000000
3020.000000
61.000000
643.000000
1256.000000
1464.000000
102.000000
447.000000
56.000000
738.000000
147.000000
223.000000
69.000000
829.000000
444.000000
431.000000
28.000000
630.000000
763.000000
586.000000
83.000000
728.000000
442.000000
140.000000
308.000000
389.000000
1293.000000
521.000000
2478.000000
67.000000
1220.000000
790.000000
1207.000000
529.000000
524.000000
513.000000
1274.000000
150.000000
189.000000
209.000000
66.000000
684.000000
611.000000
406.000000
550.000000
161.000000
148.000000
867.000000
17.000000
4278.000000
222.000000
1544.000000
102.000000
73.000000
2779.000000
613.000000
336.000000
1119.000000
157.000000
694.000000
775.000000
130.000000
68.000000
518.000000
740.000000
680.000000
2085.000000
98.000000
1180.000000
1092.000000
66.000000
2499.000000
185.000000
1591.000000
74.000000
180.000000
484.000000
117.000000
1220.000000
550.000000
1277.000000
250.000000
395.000000
312.000000
251.000000
154.000000
566.000000
483.000000
441.000000
802.000000
175.000000
1532.000000
285.000000
769.000000
164.000000
158.000000
60.000000
283.000000
416.000000
1998.000000
99.000000
234.000000
204.000000
603.000000
365.000000
3577.000000
269.000000
127.000000
61.000000
108.000000
160.000000
47.000000
781.000000
357.000000
648.000000
103.000000
271.000000
141.000000
443.000000
297.000000
513.000000
372.000000
223.000000
534.000000
3505.000000
1532.000000
206.000000
416.000000
296.000000
1109.000000
154.000000
406.000000
689.000000
279.000000
273.000000
477.000000
386.000000
330.000000
1248.000000
904.000000
396.000000
807.000000
2297.000000
2434.000000
135.000000
553.000000
3362.000000
331.000000
276.000000
661.000000
1246.000000
530.000000
74.000000
4095.000000
712.000000
52.000000
254.000000
573.000000
513.000000
351.000000
249.000000
60.000000
655.000000
85.000000
638.000000
110.000000
57.000000
1125.000000
1232.000000
645.000000
340.000000
236.000000
440.000000
197.000000
202.000000
139.000000
759.000000
143.000000
408.000000
534.000000
485.000000
66.000000
168.000000
159.000000
