314.000000
42.000000
397.000000
550.000000
226.000000
250.000000
789.000000
287.000000
1052.000000
3686.000000
48.000000
2484.000000
624.000000
151.000000
1501.000000
467.000000
276.000000
434.000000
270.000000
846.000000
270.000000
492.000000
605.000000
803.000000
95.000000
444.000000
1651.000000
5449.000000
149.000000
229.000000
53.000000
746.000000
764.000000
549.000000
321.000000
592.000000
156.000000
2052.000000
532.000000
299.000000
131.000000
764.000000
949.000000
134.000000
1035.000000
708.000000
408.000000
1942.000000
310.000000
717.000000
309.000000
292.000000
861.000000
357.000000
634.000000
257.000000
1299.000000
2466.000000
719.000000
556.000000
1509.000000
83.000000
260.000000
383.000000
527.000000
809.000000
1023.000000
349.000000
209.000000
256.000000
137.000000
391.000000
279.000000
129.000000
782.000000
144.000000
262.000000
662.000000
164.000000
425.000000
560.000000
215.000000
132.000000
454.000000
352.000000
377.000000
470.000000
547.000000
681.000000
353.000000
1383.000000
238.000000
2661.000000
433.000000
613.000000
820.000000
608.000000
239.000000
390.000000
475.000000
653.000000
236.000000
578.000000
669.000000
278.000000
5242.000000
219.000000
1041.000000
250.000000
337.000000
456.000000
177.000000
247.000000
2262.000000
659.000000
362.000000
102.000000
320.000000
373.000000
96.000000
93.000000
41.000000
733.000000
1174.000000
407.000000
4465.000000
1194.000000
206.000000
353.000000
933.000000
680.000000
862.000000
266.000000
1921.000000
268.000000
240.000000
405.000000
300.000000
1579.000000
488.000000
422.000000
1072.000000
483.000000
891.000000
98.000000
1751.000000
179.000000
79.000000
248.000000
332.000000
387.000000
328.000000
54.000000
110.000000
1174.000000
306.000000
1854.000000
206.000000
278.000000
437.000000
28.000000
1229.000000
515.000000
1969.000000
296.000000
650.000000
498.000000
251.000000
114.000000
183.000000
3008.000000
100.000000
1150.000000
905.000000
1111.000000
899.000000
52.000000
93.000000
381.000000
354.000000
406.000000
79.000000
1363.000000
69.000000
179.000000
327.000000
292.000000
957.000000
1067.000000
747.000000
149.000000
119.000000
275.000000
2252.000000
436.000000
96.000000
355.000000
176.000000
246.000000
3879.000000
457.000000
285.000000
348.000000
388.000000
462.000000
1012.000000
125.000000
192.000000
1690.000000
592.000000
547.000000
660.000000
143.000000
421.000000
991.000000
113.000000
4230.000000
370.000000
1266.000000
2784.000000
215.000000
974.000000
335.000000
295.000000
280.000000
694.000000
1031.000000
2062.000000
187.000000
2331.000000
667.000000
93.000000
1230.000000
240.000000
3516.000000
501.000000
193.000000
748.000000
561.000000
94.000000
383.000000
697.000000
441.000000
172.000000
356.000000
175.000000
304.000000
247.000000
350.000000
708.000000
334.000000
409.000000
457.000000
108.000000
246.000000
818.000000
80.000000
125.000000
551.000000
1144.000000
52.000000
608.000000
471.000000
120.000000
200.000000
223.000000
67.000000
243.000000
156.000000
953.000000
1128.000000
311.000000
249.000000
141.000000
517.000000
297.000000
925.000000
2068.000000
490.000000
128.000000
337.000000
160.000000
513.000000
318.000000
218.000000
752.000000
1387.000000
295.000000
1989.000000
1199.000000
946.000000
432.000000
180.000000
1371.000000
583.000000
168.000000
1482.000000
435.000000
293.000000
452.000000
143.000000
190.000000
44.000000
434.000000
133.000000
168.000000
515.000000
1179.000000
88.000000
392.000000
70.000000
475.000000
78.000000
699.000000
73.000000
2480.000000
749.000000
1240.000000
175.000000
213.000000
989.000000
1620.000000
304.000000
206.000000
1101.000000
1551.000000
265.000000
353.000000
451.000000
1073.000000
107.000000
691.000000
641.000000
347.000000
2125.000000
443.000000
184.000000
295.000000
2158.000000
350.000000
1236.000000
252.000000
293.000000
258.000000
267.000000
1017.000000
234.000000
1568.000000
263.000000
403.000000
452.000000
358.000000
100.000000
649.000000
168.000000
82.000000
1515.000000
887.000000
1953.000000
175.000000
398.000000
103.000000
465.000000
278.000000
183.000000
351.000000
57.000000
571.000000
123.000000
352.000000
123.000000
637.000000
158.000000
247.000000
74.000000
877.000000
79.000000
70.000000
701.000000
1780.000000
336.000000
53.000000
377.000000
499.000000
280.000000
315.000000
318.000000
1500.000000
73.000000
522.000000
230.000000
142.000000
1398.000000
1162.000000
2674.000000
821.000000
534.000000
334.000000
1334.000000
198.000000
1805.000000
166.000000
1282.000000
792.000000
294.000000
189.000000
600.000000
1086.000000
688.000000
114.000000
803.000000
403.000000
94.000000
543.000000
2188.000000
61.000000
238.000000
1011.000000
1498.000000
267.000000
181.000000
199.000000
173.000000
323.000000
353.000000
757.000000
567.000000
405.000000
555.000000
817.000000
540.000000
230.000000
1195.000000
148.000000
1231.000000
1993.000000
794.000000
251.000000
281.000000
379.000000
286.000000
220.000000
765.000000
70.000000
756.000000
327.000000
561.000000
562.000000
134.000000
847.000000
855.000000
204.000000
231.000000
460.000000
107.000000
737.000000
1047.000000
2010.000000
366.000000
568.000000
1882.000000
97.000000
2348.000000
85.000000
210.000000
323.000000
15553.000000
252.000000
953.000000
485.000000
376.000000
107.000000
155.000000
584.000000
336.000000
442.000000
1268.000000
1018.000000
365.000000
359.000000
310.000000
241.000000
402.000000
2307.000000
82.000000
179.000000
235.000000
668.000000
160.000000
5667.000000
892.000000
2340.000000
133.000000
338.000000
148.000000
826.000000
809.000000
169.000000
435.000000
1199.000000
677.000000
952.000000
167.000000
3531.000000
216.000000
314.000000
203.000000
2769.000000
791.000000
108.000000
212.000000
499.000000
1099.000000
544.000000
582.000000
310.000000
2863.000000
274.000000
270.000000
315.000000
802.000000
763.000000
559.000000
592.000000
258.000000
267.000000
782.000000
2100.000000
500.000000
345.000000
212.000000
473.000000
305.000000
143.000000
431.000000
1077.000000
176.000000
764.000000
296.000000
1029.000000
465.000000
508.000000
193.000000
67.000000
929.000000
234.000000
230.000000
263.000000
547.000000
1113.000000
1701.000000
699.000000
220.000000
183.000000
1328.000000
203.000000
341.000000
62.000000
427.000000
85.000000
138.000000
805.000000
376.000000
828.000000
402.000000
579.000000
173.000000
72.000000
96.000000
279.000000
1258.000000
1198.000000
179.000000
324.000000
98.000000
483.000000
206.000000
331.000000
867.000000
148.000000
68.000000
831.000000
1879.000000
2297.000000
534.000000
1758.000000
395.000000
1772.000000
672.000000
758.000000
477.000000
572.000000
1600.000000
422.000000
369.000000
1209.000000
75.000000
1488.000000
220.000000
570.000000
322.000000
331.000000
164.000000
74.000000
202.000000
293.000000
205.000000
524.000000
234.000000
233.000000
1118.000000
1813.000000
556.000000
155.000000
120.000000
258.000000
886.000000
376.000000
833.000000
75.000000
400.000000
323.000000
537.000000
392.000000
178.000000
25.000000
404.000000
670.000000
2471.000000
136.000000
144.000000
381.000000
51.000000
196.000000
161.000000
1012.000000
1399.000000
552.000000
445.000000
145.000000
1488.000000
507.000000
280.000000
519.000000
182.000000
72.000000
1022.000000
635.000000
393.000000
440.000000
1422.000000
413.000000
86.000000
79.000000
151.000000
91.000000
662.000000
213.000000
134.000000
47.000000
998.000000
283.000000
1107.000000
116.000000
145.000000
244.000000
289.000000
550.000000
1196.000000
180.000000
144.000000
299.000000
272.000000
42.000000
544.000000
855.000000
510.000000
2074.000000
473.000000
450.000000
50.000000
568.000000
198.000000
963.000000
617.000000
564.000000
1491.000000
108.000000
121.000000
338.000000
155.000000
242.000000
471.000000
398.000000
931.000000
114.000000
177.000000
493.000000
270.000000
183.000000
700.000000
56.000000
2579.000000
801.000000
2161.000000
271.000000
177.000000
1526.000000
1081.000000
349.000000
220.000000
83.000000
651.000000
530.000000
552.000000
1452.000000
342.000000
474.000000
165.000000
377.000000
101.000000
866.000000
3650.000000
2655.000000
781.000000
86.000000
1213.000000
651.000000
1075.000000
875.000000
913.000000
4473.000000
420.000000
1626.000000
1140.000000
1023.000000
427.000000
891.000000
493.000000
510.000000
291.000000
447.000000
443.000000
94.000000
845.000000
876.000000
102.000000
1613.000000
465.000000
516.000000
292.000000
804.000000
180.000000
398.000000
1029.000000
396.000000
1552.000000
270.000000
176.000000
247.000000
193.000000
402.000000
202.000000
160.000000
653.000000
2118.000000
334.000000
1175.000000
144.000000
544.000000
332.000000
784.000000
501.000000
192.000000
233.000000
624.000000
34.000000
152.000000
303.000000
193.000000
77.000000
1784.000000
209.000000
326.000000
704.000000
734.000000
1462.000000
52.000000
698.000000
205.000000
378.000000
85.000000
376.000000
2913.000000
101.000000
106.000000
756.000000
178.000000
1038.000000
412.000000
80.000000
3642.000000
391.000000
46.000000
268.000000
528.000000
619.000000
2887.000000
499.000000
422.000000
188.000000
28.000000
93.000000
89.000000
5644.000000
152.000000
629.000000
195.000000
211.000000
848.000000
2259.000000
532.000000
49.000000
46.000000
372.000000
1709.000000
324.000000
396.000000
224.000000
912.000000
1006.000000
930.000000
126.000000
285.000000
1251.000000
223.000000
295.000000
251.000000
170.000000
327.000000
450.000000
343.000000
597.000000
969.000000
253.000000
143.000000
92.000000
310.000000
1141.000000
809.000000
282.000000
462.000000
1259.000000
404.000000
1570.000000
658.000000
374.000000
193.000000
157.000000
996.000000
889.000000
295.000000
31.000000
412.000000
143.000000
1472.000000
951.000000
115.000000
1118.000000
558.000000
870.000000
195.000000
508.000000
304.000000
146.000000
278.000000
829.000000
179.000000
203.000000
252.000000
152.000000
137.000000
218.000000
89.000000
682.000000
823.000000
266.000000
101.000000
174.000000
365.000000
744.000000
1195.000000
2218.000000
198.000000
626.000000
471.000000
478.000000
196.000000
128.000000
7661.000000
213.000000
207.000000
123.000000
87.000000
962.000000
1508.000000
450.000000
122.000000
554.000000
292.000000
355.000000
46.000000
2128.000000
317.000000
6719.000000
1235.000000
254.000000
67.000000
874.000000
138.000000
566.000000
776.000000
1656.000000
230.000000
927.000000
284.000000
237.000000
696.000000
331.000000
651.000000
523.000000
1114.000000
446.000000
515.000000
2247.000000
423.000000
3078.000000
201.000000
957.000000
140.000000
488.000000
400.000000
1285.000000
126.000000
263.000000
815.000000
511.000000
63.000000
276.000000
37.000000
634.000000
263.000000
291.000000
358.000000
926.000000
524.000000
928.000000
489.000000
825.000000
658.000000
790.000000
1860.000000
254.000000
307.000000
70.000000
253.000000
156.000000
408.000000
679.000000
532.000000
1178.000000
519.000000
438.000000
562.000000
732.000000
957.000000
206.000000
510.000000
434.000000
228.000000
555.000000
832.000000
454.000000
260.000000
198.000000
152.000000
725.000000
1732.000000
244.000000
2083.000000
865.000000
825.000000
1025.000000
817.000000
190.000000
136.000000
360.000000
15.000000
881.000000
227.000000
