213.000000
444.000000
839.000000
1147.000000
168.000000
125.000000
74.000000
123.000000
118.000000
229.000000
114.000000
265.000000
1508.000000
107.000000
841.000000
174.000000
186.000000
424.000000
350.000000
298.000000
683.000000
450.000000
468.000000
1057.000000
333.000000
146.000000
5522.000000
812.000000
33.000000
336.000000
454.000000
198.000000
220.000000
591.000000
387.000000
477.000000
351.000000
147.000000
244.000000
236.000000
146.000000
436.000000
268.000000
1116.000000
255.000000
146.000000
201.000000
317.000000
248.000000
370.000000
202.000000
183.000000
295.000000
283.000000
260.000000
736.000000
538.000000
164.000000
142.000000
571.000000
206.000000
200.000000
305.000000
140.000000
45.000000
323.000000
959.000000
467.000000
96.000000
208.000000
1570.000000
355.000000
435.000000
543.000000
25.000000
431.000000
1059.000000
575.000000
255.000000
79.000000
421.000000
560.000000
183.000000
48.000000
243.000000
304.000000
421.000000
111.000000
500.000000
832.000000
605.000000
155.000000
733.000000
251.000000
1705.000000
209.000000
2223.000000
230.000000
553.000000
1536.000000
370.000000
1076.000000
197.000000
685.000000
1416.000000
157.000000
184.000000
505.000000
1066.000000
513.000000
381.000000
1833.000000
393.000000
302.000000
967.000000
469.000000
1835.000000
423.000000
32.000000
397.000000
459.000000
782.000000
77.000000
1509.000000
361.000000
255.000000
124.000000
324.000000
169.000000
1070.000000
201.000000
712.000000
1115.000000
525.000000
316.000000
171.000000
228.000000
261.000000
652.000000
393.000000
287.000000
335.000000
198.000000
72.000000
404.000000
3165.000000
158.000000
402.000000
346.000000
82.000000
119.000000
552.000000
78.000000
25.000000
944.000000
273.000000
406.000000
73.000000
353.000000
281.000000
1164.000000
312.000000
67.000000
358.000000
1396.000000
643.000000
379.000000
217.000000
344.000000
559.000000
440.000000
511.000000
351.000000
129.000000
908.000000
961.000000
1272.000000
397.000000
3182.000000
97.000000
492.000000
182.000000
810.000000
520.000000
523.000000
276.000000
891.000000
61.000000
912.000000
571.000000
1149.000000
1454.000000
211.000000
828.000000
535.000000
306.000000
2403.000000
495.000000
418.000000
30.000000
1669.000000
205.000000
471.000000
589.000000
286.000000
326.000000
678.000000
712.000000
635.000000
2091.000000
452.000000
166.000000
711.000000
143.000000
808.000000
702.000000
229.000000
384.000000
363.000000
54.000000
38.000000
126.000000
171.000000
1146.000000
778.000000
125.000000
114.000000
115.000000
277.000000
451.000000
419.000000
91.000000
129.000000
381.000000
74.000000
207.000000
1207.000000
325.000000
431.000000
608.000000
85.000000
1685.000000
664.000000
3892.000000
1078.000000
306.000000
329.000000
276.000000
176.000000
420.000000
461.000000
866.000000
1101.000000
514.000000
107.000000
355.000000
324.000000
817.000000
450.000000
771.000000
255.000000
114.000000
204.000000
118.000000
2454.000000
3016.000000
557.000000
342.000000
362.000000
373.000000
1034.000000
1251.000000
1230.000000
383.000000
197.000000
559.000000
138.000000
443.000000
162.000000
121.000000
306.000000
644.000000
392.000000
480.000000
1416.000000
637.000000
5613.000000
103.000000
259.000000
179.000000
122.000000
1287.000000
85.000000
175.000000
275.000000
232.000000
530.000000
1034.000000
5412.000000
978.000000
601.000000
780.000000
795.000000
533.000000
62.000000
398.000000
220.000000
1051.000000
141.000000
1985.000000
198.000000
121.000000
198.000000
271.000000
69.000000
503.000000
217.000000
177.000000
446.000000
147.000000
693.000000
42.000000
228.000000
548.000000
377.000000
626.000000
237.000000
1438.000000
2134.000000
4140.000000
170.000000
271.000000
481.000000
127.000000
406.000000
193.000000
1373.000000
222.000000
419.000000
502.000000
290.000000
407.000000
1316.000000
375.000000
73.000000
261.000000
345.000000
195.000000
574.000000
179.000000
1250.000000
2033.000000
77.000000
1018.000000
2673.000000
577.000000
574.000000
281.000000
463.000000
85.000000
144.000000
160.000000
646.000000
449.000000
78.000000
84.000000
118.000000
781.000000
106.000000
191.000000
1987.000000
184.000000
109.000000
292.000000
168.000000
37.000000
238.000000
82.000000
185.000000
462.000000
1587.000000
280.000000
1460.000000
1196.000000
405.000000
163.000000
71.000000
337.000000
439.000000
616.000000
96.000000
4145.000000
600.000000
1428.000000
428.000000
2044.000000
200.000000
525.000000
296.000000
519.000000
589.000000
113.000000
342.000000
130.000000
436.000000
394.000000
1570.000000
1873.000000
353.000000
223.000000
620.000000
310.000000
195.000000
384.000000
186.000000
665.000000
1247.000000
548.000000
1949.000000
579.000000
979.000000
1346.000000
1012.000000
260.000000
644.000000
1247.000000
198.000000
1225.000000
115.000000
197.000000
855.000000
163.000000
90.000000
27.000000
148.000000
230.000000
158.000000
1864.000000
1795.000000
56.000000
958.000000
459.000000
171.000000
840.000000
97.000000
307.000000
559.000000
1226.000000
260.000000
136.000000
276.000000
1394.000000
107.000000
351.000000
531.000000
500.000000
97.000000
2430.000000
534.000000
211.000000
491.000000
54.000000
101.000000
177.000000
162.000000
2744.000000
61.000000
787.000000
271.000000
574.000000
871.000000
3388.000000
160.000000
434.000000
1500.000000
699.000000
1481.000000
263.000000
419.000000
600.000000
1927.000000
148.000000
1576.000000
1231.000000
3424.000000
1289.000000
461.000000
414.000000
373.000000
589.000000
125.000000
515.000000
711.000000
61.000000
93.000000
630.000000
285.000000
469.000000
820.000000
151.000000
65.000000
34.000000
431.000000
1963.000000
487.000000
139.000000
952.000000
320.000000
469.000000
544.000000
76.000000
1532.000000
435.000000
992.000000
466.000000
225.000000
343.000000
203.000000
212.000000
217.000000
326.000000
1365.000000
457.000000
529.000000
440.000000
234.000000
512.000000
247.000000
96.000000
1103.000000
285.000000
434.000000
76.000000
390.000000
421.000000
1663.000000
846.000000
240.000000
128.000000
431.000000
564.000000
204.000000
249.000000
103.000000
80.000000
1757.000000
65.000000
594.000000
1212.000000
158.000000
831.000000
58.000000
840.000000
351.000000
1488.000000
417.000000
6648.000000
1615.000000
612.000000
292.000000
1379.000000
57.000000
261.000000
2232.000000
224.000000
344.000000
521.000000
80.000000
223.000000
141.000000
1054.000000
475.000000
259.000000
266.000000
808.000000
393.000000
737.000000
965.000000
379.000000
147.000000
242.000000
1830.000000
251.000000
665.000000
2061.000000
484.000000
173.000000
1220.000000
109.000000
460.000000
114.000000
691.000000
113.000000
577.000000
448.000000
394.000000
580.000000
202.000000
252.000000
2115.000000
191.000000
861.000000
733.000000
547.000000
212.000000
1409.000000
180.000000
93.000000
689.000000
571.000000
1111.000000
47.000000
1656.000000
146.000000
310.000000
133.000000
967.000000
124.000000
1135.000000
142.000000
1231.000000
1799.000000
129.000000
290.000000
786.000000
199.000000
350.000000
578.000000
535.000000
304.000000
376.000000
147.000000
1217.000000
442.000000
489.000000
310.000000
646.000000
572.000000
675.000000
906.000000
3928.000000
398.000000
917.000000
47.000000
528.000000
569.000000
253.000000
318.000000
1148.000000
84.000000
403.000000
229.000000
257.000000
252.000000
1198.000000
991.000000
93.000000
2516.000000
225.000000
119.000000
173.000000
803.000000
216.000000
498.000000
114.000000
1366.000000
249.000000
1121.000000
195.000000
312.000000
200.000000
838.000000
3442.000000
337.000000
480.000000
147.000000
202.000000
663.000000
1268.000000
379.000000
694.000000
204.000000
1094.000000
203.000000
294.000000
328.000000
306.000000
442.000000
518.000000
342.000000
330.000000
689.000000
351.000000
459.000000
367.000000
110.000000
972.000000
68.000000
238.000000
1168.000000
613.000000
1409.000000
534.000000
5147.000000
138.000000
149.000000
80.000000
459.000000
1066.000000
145.000000
551.000000
208.000000
810.000000
993.000000
511.000000
584.000000
2543.000000
46.000000
340.000000
1190.000000
605.000000
215.000000
1120.000000
532.000000
324.000000
345.000000
210.000000
249.000000
702.000000
75.000000
552.000000
195.000000
242.000000
612.000000
96.000000
158.000000
1134.000000
185.000000
746.000000
309.000000
989.000000
577.000000
96.000000
671.000000
277.000000
264.000000
342.000000
1855.000000
261.000000
680.000000
334.000000
791.000000
744.000000
180.000000
382.000000
370.000000
625.000000
155.000000
47.000000
1097.000000
558.000000
236.000000
1695.000000
326.000000
469.000000
210.000000
32.000000
1651.000000
221.000000
706.000000
1336.000000
309.000000
142.000000
1790.000000
728.000000
511.000000
62.000000
306.000000
774.000000
193.000000
130.000000
121.000000
42.000000
304.000000
390.000000
1663.000000
69.000000
106.000000
236.000000
3461.000000
382.000000
877.000000
975.000000
203.000000
370.000000
510.000000
170.000000
81.000000
154.000000
64.000000
819.000000
105.000000
214.000000
954.000000
555.000000
389.000000
52.000000
270.000000
188.000000
504.000000
322.000000
116.000000
1247.000000
2792.000000
75.000000
123.000000
99.000000
301.000000
284.000000
86.000000
228.000000
186.000000
555.000000
432.000000
473.000000
506.000000
805.000000
712.000000
369.000000
384.000000
525.000000
132.000000
1867.000000
393.000000
168.000000
4444.000000
508.000000
427.000000
103.000000
212.000000
143.000000
210.000000
140.000000
662.000000
108.000000
244.000000
566.000000
2566.000000
847.000000
211.000000
378.000000
496.000000
393.000000
1498.000000
1834.000000
129.000000
956.000000
233.000000
171.000000
677.000000
1219.000000
488.000000
327.000000
91.000000
239.000000
296.000000
111.000000
376.000000
880.000000
398.000000
1105.000000
165.000000
257.000000
266.000000
434.000000
244.000000
1392.000000
212.000000
676.000000
333.000000
63.000000
3555.000000
602.000000
397.000000
248.000000
598.000000
2186.000000
180.000000
838.000000
556.000000
753.000000
834.000000
205.000000
260.000000
348.000000
384.000000
972.000000
1430.000000
105.000000
216.000000
510.000000
168.000000
129.000000
5472.000000
849.000000
311.000000
106.000000
366.000000
1011.000000
1598.000000
98.000000
51.000000
2109.000000
135.000000
149.000000
465.000000
930.000000
625.000000
7328.000000
475.000000
266.000000
278.000000
769.000000
538.000000
130.000000
1603.000000
322.000000
313.000000
1882.000000
1444.000000
194.000000
337.000000
168.000000
137.000000
173.000000
108.000000
1597.000000
909.000000
369.000000
479.000000
3740.000000
420.000000
86.000000
271.000000
301.000000
863.000000
340.000000
420.000000
1549.000000
1257.000000
170.000000
39.000000
608.000000
305.000000
391.000000
366.000000
1166.000000
293.000000
1029.000000
1945.000000
206.000000
301.000000
164.000000
322.000000
1452.000000
651.000000
265.000000
81.000000
508.000000
187.000000
253.000000
138.000000
429.000000
605.000000
1191.000000
889.000000
216.000000
64.000000
1728.000000
995.000000
247.000000
1310.000000
747.000000
2276.000000
439.000000
297.000000
409.000000
301.000000
130.000000
167.000000
270.000000
269.000000
787.000000
484.000000
452.000000
298.000000
1163.000000
116.000000
287.000000
1304.000000
