39.000000
226.000000
1201.000000
405.000000
361.000000
634.000000
330.000000
2003.000000
135.000000
176.000000
608.000000
478.000000
68.000000
87.000000
737.000000
139.000000
384.000000
207.000000
298.000000
1126.000000
161.000000
873.000000
85.000000
1550.000000
138.000000
823.000000
1758.000000
257.000000
382.000000
237.000000
1003.000000
194.000000
196.000000
623.000000
1833.000000
911.000000
1032.000000
1270.000000
303.000000
1896.000000
171.000000
361.000000
257.000000
321.000000
794.000000
299.000000
475.000000
3513.000000
118.000000
74.000000
216.000000
87.000000
190.000000
2187.000000
1609.000000
1655.000000
45.000000
633.000000
191.000000
1151.000000
612.000000
493.000000
511.000000
624.000000
357.000000
409.000000
539.000000
260.000000
94.000000
229.000000
938.000000
358.000000
336.000000
115.000000
1479.000000
4894.000000
71.000000
387.000000
70.000000
42.000000
186.000000
595.000000
1098.000000
371.000000
509.000000
572.000000
1537.000000
2137.000000
774.000000
197.000000
155.000000
231.000000
275.000000
496.000000
1346.000000
101.000000
438.000000
402.000000
480.000000
155.000000
416.000000
726.000000
2302.000000
2603.000000
309.000000
92.000000
36.000000
325.000000
2579.000000
29.000000
632.000000
193.000000
609.000000
329.000000
160.000000
70.000000
242.000000
279.000000
2912.000000
327.000000
316.000000
77.000000
1549.000000
164.000000
93.000000
4276.000000
2302.000000
149.000000
33.000000
242.000000
1394.000000
91.000000
552.000000
795.000000
209.000000
283.000000
161.000000
425.000000
1818.000000
1609.000000
1095.000000
118.000000
628.000000
398.000000
590.000000
315.000000
1546.000000
1218.000000
1005.000000
618.000000
113.000000
1040.000000
453.000000
375.000000
153.000000
171.000000
831.000000
1032.000000
146.000000
117.000000
254.000000
164.000000
1189.000000
173.000000
316.000000
494.000000
198.000000
1681.000000
65.000000
176.000000
769.000000
1134.000000
292.000000
143.000000
555.000000
161.000000
1331.000000
555.000000
1004.000000
363.000000
201.000000
93.000000
166.000000
207.000000
125.000000
216.000000
223.000000
59.000000
541.000000
79.000000
389.000000
1389.000000
348.000000
179.000000
257.000000
249.000000
90.000000
249.000000
55.000000
158.000000
3295.000000
455.000000
326.000000
2509.000000
92.000000
272.000000
688.000000
342.000000
772.000000
894.000000
156.000000
1185.000000
127.000000
163.000000
1224.000000
215.000000
342.000000
573.000000
1879.000000
189.000000
45.000000
602.000000
196.000000
796.000000
167.000000
446.000000
623.000000
380.000000
894.000000
1131.000000
128.000000
301.000000
1560.000000
2622.000000
101.000000
356.000000
165.000000
1693.000000
726.000000
1949.000000
242.000000
353.000000
264.000000
937.000000
141.000000
1842.000000
63.000000
42.000000
209.000000
217.000000
55.000000
416.000000
457.000000
300.000000
1031.000000
3043.000000
976.000000
363.000000
540.000000
305.000000
281.000000
5145.000000
321.000000
23.000000
126.000000
82.000000
509.000000
250.000000
774.000000
626.000000
775.000000
118.000000
97.000000
67.000000
388.000000
679.000000
675.000000
479.000000
278.000000
202.000000
343.000000
853.000000
495.000000
2488.000000
196.000000
465.000000
72.000000
552.000000
403.000000
888.000000
2238.000000
328.000000
632.000000
420.000000
346.000000
769.000000
294.000000
138.000000
401.000000
1798.000000
498.000000
184.000000
138.000000
2758.000000
824.000000
212.000000
441.000000
172.000000
237.000000
429.000000
573.000000
540.000000
977.000000
71.000000
1359.000000
1710.000000
7928.000000
123.000000
428.000000
133.000000
148.000000
429.000000
431.000000
819.000000
65.000000
1536.000000
1419.000000
217.000000
173.000000
386.000000
1712.000000
154.000000
155.000000
1544.000000
1782.000000
564.000000
947.000000
173.000000
783.000000
230.000000
68.000000
101.000000
816.000000
2151.000000
667.000000
70.000000
610.000000
552.000000
191.000000
379.000000
96.000000
196.000000
380.000000
120.000000
624.000000
227.000000
727.000000
1145.000000
240.000000
1109.000000
281.000000
900.000000
485.000000
114.000000
440.000000
399.000000
299.000000
1704.000000
799.000000
311.000000
912.000000
884.000000
256.000000
223.000000
3163.000000
282.000000
813.000000
426.000000
159.000000
1611.000000
553.000000
386.000000
90.000000
647.000000
64.000000
128.000000
663.000000
190.000000
313.000000
1016.000000
357.000000
609.000000
753.000000
318.000000
226.000000
682.000000
1760.000000
285.000000
333.000000
35.000000
1024.000000
780.000000
395.000000
47.000000
238.000000
392.000000
208.000000
424.000000
508.000000
682.000000
332.000000
1039.000000
148.000000
1222.000000
732.000000
17.000000
1728.000000
572.000000
804.000000
256.000000
639.000000
169.000000
3182.000000
314.000000
193.000000
576.000000
240.000000
1112.000000
183.000000
239.000000
2874.000000
243.000000
103.000000
2978.000000
3252.000000
554.000000
135.000000
877.000000
492.000000
215.000000
868.000000
1700.000000
128.000000
469.000000
1384.000000
218.000000
360.000000
256.000000
500.000000
1619.000000
807.000000
590.000000
95.000000
116.000000
479.000000
1598.000000
270.000000
134.000000
412.000000
1059.000000
159.000000
360.000000
1605.000000
156.000000
696.000000
136.000000
526.000000
49.000000
104.000000
938.000000
156.000000
951.000000
774.000000
541.000000
531.000000
932.000000
351.000000
903.000000
238.000000
74.000000
492.000000
368.000000
246.000000
233.000000
1561.000000
2691.000000
1113.000000
416.000000
77.000000
973.000000
296.000000
292.000000
248.000000
561.000000
142.000000
2204.000000
267.000000
1188.000000
926.000000
157.000000
1325.000000
1103.000000
1965.000000
401.000000
774.000000
1389.000000
57.000000
146.000000
520.000000
328.000000
131.000000
112.000000
200.000000
252.000000
1430.000000
229.000000
111.000000
464.000000
1846.000000
540.000000
2438.000000
180.000000
23.000000
275.000000
108.000000
348.000000
332.000000
1125.000000
439.000000
670.000000
2079.000000
750.000000
1123.000000
697.000000
642.000000
1110.000000
490.000000
394.000000
697.000000
178.000000
154.000000
657.000000
122.000000
958.000000
433.000000
167.000000
713.000000
194.000000
99.000000
100.000000
782.000000
560.000000
480.000000
88.000000
291.000000
345.000000
156.000000
123.000000
73.000000
351.000000
495.000000
305.000000
411.000000
241.000000
963.000000
134.000000
88.000000
534.000000
62.000000
172.000000
346.000000
682.000000
294.000000
1776.000000
3162.000000
645.000000
2595.000000
88.000000
344.000000
167.000000
504.000000
618.000000
1010.000000
98.000000
86.000000
884.000000
437.000000
285.000000
175.000000
134.000000
1299.000000
604.000000
639.000000
1072.000000
914.000000
597.000000
456.000000
211.000000
144.000000
208.000000
149.000000
863.000000
384.000000
294.000000
93.000000
500.000000
240.000000
304.000000
1415.000000
309.000000
466.000000
1119.000000
388.000000
737.000000
776.000000
52.000000
2412.000000
630.000000
1333.000000
209.000000
602.000000
1449.000000
653.000000
673.000000
195.000000
359.000000
170.000000
64.000000
2758.000000
4321.000000
741.000000
426.000000
899.000000
457.000000
186.000000
410.000000
448.000000
235.000000
324.000000
334.000000
266.000000
450.000000
734.000000
300.000000
219.000000
780.000000
758.000000
322.000000
202.000000
422.000000
669.000000
316.000000
3000.000000
145.000000
469.000000
518.000000
131.000000
111.000000
1201.000000
1171.000000
643.000000
299.000000
861.000000
1728.000000
464.000000
132.000000
325.000000
1619.000000
416.000000
4086.000000
2682.000000
987.000000
1752.000000
424.000000
198.000000
238.000000
191.000000
447.000000
147.000000
675.000000
650.000000
28.000000
508.000000
43.000000
653.000000
86.000000
432.000000
557.000000
330.000000
232.000000
44.000000
688.000000
3467.000000
546.000000
438.000000
1341.000000
78.000000
260.000000
317.000000
757.000000
1123.000000
120.000000
72.000000
899.000000
216.000000
239.000000
90.000000
153.000000
373.000000
1144.000000
716.000000
400.000000
303.000000
878.000000
281.000000
184.000000
234.000000
1976.000000
799.000000
93.000000
290.000000
407.000000
908.000000
721.000000
67.000000
8324.000000
528.000000
387.000000
1330.000000
2385.000000
385.000000
1193.000000
2300.000000
178.000000
71.000000
597.000000
287.000000
423.000000
187.000000
703.000000
109.000000
205.000000
417.000000
214.000000
136.000000
499.000000
319.000000
433.000000
1144.000000
684.000000
953.000000
470.000000
132.000000
727.000000
929.000000
1864.000000
649.000000
584.000000
2563.000000
836.000000
529.000000
308.000000
69.000000
869.000000
337.000000
143.000000
280.000000
341.000000
471.000000
43.000000
172.000000
365.000000
77.000000
152.000000
380.000000
313.000000
578.000000
2207.000000
1117.000000
491.000000
2335.000000
68.000000
709.000000
259.000000
46.000000
738.000000
116.000000
318.000000
960.000000
38.000000
445.000000
825.000000
779.000000
250.000000
568.000000
386.000000
380.000000
633.000000
668.000000
153.000000
57.000000
1445.000000
474.000000
117.000000
160.000000
1042.000000
697.000000
236.000000
545.000000
556.000000
1362.000000
10.000000
455.000000
873.000000
117.000000
44.000000
501.000000
2175.000000
624.000000
311.000000
2974.000000
869.000000
184.000000
250.000000
130.000000
179.000000
981.000000
190.000000
163.000000
457.000000
237.000000
301.000000
606.000000
174.000000
104.000000
331.000000
312.000000
958.000000
182.000000
397.000000
129.000000
186.000000
585.000000
360.000000
665.000000
432.000000
121.000000
239.000000
2263.000000
606.000000
542.000000
352.000000
708.000000
1824.000000
1294.000000
201.000000
570.000000
211.000000
66.000000
113.000000
330.000000
107.000000
313.000000
206.000000
360.000000
109.000000
841.000000
337.000000
271.000000
690.000000
240.000000
81.000000
769.000000
531.000000
652.000000
544.000000
131.000000
148.000000
48.000000
1246.000000
152.000000
1241.000000
148.000000
409.000000
963.000000
60.000000
76.000000
506.000000
3207.000000
205.000000
436.000000
798.000000
1874.000000
580.000000
236.000000
372.000000
103.000000
193.000000
200.000000
985.000000
1187.000000
6745.000000
99.000000
898.000000
1740.000000
246.000000
536.000000
609.000000
68.000000
875.000000
136.000000
360.000000
244.000000
243.000000
213.000000
1053.000000
911.000000
327.000000
2117.000000
162.000000
830.000000
372.000000
64.000000
406.000000
1103.000000
164.000000
726.000000
399.000000
453.000000
1403.000000
379.000000
79.000000
183.000000
630.000000
301.000000
342.000000
595.000000
135.000000
1196.000000
476.000000
1564.000000
333.000000
2039.000000
267.000000
2681.000000
747.000000
1584.000000
253.000000
222.000000
284.000000
74.000000
86.000000
103.000000
293.000000
270.000000
1628.000000
725.000000
2672.000000
371.000000
1083.000000
502.000000
1140.000000
1227.000000
238.000000
658.000000
276.000000
708.000000
782.000000
671.000000
328.000000
654.000000
121.000000
1073.000000
73.000000
95.000000
97.000000
487.000000
419.000000
233.000000
465.000000
1975.000000
382.000000
542.000000
1486.000000
862.000000
309.000000
1657.000000
647.000000
69.000000
1279.000000
271.000000
1756.000000
2828.000000
992.000000
1077.000000
116.000000
511.000000
722.000000
304.000000
720.000000
