224.000000
822.000000
612.000000
82.000000
215.000000
1698.000000
208.000000
560.000000
1191.000000
1113.000000
386.000000
414.000000
867.000000
2773.000000
165.000000
1071.000000
61.000000
192.000000
375.000000
230.000000
146.000000
74.000000
383.000000
153.000000
217.000000
858.000000
786.000000
385.000000
479.000000
181.000000
261.000000
1528.000000
87.000000
401.000000
74.000000
1569.000000
544.000000
167.000000
380.000000
1533.000000
481.000000
225.000000
680.000000
62.000000
274.000000
233.000000
95.000000
323.000000
722.000000
55.000000
92.000000
5736.000000
742.000000
563.000000
1048.000000
4974.000000
240.000000
72.000000
671.000000
178.000000
550.000000
470.000000
121.000000
762.000000
230.000000
484.000000
292.000000
408.000000
988.000000
325.000000
279.000000
197.000000
2054.000000
266.000000
598.000000
130.000000
167.000000
115.000000
698.000000
241.000000
187.000000
144.000000
548.000000
568.000000
1422.000000
645.000000
381.000000
433.000000
34.000000
1278.000000
2709.000000
131.000000
278.000000
1527.000000
1131.000000
333.000000
428.000000
365.000000
6127.000000
851.000000
74.000000
675.000000
179.000000
137.000000
98.000000
1107.000000
349.000000
651.000000
243.000000
145.000000
610.000000
260.000000
212.000000
1678.000000
1143.000000
199.000000
666.000000
425.000000
170.000000
490.000000
159.000000
269.000000
434.000000
327.000000
872.000000
82.000000
417.000000
908.000000
348.000000
333.000000
390.000000
416.000000
719.000000
427.000000
992.000000
149.000000
576.000000
494.000000
135.000000
227.000000
233.000000
160.000000
5326.000000
701.000000
311.000000
369.000000
611.000000
1394.000000
203.000000
147.000000
318.000000
625.000000
188.000000
477.000000
357.000000
4330.000000
1014.000000
182.000000
753.000000
395.000000
188.000000
251.000000
239.000000
1216.000000
185.000000
333.000000
1307.000000
536.000000
694.000000
1677.000000
96.000000
726.000000
1267.000000
897.000000
834.000000
1699.000000
280.000000
4408.000000
1089.000000
710.000000
614.000000
683.000000
281.000000
228.000000
170.000000
124.000000
164.000000
617.000000
405.000000
387.000000
960.000000
2409.000000
175.000000
159.000000
736.000000
83.000000
549.000000
222.000000
208.000000
356.000000
614.000000
654.000000
477.000000
301.000000
272.000000
562.000000
38.000000
422.000000
1280.000000
1422.000000
1106.000000
178.000000
552.000000
992.000000
308.000000
156.000000
132.000000
3305.000000
774.000000
576.000000
246.000000
502.000000
329.000000
112.000000
662.000000
339.000000
537.000000
811.000000
941.000000
2496.000000
34.000000
100.000000
209.000000
106.000000
198.000000
256.000000
51.000000
880.000000
2008.000000
180.000000
2863.000000
144.000000
1584.000000
1233.000000
1201.000000
5472.000000
870.000000
241.000000
2265.000000
496.000000
420.000000
265.000000
929.000000
362.000000
1613.000000
92.000000
261.000000
39.000000
635.000000
41.000000
351.000000
400.000000
204.000000
321.000000
1755.000000
246.000000
114.000000
4123.000000
101.000000
504.000000
100.000000
739.000000
172.000000
600.000000
1825.000000
669.000000
508.000000
160.000000
592.000000
848.000000
114.000000
568.000000
4588.000000
506.000000
763.000000
68.000000
274.000000
499.000000
151.000000
489.000000
134.000000
554.000000
694.000000
583.000000
694.000000
253.000000
217.000000
1426.000000
4608.000000
526.000000
1004.000000
356.000000
731.000000
616.000000
1225.000000
1371.000000
141.000000
95.000000
46.000000
275.000000
3549.000000
892.000000
195.000000
325.000000
229.000000
231.000000
109.000000
859.000000
501.000000
356.000000
184.000000
120.000000
1395.000000
118.000000
368.000000
258.000000
219.000000
409.000000
31.000000
490.000000
1690.000000
42.000000
858.000000
1953.000000
4541.000000
491.000000
471.000000
98.000000
997.000000
331.000000
669.000000
109.000000
232.000000
213.000000
260.000000
750.000000
648.000000
530.000000
142.000000
803.000000
74.000000
301.000000
462.000000
439.000000
302.000000
198.000000
397.000000
107.000000
677.000000
1235.000000
1232.000000
105.000000
184.000000
2467.000000
396.000000
210.000000
276.000000
403.000000
782.000000
585.000000
119.000000
202.000000
314.000000
719.000000
1079.000000
200.000000
236.000000
488.000000
2595.000000
262.000000
227.000000
345.000000
1589.000000
50.000000
218.000000
415.000000
1092.000000
1323.000000
27.000000
401.000000
1469.000000
658.000000
91.000000
3141.000000
36.000000
724.000000
77.000000
822.000000
3358.000000
326.000000
241.000000
377.000000
1366.000000
1420.000000
165.000000
244.000000
872.000000
511.000000
294.000000
303.000000
190.000000
136.000000
335.000000
137.000000
60.000000
132.000000
467.000000
968.000000
966.000000
2638.000000
972.000000
370.000000
648.000000
277.000000
361.000000
1425.000000
80.000000
633.000000
1482.000000
166.000000
477.000000
368.000000
1021.000000
299.000000
2376.000000
139.000000
230.000000
841.000000
498.000000
592.000000
350.000000
922.000000
712.000000
693.000000
91.000000
329.000000
1199.000000
963.000000
852.000000
1375.000000
1128.000000
374.000000
594.000000
153.000000
376.000000
1616.000000
1324.000000
530.000000
211.000000
152.000000
183.000000
316.000000
1004.000000
844.000000
576.000000
822.000000
415.000000
29.000000
1054.000000
481.000000
252.000000
368.000000
153.000000
87.000000
1430.000000
542.000000
429.000000
2158.000000
437.000000
797.000000
1337.000000
347.000000
56.000000
121.000000
646.000000
643.000000
2695.000000
494.000000
133.000000
416.000000
36.000000
429.000000
1333.000000
131.000000
82.000000
638.000000
275.000000
885.000000
100.000000
405.000000
1730.000000
185.000000
316.000000
190.000000
300.000000
332.000000
862.000000
367.000000
54.000000
374.000000
218.000000
427.000000
192.000000
820.000000
441.000000
238.000000
909.000000
465.000000
334.000000
261.000000
381.000000
64.000000
647.000000
1079.000000
327.000000
399.000000
171.000000
364.000000
901.000000
284.000000
379.000000
341.000000
53.000000
451.000000
530.000000
320.000000
1399.000000
130.000000
183.000000
208.000000
158.000000
296.000000
597.000000
3608.000000
186.000000
1519.000000
1763.000000
623.000000
610.000000
111.000000
272.000000
2062.000000
236.000000
257.000000
286.000000
154.000000
98.000000
337.000000
356.000000
409.000000
401.000000
1081.000000
1757.000000
182.000000
750.000000
563.000000
103.000000
224.000000
40.000000
269.000000
764.000000
133.000000
139.000000
274.000000
1034.000000
127.000000
964.000000
7793.000000
1259.000000
1365.000000
912.000000
145.000000
268.000000
256.000000
300.000000
347.000000
466.000000
434.000000
202.000000
247.000000
277.000000
166.000000
329.000000
862.000000
330.000000
431.000000
108.000000
645.000000
128.000000
827.000000
485.000000
135.000000
933.000000
203.000000
480.000000
173.000000
136.000000
1299.000000
329.000000
317.000000
102.000000
68.000000
531.000000
118.000000
1755.000000
363.000000
199.000000
2467.000000
587.000000
1039.000000
132.000000
92.000000
273.000000
700.000000
561.000000
1847.000000
1082.000000
226.000000
165.000000
1070.000000
385.000000
647.000000
178.000000
887.000000
128.000000
113.000000
2099.000000
30.000000
352.000000
442.000000
1583.000000
201.000000
352.000000
85.000000
503.000000
892.000000
615.000000
2079.000000
406.000000
780.000000
51.000000
2409.000000
264.000000
238.000000
374.000000
513.000000
296.000000
492.000000
790.000000
219.000000
63.000000
1966.000000
282.000000
174.000000
126.000000
827.000000
1258.000000
102.000000
39.000000
303.000000
259.000000
516.000000
1685.000000
576.000000
295.000000
770.000000
700.000000
1197.000000
166.000000
1755.000000
178.000000
785.000000
141.000000
178.000000
1188.000000
58.000000
508.000000
3480.000000
571.000000
196.000000
776.000000
601.000000
536.000000
479.000000
165.000000
107.000000
773.000000
197.000000
2367.000000
179.000000
339.000000
292.000000
224.000000
1479.000000
428.000000
141.000000
265.000000
212.000000
388.000000
672.000000
1047.000000
509.000000
179.000000
1209.000000
290.000000
321.000000
240.000000
793.000000
9868.000000
974.000000
2301.000000
114.000000
1983.000000
703.000000
309.000000
141.000000
294.000000
181.000000
920.000000
518.000000
263.000000
437.000000
1120.000000
3058.000000
722.000000
1659.000000
315.000000
234.000000
204.000000
249.000000
418.000000
347.000000
191.000000
454.000000
1777.000000
631.000000
98.000000
1344.000000
36.000000
102.000000
461.000000
139.000000
399.000000
176.000000
359.000000
639.000000
111.000000
93.000000
139.000000
2676.000000
343.000000
82.000000
291.000000
1556.000000
539.000000
169.000000
5430.000000
74.000000
708.000000
628.000000
480.000000
475.000000
190.000000
252.000000
285.000000
343.000000
237.000000
1079.000000
230.000000
163.000000
381.000000
347.000000
139.000000
546.000000
38.000000
114.000000
1260.000000
950.000000
187.000000
1856.000000
637.000000
1050.000000
595.000000
156.000000
257.000000
606.000000
245.000000
180.000000
334.000000
2383.000000
404.000000
72.000000
1601.000000
33.000000
1044.000000
2355.000000
762.000000
380.000000
328.000000
634.000000
1694.000000
266.000000
1140.000000
93.000000
82.000000
208.000000
1459.000000
372.000000
430.000000
231.000000
320.000000
79.000000
505.000000
481.000000
1627.000000
504.000000
737.000000
403.000000
679.000000
612.000000
257.000000
107.000000
290.000000
112.000000
757.000000
107.000000
1629.000000
1370.000000
485.000000
884.000000
227.000000
1682.000000
454.000000
1311.000000
657.000000
606.000000
388.000000
241.000000
83.000000
542.000000
126.000000
2953.000000
624.000000
1577.000000
639.000000
327.000000
610.000000
271.000000
425.000000
678.000000
830.000000
318.000000
239.000000
73.000000
2143.000000
260.000000
1472.000000
445.000000
228.000000
216.000000
462.000000
427.000000
397.000000
366.000000
143.000000
781.000000
556.000000
425.000000
35.000000
1508.000000
661.000000
1333.000000
612.000000
719.000000
348.000000
1330.000000
415.000000
288.000000
950.000000
649.000000
264.000000
450.000000
569.000000
494.000000
9037.000000
344.000000
323.000000
326.000000
1439.000000
122.000000
172.000000
271.000000
1466.000000
355.000000
1552.000000
168.000000
342.000000
585.000000
518.000000
197.000000
248.000000
426.000000
386.000000
859.000000
1203.000000
389.000000
170.000000
267.000000
394.000000
206.000000
1719.000000
181.000000
1904.000000
1105.000000
606.000000
52.000000
83.000000
382.000000
414.000000
883.000000
268.000000
306.000000
1431.000000
183.000000
349.000000
43.000000
179.000000
4459.000000
66.000000
124.000000
1909.000000
3593.000000
527.000000
128.000000
452.000000
130.000000
467.000000
762.000000
929.000000
331.000000
430.000000
3044.000000
445.000000
83.000000
1167.000000
1557.000000
136.000000
341.000000
299.000000
479.000000
737.000000
128.000000
700.000000
619.000000
919.000000
2055.000000
1335.000000
303.000000
324.000000
295.000000
367.000000
1039.000000
543.000000
906.000000
189.000000
804.000000
88.000000
96.000000
261.000000
135.000000
229.000000
2277.000000
1874.000000
1244.000000
220.000000
3923.000000
37.000000
903.000000
2944.000000
2840.000000
63.000000
586.000000
955.000000
574.000000
44.000000
179.000000
98.000000
109.000000
1116.000000
1140.000000
