241.000000
4202.000000
4031.000000
971.000000
778.000000
1560.000000
680.000000
354.000000
1226.000000
161.000000
147.000000
360.000000
337.000000
334.000000
188.000000
2616.000000
309.000000
84.000000
633.000000
66.000000
447.000000
706.000000
366.000000
256.000000
615.000000
2105.000000
708.000000
957.000000
412.000000
411.000000
383.000000
455.000000
34.000000
686.000000
260.000000
1505.000000
82.000000
156.000000
647.000000
423.000000
1432.000000
1020.000000
137.000000
2373.000000
265.000000
152.000000
1301.000000
592.000000
425.000000
439.000000
441.000000
8161.000000
196.000000
1117.000000
268.000000
262.000000
1975.000000
1370.000000
1000.000000
923.000000
617.000000
354.000000
291.000000
255.000000
300.000000
198.000000
677.000000
111.000000
49.000000
264.000000
166.000000
2864.000000
274.000000
642.000000
1261.000000
307.000000
787.000000
401.000000
69.000000
717.000000
57.000000
3578.000000
496.000000
112.000000
823.000000
2361.000000
1057.000000
1390.000000
1045.000000
486.000000
1260.000000
123.000000
332.000000
484.000000
298.000000
219.000000
374.000000
195.000000
159.000000
99.000000
230.000000
271.000000
590.000000
634.000000
67.000000
362.000000
5255.000000
199.000000
479.000000
837.000000
505.000000
1044.000000
519.000000
390.000000
1453.000000
199.000000
119.000000
220.000000
613.000000
2124.000000
293.000000
319.000000
330.000000
147.000000
315.000000
150.000000
265.000000
196.000000
1043.000000
123.000000
861.000000
1545.000000
411.000000
702.000000
1676.000000
539.000000
435.000000
1924.000000
530.000000
301.000000
164.000000
518.000000
3715.000000
1710.000000
1975.000000
499.000000
663.000000
223.000000
1063.000000
238.000000
792.000000
1660.000000
61.000000
2089.000000
76.000000
854.000000
45.000000
555.000000
483.000000
520.000000
1247.000000
218.000000
104.000000
736.000000
136.000000
887.000000
157.000000
537.000000
213.000000
87.000000
485.000000
102.000000
902.000000
1339.000000
2113.000000
92.000000
156.000000
166.000000
817.000000
294.000000
330.000000
193.000000
2481.000000
462.000000
378.000000
109.000000
219.000000
293.000000
2106.000000
102.000000
173.000000
516.000000
866.000000
936.000000
78.000000
371.000000
135.000000
59.000000
194.000000
801.000000
2889.000000
268.000000
279.000000
1583.000000
994.000000
363.000000
958.000000
622.000000
155.000000
123.000000
570.000000
2013.000000
174.000000
134.000000
1974.000000
853.000000
49.000000
249.000000
209.000000
11094.000000
309.000000
353.000000
479.000000
103.000000
172.000000
627.000000
68.000000
891.000000
831.000000
820.000000
864.000000
296.000000
1116.000000
323.000000
456.000000
446.000000
375.000000
1351.000000
1946.000000
211.000000
519.000000
876.000000
3296.000000
379.000000
1489.000000
169.000000
791.000000
925.000000
332.000000
57.000000
488.000000
727.000000
794.000000
141.000000
1792.000000
1218.000000
150.000000
140.000000
251.000000
597.000000
1432.000000
1446.000000
223.000000
679.000000
418.000000
473.000000
283.000000
686.000000
203.000000
2248.000000
257.000000
537.000000
206.000000
1808.000000
59.000000
652.000000
567.000000
130.000000
203.000000
125.000000
52.000000
1036.000000
517.000000
3311.000000
1270.000000
1077.000000
220.000000
580.000000
533.000000
426.000000
1537.000000
1259.000000
423.000000
463.000000
980.000000
363.000000
406.000000
331.000000
363.000000
461.000000
715.000000
161.000000
103.000000
1954.000000
1498.000000
366.000000
108.000000
114.000000
924.000000
77.000000
239.000000
501.000000
151.000000
655.000000
85.000000
475.000000
981.000000
1589.000000
851.000000
508.000000
450.000000
1576.000000
121.000000
347.000000
827.000000
858.000000
773.000000
1089.000000
482.000000
487.000000
158.000000
394.000000
177.000000
635.000000
357.000000
1631.000000
324.000000
200.000000
1167.000000
558.000000
207.000000
1088.000000
462.000000
296.000000
472.000000
867.000000
452.000000
2116.000000
349.000000
156.000000
27.000000
1677.000000
671.000000
338.000000
287.000000
416.000000
174.000000
1114.000000
143.000000
57.000000
224.000000
870.000000
399.000000
979.000000
337.000000
283.000000
1232.000000
61.000000
910.000000
244.000000
3524.000000
461.000000
64.000000
351.000000
599.000000
235.000000
1959.000000
461.000000
1549.000000
144.000000
666.000000
110.000000
779.000000
280.000000
252.000000
106.000000
1510.000000
218.000000
964.000000
1248.000000
1363.000000
61.000000
473.000000
290.000000
621.000000
39.000000
508.000000
233.000000
1922.000000
1357.000000
1413.000000
378.000000
755.000000
356.000000
675.000000
581.000000
853.000000
901.000000
1934.000000
1031.000000
408.000000
364.000000
364.000000
486.000000
735.000000
1645.000000
2602.000000
68.000000
540.000000
1351.000000
701.000000
354.000000
1262.000000
313.000000
465.000000
1256.000000
350.000000
741.000000
450.000000
1026.000000
436.000000
434.000000
396.000000
615.000000
552.000000
355.000000
344.000000
169.000000
252.000000
108.000000
167.000000
786.000000
168.000000
630.000000
298.000000
475.000000
1658.000000
242.000000
881.000000
728.000000
66.000000
1222.000000
732.000000
159.000000
2374.000000
653.000000
546.000000
757.000000
2074.000000
145.000000
2950.000000
441.000000
530.000000
223.000000
20.000000
70.000000
820.000000
2549.000000
136.000000
434.000000
137.000000
739.000000
760.000000
414.000000
1678.000000
778.000000
581.000000
245.000000
377.000000
322.000000
418.000000
767.000000
223.000000
2686.000000
1207.000000
551.000000
672.000000
586.000000
1472.000000
636.000000
345.000000
240.000000
296.000000
295.000000
597.000000
53.000000
160.000000
240.000000
875.000000
149.000000
330.000000
719.000000
1182.000000
88.000000
154.000000
307.000000
49.000000
857.000000
99.000000
108.000000
518.000000
338.000000
607.000000
132.000000
1605.000000
1322.000000
313.000000
1329.000000
160.000000
37.000000
365.000000
1223.000000
270.000000
666.000000
754.000000
651.000000
265.000000
316.000000
162.000000
1516.000000
2398.000000
764.000000
170.000000
105.000000
114.000000
26.000000
308.000000
154.000000
319.000000
759.000000
1253.000000
524.000000
441.000000
96.000000
623.000000
251.000000
141.000000
500.000000
2251.000000
434.000000
396.000000
776.000000
366.000000
459.000000
635.000000
888.000000
561.000000
365.000000
474.000000
514.000000
42.000000
37.000000
2241.000000
74.000000
661.000000
166.000000
32.000000
246.000000
1407.000000
162.000000
266.000000
2080.000000
474.000000
841.000000
1509.000000
1089.000000
279.000000
1250.000000
120.000000
183.000000
1032.000000
583.000000
370.000000
190.000000
944.000000
770.000000
497.000000
273.000000
105.000000
1974.000000
254.000000
876.000000
1020.000000
1810.000000
397.000000
1269.000000
121.000000
1607.000000
301.000000
429.000000
228.000000
569.000000
427.000000
2184.000000
183.000000
298.000000
202.000000
1036.000000
368.000000
232.000000
1685.000000
485.000000
125.000000
560.000000
283.000000
386.000000
406.000000
585.000000
692.000000
1166.000000
1997.000000
253.000000
159.000000
141.000000
72.000000
78.000000
99.000000
8174.000000
529.000000
574.000000
133.000000
289.000000
282.000000
256.000000
2766.000000
853.000000
165.000000
721.000000
171.000000
294.000000
767.000000
545.000000
457.000000
548.000000
424.000000
1362.000000
822.000000
679.000000
456.000000
133.000000
38.000000
1232.000000
1352.000000
29.000000
234.000000
1096.000000
1571.000000
521.000000
155.000000
200.000000
144.000000
890.000000
153.000000
1605.000000
179.000000
1135.000000
229.000000
202.000000
150.000000
319.000000
353.000000
490.000000
318.000000
817.000000
189.000000
161.000000
79.000000
252.000000
45.000000
1589.000000
359.000000
882.000000
449.000000
385.000000
82.000000
817.000000
70.000000
558.000000
409.000000
541.000000
497.000000
203.000000
361.000000
455.000000
449.000000
2047.000000
584.000000
314.000000
251.000000
415.000000
347.000000
292.000000
265.000000
1430.000000
115.000000
125.000000
206.000000
141.000000
691.000000
374.000000
236.000000
371.000000
2666.000000
324.000000
676.000000
259.000000
9.000000
524.000000
110.000000
535.000000
43.000000
551.000000
233.000000
248.000000
3251.000000
443.000000
311.000000
544.000000
911.000000
168.000000
574.000000
382.000000
100.000000
236.000000
5099.000000
1164.000000
1064.000000
82.000000
893.000000
1267.000000
826.000000
677.000000
2205.000000
72.000000
278.000000
424.000000
548.000000
118.000000
690.000000
184.000000
196.000000
881.000000
457.000000
953.000000
180.000000
538.000000
1164.000000
1244.000000
173.000000
321.000000
910.000000
630.000000
198.000000
137.000000
790.000000
243.000000
125.000000
439.000000
50.000000
1348.000000
336.000000
1228.000000
712.000000
2149.000000
717.000000
529.000000
1756.000000
630.000000
789.000000
656.000000
546.000000
155.000000
118.000000
131.000000
4547.000000
761.000000
361.000000
499.000000
784.000000
1297.000000
203.000000
321.000000
4673.000000
1308.000000
646.000000
272.000000
86.000000
228.000000
591.000000
506.000000
486.000000
675.000000
706.000000
398.000000
136.000000
138.000000
240.000000
357.000000
779.000000
253.000000
1354.000000
218.000000
159.000000
826.000000
1735.000000
479.000000
597.000000
401.000000
129.000000
254.000000
2530.000000
319.000000
2600.000000
1246.000000
418.000000
571.000000
361.000000
156.000000
1030.000000
398.000000
874.000000
689.000000
465.000000
369.000000
249.000000
112.000000
1012.000000
268.000000
891.000000
1161.000000
283.000000
649.000000
502.000000
324.000000
585.000000
534.000000
1450.000000
581.000000
269.000000
179.000000
62.000000
476.000000
205.000000
4160.000000
326.000000
6485.000000
1329.000000
258.000000
149.000000
712.000000
230.000000
1284.000000
788.000000
659.000000
1140.000000
447.000000
614.000000
80.000000
615.000000
640.000000
603.000000
354.000000
328.000000
223.000000
567.000000
653.000000
312.000000
73.000000
179.000000
3070.000000
101.000000
140.000000
707.000000
737.000000
833.000000
564.000000
66.000000
377.000000
1475.000000
824.000000
695.000000
264.000000
1794.000000
54.000000
93.000000
198.000000
100.000000
374.000000
140.000000
378.000000
1526.000000
230.000000
335.000000
255.000000
619.000000
335.000000
1488.000000
510.000000
181.000000
569.000000
1313.000000
157.000000
267.000000
736.000000
517.000000
1883.000000
457.000000
1225.000000
20.000000
594.000000
71.000000
358.000000
1227.000000
368.000000
230.000000
212.000000
766.000000
905.000000
1040.000000
451.000000
282.000000
2465.000000
231.000000
325.000000
257.000000
3290.000000
575.000000
113.000000
904.000000
99.000000
710.000000
204.000000
922.000000
829.000000
165.000000
1133.000000
4654.000000
895.000000
1008.000000
238.000000
202.000000
81.000000
900.000000
404.000000
551.000000
769.000000
709.000000
595.000000
1451.000000
1302.000000
528.000000
587.000000
972.000000
203.000000
1723.000000
156.000000
469.000000
127.000000
209.000000
555.000000
370.000000
201.000000
181.000000
197.000000
462.000000
825.000000
330.000000
68.000000
1026.000000
351.000000
1056.000000
95.000000
181.000000
396.000000
1217.000000
532.000000
258.000000
215.000000
20.000000
3904.000000
662.000000
405.000000
1613.000000
1547.000000
489.000000
1079.000000
508.000000
35.000000
410.000000
460.000000
