252.000000
167.000000
196.000000
57.000000
1157.000000
1610.000000
154.000000
45.000000
295.000000
1048.000000
70.000000
741.000000
216.000000
320.000000
116.000000
2775.000000
327.000000
1274.000000
602.000000
989.000000
479.000000
1309.000000
303.000000
290.000000
294.000000
370.000000
455.000000
205.000000
282.000000
152.000000
285.000000
149.000000
323.000000
658.000000
241.000000
56.000000
92.000000
87.000000
553.000000
298.000000
2327.000000
339.000000
252.000000
536.000000
122.000000
138.000000
1283.000000
975.000000
382.000000
651.000000
280.000000
749.000000
1249.000000
292.000000
358.000000
192.000000
1021.000000
412.000000
340.000000
174.000000
59.000000
604.000000
40.000000
2555.000000
240.000000
440.000000
860.000000
133.000000
173.000000
1321.000000
538.000000
48.000000
395.000000
907.000000
170.000000
969.000000
356.000000
415.000000
261.000000
2026.000000
660.000000
427.000000
488.000000
270.000000
7177.000000
429.000000
516.000000
1514.000000
809.000000
298.000000
5224.000000
308.000000
1756.000000
2935.000000
624.000000
1812.000000
445.000000
1641.000000
1274.000000
337.000000
177.000000
1343.000000
107.000000
394.000000
221.000000
186.000000
208.000000
52.000000
899.000000
574.000000
544.000000
440.000000
1173.000000
747.000000
284.000000
678.000000
596.000000
37.000000
1377.000000
726.000000
68.000000
3829.000000
325.000000
454.000000
7082.000000
300.000000
311.000000
1270.000000
485.000000
383.000000
1242.000000
620.000000
260.000000
854.000000
2110.000000
282.000000
687.000000
191.000000
99.000000
275.000000
187.000000
454.000000
183.000000
425.000000
331.000000
258.000000
392.000000
488.000000
352.000000
178.000000
1061.000000
128.000000
897.000000
153.000000
564.000000
180.000000
480.000000
451.000000
212.000000
169.000000
134.000000
236.000000
305.000000
162.000000
536.000000
176.000000
163.000000
1112.000000
537.000000
492.000000
373.000000
521.000000
418.000000
65.000000
1153.000000
96.000000
476.000000
114.000000
571.000000
191.000000
125.000000
1001.000000
216.000000
343.000000
1838.000000
249.000000
791.000000
2830.000000
185.000000
3358.000000
150.000000
322.000000
218.000000
303.000000
792.000000
545.000000
510.000000
462.000000
409.000000
294.000000
259.000000
309.000000
418.000000
201.000000
543.000000
121.000000
129.000000
94.000000
114.000000
357.000000
297.000000
980.000000
2395.000000
1165.000000
297.000000
577.000000
557.000000
364.000000
257.000000
154.000000
1120.000000
2169.000000
266.000000
1793.000000
540.000000
1544.000000
225.000000
207.000000
521.000000
4303.000000
289.000000
1028.000000
1948.000000
543.000000
775.000000
46.000000
645.000000
1436.000000
323.000000
119.000000
66.000000
1059.000000
227.000000
168.000000
978.000000
507.000000
282.000000
177.000000
436.000000
106.000000
283.000000
2299.000000
6053.000000
636.000000
232.000000
1179.000000
849.000000
840.000000
663.000000
470.000000
563.000000
243.000000
636.000000
179.000000
674.000000
212.000000
112.000000
2605.000000
346.000000
20.000000
434.000000
836.000000
186.000000
871.000000
1162.000000
227.000000
432.000000
307.000000
174.000000
36.000000
2031.000000
231.000000
2514.000000
434.000000
1599.000000
1123.000000
183.000000
369.000000
257.000000
456.000000
1078.000000
533.000000
1799.000000
1118.000000
364.000000
1116.000000
2172.000000
430.000000
259.000000
249.000000
1813.000000
1031.000000
3912.000000
573.000000
169.000000
596.000000
1700.000000
1749.000000
195.000000
373.000000
545.000000
211.000000
78.000000
177.000000
846.000000
35.000000
2659.000000
1142.000000
88.000000
1142.000000
710.000000
728.000000
98.000000
170.000000
361.000000
2313.000000
187.000000
179.000000
433.000000
278.000000
1868.000000
340.000000
183.000000
923.000000
1305.000000
103.000000
1254.000000
697.000000
714.000000
132.000000
468.000000
2496.000000
61.000000
125.000000
676.000000
1038.000000
996.000000
1339.000000
570.000000
266.000000
339.000000
20.000000
440.000000
382.000000
252.000000
491.000000
1300.000000
678.000000
594.000000
261.000000
180.000000
432.000000
553.000000
144.000000
137.000000
574.000000
216.000000
113.000000
62.000000
1740.000000
66.000000
297.000000
451.000000
512.000000
569.000000
69.000000
1466.000000
48.000000
111.000000
249.000000
1098.000000
2669.000000
563.000000
344.000000
1323.000000
637.000000
514.000000
197.000000
174.000000
2668.000000
3425.000000
745.000000
916.000000
405.000000
181.000000
1965.000000
1175.000000
177.000000
1391.000000
160.000000
71.000000
327.000000
1176.000000
405.000000
563.000000
948.000000
334.000000
347.000000
166.000000
1457.000000
1932.000000
545.000000
124.000000
274.000000
270.000000
508.000000
347.000000
489.000000
38.000000
53.000000
210.000000
284.000000
371.000000
464.000000
230.000000
7559.000000
2541.000000
262.000000
1690.000000
287.000000
368.000000
3690.000000
211.000000
386.000000
522.000000
765.000000
1434.000000
131.000000
290.000000
118.000000
505.000000
512.000000
321.000000
160.000000
341.000000
2163.000000
132.000000
71.000000
2583.000000
116.000000
230.000000
103.000000
234.000000
460.000000
526.000000
1874.000000
286.000000
251.000000
245.000000
142.000000
392.000000
5420.000000
390.000000
209.000000
518.000000
593.000000
232.000000
645.000000
67.000000
365.000000
224.000000
242.000000
169.000000
2019.000000
91.000000
4584.000000
1077.000000
840.000000
918.000000
247.000000
124.000000
368.000000
1061.000000
192.000000
50.000000
578.000000
319.000000
174.000000
312.000000
161.000000
50.000000
666.000000
585.000000
88.000000
314.000000
1304.000000
254.000000
1234.000000
124.000000
355.000000
511.000000
149.000000
73.000000
2673.000000
769.000000
129.000000
171.000000
130.000000
230.000000
716.000000
409.000000
126.000000
616.000000
601.000000
206.000000
264.000000
784.000000
309.000000
110.000000
205.000000
647.000000
601.000000
158.000000
122.000000
47.000000
322.000000
161.000000
4506.000000
1445.000000
698.000000
537.000000
141.000000
463.000000
345.000000
227.000000
194.000000
870.000000
364.000000
1124.000000
1310.000000
810.000000
132.000000
55.000000
48.000000
1452.000000
148.000000
279.000000
651.000000
305.000000
376.000000
870.000000
474.000000
210.000000
278.000000
128.000000
288.000000
480.000000
936.000000
306.000000
186.000000
400.000000
301.000000
422.000000
1293.000000
2741.000000
245.000000
5126.000000
680.000000
622.000000
338.000000
330.000000
1520.000000
26.000000
324.000000
361.000000
261.000000
601.000000
653.000000
479.000000
38.000000
78.000000
486.000000
877.000000
255.000000
217.000000
402.000000
1048.000000
1440.000000
158.000000
220.000000
751.000000
2888.000000
1145.000000
642.000000
1423.000000
549.000000
178.000000
1549.000000
107.000000
114.000000
251.000000
175.000000
40.000000
550.000000
455.000000
2057.000000
491.000000
258.000000
157.000000
596.000000
294.000000
1315.000000
189.000000
659.000000
375.000000
645.000000
597.000000
193.000000
149.000000
201.000000
513.000000
2866.000000
541.000000
193.000000
143.000000
434.000000
687.000000
1023.000000
225.000000
448.000000
1492.000000
363.000000
225.000000
756.000000
517.000000
205.000000
790.000000
1058.000000
856.000000
461.000000
4382.000000
1196.000000
242.000000
1243.000000
514.000000
580.000000
299.000000
315.000000
241.000000
108.000000
676.000000
320.000000
284.000000
653.000000
106.000000
172.000000
198.000000
888.000000
415.000000
129.000000
740.000000
1029.000000
756.000000
432.000000
216.000000
301.000000
1354.000000
1021.000000
906.000000
784.000000
3703.000000
923.000000
614.000000
435.000000
617.000000
288.000000
296.000000
175.000000
362.000000
232.000000
283.000000
759.000000
1073.000000
86.000000
493.000000
1601.000000
403.000000
544.000000
101.000000
499.000000
719.000000
511.000000
121.000000
354.000000
414.000000
585.000000
531.000000
337.000000
503.000000
440.000000
511.000000
721.000000
231.000000
292.000000
1240.000000
357.000000
67.000000
108.000000
296.000000
118.000000
237.000000
150.000000
283.000000
1940.000000
920.000000
531.000000
521.000000
948.000000
569.000000
46.000000
1159.000000
927.000000
80.000000
194.000000
593.000000
489.000000
382.000000
102.000000
98.000000
232.000000
410.000000
160.000000
329.000000
973.000000
1117.000000
515.000000
490.000000
396.000000
308.000000
2035.000000
422.000000
1127.000000
1232.000000
187.000000
1243.000000
420.000000
266.000000
295.000000
649.000000
3346.000000
1679.000000
1579.000000
245.000000
173.000000
282.000000
1522.000000
654.000000
1096.000000
865.000000
145.000000
668.000000
204.000000
934.000000
904.000000
346.000000
138.000000
503.000000
305.000000
583.000000
2898.000000
49.000000
757.000000
252.000000
892.000000
359.000000
625.000000
2484.000000
3522.000000
511.000000
212.000000
3155.000000
290.000000
468.000000
395.000000
121.000000
2535.000000
2394.000000
266.000000
1067.000000
257.000000
252.000000
554.000000
1522.000000
165.000000
506.000000
255.000000
562.000000
121.000000
80.000000
643.000000
198.000000
180.000000
361.000000
443.000000
694.000000
1312.000000
109.000000
2993.000000
904.000000
760.000000
844.000000
111.000000
1335.000000
1919.000000
359.000000
131.000000
1312.000000
211.000000
296.000000
1431.000000
179.000000
2681.000000
864.000000
807.000000
347.000000
250.000000
2437.000000
123.000000
3684.000000
282.000000
1477.000000
1556.000000
695.000000
368.000000
246.000000
287.000000
230.000000
152.000000
195.000000
51.000000
141.000000
297.000000
497.000000
1809.000000
137.000000
816.000000
840.000000
945.000000
423.000000
758.000000
169.000000
283.000000
2506.000000
204.000000
87.000000
647.000000
2887.000000
1009.000000
2276.000000
272.000000
242.000000
343.000000
905.000000
135.000000
46.000000
291.000000
687.000000
322.000000
368.000000
111.000000
184.000000
744.000000
700.000000
790.000000
152.000000
165.000000
272.000000
221.000000
391.000000
1585.000000
334.000000
233.000000
612.000000
439.000000
414.000000
222.000000
385.000000
703.000000
142.000000
133.000000
775.000000
128.000000
262.000000
811.000000
571.000000
274.000000
185.000000
242.000000
359.000000
999.000000
1856.000000
488.000000
217.000000
694.000000
198.000000
768.000000
649.000000
276.000000
190.000000
136.000000
133.000000
158.000000
600.000000
702.000000
700.000000
378.000000
236.000000
1445.000000
48.000000
614.000000
364.000000
1648.000000
1104.000000
91.000000
813.000000
1688.000000
820.000000
234.000000
303.000000
1270.000000
402.000000
404.000000
117.000000
343.000000
1723.000000
842.000000
181.000000
206.000000
652.000000
362.000000
169.000000
885.000000
120.000000
560.000000
66.000000
122.000000
257.000000
158.000000
169.000000
1300.000000
111.000000
445.000000
3102.000000
1670.000000
107.000000
1443.000000
1344.000000
1121.000000
140.000000
556.000000
54.000000
1213.000000
315.000000
1368.000000
1158.000000
804.000000
987.000000
1710.000000
1111.000000
401.000000
399.000000
610.000000
211.000000
1063.000000
163.000000
1260.000000
452.000000
2232.000000
108.000000
354.000000
370.000000
1813.000000
2453.000000
298.000000
1538.000000
1301.000000
46.000000
1364.000000
1330.000000
6540.000000
331.000000
366.000000
140.000000
68.000000
155.000000
1477.000000
779.000000
366.000000
350.000000
392.000000
