354.000000
61.000000
560.000000
874.000000
816.000000
396.000000
894.000000
682.000000
171.000000
712.000000
341.000000
101.000000
1920.000000
1609.000000
419.000000
263.000000
258.000000
368.000000
111.000000
715.000000
1226.000000
234.000000
1672.000000
2227.000000
209.000000
626.000000
846.000000
147.000000
2556.000000
609.000000
516.000000
100.000000
291.000000
162.000000
227.000000
956.000000
521.000000
721.000000
602.000000
921.000000
1021.000000
122.000000
376.000000
836.000000
576.000000
273.000000
85.000000
749.000000
1300.000000
311.000000
221.000000
896.000000
652.000000
707.000000
145.000000
635.000000
55.000000
172.000000
2221.000000
524.000000
602.000000
781.000000
226.000000
472.000000
237.000000
177.000000
621.000000
403.000000
800.000000
831.000000
106.000000
369.000000
231.000000
865.000000
720.000000
197.000000
119.000000
218.000000
1034.000000
98.000000
324.000000
348.000000
211.000000
294.000000
1109.000000
437.000000
108.000000
121.000000
44.000000
446.000000
1527.000000
1287.000000
196.000000
302.000000
132.000000
614.000000
94.000000
1605.000000
6796.000000
794.000000
189.000000
245.000000
138.000000
509.000000
200.000000
143.000000
313.000000
431.000000
797.000000
1737.000000
547.000000
1061.000000
114.000000
61.000000
587.000000
1069.000000
1974.000000
642.000000
371.000000
206.000000
272.000000
1708.000000
42.000000
160.000000
507.000000
155.000000
309.000000
1068.000000
848.000000
339.000000
365.000000
1201.000000
305.000000
594.000000
256.000000
152.000000
1459.000000
175.000000
584.000000
182.000000
376.000000
554.000000
2030.000000
285.000000
77.000000
248.000000
242.000000
2369.000000
1943.000000
178.000000
240.000000
411.000000
665.000000
784.000000
255.000000
1564.000000
105.000000
79.000000
225.000000
625.000000
51.000000
580.000000
156.000000
1646.000000
2956.000000
1198.000000
446.000000
177.000000
639.000000
67.000000
2094.000000
554.000000
105.000000
128.000000
4606.000000
834.000000
261.000000
1202.000000
738.000000
407.000000
168.000000
33.000000
181.000000
97.000000
167.000000
140.000000
869.000000
2963.000000
1675.000000
139.000000
548.000000
113.000000
1145.000000
407.000000
250.000000
96.000000
845.000000
463.000000
849.000000
295.000000
569.000000
98.000000
263.000000
959.000000
205.000000
310.000000
70.000000
448.000000
652.000000
4878.000000
3617.000000
54.000000
259.000000
510.000000
1529.000000
122.000000
479.000000
329.000000
56.000000
214.000000
73.000000
105.000000
330.000000
191.000000
1117.000000
65.000000
479.000000
646.000000
535.000000
305.000000
429.000000
351.000000
1669.000000
374.000000
745.000000
136.000000
792.000000
11914.000000
296.000000
385.000000
744.000000
471.000000
698.000000
110.000000
256.000000
231.000000
1445.000000
418.000000
733.000000
445.000000
682.000000
99.000000
445.000000
25.000000
551.000000
1756.000000
963.000000
580.000000
425.000000
521.000000
970.000000
889.000000
264.000000
192.000000
1146.000000
443.000000
155.000000
669.000000
106.000000
1435.000000
1049.000000
112.000000
298.000000
248.000000
3144.000000
392.000000
248.000000
167.000000
384.000000
1171.000000
1271.000000
156.000000
686.000000
831.000000
1458.000000
925.000000
194.000000
374.000000
337.000000
138.000000
648.000000
194.000000
2365.000000
2003.000000
1224.000000
128.000000
339.000000
539.000000
40.000000
3235.000000
231.000000
502.000000
168.000000
211.000000
1509.000000
3362.000000
929.000000
522.000000
548.000000
140.000000
783.000000
114.000000
497.000000
1195.000000
1333.000000
622.000000
102.000000
234.000000
417.000000
869.000000
923.000000
486.000000
502.000000
1092.000000
450.000000
159.000000
753.000000
262.000000
328.000000
971.000000
834.000000
407.000000
411.000000
179.000000
2171.000000
2609.000000
961.000000
233.000000
304.000000
908.000000
219.000000
569.000000
315.000000
909.000000
259.000000
578.000000
149.000000
650.000000
311.000000
203.000000
414.000000
319.000000
161.000000
1317.000000
1275.000000
379.000000
4438.000000
2227.000000
65.000000
56.000000
609.000000
479.000000
470.000000
153.000000
907.000000
1620.000000
281.000000
47.000000
98.000000
115.000000
240.000000
394.000000
378.000000
280.000000
357.000000
237.000000
427.000000
679.000000
1016.000000
409.000000
159.000000
1997.000000
484.000000
271.000000
459.000000
109.000000
537.000000
635.000000
110.000000
573.000000
60.000000
1098.000000
216.000000
35.000000
328.000000
1117.000000
3805.000000
563.000000
4359.000000
359.000000
220.000000
734.000000
572.000000
1238.000000
58.000000
557.000000
38.000000
997.000000
954.000000
258.000000
452.000000
571.000000
5920.000000
938.000000
1035.000000
433.000000
316.000000
601.000000
3413.000000
226.000000
85.000000
201.000000
348.000000
314.000000
421.000000
2483.000000
292.000000
364.000000
521.000000
2295.000000
412.000000
359.000000
28.000000
2279.000000
155.000000
91.000000
173.000000
169.000000
724.000000
618.000000
4167.000000
4973.000000
361.000000
962.000000
622.000000
86.000000
201.000000
155.000000
185.000000
553.000000
463.000000
1215.000000
517.000000
321.000000
308.000000
181.000000
5099.000000
751.000000
210.000000
127.000000
550.000000
179.000000
1843.000000
331.000000
359.000000
881.000000
264.000000
192.000000
109.000000
3035.000000
697.000000
264.000000
336.000000
186.000000
320.000000
405.000000
370.000000
800.000000
486.000000
403.000000
965.000000
169.000000
117.000000
450.000000
266.000000
971.000000
401.000000
138.000000
362.000000
182.000000
408.000000
192.000000
220.000000
360.000000
406.000000
514.000000
613.000000
104.000000
112.000000
922.000000
176.000000
127.000000
1345.000000
56.000000
1506.000000
523.000000
94.000000
187.000000
248.000000
1192.000000
174.000000
454.000000
129.000000
289.000000
200.000000
81.000000
456.000000
752.000000
1270.000000
279.000000
83.000000
335.000000
121.000000
572.000000
3157.000000
89.000000
2492.000000
1054.000000
111.000000
557.000000
563.000000
62.000000
1297.000000
812.000000
250.000000
162.000000
358.000000
2356.000000
559.000000
609.000000
383.000000
1032.000000
196.000000
1162.000000
165.000000
1828.000000
337.000000
757.000000
130.000000
454.000000
673.000000
1494.000000
143.000000
57.000000
71.000000
185.000000
856.000000
643.000000
610.000000
177.000000
395.000000
1802.000000
385.000000
685.000000
400.000000
1766.000000
112.000000
1485.000000
431.000000
658.000000
88.000000
590.000000
554.000000
460.000000
2703.000000
1335.000000
91.000000
2074.000000
1243.000000
132.000000
5024.000000
2265.000000
639.000000
750.000000
627.000000
1644.000000
181.000000
798.000000
1026.000000
136.000000
302.000000
498.000000
599.000000
1403.000000
32.000000
786.000000
98.000000
49.000000
1514.000000
374.000000
1483.000000
180.000000
131.000000
389.000000
950.000000
50.000000
788.000000
265.000000
476.000000
1691.000000
1447.000000
426.000000
2198.000000
256.000000
63.000000
306.000000
364.000000
323.000000
159.000000
913.000000
394.000000
2629.000000
172.000000
542.000000
206.000000
131.000000
376.000000
2057.000000
542.000000
927.000000
146.000000
3434.000000
3106.000000
1102.000000
938.000000
1811.000000
39.000000
197.000000
1891.000000
21.000000
68.000000
143.000000
488.000000
1165.000000
308.000000
1298.000000
1107.000000
382.000000
890.000000
154.000000
696.000000
148.000000
294.000000
341.000000
180.000000
192.000000
224.000000
254.000000
273.000000
113.000000
496.000000
256.000000
1531.000000
223.000000
405.000000
614.000000
1279.000000
676.000000
189.000000
478.000000
377.000000
1041.000000
107.000000
138.000000
36.000000
152.000000
1381.000000
8150.000000
1516.000000
1322.000000
1314.000000
437.000000
60.000000
3140.000000
305.000000
193.000000
271.000000
374.000000
248.000000
230.000000
57.000000
178.000000
240.000000
3991.000000
1457.000000
538.000000
1504.000000
673.000000
134.000000
367.000000
151.000000
326.000000
117.000000
240.000000
700.000000
72.000000
196.000000
370.000000
2918.000000
2389.000000
540.000000
945.000000
837.000000
1592.000000
181.000000
606.000000
296.000000
1303.000000
591.000000
5050.000000
388.000000
1963.000000
215.000000
804.000000
452.000000
395.000000
566.000000
707.000000
440.000000
184.000000
409.000000
980.000000
113.000000
540.000000
269.000000
358.000000
1145.000000
524.000000
246.000000
1088.000000
1204.000000
189.000000
1061.000000
521.000000
835.000000
886.000000
518.000000
420.000000
147.000000
562.000000
863.000000
105.000000
245.000000
923.000000
169.000000
761.000000
48.000000
222.000000
1552.000000
188.000000
677.000000
653.000000
2857.000000
1593.000000
156.000000
1678.000000
347.000000
222.000000
508.000000
124.000000
223.000000
2623.000000
459.000000
445.000000
77.000000
292.000000
704.000000
1197.000000
1280.000000
3906.000000
62.000000
153.000000
690.000000
131.000000
270.000000
915.000000
90.000000
187.000000
140.000000
36.000000
1175.000000
2831.000000
167.000000
951.000000
858.000000
1046.000000
499.000000
230.000000
302.000000
187.000000
699.000000
169.000000
1184.000000
28.000000
245.000000
827.000000
1048.000000
481.000000
110.000000
221.000000
681.000000
414.000000
186.000000
172.000000
385.000000
905.000000
120.000000
216.000000
3597.000000
71.000000
62.000000
438.000000
444.000000
113.000000
326.000000
366.000000
276.000000
328.000000
1100.000000
362.000000
678.000000
536.000000
1377.000000
1468.000000
209.000000
1776.000000
86.000000
176.000000
259.000000
1426.000000
433.000000
679.000000
494.000000
172.000000
1234.000000
276.000000
85.000000
609.000000
123.000000
2710.000000
179.000000
141.000000
482.000000
894.000000
1015.000000
150.000000
131.000000
534.000000
647.000000
118.000000
110.000000
805.000000
1193.000000
745.000000
2043.000000
186.000000
5596.000000
256.000000
754.000000
543.000000
329.000000
69.000000
425.000000
1693.000000
184.000000
675.000000
1142.000000
638.000000
68.000000
1373.000000
2055.000000
496.000000
360.000000
116.000000
860.000000
1071.000000
1119.000000
36.000000
404.000000
173.000000
1130.000000
381.000000
2220.000000
992.000000
581.000000
2868.000000
529.000000
131.000000
94.000000
157.000000
1852.000000
386.000000
813.000000
890.000000
280.000000
649.000000
146.000000
105.000000
1718.000000
540.000000
368.000000
153.000000
673.000000
1489.000000
228.000000
1749.000000
1147.000000
994.000000
693.000000
692.000000
2077.000000
275.000000
125.000000
316.000000
141.000000
427.000000
588.000000
243.000000
1151.000000
230.000000
1424.000000
265.000000
308.000000
152.000000
1036.000000
824.000000
656.000000
59.000000
279.000000
1187.000000
1093.000000
1080.000000
873.000000
1005.000000
2603.000000
514.000000
6225.000000
497.000000
415.000000
1820.000000
578.000000
803.000000
531.000000
271.000000
325.000000
347.000000
1637.000000
338.000000
905.000000
483.000000
432.000000
605.000000
458.000000
1004.000000
1135.000000
1394.000000
391.000000
449.000000
198.000000
635.000000
1441.000000
625.000000
582.000000
786.000000
862.000000
60.000000
483.000000
695.000000
486.000000
686.000000
1554.000000
522.000000
272.000000
317.000000
434.000000
1785.000000
359.000000
489.000000
55.000000
350.000000
125.000000
359.000000
87.000000
1183.000000
365.000000
225.000000
139.000000
466.000000
160.000000
1223.000000
