51.000000
1565.000000
289.000000
868.000000
1100.000000
158.000000
394.000000
309.000000
1054.000000
371.000000
2323.000000
154.000000
209.000000
313.000000
440.000000
762.000000
432.000000
246.000000
2861.000000
527.000000
300.000000
257.000000
2663.000000
150.000000
177.000000
397.000000
835.000000
403.000000
8549.000000
86.000000
572.000000
147.000000
115.000000
238.000000
1111.000000
163.000000
82.000000
712.000000
455.000000
220.000000
306.000000
350.000000
902.000000
105.000000
938.000000
272.000000
113.000000
818.000000
683.000000
192.000000
582.000000
1625.000000
402.000000
474.000000
114.000000
1572.000000
522.000000
275.000000
510.000000
284.000000
390.000000
781.000000
481.000000
467.000000
506.000000
1242.000000
80.000000
508.000000
234.000000
2180.000000
437.000000
69.000000
379.000000
268.000000
430.000000
433.000000
2270.000000
984.000000
1661.000000
1273.000000
591.000000
79.000000
301.000000
1885.000000
283.000000
622.000000
1264.000000
2488.000000
487.000000
2206.000000
476.000000
385.000000
6550.000000
664.000000
580.000000
874.000000
503.000000
899.000000
619.000000
698.000000
769.000000
318.000000
249.000000
583.000000
1669.000000
90.000000
390.000000
728.000000
131.000000
659.000000
2256.000000
1522.000000
1599.000000
75.000000
470.000000
187.000000
822.000000
1820.000000
388.000000
789.000000
149.000000
260.000000
96.000000
1752.000000
167.000000
1007.000000
146.000000
661.000000
115.000000
62.000000
260.000000
360.000000
1985.000000
538.000000
296.000000
1349.000000
1528.000000
2191.000000
311.000000
681.000000
171.000000
398.000000
437.000000
82.000000
77.000000
548.000000
544.000000
124.000000
612.000000
254.000000
2267.000000
1733.000000
489.000000
258.000000
585.000000
492.000000
53.000000
182.000000
75.000000
561.000000
303.000000
179.000000
1293.000000
160.000000
284.000000
938.000000
620.000000
253.000000
276.000000
228.000000
1030.000000
179.000000
1243.000000
181.000000
584.000000
232.000000
144.000000
975.000000
86.000000
385.000000
340.000000
168.000000
195.000000
183.000000
220.000000
1405.000000
82.000000
95.000000
106.000000
347.000000
164.000000
252.000000
196.000000
244.000000
423.000000
831.000000
259.000000
449.000000
466.000000
130.000000
244.000000
105.000000
600.000000
96.000000
353.000000
653.000000
3094.000000
891.000000
169.000000
201.000000
263.000000
975.000000
901.000000
77.000000
427.000000
144.000000
382.000000
2167.000000
1691.000000
1052.000000
530.000000
274.000000
126.000000
232.000000
124.000000
144.000000
350.000000
262.000000
319.000000
495.000000
3946.000000
58.000000
188.000000
1099.000000
167.000000
327.000000
603.000000
325.000000
443.000000
1479.000000
613.000000
540.000000
440.000000
154.000000
1673.000000
722.000000
279.000000
682.000000
309.000000
149.000000
1131.000000
606.000000
1099.000000
180.000000
341.000000
1308.000000
464.000000
951.000000
301.000000
624.000000
342.000000
1040.000000
87.000000
872.000000
120.000000
73.000000
364.000000
313.000000
59.000000
207.000000
319.000000
458.000000
698.000000
93.000000
231.000000
502.000000
249.000000
620.000000
1824.000000
373.000000
549.000000
370.000000
957.000000
466.000000
130.000000
357.000000
232.000000
355.000000
194.000000
832.000000
911.000000
910.000000
314.000000
2237.000000
275.000000
637.000000
473.000000
27.000000
35.000000
549.000000
737.000000
297.000000
571.000000
369.000000
152.000000
146.000000
221.000000
744.000000
124.000000
59.000000
1899.000000
302.000000
907.000000
581.000000
962.000000
824.000000
220.000000
81.000000
757.000000
1245.000000
2929.000000
339.000000
118.000000
458.000000
796.000000
1078.000000
108.000000
452.000000
712.000000
2423.000000
1237.000000
129.000000
4057.000000
490.000000
231.000000
255.000000
141.000000
484.000000
91.000000
342.000000
246.000000
720.000000
775.000000
291.000000
185.000000
201.000000
667.000000
1358.000000
233.000000
1051.000000
103.000000
150.000000
342.000000
878.000000
83.000000
382.000000
186.000000
279.000000
158.000000
253.000000
210.000000
223.000000
153.000000
679.000000
655.000000
661.000000
208.000000
1750.000000
762.000000
667.000000
597.000000
336.000000
936.000000
420.000000
1201.000000
58.000000
489.000000
39.000000
202.000000
345.000000
349.000000
152.000000
330.000000
299.000000
252.000000
527.000000
211.000000
787.000000
314.000000
334.000000
565.000000
451.000000
631.000000
128.000000
490.000000
583.000000
289.000000
481.000000
2372.000000
81.000000
66.000000
619.000000
484.000000
78.000000
1031.000000
178.000000
408.000000
432.000000
1689.000000
609.000000
589.000000
478.000000
1158.000000
715.000000
807.000000
4181.000000
1943.000000
1408.000000
329.000000
613.000000
1195.000000
324.000000
666.000000
303.000000
138.000000
403.000000
660.000000
320.000000
109.000000
295.000000
37.000000
298.000000
76.000000
758.000000
554.000000
163.000000
275.000000
513.000000
826.000000
400.000000
2422.000000
1017.000000
68.000000
479.000000
296.000000
144.000000
887.000000
63.000000
229.000000
1331.000000
811.000000
83.000000
90.000000
184.000000
293.000000
453.000000
152.000000
391.000000
278.000000
451.000000
1163.000000
309.000000
188.000000
2625.000000
134.000000
563.000000
234.000000
106.000000
181.000000
1062.000000
283.000000
164.000000
569.000000
160.000000
1386.000000
833.000000
622.000000
362.000000
141.000000
299.000000
635.000000
839.000000
310.000000
65.000000
585.000000
30.000000
469.000000
461.000000
170.000000
614.000000
243.000000
454.000000
1371.000000
2028.000000
154.000000
438.000000
1760.000000
569.000000
2345.000000
1141.000000
72.000000
193.000000
178.000000
452.000000
396.000000
78.000000
352.000000
538.000000
169.000000
120.000000
758.000000
1696.000000
337.000000
259.000000
199.000000
168.000000
1343.000000
205.000000
123.000000
9884.000000
856.000000
203.000000
364.000000
402.000000
905.000000
251.000000
381.000000
268.000000
3612.000000
550.000000
230.000000
104.000000
1355.000000
247.000000
297.000000
853.000000
120.000000
446.000000
240.000000
1974.000000
126.000000
231.000000
437.000000
45.000000
203.000000
402.000000
511.000000
829.000000
1539.000000
62.000000
257.000000
522.000000
430.000000
946.000000
179.000000
3108.000000
155.000000
407.000000
1351.000000
1681.000000
215.000000
328.000000
1183.000000
2623.000000
868.000000
237.000000
195.000000
158.000000
327.000000
351.000000
70.000000
164.000000
1198.000000
225.000000
1432.000000
87.000000
429.000000
365.000000
1002.000000
1083.000000
197.000000
1779.000000
1028.000000
193.000000
675.000000
818.000000
1345.000000
293.000000
386.000000
156.000000
274.000000
321.000000
291.000000
2055.000000
113.000000
247.000000
340.000000
175.000000
1552.000000
689.000000
372.000000
273.000000
254.000000
846.000000
223.000000
374.000000
1295.000000
156.000000
785.000000
240.000000
786.000000
143.000000
540.000000
529.000000
4821.000000
1447.000000
430.000000
257.000000
282.000000
754.000000
136.000000
749.000000
411.000000
1351.000000
221.000000
264.000000
289.000000
440.000000
39.000000
700.000000
1134.000000
89.000000
85.000000
76.000000
327.000000
379.000000
138.000000
129.000000
307.000000
447.000000
1696.000000
45.000000
233.000000
707.000000
60.000000
189.000000
509.000000
805.000000
241.000000
453.000000
133.000000
100.000000
164.000000
477.000000
169.000000
6048.000000
290.000000
221.000000
882.000000
1461.000000
262.000000
734.000000
1191.000000
133.000000
166.000000
644.000000
575.000000
1896.000000
332.000000
286.000000
224.000000
569.000000
1098.000000
256.000000
709.000000
178.000000
903.000000
3846.000000
874.000000
995.000000
1103.000000
417.000000
805.000000
868.000000
212.000000
1290.000000
144.000000
148.000000
504.000000
135.000000
286.000000
518.000000
623.000000
199.000000
166.000000
444.000000
1108.000000
187.000000
190.000000
224.000000
240.000000
53.000000
4182.000000
3904.000000
150.000000
899.000000
65.000000
144.000000
218.000000
687.000000
392.000000
253.000000
478.000000
8932.000000
226.000000
492.000000
363.000000
324.000000
335.000000
798.000000
268.000000
49.000000
148.000000
143.000000
1488.000000
127.000000
1045.000000
205.000000
1538.000000
1983.000000
263.000000
218.000000
585.000000
792.000000
608.000000
165.000000
145.000000
337.000000
46.000000
818.000000
5613.000000
219.000000
544.000000
280.000000
139.000000
1153.000000
85.000000
390.000000
2775.000000
262.000000
1325.000000
186.000000
493.000000
297.000000
2339.000000
144.000000
711.000000
90.000000
110.000000
315.000000
1460.000000
333.000000
2030.000000
423.000000
534.000000
67.000000
87.000000
288.000000
466.000000
148.000000
309.000000
283.000000
4896.000000
1362.000000
466.000000
144.000000
118.000000
233.000000
517.000000
87.000000
117.000000
126.000000
171.000000
72.000000
360.000000
455.000000
1942.000000
293.000000
107.000000
203.000000
158.000000
1061.000000
1328.000000
138.000000
678.000000
401.000000
314.000000
143.000000
547.000000
288.000000
273.000000
562.000000
435.000000
828.000000
1700.000000
236.000000
182.000000
715.000000
758.000000
415.000000
310.000000
2558.000000
103.000000
321.000000
265.000000
217.000000
1608.000000
165.000000
920.000000
643.000000
2301.000000
1092.000000
480.000000
932.000000
94.000000
65.000000
163.000000
1529.000000
1901.000000
1329.000000
56.000000
319.000000
51.000000
418.000000
192.000000
167.000000
379.000000
67.000000
174.000000
1210.000000
494.000000
2825.000000
482.000000
1099.000000
414.000000
381.000000
62.000000
397.000000
769.000000
701.000000
1318.000000
669.000000
285.000000
62.000000
879.000000
557.000000
144.000000
606.000000
418.000000
93.000000
61.000000
412.000000
200.000000
163.000000
464.000000
661.000000
86.000000
1700.000000
270.000000
1750.000000
334.000000
352.000000
2587.000000
560.000000
719.000000
185.000000
191.000000
87.000000
1598.000000
954.000000
123.000000
96.000000
158.000000
1270.000000
454.000000
49.000000
153.000000
149.000000
80.000000
825.000000
201.000000
306.000000
235.000000
196.000000
670.000000
395.000000
1987.000000
400.000000
157.000000
810.000000
558.000000
1269.000000
113.000000
267.000000
121.000000
987.000000
612.000000
621.000000
501.000000
141.000000
465.000000
194.000000
176.000000
1673.000000
626.000000
42.000000
54.000000
322.000000
717.000000
1108.000000
381.000000
5267.000000
170.000000
86.000000
678.000000
143.000000
997.000000
160.000000
340.000000
300.000000
850.000000
890.000000
256.000000
699.000000
108.000000
2047.000000
983.000000
237.000000
417.000000
844.000000
327.000000
1067.000000
359.000000
2675.000000
252.000000
463.000000
583.000000
987.000000
1063.000000
178.000000
317.000000
412.000000
40.000000
593.000000
762.000000
2509.000000
214.000000
1108.000000
61.000000
563.000000
45.000000
200.000000
653.000000
306.000000
438.000000
1971.000000
6057.000000
4516.000000
100.000000
711.000000
290.000000
61.000000
568.000000
1023.000000
243.000000
689.000000
569.000000
259.000000
1048.000000
1781.000000
682.000000
954.000000
358.000000
1745.000000
398.000000
233.000000
423.000000
289.000000
1357.000000
268.000000
130.000000
764.000000
316.000000
878.000000
124.000000
242.000000
1070.000000
701.000000
1684.000000
497.000000
