1041.000000
91.000000
91.000000
169.000000
122.000000
512.000000
24.000000
1003.000000
761.000000
731.000000
269.000000
290.000000
6982.000000
566.000000
1335.000000
515.000000
380.000000
119.000000
163.000000
64.000000
692.000000
162.000000
205.000000
381.000000
189.000000
651.000000
291.000000
112.000000
370.000000
624.000000
86.000000
829.000000
440.000000
684.000000
273.000000
3163.000000
277.000000
179.000000
422.000000
335.000000
66.000000
574.000000
329.000000
316.000000
94.000000
720.000000
473.000000
312.000000
179.000000
65.000000
45.000000
3995.000000
384.000000
459.000000
1327.000000
282.000000
1449.000000
380.000000
503.000000
229.000000
649.000000
142.000000
2593.000000
667.000000
6217.000000
443.000000
84.000000
1191.000000
1804.000000
539.000000
155.000000
214.000000
107.000000
89.000000
1626.000000
159.000000
568.000000
240.000000
480.000000
621.000000
828.000000
393.000000
347.000000
637.000000
303.000000
292.000000
2468.000000
222.000000
196.000000
120.000000
99.000000
473.000000
770.000000
113.000000
1103.000000
1901.000000
3054.000000
191.000000
150.000000
5079.000000
354.000000
201.000000
1737.000000
790.000000
140.000000
120.000000
100.000000
160.000000
559.000000
1522.000000
73.000000
414.000000
139.000000
347.000000
850.000000
766.000000
3371.000000
4348.000000
1602.000000
789.000000
2393.000000
366.000000
716.000000
450.000000
75.000000
102.000000
142.000000
785.000000
235.000000
495.000000
567.000000
154.000000
935.000000
883.000000
46.000000
3271.000000
541.000000
267.000000
703.000000
108.000000
380.000000
701.000000
378.000000
104.000000
2159.000000
510.000000
66.000000
194.000000
257.000000
261.000000
155.000000
2040.000000
239.000000
671.000000
465.000000
100.000000
497.000000
760.000000
478.000000
264.000000
743.000000
249.000000
102.000000
60.000000
354.000000
1473.000000
1477.000000
457.000000
341.000000
259.000000
308.000000
2210.000000
1054.000000
292.000000
63.000000
876.000000
283.000000
425.000000
140.000000
554.000000
675.000000
1040.000000
345.000000
882.000000
739.000000
511.000000
1019.000000
172.000000
1108.000000
1545.000000
1101.000000
483.000000
608.000000
838.000000
1207.000000
250.000000
104.000000
93.000000
240.000000
306.000000
119.000000
81.000000
2074.000000
768.000000
1107.000000
1131.000000
1585.000000
330.000000
318.000000
118.000000
263.000000
942.000000
35.000000
94.000000
55.000000
271.000000
203.000000
287.000000
360.000000
480.000000
503.000000
431.000000
61.000000
90.000000
1211.000000
586.000000
1111.000000
1881.000000
324.000000
363.000000
185.000000
1350.000000
189.000000
43.000000
143.000000
66.000000
787.000000
516.000000
692.000000
437.000000
1086.000000
298.000000
2844.000000
155.000000
475.000000
376.000000
172.000000
367.000000
84.000000
414.000000
131.000000
1088.000000
476.000000
158.000000
435.000000
106.000000
292.000000
3429.000000
498.000000
532.000000
78.000000
81.000000
78.000000
946.000000
215.000000
140.000000
3372.000000
955.000000
2001.000000
113.000000
153.000000
705.000000
2949.000000
492.000000
884.000000
999.000000
116.000000
641.000000
355.000000
2040.000000
1372.000000
663.000000
677.000000
301.000000
683.000000
464.000000
1751.000000
374.000000
505.000000
1524.000000
2038.000000
967.000000
99.000000
248.000000
570.000000
298.000000
120.000000
966.000000
360.000000
475.000000
2767.000000
296.000000
121.000000
1919.000000
818.000000
129.000000
326.000000
1135.000000
138.000000
1205.000000
347.000000
1778.000000
573.000000
1099.000000
1319.000000
800.000000
522.000000
823.000000
86.000000
2689.000000
59.000000
689.000000
84.000000
1944.000000
506.000000
183.000000
212.000000
216.000000
289.000000
215.000000
156.000000
1898.000000
52.000000
510.000000
202.000000
1380.000000
1928.000000
803.000000
960.000000
731.000000
41.000000
415.000000
1682.000000
1172.000000
547.000000
699.000000
195.000000
172.000000
941.000000
55.000000
1208.000000
185.000000
859.000000
44.000000
315.000000
380.000000
250.000000
1236.000000
295.000000
5684.000000
265.000000
596.000000
1146.000000
425.000000
772.000000
231.000000
144.000000
630.000000
112.000000
179.000000
343.000000
3837.000000
291.000000
324.000000
198.000000
292.000000
485.000000
870.000000
51.000000
303.000000
32.000000
231.000000
2086.000000
433.000000
1365.000000
643.000000
175.000000
312.000000
2922.000000
121.000000
1853.000000
96.000000
511.000000
387.000000
631.000000
193.000000
608.000000
2642.000000
658.000000
274.000000
570.000000
238.000000
315.000000
796.000000
761.000000
555.000000
508.000000
705.000000
150.000000
872.000000
164.000000
353.000000
347.000000
275.000000
28.000000
681.000000
365.000000
320.000000
133.000000
736.000000
1116.000000
260.000000
122.000000
407.000000
180.000000
106.000000
381.000000
1293.000000
251.000000
704.000000
871.000000
781.000000
673.000000
167.000000
623.000000
209.000000
2414.000000
409.000000
748.000000
627.000000
191.000000
1001.000000
237.000000
77.000000
606.000000
1391.000000
493.000000
357.000000
499.000000
416.000000
825.000000
801.000000
259.000000
125.000000
1218.000000
281.000000
1121.000000
488.000000
1373.000000
774.000000
1568.000000
196.000000
32.000000
281.000000
401.000000
575.000000
476.000000
1148.000000
244.000000
612.000000
486.000000
1972.000000
497.000000
136.000000
390.000000
370.000000
386.000000
56.000000
221.000000
170.000000
188.000000
590.000000
536.000000
250.000000
566.000000
428.000000
910.000000
692.000000
1639.000000
189.000000
520.000000
1162.000000
404.000000
61.000000
1449.000000
7209.000000
1163.000000
4864.000000
64.000000
245.000000
249.000000
887.000000
221.000000
127.000000
214.000000
81.000000
214.000000
546.000000
328.000000
89.000000
349.000000
186.000000
7380.000000
432.000000
140.000000
392.000000
486.000000
5013.000000
1258.000000
84.000000
261.000000
1031.000000
304.000000
977.000000
661.000000
367.000000
265.000000
245.000000
166.000000
147.000000
959.000000
285.000000
260.000000
882.000000
80.000000
1551.000000
1968.000000
673.000000
160.000000
502.000000
345.000000
383.000000
438.000000
942.000000
1072.000000
104.000000
555.000000
447.000000
2018.000000
217.000000
614.000000
182.000000
70.000000
228.000000
408.000000
403.000000
806.000000
241.000000
571.000000
1135.000000
196.000000
156.000000
634.000000
72.000000
333.000000
93.000000
916.000000
839.000000
44.000000
1023.000000
721.000000
261.000000
248.000000
369.000000
478.000000
1337.000000
174.000000
742.000000
325.000000
994.000000
310.000000
256.000000
156.000000
75.000000
397.000000
543.000000
135.000000
188.000000
2350.000000
576.000000
701.000000
1220.000000
111.000000
316.000000
82.000000
232.000000
272.000000
500.000000
259.000000
1929.000000
1493.000000
401.000000
485.000000
226.000000
406.000000
400.000000
49.000000
311.000000
83.000000
2429.000000
1347.000000
308.000000
420.000000
243.000000
181.000000
873.000000
375.000000
299.000000
234.000000
156.000000
554.000000
170.000000
178.000000
442.000000
419.000000
449.000000
87.000000
489.000000
883.000000
314.000000
155.000000
58.000000
585.000000
513.000000
150.000000
33.000000
492.000000
437.000000
107.000000
495.000000
319.000000
508.000000
1175.000000
1016.000000
782.000000
121.000000
776.000000
286.000000
628.000000
275.000000
194.000000
377.000000
1011.000000
107.000000
244.000000
1413.000000
118.000000
551.000000
512.000000
485.000000
1090.000000
51.000000
482.000000
1275.000000
213.000000
542.000000
214.000000
128.000000
1238.000000
962.000000
313.000000
608.000000
179.000000
1125.000000
301.000000
637.000000
39.000000
147.000000
261.000000
482.000000
90.000000
200.000000
42.000000
1002.000000
917.000000
175.000000
2764.000000
295.000000
3019.000000
133.000000
384.000000
266.000000
48.000000
155.000000
1626.000000
868.000000
993.000000
264.000000
242.000000
421.000000
3491.000000
25.000000
47.000000
636.000000
4416.000000
261.000000
105.000000
2067.000000
1280.000000
328.000000
152.000000
143.000000
308.000000
242.000000
164.000000
594.000000
869.000000
855.000000
266.000000
818.000000
198.000000
337.000000
365.000000
305.000000
192.000000
181.000000
711.000000
1087.000000
45.000000
337.000000
294.000000
1336.000000
417.000000
136.000000
2027.000000
1796.000000
631.000000
868.000000
241.000000
1520.000000
84.000000
120.000000
492.000000
280.000000
437.000000
58.000000
1231.000000
226.000000
811.000000
334.000000
244.000000
530.000000
1310.000000
6613.000000
915.000000
872.000000
83.000000
82.000000
154.000000
335.000000
1267.000000
579.000000
1387.000000
493.000000
190.000000
604.000000
168.000000
59.000000
305.000000
136.000000
2255.000000
625.000000
1253.000000
135.000000
592.000000
92.000000
413.000000
445.000000
701.000000
454.000000
454.000000
458.000000
121.000000
799.000000
1144.000000
302.000000
388.000000
1481.000000
156.000000
435.000000
1152.000000
79.000000
111.000000
311.000000
208.000000
36.000000
134.000000
122.000000
159.000000
310.000000
326.000000
244.000000
70.000000
1311.000000
275.000000
368.000000
4550.000000
94.000000
415.000000
1197.000000
424.000000
286.000000
106.000000
460.000000
567.000000
120.000000
162.000000
116.000000
1671.000000
311.000000
279.000000
2050.000000
508.000000
155.000000
1723.000000
341.000000
678.000000
113.000000
388.000000
57.000000
404.000000
117.000000
160.000000
424.000000
114.000000
414.000000
1487.000000
450.000000
1405.000000
411.000000
418.000000
832.000000
710.000000
815.000000
270.000000
396.000000
95.000000
412.000000
436.000000
868.000000
176.000000
1234.000000
261.000000
605.000000
505.000000
102.000000
458.000000
992.000000
1100.000000
321.000000
683.000000
72.000000
2985.000000
14.000000
672.000000
115.000000
413.000000
71.000000
251.000000
678.000000
837.000000
321.000000
1064.000000
666.000000
491.000000
264.000000
394.000000
983.000000
34.000000
721.000000
884.000000
861.000000
451.000000
347.000000
516.000000
209.000000
149.000000
273.000000
463.000000
93.000000
233.000000
313.000000
84.000000
336.000000
1471.000000
181.000000
487.000000
156.000000
239.000000
304.000000
2996.000000
309.000000
1670.000000
339.000000
220.000000
2306.000000
263.000000
4848.000000
392.000000
151.000000
272.000000
286.000000
592.000000
271.000000
278.000000
179.000000
285.000000
81.000000
298.000000
279.000000
965.000000
487.000000
373.000000
446.000000
2026.000000
848.000000
275.000000
747.000000
1163.000000
700.000000
1062.000000
203.000000
626.000000
817.000000
268.000000
198.000000
299.000000
1865.000000
87.000000
62.000000
929.000000
599.000000
1519.000000
1440.000000
62.000000
218.000000
324.000000
582.000000
4888.000000
702.000000
1010.000000
681.000000
318.000000
1314.000000
395.000000
475.000000
771.000000
345.000000
982.000000
567.000000
887.000000
48.000000
119.000000
820.000000
154.000000
349.000000
1128.000000
129.000000
475.000000
1020.000000
211.000000
459.000000
39.000000
632.000000
385.000000
248.000000
101.000000
882.000000
549.000000
338.000000
315.000000
333.000000
405.000000
266.000000
356.000000
925.000000
974.000000
148.000000
1498.000000
48.000000
577.000000
615.000000
879.000000
778.000000
81.000000
1433.000000
148.000000
108.000000
397.000000
173.000000
