426.000000
1339.000000
174.000000
79.000000
194.000000
886.000000
647.000000
898.000000
317.000000
683.000000
2927.000000
1002.000000
866.000000
1121.000000
1370.000000
664.000000
1221.000000
76.000000
1401.000000
1173.000000
414.000000
576.000000
604.000000
73.000000
137.000000
319.000000
97.000000
623.000000
525.000000
1139.000000
98.000000
678.000000
2279.000000
1089.000000
978.000000
1186.000000
834.000000
252.000000
1445.000000
463.000000
1000.000000
824.000000
166.000000
352.000000
762.000000
988.000000
953.000000
2776.000000
905.000000
1003.000000
430.000000
587.000000
812.000000
507.000000
294.000000
1493.000000
1352.000000
1227.000000
269.000000
931.000000
1609.000000
428.000000
361.000000
870.000000
386.000000
469.000000
133.000000
386.000000
447.000000
91.000000
334.000000
707.000000
619.000000
304.000000
1807.000000
162.000000
154.000000
1190.000000
1233.000000
345.000000
422.000000
124.000000
334.000000
3032.000000
214.000000
186.000000
1594.000000
497.000000
457.000000
259.000000
358.000000
452.000000
650.000000
568.000000
2342.000000
541.000000
651.000000
130.000000
249.000000
833.000000
244.000000
205.000000
244.000000
429.000000
228.000000
203.000000
86.000000
927.000000
271.000000
578.000000
346.000000
148.000000
505.000000
436.000000
185.000000
120.000000
2151.000000
194.000000
677.000000
403.000000
913.000000
417.000000
92.000000
399.000000
2200.000000
632.000000
812.000000
199.000000
271.000000
1036.000000
1055.000000
2480.000000
259.000000
392.000000
883.000000
807.000000
188.000000
112.000000
196.000000
890.000000
230.000000
231.000000
154.000000
1253.000000
373.000000
115.000000
758.000000
574.000000
798.000000
664.000000
293.000000
1181.000000
1731.000000
321.000000
734.000000
201.000000
368.000000
868.000000
263.000000
788.000000
761.000000
1340.000000
210.000000
231.000000
749.000000
781.000000
217.000000
349.000000
351.000000
86.000000
137.000000
1280.000000
366.000000
221.000000
235.000000
876.000000
864.000000
261.000000
179.000000
159.000000
568.000000
983.000000
2100.000000
1348.000000
1717.000000
305.000000
1067.000000
232.000000
633.000000
107.000000
190.000000
25.000000
1824.000000
377.000000
204.000000
273.000000
1074.000000
289.000000
233.000000
1825.000000
91.000000
149.000000
62.000000
759.000000
130.000000
352.000000
193.000000
735.000000
478.000000
91.000000
848.000000
203.000000
1705.000000
165.000000
81.000000
608.000000
183.000000
1156.000000
365.000000
476.000000
1555.000000
926.000000
374.000000
1247.000000
877.000000
704.000000
133.000000
165.000000
172.000000
85.000000
116.000000
1311.000000
281.000000
382.000000
332.000000
6905.000000
29.000000
733.000000
197.000000
754.000000
98.000000
333.000000
595.000000
91.000000
500.000000
269.000000
322.000000
424.000000
2179.000000
1149.000000
696.000000
954.000000
194.000000
106.000000
898.000000
86.000000
779.000000
1259.000000
1045.000000
1388.000000
2781.000000
194.000000
166.000000
1401.000000
206.000000
295.000000
327.000000
265.000000
552.000000
300.000000
677.000000
118.000000
319.000000
118.000000
471.000000
830.000000
450.000000
979.000000
242.000000
338.000000
1299.000000
1182.000000
368.000000
100.000000
272.000000
2644.000000
96.000000
2578.000000
164.000000
934.000000
820.000000
988.000000
497.000000
223.000000
571.000000
628.000000
104.000000
519.000000
171.000000
50.000000
283.000000
126.000000
476.000000
217.000000
192.000000
599.000000
616.000000
212.000000
239.000000
1054.000000
383.000000
179.000000
113.000000
234.000000
450.000000
184.000000
366.000000
1124.000000
590.000000
466.000000
174.000000
135.000000
381.000000
119.000000
5420.000000
184.000000
387.000000
163.000000
1256.000000
2203.000000
2332.000000
273.000000
214.000000
512.000000
3218.000000
374.000000
1051.000000
121.000000
179.000000
289.000000
276.000000
175.000000
995.000000
185.000000
353.000000
197.000000
1122.000000
1665.000000
476.000000
118.000000
3072.000000
4216.000000
206.000000
288.000000
179.000000
266.000000
358.000000
75.000000
608.000000
417.000000
1485.000000
679.000000
884.000000
1012.000000
469.000000
328.000000
599.000000
150.000000
2195.000000
526.000000
2469.000000
500.000000
1551.000000
1364.000000
416.000000
650.000000
309.000000
174.000000
964.000000
182.000000
129.000000
837.000000
394.000000
292.000000
872.000000
133.000000
166.000000
393.000000
340.000000
311.000000
1873.000000
733.000000
952.000000
184.000000
600.000000
270.000000
1482.000000
2007.000000
631.000000
436.000000
178.000000
107.000000
1732.000000
481.000000
203.000000
200.000000
192.000000
116.000000
103.000000
570.000000
66.000000
694.000000
960.000000
53.000000
411.000000
672.000000
221.000000
1046.000000
177.000000
221.000000
4640.000000
703.000000
218.000000
75.000000
262.000000
209.000000
447.000000
333.000000
441.000000
121.000000
247.000000
378.000000
748.000000
47.000000
260.000000
643.000000
532.000000
646.000000
37.000000
127.000000
291.000000
1624.000000
244.000000
3331.000000
193.000000
1659.000000
3129.000000
437.000000
415.000000
150.000000
624.000000
3702.000000
1077.000000
95.000000
516.000000
1339.000000
366.000000
63.000000
76.000000
291.000000
449.000000
1266.000000
263.000000
435.000000
511.000000
158.000000
955.000000
216.000000
1411.000000
133.000000
326.000000
251.000000
284.000000
469.000000
683.000000
181.000000
146.000000
94.000000
1160.000000
198.000000
154.000000
348.000000
982.000000
503.000000
88.000000
229.000000
1032.000000
127.000000
897.000000
354.000000
1943.000000
463.000000
696.000000
384.000000
770.000000
168.000000
3409.000000
749.000000
787.000000
240.000000
644.000000
429.000000
962.000000
796.000000
284.000000
2344.000000
722.000000
527.000000
304.000000
698.000000
403.000000
2599.000000
662.000000
157.000000
1071.000000
309.000000
258.000000
599.000000
82.000000
1437.000000
306.000000
253.000000
349.000000
33.000000
1160.000000
283.000000
1247.000000
393.000000
256.000000
234.000000
91.000000
204.000000
901.000000
676.000000
14.000000
210.000000
129.000000
372.000000
1358.000000
162.000000
112.000000
920.000000
158.000000
736.000000
364.000000
154.000000
300.000000
133.000000
1057.000000
217.000000
180.000000
197.000000
737.000000
1655.000000
230.000000
1254.000000
844.000000
49.000000
114.000000
427.000000
139.000000
159.000000
62.000000
664.000000
242.000000
95.000000
202.000000
430.000000
165.000000
221.000000
217.000000
624.000000
267.000000
479.000000
561.000000
624.000000
573.000000
1567.000000
1229.000000
1201.000000
1590.000000
165.000000
279.000000
14914.000000
91.000000
258.000000
671.000000
1471.000000
331.000000
2396.000000
127.000000
4089.000000
248.000000
237.000000
3363.000000
253.000000
2380.000000
298.000000
75.000000
162.000000
3212.000000
862.000000
131.000000
909.000000
30.000000
587.000000
280.000000
257.000000
242.000000
210.000000
95.000000
2676.000000
252.000000
256.000000
898.000000
1741.000000
626.000000
723.000000
220.000000
767.000000
373.000000
48.000000
722.000000
536.000000
983.000000
190.000000
803.000000
215.000000
363.000000
1879.000000
913.000000
627.000000
187.000000
191.000000
855.000000
991.000000
1003.000000
137.000000
325.000000
2387.000000
2030.000000
1377.000000
535.000000
345.000000
2208.000000
223.000000
2424.000000
768.000000
741.000000
98.000000
902.000000
242.000000
1512.000000
654.000000
395.000000
338.000000
457.000000
2813.000000
222.000000
1151.000000
126.000000
650.000000
80.000000
215.000000
133.000000
417.000000
501.000000
54.000000
193.000000
637.000000
231.000000
473.000000
234.000000
545.000000
4089.000000
554.000000
745.000000
171.000000
89.000000
144.000000
114.000000
546.000000
109.000000
2689.000000
314.000000
431.000000
109.000000
352.000000
227.000000
1033.000000
84.000000
183.000000
858.000000
475.000000
621.000000
372.000000
307.000000
1049.000000
559.000000
1945.000000
490.000000
376.000000
148.000000
118.000000
520.000000
326.000000
149.000000
205.000000
760.000000
334.000000
1234.000000
1356.000000
1756.000000
695.000000
1192.000000
161.000000
122.000000
1985.000000
120.000000
756.000000
1243.000000
269.000000
239.000000
1790.000000
2835.000000
27.000000
164.000000
386.000000
260.000000
76.000000
3602.000000
2541.000000
214.000000
236.000000
645.000000
355.000000
578.000000
827.000000
5965.000000
63.000000
237.000000
3263.000000
204.000000
67.000000
930.000000
521.000000
1299.000000
1078.000000
199.000000
163.000000
912.000000
452.000000
1427.000000
1836.000000
1970.000000
97.000000
892.000000
1361.000000
243.000000
67.000000
326.000000
44.000000
467.000000
197.000000
448.000000
797.000000
171.000000
99.000000
190.000000
490.000000
1529.000000
3089.000000
824.000000
270.000000
230.000000
154.000000
1438.000000
867.000000
194.000000
872.000000
226.000000
772.000000
886.000000
73.000000
597.000000
739.000000
146.000000
238.000000
406.000000
502.000000
481.000000
303.000000
70.000000
371.000000
1725.000000
138.000000
274.000000
2420.000000
302.000000
116.000000
184.000000
3300.000000
304.000000
923.000000
898.000000
917.000000
550.000000
5428.000000
665.000000
102.000000
233.000000
325.000000
162.000000
201.000000
296.000000
4484.000000
248.000000
454.000000
365.000000
765.000000
858.000000
211.000000
299.000000
117.000000
335.000000
162.000000
287.000000
308.000000
83.000000
430.000000
102.000000
360.000000
1071.000000
766.000000
1625.000000
291.000000
971.000000
776.000000
3488.000000
801.000000
1191.000000
338.000000
432.000000
471.000000
83.000000
124.000000
420.000000
318.000000
1022.000000
410.000000
743.000000
624.000000
1208.000000
826.000000
295.000000
233.000000
394.000000
366.000000
374.000000
389.000000
225.000000
301.000000
311.000000
426.000000
158.000000
97.000000
315.000000
411.000000
196.000000
1840.000000
1630.000000
566.000000
118.000000
94.000000
140.000000
710.000000
187.000000
193.000000
279.000000
818.000000
232.000000
822.000000
856.000000
2807.000000
136.000000
1261.000000
1469.000000
254.000000
66.000000
164.000000
296.000000
731.000000
2116.000000
613.000000
1091.000000
242.000000
130.000000
648.000000
890.000000
511.000000
802.000000
239.000000
78.000000
218.000000
188.000000
485.000000
98.000000
337.000000
385.000000
211.000000
500.000000
167.000000
988.000000
908.000000
179.000000
278.000000
674.000000
828.000000
705.000000
262.000000
683.000000
362.000000
77.000000
1121.000000
910.000000
241.000000
2259.000000
490.000000
451.000000
2250.000000
585.000000
185.000000
941.000000
113.000000
236.000000
837.000000
1361.000000
721.000000
892.000000
182.000000
798.000000
269.000000
154.000000
249.000000
327.000000
126.000000
3012.000000
427.000000
82.000000
332.000000
362.000000
445.000000
101.000000
476.000000
426.000000
787.000000
365.000000
172.000000
82.000000
199.000000
855.000000
352.000000
1489.000000
981.000000
789.000000
1620.000000
51.000000
109.000000
353.000000
242.000000
84.000000
551.000000
354.000000
796.000000
756.000000
719.000000
288.000000
314.000000
832.000000
1389.000000
451.000000
234.000000
131.000000
1298.000000
211.000000
126.000000
139.000000
241.000000
202.000000
102.000000
786.000000
376.000000
329.000000
82.000000
302.000000
12.000000
451.000000
1552.000000
1518.000000
245.000000
