592.000000
588.000000
182.000000
470.000000
228.000000
352.000000
339.000000
326.000000
175.000000
649.000000
466.000000
151.000000
222.000000
890.000000
239.000000
218.000000
412.000000
1240.000000
1344.000000
378.000000
702.000000
2796.000000
440.000000
691.000000
754.000000
563.000000
989.000000
408.000000
169.000000
356.000000
244.000000
303.000000
456.000000
120.000000
157.000000
444.000000
425.000000
982.000000
821.000000
1502.000000
1210.000000
69.000000
91.000000
658.000000
563.000000
1316.000000
455.000000
363.000000
298.000000
777.000000
1180.000000
141.000000
180.000000
729.000000
731.000000
173.000000
891.000000
191.000000
638.000000
485.000000
77.000000
146.000000
8422.000000
1468.000000
275.000000
469.000000
180.000000
215.000000
1738.000000
507.000000
463.000000
727.000000
467.000000
98.000000
287.000000
7204.000000
234.000000
224.000000
77.000000
83.000000
520.000000
352.000000
139.000000
418.000000
545.000000
2039.000000
246.000000
669.000000
761.000000
47.000000
98.000000
762.000000
142.000000
868.000000
131.000000
241.000000
2274.000000
3683.000000
164.000000
455.000000
763.000000
263.000000
565.000000
287.000000
1260.000000
1873.000000
1059.000000
257.000000
3883.000000
119.000000
183.000000
162.000000
265.000000
336.000000
646.000000
201.000000
140.000000
365.000000
3480.000000
419.000000
333.000000
289.000000
2355.000000
407.000000
143.000000
129.000000
94.000000
73.000000
183.000000
2126.000000
509.000000
57.000000
595.000000
1124.000000
471.000000
293.000000
361.000000
99.000000
644.000000
144.000000
630.000000
113.000000
568.000000
949.000000
393.000000
526.000000
182.000000
736.000000
109.000000
279.000000
333.000000
592.000000
682.000000
96.000000
211.000000
1662.000000
3181.000000
5414.000000
315.000000
277.000000
171.000000
286.000000
146.000000
2165.000000
2109.000000
225.000000
519.000000
178.000000
247.000000
139.000000
504.000000
781.000000
104.000000
264.000000
681.000000
269.000000
140.000000
121.000000
399.000000
369.000000
442.000000
1818.000000
186.000000
267.000000
826.000000
467.000000
417.000000
682.000000
115.000000
1358.000000
1046.000000
580.000000
135.000000
362.000000
854.000000
433.000000
442.000000
245.000000
146.000000
282.000000
463.000000
1144.000000
529.000000
190.000000
63.000000
229.000000
516.000000
372.000000
142.000000
418.000000
380.000000
897.000000
264.000000
730.000000
117.000000
1084.000000
2568.000000
361.000000
193.000000
595.000000
661.000000
38.000000
542.000000
271.000000
397.000000
263.000000
511.000000
808.000000
242.000000
590.000000
127.000000
2571.000000
534.000000
357.000000
777.000000
395.000000
141.000000
367.000000
1055.000000
799.000000
348.000000
96.000000
253.000000
88.000000
389.000000
560.000000
582.000000
122.000000
233.000000
257.000000
364.000000
473.000000
536.000000
2572.000000
815.000000
765.000000
3690.000000
585.000000
76.000000
95.000000
214.000000
536.000000
148.000000
69.000000
77.000000
179.000000
312.000000
1081.000000
239.000000
130.000000
1423.000000
302.000000
36.000000
360.000000
527.000000
414.000000
124.000000
248.000000
532.000000
526.000000
2029.000000
1002.000000
313.000000
436.000000
194.000000
207.000000
143.000000
582.000000
242.000000
501.000000
307.000000
236.000000
99.000000
98.000000
536.000000
1010.000000
1970.000000
285.000000
1025.000000
1146.000000
831.000000
905.000000
366.000000
121.000000
1753.000000
300.000000
117.000000
615.000000
1121.000000
50.000000
260.000000
113.000000
202.000000
765.000000
701.000000
143.000000
103.000000
551.000000
1401.000000
333.000000
403.000000
441.000000
699.000000
1289.000000
165.000000
427.000000
668.000000
938.000000
520.000000
112.000000
6179.000000
85.000000
252.000000
591.000000
4907.000000
1955.000000
562.000000
2155.000000
370.000000
696.000000
1408.000000
1044.000000
504.000000
635.000000
511.000000
129.000000
31.000000
980.000000
661.000000
188.000000
165.000000
658.000000
654.000000
668.000000
356.000000
2529.000000
688.000000
92.000000
2359.000000
285.000000
4007.000000
1042.000000
324.000000
2227.000000
1271.000000
67.000000
653.000000
1533.000000
594.000000
140.000000
1309.000000
695.000000
561.000000
364.000000
679.000000
213.000000
212.000000
826.000000
232.000000
275.000000
479.000000
414.000000
360.000000
4985.000000
273.000000
581.000000
1081.000000
1396.000000
366.000000
363.000000
1525.000000
220.000000
329.000000
1697.000000
363.000000
1677.000000
700.000000
229.000000
313.000000
908.000000
1282.000000
481.000000
315.000000
300.000000
739.000000
848.000000
123.000000
221.000000
244.000000
153.000000
343.000000
330.000000
3012.000000
1534.000000
168.000000
669.000000
933.000000
346.000000
365.000000
4368.000000
1754.000000
54.000000
958.000000
277.000000
512.000000
370.000000
798.000000
323.000000
152.000000
2355.000000
1592.000000
669.000000
41.000000
229.000000
544.000000
239.000000
495.000000
757.000000
229.000000
307.000000
140.000000
4272.000000
547.000000
150.000000
230.000000
798.000000
419.000000
248.000000
81.000000
1552.000000
332.000000
766.000000
312.000000
1797.000000
207.000000
1031.000000
902.000000
725.000000
1251.000000
155.000000
986.000000
389.000000
650.000000
475.000000
46.000000
256.000000
463.000000
215.000000
155.000000
640.000000
135.000000
132.000000
401.000000
414.000000
326.000000
55.000000
246.000000
248.000000
342.000000
145.000000
55.000000
1659.000000
778.000000
547.000000
666.000000
541.000000
833.000000
884.000000
561.000000
642.000000
580.000000
92.000000
954.000000
384.000000
554.000000
75.000000
205.000000
786.000000
452.000000
496.000000
500.000000
1122.000000
339.000000
381.000000
362.000000
417.000000
549.000000
263.000000
1399.000000
266.000000
195.000000
346.000000
1052.000000
295.000000
1057.000000
1284.000000
743.000000
598.000000
561.000000
285.000000
144.000000
161.000000
60.000000
4825.000000
123.000000
2826.000000
486.000000
877.000000
1305.000000
499.000000
247.000000
111.000000
274.000000
933.000000
69.000000
979.000000
584.000000
956.000000
193.000000
411.000000
361.000000
2138.000000
1499.000000
281.000000
246.000000
324.000000
219.000000
894.000000
371.000000
90.000000
1036.000000
1150.000000
306.000000
242.000000
225.000000
281.000000
531.000000
533.000000
624.000000
416.000000
647.000000
263.000000
206.000000
1288.000000
42.000000
389.000000
58.000000
695.000000
475.000000
652.000000
5963.000000
803.000000
835.000000
162.000000
935.000000
376.000000
979.000000
424.000000
580.000000
470.000000
212.000000
153.000000
523.000000
301.000000
1385.000000
102.000000
450.000000
95.000000
152.000000
685.000000
855.000000
444.000000
1257.000000
370.000000
131.000000
302.000000
319.000000
144.000000
205.000000
127.000000
6462.000000
537.000000
90.000000
259.000000
227.000000
676.000000
358.000000
185.000000
1406.000000
925.000000
116.000000
84.000000
192.000000
268.000000
1242.000000
472.000000
176.000000
381.000000
151.000000
90.000000
753.000000
170.000000
410.000000
2629.000000
1807.000000
1587.000000
384.000000
300.000000
2166.000000
506.000000
344.000000
219.000000
406.000000
361.000000
469.000000
266.000000
341.000000
79.000000
148.000000
395.000000
337.000000
21.000000
600.000000
593.000000
2605.000000
183.000000
2769.000000
497.000000
96.000000
260.000000
472.000000
1349.000000
235.000000
5621.000000
927.000000
232.000000
386.000000
178.000000
145.000000
1555.000000
331.000000
517.000000
189.000000
253.000000
99.000000
202.000000
1999.000000
887.000000
1437.000000
271.000000
165.000000
267.000000
187.000000
38.000000
376.000000
630.000000
336.000000
1717.000000
436.000000
395.000000
842.000000
255.000000
1528.000000
259.000000
383.000000
172.000000
191.000000
371.000000
251.000000
99.000000
168.000000
172.000000
1081.000000
251.000000
218.000000
539.000000
304.000000
153.000000
3407.000000
536.000000
785.000000
642.000000
641.000000
303.000000
260.000000
956.000000
277.000000
488.000000
1156.000000
412.000000
79.000000
256.000000
1579.000000
509.000000
90.000000
204.000000
1552.000000
395.000000
303.000000
2120.000000
267.000000
57.000000
554.000000
404.000000
57.000000
450.000000
916.000000
154.000000
310.000000
1983.000000
833.000000
1795.000000
55.000000
331.000000
1911.000000
691.000000
874.000000
924.000000
118.000000
173.000000
375.000000
362.000000
378.000000
509.000000
300.000000
1375.000000
409.000000
74.000000
422.000000
47.000000
403.000000
1872.000000
234.000000
70.000000
605.000000
323.000000
957.000000
1241.000000
614.000000
2408.000000
7378.000000
175.000000
471.000000
2954.000000
242.000000
2368.000000
1173.000000
2120.000000
101.000000
4394.000000
104.000000
125.000000
141.000000
289.000000
5164.000000
6953.000000
1813.000000
59.000000
396.000000
306.000000
2006.000000
576.000000
1415.000000
210.000000
582.000000
272.000000
125.000000
466.000000
338.000000
551.000000
1988.000000
254.000000
90.000000
995.000000
2333.000000
452.000000
106.000000
441.000000
297.000000
427.000000
3928.000000
391.000000
300.000000
160.000000
927.000000
1104.000000
928.000000
169.000000
4212.000000
102.000000
1419.000000
88.000000
91.000000
368.000000
248.000000
1537.000000
69.000000
459.000000
2397.000000
33.000000
44.000000
138.000000
369.000000
162.000000
558.000000
550.000000
441.000000
296.000000
398.000000
891.000000
184.000000
548.000000
1628.000000
101.000000
974.000000
2411.000000
431.000000
1183.000000
238.000000
76.000000
813.000000
700.000000
731.000000
905.000000
329.000000
742.000000
114.000000
358.000000
301.000000
835.000000
375.000000
2751.000000
93.000000
979.000000
286.000000
106.000000
475.000000
241.000000
310.000000
914.000000
336.000000
144.000000
903.000000
96.000000
103.000000
246.000000
696.000000
100.000000
391.000000
289.000000
308.000000
369.000000
214.000000
121.000000
593.000000
1040.000000
303.000000
340.000000
230.000000
207.000000
159.000000
1287.000000
425.000000
1130.000000
220.000000
803.000000
729.000000
248.000000
1767.000000
314.000000
528.000000
276.000000
245.000000
2583.000000
339.000000
513.000000
485.000000
311.000000
72.000000
513.000000
292.000000
144.000000
219.000000
449.000000
96.000000
269.000000
241.000000
239.000000
556.000000
291.000000
175.000000
256.000000
63.000000
120.000000
1093.000000
52.000000
374.000000
216.000000
52.000000
308.000000
560.000000
444.000000
473.000000
1996.000000
282.000000
502.000000
669.000000
442.000000
3767.000000
2070.000000
103.000000
556.000000
139.000000
143.000000
470.000000
377.000000
1046.000000
187.000000
304.000000
605.000000
1460.000000
261.000000
159.000000
358.000000
492.000000
1282.000000
411.000000
237.000000
110.000000
515.000000
203.000000
156.000000
120.000000
294.000000
149.000000
1276.000000
474.000000
193.000000
322.000000
4093.000000
384.000000
60.000000
125.000000
509.000000
219.000000
82.000000
237.000000
1180.000000
373.000000
157.000000
553.000000
2308.000000
101.000000
589.000000
173.000000
135.000000
273.000000
158.000000
343.000000
1354.000000
272.000000
130.000000
247.000000
146.000000
233.000000
149.000000
1233.000000
712.000000
74.000000
501.000000
333.000000
1781.000000
398.000000
828.000000
326.000000
188.000000
557.000000
691.000000
1064.000000
205.000000
