408.000000
2765.000000
271.000000
572.000000
77.000000
396.000000
112.000000
208.000000
1810.000000
445.000000
140.000000
1023.000000
820.000000
355.000000
475.000000
213.000000
181.000000
1626.000000
277.000000
472.000000
494.000000
222.000000
598.000000
32.000000
809.000000
291.000000
333.000000
342.000000
815.000000
1255.000000
4146.000000
35.000000
678.000000
192.000000
223.000000
125.000000
723.000000
598.000000
211.000000
155.000000
462.000000
342.000000
79.000000
751.000000
494.000000
191.000000
250.000000
362.000000
387.000000
777.000000
2099.000000
126.000000
332.000000
242.000000
210.000000
1134.000000
159.000000
256.000000
47.000000
26.000000
758.000000
116.000000
206.000000
530.000000
85.000000
936.000000
370.000000
450.000000
213.000000
1133.000000
701.000000
313.000000
4800.000000
1986.000000
172.000000
285.000000
815.000000
108.000000
3191.000000
975.000000
114.000000
1513.000000
271.000000
1819.000000
144.000000
194.000000
212.000000
2375.000000
848.000000
661.000000
121.000000
576.000000
508.000000
261.000000
162.000000
1159.000000
811.000000
1477.000000
574.000000
1607.000000
164.000000
1221.000000
450.000000
418.000000
994.000000
683.000000
282.000000
68.000000
516.000000
399.000000
1113.000000
326.000000
223.000000
511.000000
607.000000
67.000000
441.000000
64.000000
2119.000000
543.000000
530.000000
183.000000
2896.000000
1251.000000
102.000000
138.000000
43.000000
1127.000000
133.000000
194.000000
182.000000
243.000000
259.000000
632.000000
711.000000
267.000000
801.000000
431.000000
5.000000
154.000000
414.000000
238.000000
161.000000
286.000000
2040.000000
362.000000
77.000000
688.000000
1492.000000
189.000000
646.000000
620.000000
1139.000000
331.000000
727.000000
2415.000000
450.000000
1250.000000
2232.000000
447.000000
235.000000
695.000000
1117.000000
1149.000000
446.000000
60.000000
313.000000
2805.000000
851.000000
259.000000
497.000000
1236.000000
568.000000
944.000000
2417.000000
613.000000
1006.000000
1717.000000
375.000000
638.000000
403.000000
134.000000
131.000000
1168.000000
746.000000
812.000000
154.000000
186.000000
353.000000
221.000000
789.000000
275.000000
415.000000
1461.000000
770.000000
813.000000
668.000000
405.000000
709.000000
648.000000
172.000000
296.000000
163.000000
67.000000
285.000000
452.000000
981.000000
170.000000
112.000000
725.000000
1830.000000
649.000000
143.000000
227.000000
1098.000000
209.000000
438.000000
84.000000
898.000000
205.000000
546.000000
983.000000
202.000000
151.000000
150.000000
1959.000000
350.000000
200.000000
597.000000
99.000000
428.000000
1907.000000
366.000000
195.000000
219.000000
819.000000
199.000000
500.000000
852.000000
696.000000
189.000000
99.000000
478.000000
644.000000
447.000000
273.000000
368.000000
1131.000000
137.000000
676.000000
297.000000
193.000000
239.000000
386.000000
333.000000
63.000000
158.000000
109.000000
171.000000
498.000000
1729.000000
421.000000
1019.000000
975.000000
307.000000
384.000000
470.000000
288.000000
2773.000000
2233.000000
2698.000000
48.000000
1719.000000
219.000000
1053.000000
754.000000
1861.000000
761.000000
122.000000
187.000000
227.000000
254.000000
686.000000
241.000000
1704.000000
2809.000000
163.000000
236.000000
313.000000
368.000000
381.000000
206.000000
167.000000
207.000000
201.000000
619.000000
517.000000
281.000000
208.000000
333.000000
334.000000
105.000000
542.000000
301.000000
714.000000
339.000000
34.000000
129.000000
32.000000
460.000000
3793.000000
625.000000
1339.000000
4852.000000
218.000000
798.000000
990.000000
1142.000000
627.000000
384.000000
425.000000
784.000000
581.000000
721.000000
255.000000
202.000000
3187.000000
214.000000
1074.000000
265.000000
115.000000
150.000000
358.000000
1614.000000
577.000000
388.000000
85.000000
488.000000
682.000000
915.000000
1073.000000
861.000000
239.000000
3620.000000
263.000000
132.000000
823.000000
99.000000
76.000000
322.000000
54.000000
72.000000
77.000000
183.000000
271.000000
479.000000
1387.000000
144.000000
1535.000000
202.000000
1881.000000
3602.000000
492.000000
115.000000
1271.000000
115.000000
490.000000
1586.000000
1497.000000
352.000000
428.000000
138.000000
206.000000
205.000000
372.000000
292.000000
4319.000000
974.000000
1427.000000
188.000000
1912.000000
647.000000
839.000000
155.000000
250.000000
74.000000
9.000000
168.000000
1325.000000
576.000000
17201.000000
347.000000
41.000000
222.000000
615.000000
68.000000
1393.000000
143.000000
252.000000
804.000000
175.000000
96.000000
243.000000
686.000000
401.000000
307.000000
617.000000
330.000000
64.000000
244.000000
519.000000
26.000000
606.000000
907.000000
555.000000
866.000000
55.000000
300.000000
1873.000000
408.000000
398.000000
144.000000
1359.000000
100.000000
382.000000
465.000000
446.000000
261.000000
184.000000
713.000000
402.000000
1183.000000
741.000000
610.000000
463.000000
185.000000
9.000000
340.000000
218.000000
457.000000
1626.000000
1308.000000
213.000000
999.000000
397.000000
285.000000
196.000000
344.000000
128.000000
947.000000
22.000000
336.000000
493.000000
1206.000000
1074.000000
324.000000
384.000000
376.000000
129.000000
240.000000
696.000000
562.000000
327.000000
101.000000
149.000000
857.000000
1429.000000
275.000000
322.000000
909.000000
379.000000
154.000000
1407.000000
134.000000
614.000000
930.000000
656.000000
668.000000
71.000000
1170.000000
146.000000
546.000000
4473.000000
505.000000
1086.000000
181.000000
221.000000
224.000000
179.000000
753.000000
576.000000
688.000000
451.000000
2352.000000
105.000000
709.000000
154.000000
195.000000
567.000000
214.000000
516.000000
287.000000
239.000000
207.000000
307.000000
1025.000000
191.000000
346.000000
4860.000000
625.000000
211.000000
296.000000
1179.000000
358.000000
789.000000
98.000000
169.000000
58.000000
1540.000000
169.000000
1707.000000
379.000000
198.000000
399.000000
614.000000
156.000000
238.000000
223.000000
1969.000000
2481.000000
534.000000
292.000000
131.000000
103.000000
270.000000
65.000000
2376.000000
1286.000000
140.000000
444.000000
171.000000
541.000000
1577.000000
1649.000000
217.000000
628.000000
502.000000
911.000000
195.000000
1395.000000
365.000000
383.000000
660.000000
217.000000
1242.000000
178.000000
214.000000
309.000000
1683.000000
929.000000
370.000000
403.000000
169.000000
103.000000
922.000000
321.000000
568.000000
27.000000
160.000000
60.000000
216.000000
1482.000000
405.000000
90.000000
677.000000
1294.000000
152.000000
1278.000000
80.000000
54.000000
125.000000
99.000000
457.000000
144.000000
375.000000
134.000000
2712.000000
598.000000
310.000000
3897.000000
1204.000000
10797.000000
247.000000
1337.000000
1651.000000
602.000000
483.000000
367.000000
1632.000000
1861.000000
441.000000
433.000000
277.000000
14.000000
561.000000
544.000000
982.000000
1117.000000
179.000000
561.000000
1963.000000
1382.000000
2384.000000
1097.000000
522.000000
166.000000
216.000000
14826.000000
61.000000
426.000000
20.000000
1111.000000
710.000000
63.000000
73.000000
150.000000
1386.000000
156.000000
858.000000
556.000000
1048.000000
845.000000
731.000000
462.000000
907.000000
1346.000000
738.000000
428.000000
681.000000
374.000000
588.000000
394.000000
456.000000
896.000000
1581.000000
1407.000000
930.000000
135.000000
209.000000
59.000000
948.000000
308.000000
763.000000
84.000000
1084.000000
119.000000
294.000000
77.000000
1385.000000
106.000000
545.000000
165.000000
250.000000
204.000000
9047.000000
12480.000000
260.000000
427.000000
627.000000
806.000000
3007.000000
578.000000
89.000000
403.000000
358.000000
280.000000
987.000000
1228.000000
193.000000
83.000000
1849.000000
443.000000
341.000000
191.000000
288.000000
1388.000000
130.000000
2423.000000
36.000000
254.000000
619.000000
488.000000
196.000000
285.000000
225.000000
482.000000
525.000000
250.000000
203.000000
262.000000
813.000000
2458.000000
1590.000000
308.000000
544.000000
206.000000
173.000000
883.000000
1769.000000
590.000000
54.000000
2547.000000
2053.000000
163.000000
1332.000000
73.000000
222.000000
534.000000
227.000000
1104.000000
2129.000000
1032.000000
632.000000
262.000000
498.000000
1954.000000
1612.000000
330.000000
1055.000000
371.000000
445.000000
1050.000000
2194.000000
1035.000000
55.000000
398.000000
481.000000
1224.000000
120.000000
291.000000
611.000000
158.000000
379.000000
156.000000
762.000000
247.000000
326.000000
292.000000
357.000000
3076.000000
592.000000
374.000000
139.000000
467.000000
279.000000
768.000000
2816.000000
210.000000
302.000000
726.000000
218.000000
243.000000
442.000000
1364.000000
228.000000
469.000000
987.000000
197.000000
281.000000
3327.000000
105.000000
352.000000
271.000000
1892.000000
186.000000
478.000000
112.000000
630.000000
200.000000
387.000000
467.000000
1124.000000
497.000000
543.000000
1118.000000
483.000000
192.000000
138.000000
190.000000
811.000000
567.000000
84.000000
56.000000
405.000000
934.000000
150.000000
169.000000
575.000000
563.000000
374.000000
284.000000
988.000000
368.000000
1039.000000
630.000000
454.000000
349.000000
96.000000
279.000000
160.000000
415.000000
3218.000000
1292.000000
137.000000
400.000000
441.000000
994.000000
1359.000000
817.000000
263.000000
3511.000000
263.000000
564.000000
286.000000
428.000000
122.000000
152.000000
116.000000
581.000000
473.000000
193.000000
722.000000
820.000000
1495.000000
362.000000
1666.000000
376.000000
257.000000
1802.000000
837.000000
541.000000
357.000000
149.000000
236.000000
582.000000
436.000000
127.000000
428.000000
90.000000
1961.000000
93.000000
214.000000
1684.000000
406.000000
780.000000
277.000000
77.000000
376.000000
1613.000000
1321.000000
303.000000
1014.000000
546.000000
242.000000
207.000000
354.000000
206.000000
132.000000
402.000000
726.000000
335.000000
994.000000
330.000000
953.000000
449.000000
102.000000
40.000000
86.000000
2214.000000
1166.000000
341.000000
229.000000
1913.000000
346.000000
384.000000
1124.000000
1686.000000
170.000000
428.000000
838.000000
160.000000
181.000000
276.000000
326.000000
121.000000
920.000000
731.000000
209.000000
201.000000
341.000000
898.000000
155.000000
111.000000
438.000000
687.000000
276.000000
1134.000000
256.000000
234.000000
283.000000
549.000000
240.000000
206.000000
38.000000
358.000000
1168.000000
133.000000
347.000000
523.000000
313.000000
344.000000
1196.000000
125.000000
875.000000
514.000000
691.000000
349.000000
274.000000
61.000000
432.000000
554.000000
33.000000
249.000000
232.000000
514.000000
838.000000
283.000000
326.000000
571.000000
39.000000
437.000000
240.000000
498.000000
141.000000
611.000000
948.000000
658.000000
151.000000
2282.000000
1980.000000
374.000000
463.000000
246.000000
383.000000
1772.000000
1433.000000
398.000000
4155.000000
539.000000
1033.000000
1470.000000
101.000000
509.000000
239.000000
213.000000
10919.000000
330.000000
546.000000
541.000000
792.000000
254.000000
543.000000
3378.000000
132.000000
139.000000
351.000000
747.000000
199.000000
3515.000000
602.000000
319.000000
449.000000
213.000000
835.000000
400.000000
3801.000000
381.000000
894.000000
675.000000
203.000000
475.000000
348.000000
1319.000000
1919.000000
88.000000
213.000000
463.000000
118.000000
154.000000
836.000000
