422.000000
1810.000000
509.000000
122.000000
2467.000000
567.000000
279.000000
124.000000
181.000000
211.000000
2396.000000
990.000000
102.000000
8671.000000
505.000000
3445.000000
1059.000000
640.000000
1640.000000
3361.000000
3084.000000
933.000000
1475.000000
1882.000000
87.000000
664.000000
156.000000
158.000000
524.000000
592.000000
414.000000
213.000000
94.000000
501.000000
554.000000
222.000000
472.000000
39.000000
1705.000000
142.000000
136.000000
250.000000
209.000000
517.000000
1790.000000
318.000000
795.000000
881.000000
375.000000
591.000000
213.000000
260.000000
224.000000
286.000000
1289.000000
514.000000
956.000000
99.000000
310.000000
614.000000
217.000000
3054.000000
580.000000
1702.000000
5427.000000
245.000000
481.000000
170.000000
316.000000
390.000000
451.000000
2781.000000
122.000000
1249.000000
410.000000
748.000000
64.000000
1154.000000
208.000000
862.000000
553.000000
943.000000
186.000000
654.000000
728.000000
208.000000
2842.000000
2078.000000
156.000000
495.000000
358.000000
540.000000
160.000000
136.000000
677.000000
852.000000
124.000000
831.000000
12138.000000
383.000000
2015.000000
368.000000
72.000000
175.000000
312.000000
981.000000
994.000000
180.000000
233.000000
325.000000
146.000000
2072.000000
493.000000
744.000000
174.000000
164.000000
361.000000
574.000000
1101.000000
618.000000
260.000000
301.000000
237.000000
405.000000
255.000000
819.000000
5414.000000
901.000000
1052.000000
634.000000
440.000000
145.000000
707.000000
1055.000000
133.000000
294.000000
439.000000
98.000000
1751.000000
56.000000
140.000000
4682.000000
289.000000
97.000000
5054.000000
206.000000
640.000000
200.000000
414.000000
620.000000
315.000000
313.000000
2295.000000
89.000000
225.000000
614.000000
2015.000000
1699.000000
1072.000000
207.000000
112.000000
6782.000000
245.000000
74.000000
189.000000
972.000000
1370.000000
517.000000
359.000000
237.000000
787.000000
197.000000
270.000000
988.000000
659.000000
1358.000000
1438.000000
80.000000
271.000000
1520.000000
620.000000
713.000000
351.000000
776.000000
2778.000000
292.000000
1021.000000
793.000000
299.000000
855.000000
1418.000000
224.000000
108.000000
237.000000
230.000000
1023.000000
804.000000
3284.000000
2224.000000
158.000000
776.000000
149.000000
1125.000000
1040.000000
424.000000
484.000000
306.000000
1145.000000
519.000000
442.000000
175.000000
300.000000
3972.000000
125.000000
256.000000
996.000000
371.000000
2130.000000
265.000000
121.000000
167.000000
319.000000
6910.000000
784.000000
353.000000
1726.000000
447.000000
207.000000
6010.000000
401.000000
174.000000
828.000000
2763.000000
65.000000
125.000000
1171.000000
853.000000
451.000000
130.000000
381.000000
286.000000
853.000000
239.000000
1320.000000
1902.000000
578.000000
773.000000
696.000000
221.000000
375.000000
282.000000
2511.000000
2687.000000
148.000000
114.000000
57.000000
1009.000000
712.000000
251.000000
368.000000
583.000000
488.000000
400.000000
265.000000
857.000000
378.000000
959.000000
560.000000
1800.000000
166.000000
156.000000
229.000000
68.000000
827.000000
533.000000
471.000000
19.000000
432.000000
6682.000000
1036.000000
338.000000
288.000000
438.000000
1171.000000
473.000000
1582.000000
245.000000
573.000000
562.000000
373.000000
487.000000
606.000000
771.000000
689.000000
1896.000000
71.000000
1084.000000
1256.000000
101.000000
176.000000
424.000000
159.000000
5847.000000
1060.000000
5683.000000
164.000000
151.000000
368.000000
102.000000
77.000000
1303.000000
627.000000
190.000000
215.000000
1319.000000
231.000000
171.000000
253.000000
98.000000
816.000000
883.000000
317.000000
1652.000000
301.000000
1189.000000
330.000000
411.000000
123.000000
84.000000
211.000000
1350.000000
300.000000
415.000000
86.000000
659.000000
200.000000
650.000000
624.000000
523.000000
84.000000
1153.000000
524.000000
994.000000
114.000000
1722.000000
216.000000
605.000000
481.000000
928.000000
420.000000
759.000000
296.000000
100.000000
334.000000
3058.000000
1117.000000
1681.000000
169.000000
465.000000
264.000000
993.000000
456.000000
288.000000
163.000000
611.000000
471.000000
52.000000
823.000000
545.000000
1125.000000
245.000000
2162.000000
1775.000000
651.000000
1217.000000
4226.000000
398.000000
366.000000
588.000000
1817.000000
251.000000
300.000000
205.000000
356.000000
1205.000000
540.000000
414.000000
99.000000
421.000000
2225.000000
332.000000
379.000000
184.000000
234.000000
142.000000
711.000000
251.000000
1630.000000
861.000000
211.000000
4880.000000
2362.000000
1636.000000
187.000000
991.000000
469.000000
776.000000
728.000000
84.000000
722.000000
118.000000
135.000000
561.000000
78.000000
912.000000
490.000000
425.000000
4442.000000
274.000000
114.000000
151.000000
38.000000
56.000000
314.000000
208.000000
160.000000
196.000000
793.000000
2378.000000
141.000000
645.000000
5593.000000
527.000000
208.000000
372.000000
2994.000000
358.000000
260.000000
994.000000
230.000000
513.000000
1222.000000
633.000000
541.000000
529.000000
376.000000
179.000000
1971.000000
1102.000000
743.000000
1700.000000
2933.000000
132.000000
319.000000
369.000000
453.000000
1799.000000
960.000000
833.000000
299.000000
907.000000
986.000000
742.000000
743.000000
131.000000
454.000000
510.000000
455.000000
392.000000
306.000000
777.000000
306.000000
864.000000
2317.000000
608.000000
248.000000
305.000000
244.000000
397.000000
316.000000
898.000000
302.000000
911.000000
219.000000
210.000000
70.000000
275.000000
441.000000
1158.000000
777.000000
183.000000
1311.000000
139.000000
155.000000
1046.000000
64.000000
2404.000000
284.000000
89.000000
142.000000
554.000000
91.000000
190.000000
496.000000
361.000000
670.000000
104.000000
527.000000
1676.000000
470.000000
1164.000000
543.000000
226.000000
592.000000
1704.000000
482.000000
999.000000
99.000000
122.000000
856.000000
186.000000
1264.000000
149.000000
259.000000
292.000000
312.000000
58.000000
968.000000
172.000000
208.000000
321.000000
1175.000000
68.000000
155.000000
614.000000
271.000000
734.000000
526.000000
70.000000
1935.000000
296.000000
642.000000
352.000000
152.000000
244.000000
215.000000
616.000000
1302.000000
83.000000
246.000000
1520.000000
60.000000
422.000000
1543.000000
210.000000
118.000000
1088.000000
277.000000
577.000000
153.000000
782.000000
1042.000000
501.000000
508.000000
650.000000
670.000000
137.000000
10683.000000
238.000000
1015.000000
340.000000
377.000000
151.000000
1281.000000
249.000000
41.000000
1086.000000
205.000000
73.000000
160.000000
521.000000
766.000000
453.000000
1141.000000
2491.000000
179.000000
1684.000000
122.000000
200.000000
2444.000000
251.000000
508.000000
545.000000
2051.000000
273.000000
1135.000000
572.000000
220.000000
67.000000
3399.000000
274.000000
131.000000
3312.000000
103.000000
1017.000000
277.000000
578.000000
372.000000
137.000000
337.000000
336.000000
387.000000
312.000000
496.000000
1835.000000
785.000000
110.000000
405.000000
782.000000
464.000000
579.000000
71.000000
166.000000
616.000000
69.000000
1118.000000
225.000000
222.000000
514.000000
987.000000
492.000000
28.000000
129.000000
97.000000
300.000000
408.000000
702.000000
80.000000
106.000000
429.000000
2039.000000
134.000000
161.000000
366.000000
199.000000
934.000000
164.000000
89.000000
66.000000
1000.000000
784.000000
369.000000
1169.000000
687.000000
201.000000
340.000000
345.000000
103.000000
1069.000000
974.000000
816.000000
386.000000
1059.000000
132.000000
243.000000
1867.000000
311.000000
58.000000
128.000000
727.000000
581.000000
298.000000
626.000000
132.000000
60.000000
375.000000
1220.000000
229.000000
209.000000
333.000000
431.000000
270.000000
2271.000000
1451.000000
107.000000
1340.000000
827.000000
728.000000
245.000000
32.000000
161.000000
268.000000
805.000000
1482.000000
713.000000
446.000000
136.000000
557.000000
962.000000
298.000000
453.000000
478.000000
319.000000
121.000000
721.000000
317.000000
2472.000000
165.000000
112.000000
663.000000
26.000000
110.000000
222.000000
1542.000000
175.000000
1142.000000
186.000000
39.000000
297.000000
544.000000
381.000000
684.000000
289.000000
1460.000000
4368.000000
472.000000
1139.000000
586.000000
465.000000
172.000000
178.000000
392.000000
331.000000
892.000000
438.000000
55.000000
1817.000000
491.000000
153.000000
629.000000
998.000000
578.000000
143.000000
363.000000
587.000000
365.000000
518.000000
366.000000
102.000000
604.000000
684.000000
347.000000
404.000000
45.000000
556.000000
1075.000000
418.000000
772.000000
153.000000
243.000000
172.000000
192.000000
135.000000
744.000000
1109.000000
70.000000
166.000000
864.000000
228.000000
118.000000
241.000000
3398.000000
790.000000
369.000000
155.000000
1076.000000
254.000000
642.000000
263.000000
168.000000
168.000000
326.000000
241.000000
424.000000
232.000000
2357.000000
213.000000
66.000000
2443.000000
202.000000
285.000000
2094.000000
121.000000
191.000000
2527.000000
944.000000
71.000000
694.000000
186.000000
292.000000
3745.000000
124.000000
286.000000
284.000000
466.000000
196.000000
516.000000
1729.000000
836.000000
430.000000
929.000000
291.000000
190.000000
1791.000000
1080.000000
1924.000000
77.000000
469.000000
637.000000
133.000000
29.000000
117.000000
61.000000
500.000000
166.000000
79.000000
300.000000
2653.000000
460.000000
60.000000
256.000000
150.000000
104.000000
344.000000
2191.000000
41.000000
308.000000
818.000000
306.000000
1047.000000
207.000000
286.000000
220.000000
457.000000
1397.000000
4056.000000
361.000000
743.000000
1032.000000
648.000000
531.000000
244.000000
241.000000
110.000000
285.000000
1459.000000
257.000000
292.000000
1459.000000
444.000000
2135.000000
250.000000
44.000000
136.000000
259.000000
551.000000
498.000000
578.000000
406.000000
967.000000
211.000000
170.000000
90.000000
410.000000
553.000000
345.000000
17.000000
437.000000
851.000000
489.000000
206.000000
231.000000
1982.000000
64.000000
263.000000
193.000000
992.000000
161.000000
415.000000
308.000000
608.000000
217.000000
1032.000000
360.000000
379.000000
103.000000
309.000000
334.000000
193.000000
394.000000
400.000000
11.000000
593.000000
210.000000
311.000000
1166.000000
317.000000
346.000000
1876.000000
275.000000
269.000000
262.000000
324.000000
1672.000000
174.000000
632.000000
424.000000
86.000000
684.000000
380.000000
330.000000
387.000000
204.000000
508.000000
304.000000
131.000000
499.000000
251.000000
315.000000
757.000000
227.000000
114.000000
666.000000
243.000000
214.000000
246.000000
190.000000
192.000000
686.000000
860.000000
114.000000
783.000000
343.000000
1270.000000
514.000000
1162.000000
232.000000
880.000000
817.000000
580.000000
440.000000
979.000000
103.000000
210.000000
481.000000
105.000000
57.000000
308.000000
307.000000
203.000000
660.000000
471.000000
769.000000
175.000000
169.000000
334.000000
122.000000
7884.000000
2023.000000
695.000000
600.000000
231.000000
449.000000
253.000000
225.000000
445.000000
294.000000
536.000000
196.000000
1432.000000
249.000000
772.000000
477.000000
192.000000
313.000000
101.000000
148.000000
615.000000
1709.000000
83.000000
1332.000000
225.000000
487.000000
6627.000000
1163.000000
191.000000
489.000000
532.000000
563.000000
453.000000
