1405.000000
153.000000
178.000000
390.000000
510.000000
147.000000
323.000000
944.000000
123.000000
200.000000
600.000000
109.000000
682.000000
647.000000
155.000000
66.000000
1064.000000
250.000000
236.000000
241.000000
809.000000
164.000000
88.000000
2461.000000
140.000000
2147.000000
189.000000
333.000000
64.000000
291.000000
1525.000000
1655.000000
88.000000
64.000000
269.000000
414.000000
95.000000
324.000000
422.000000
92.000000
512.000000
984.000000
218.000000
145.000000
851.000000
1559.000000
675.000000
1647.000000
134.000000
901.000000
389.000000
470.000000
608.000000
293.000000
261.000000
254.000000
149.000000
32.000000
66.000000
2946.000000
570.000000
572.000000
223.000000
99.000000
594.000000
1701.000000
98.000000
335.000000
384.000000
582.000000
1300.000000
2106.000000
829.000000
170.000000
148.000000
119.000000
629.000000
1117.000000
286.000000
529.000000
928.000000
1724.000000
1941.000000
131.000000
558.000000
91.000000
209.000000
125.000000
503.000000
568.000000
462.000000
528.000000
1405.000000
561.000000
247.000000
608.000000
416.000000
701.000000
61.000000
291.000000
1879.000000
1329.000000
1180.000000
432.000000
909.000000
500.000000
346.000000
2659.000000
2168.000000
195.000000
153.000000
170.000000
315.000000
552.000000
1302.000000
360.000000
2174.000000
716.000000
51.000000
432.000000
180.000000
292.000000
451.000000
424.000000
146.000000
625.000000
432.000000
66.000000
598.000000
148.000000
281.000000
319.000000
477.000000
257.000000
112.000000
1278.000000
92.000000
111.000000
1423.000000
1790.000000
479.000000
554.000000
434.000000
398.000000
516.000000
230.000000
900.000000
781.000000
51.000000
1295.000000
234.000000
306.000000
638.000000
257.000000
1080.000000
362.000000
277.000000
42.000000
908.000000
305.000000
1343.000000
776.000000
804.000000
449.000000
893.000000
27.000000
738.000000
113.000000
1080.000000
91.000000
471.000000
118.000000
957.000000
174.000000
195.000000
225.000000
548.000000
82.000000
546.000000
453.000000
774.000000
946.000000
1221.000000
698.000000
790.000000
4553.000000
144.000000
581.000000
324.000000
2538.000000
135.000000
1434.000000
354.000000
1022.000000
304.000000
456.000000
93.000000
329.000000
1246.000000
289.000000
198.000000
211.000000
237.000000
859.000000
231.000000
675.000000
571.000000
1893.000000
698.000000
223.000000
233.000000
60.000000
44.000000
476.000000
666.000000
512.000000
2147.000000
319.000000
163.000000
1135.000000
831.000000
1825.000000
232.000000
681.000000
447.000000
105.000000
134.000000
5807.000000
964.000000
288.000000
630.000000
405.000000
199.000000
1449.000000
934.000000
68.000000
967.000000
1872.000000
276.000000
427.000000
263.000000
951.000000
989.000000
169.000000
309.000000
98.000000
537.000000
377.000000
197.000000
8701.000000
989.000000
104.000000
168.000000
287.000000
359.000000
133.000000
115.000000
107.000000
850.000000
187.000000
261.000000
152.000000
906.000000
1175.000000
167.000000
2462.000000
233.000000
261.000000
231.000000
349.000000
146.000000
143.000000
463.000000
245.000000
132.000000
238.000000
138.000000
278.000000
203.000000
881.000000
56.000000
512.000000
332.000000
540.000000
120.000000
2253.000000
786.000000
1398.000000
117.000000
2781.000000
185.000000
92.000000
119.000000
1961.000000
640.000000
270.000000
1909.000000
462.000000
793.000000
695.000000
309.000000
386.000000
452.000000
1140.000000
146.000000
549.000000
329.000000
50.000000
241.000000
433.000000
1909.000000
210.000000
186.000000
262.000000
401.000000
365.000000
216.000000
311.000000
2375.000000
208.000000
261.000000
324.000000
35.000000
438.000000
1722.000000
1789.000000
3716.000000
429.000000
1918.000000
281.000000
202.000000
2747.000000
1695.000000
1270.000000
213.000000
1505.000000
144.000000
215.000000
278.000000
488.000000
534.000000
1169.000000
1825.000000
450.000000
316.000000
897.000000
132.000000
700.000000
877.000000
991.000000
964.000000
528.000000
125.000000
797.000000
282.000000
338.000000
87.000000
271.000000
627.000000
555.000000
604.000000
65.000000
1736.000000
952.000000
606.000000
480.000000
234.000000
527.000000
267.000000
832.000000
217.000000
351.000000
1339.000000
365.000000
401.000000
1160.000000
359.000000
420.000000
1127.000000
178.000000
199.000000
82.000000
283.000000
159.000000
1914.000000
305.000000
697.000000
106.000000
241.000000
556.000000
361.000000
224.000000
555.000000
798.000000
1873.000000
625.000000
390.000000
440.000000
34.000000
188.000000
186.000000
319.000000
392.000000
1421.000000
802.000000
264.000000
170.000000
136.000000
628.000000
166.000000
464.000000
666.000000
557.000000
147.000000
359.000000
156.000000
978.000000
1137.000000
571.000000
337.000000
1363.000000
332.000000
1349.000000
1157.000000
834.000000
286.000000
593.000000
49.000000
627.000000
226.000000
494.000000
559.000000
441.000000
141.000000
523.000000
208.000000
793.000000
703.000000
523.000000
1251.000000
204.000000
265.000000
932.000000
113.000000
569.000000
648.000000
162.000000
387.000000
84.000000
461.000000
1898.000000
312.000000
191.000000
57.000000
128.000000
243.000000
954.000000
478.000000
281.000000
194.000000
1103.000000
2186.000000
54.000000
1594.000000
571.000000
1628.000000
91.000000
153.000000
238.000000
1342.000000
238.000000
192.000000
366.000000
712.000000
618.000000
1325.000000
657.000000
1277.000000
188.000000
225.000000
118.000000
280.000000
974.000000
89.000000
55.000000
130.000000
1701.000000
112.000000
253.000000
239.000000
784.000000
441.000000
447.000000
174.000000
935.000000
2268.000000
201.000000
216.000000
75.000000
1417.000000
185.000000
364.000000
186.000000
385.000000
739.000000
70.000000
528.000000
1081.000000
514.000000
282.000000
134.000000
128.000000
1159.000000
63.000000
292.000000
365.000000
330.000000
1040.000000
58.000000
924.000000
77.000000
606.000000
721.000000
238.000000
330.000000
379.000000
286.000000
434.000000
385.000000
574.000000
112.000000
713.000000
242.000000
915.000000
304.000000
158.000000
126.000000
1727.000000
1102.000000
710.000000
500.000000
847.000000
179.000000
195.000000
438.000000
38.000000
1080.000000
537.000000
355.000000
480.000000
459.000000
72.000000
565.000000
857.000000
520.000000
251.000000
401.000000
568.000000
179.000000
79.000000
226.000000
206.000000
187.000000
107.000000
320.000000
701.000000
182.000000
496.000000
286.000000
60.000000
474.000000
171.000000
936.000000
598.000000
157.000000
1867.000000
396.000000
571.000000
44.000000
422.000000
715.000000
95.000000
1840.000000
320.000000
402.000000
204.000000
359.000000
527.000000
366.000000
421.000000
278.000000
39.000000
222.000000
969.000000
166.000000
1528.000000
78.000000
1249.000000
445.000000
372.000000
2876.000000
210.000000
336.000000
232.000000
282.000000
171.000000
1761.000000
281.000000
99.000000
474.000000
400.000000
1617.000000
368.000000
109.000000
313.000000
399.000000
1265.000000
33.000000
1185.000000
988.000000
38.000000
496.000000
76.000000
579.000000
1214.000000
204.000000
3555.000000
218.000000
524.000000
2811.000000
728.000000
588.000000
173.000000
237.000000
64.000000
276.000000
185.000000
156.000000
112.000000
50.000000
544.000000
39.000000
250.000000
281.000000
163.000000
163.000000
50.000000
120.000000
220.000000
683.000000
60.000000
200.000000
130.000000
233.000000
1376.000000
264.000000
406.000000
592.000000
224.000000
67.000000
2339.000000
267.000000
294.000000
388.000000
2593.000000
176.000000
123.000000
158.000000
425.000000
532.000000
499.000000
1049.000000
189.000000
128.000000
213.000000
602.000000
269.000000
95.000000
164.000000
129.000000
1444.000000
213.000000
387.000000
199.000000
512.000000
653.000000
1717.000000
840.000000
397.000000
295.000000
770.000000
2510.000000
465.000000
561.000000
253.000000
49.000000
386.000000
225.000000
283.000000
1517.000000
123.000000
642.000000
253.000000
104.000000
192.000000
157.000000
402.000000
352.000000
183.000000
1291.000000
1239.000000
145.000000
325.000000
1358.000000
1689.000000
414.000000
208.000000
343.000000
222.000000
878.000000
211.000000
478.000000
195.000000
667.000000
527.000000
137.000000
586.000000
167.000000
326.000000
741.000000
283.000000
49.000000
213.000000
1114.000000
1211.000000
272.000000
127.000000
442.000000
252.000000
343.000000
301.000000
1181.000000
1111.000000
82.000000
475.000000
1013.000000
1214.000000
104.000000
230.000000
1318.000000
1412.000000
311.000000
829.000000
442.000000
122.000000
1640.000000
295.000000
650.000000
1009.000000
580.000000
238.000000
384.000000
1715.000000
780.000000
375.000000
831.000000
952.000000
3778.000000
831.000000
589.000000
245.000000
1196.000000
616.000000
5355.000000
440.000000
115.000000
1871.000000
783.000000
99.000000
148.000000
256.000000
201.000000
452.000000
113.000000
168.000000
323.000000
453.000000
824.000000
45.000000
576.000000
220.000000
409.000000
114.000000
384.000000
413.000000
321.000000
193.000000
80.000000
400.000000
957.000000
781.000000
534.000000
607.000000
129.000000
218.000000
686.000000
310.000000
2244.000000
304.000000
299.000000
274.000000
830.000000
123.000000
176.000000
2122.000000
987.000000
1061.000000
379.000000
267.000000
1118.000000
1716.000000
556.000000
78.000000
726.000000
119.000000
813.000000
1737.000000
1800.000000
1040.000000
300.000000
618.000000
1211.000000
1328.000000
133.000000
99.000000
149.000000
189.000000
209.000000
1152.000000
456.000000
527.000000
265.000000
719.000000
64.000000
2118.000000
285.000000
1162.000000
360.000000
49.000000
877.000000
290.000000
772.000000
616.000000
632.000000
591.000000
756.000000
356.000000
303.000000
895.000000
515.000000
332.000000
89.000000
211.000000
1536.000000
847.000000
2273.000000
955.000000
838.000000
3087.000000
464.000000
300.000000
202.000000
888.000000
552.000000
753.000000
1230.000000
1496.000000
243.000000
180.000000
3077.000000
268.000000
91.000000
212.000000
451.000000
43.000000
380.000000
2082.000000
195.000000
502.000000
1283.000000
338.000000
407.000000
1347.000000
888.000000
377.000000
789.000000
1484.000000
377.000000
862.000000
365.000000
193.000000
1027.000000
977.000000
119.000000
1113.000000
652.000000
125.000000
1182.000000
651.000000
267.000000
538.000000
198.000000
367.000000
562.000000
283.000000
585.000000
201.000000
927.000000
257.000000
1186.000000
3157.000000
170.000000
6362.000000
94.000000
426.000000
134.000000
2615.000000
603.000000
3189.000000
359.000000
202.000000
303.000000
986.000000
789.000000
455.000000
462.000000
152.000000
717.000000
1131.000000
290.000000
283.000000
4132.000000
1791.000000
692.000000
91.000000
650.000000
1114.000000
904.000000
451.000000
778.000000
1657.000000
317.000000
1137.000000
1383.000000
544.000000
74.000000
1021.000000
500.000000
2922.000000
624.000000
423.000000
265.000000
355.000000
125.000000
235.000000
2872.000000
276.000000
7704.000000
76.000000
1587.000000
2346.000000
157.000000
78.000000
474.000000
227.000000
475.000000
660.000000
1644.000000
221.000000
99.000000
792.000000
55.000000
729.000000
220.000000
536.000000
105.000000
860.000000
904.000000
521.000000
166.000000
229.000000
787.000000
271.000000
991.000000
140.000000
110.000000
468.000000
1541.000000
750.000000
125.000000
