163.000000
104.000000
483.000000
884.000000
851.000000
132.000000
527.000000
224.000000
472.000000
1333.000000
374.000000
111.000000
257.000000
953.000000
315.000000
255.000000
140.000000
587.000000
89.000000
169.000000
317.000000
121.000000
1004.000000
92.000000
537.000000
284.000000
487.000000
553.000000
209.000000
269.000000
199.000000
305.000000
292.000000
328.000000
59.000000
731.000000
167.000000
301.000000
881.000000
610.000000
291.000000
363.000000
344.000000
1051.000000
456.000000
63.000000
50.000000
491.000000
41.000000
426.000000
3258.000000
198.000000
628.000000
595.000000
222.000000
325.000000
1397.000000
262.000000
795.000000
453.000000
301.000000
202.000000
504.000000
671.000000
276.000000
1077.000000
1191.000000
799.000000
139.000000
706.000000
417.000000
128.000000
430.000000
141.000000
420.000000
430.000000
1366.000000
368.000000
326.000000
1598.000000
334.000000
2064.000000
242.000000
1971.000000
205.000000
147.000000
1095.000000
726.000000
996.000000
3031.000000
696.000000
1507.000000
198.000000
461.000000
1176.000000
2666.000000
70.000000
198.000000
138.000000
945.000000
223.000000
358.000000
605.000000
363.000000
320.000000
448.000000
366.000000
677.000000
458.000000
415.000000
1223.000000
76.000000
97.000000
832.000000
457.000000
90.000000
228.000000
668.000000
259.000000
130.000000
132.000000
426.000000
1043.000000
1771.000000
567.000000
354.000000
133.000000
392.000000
188.000000
64.000000
111.000000
134.000000
805.000000
353.000000
145.000000
532.000000
796.000000
323.000000
1238.000000
1317.000000
202.000000
4416.000000
87.000000
2393.000000
931.000000
2115.000000
325.000000
102.000000
940.000000
174.000000
1044.000000
229.000000
387.000000
235.000000
186.000000
122.000000
1191.000000
289.000000
918.000000
187.000000
158.000000
133.000000
126.000000
1257.000000
340.000000
535.000000
111.000000
745.000000
225.000000
310.000000
2070.000000
426.000000
1870.000000
2623.000000
353.000000
1891.000000
292.000000
676.000000
155.000000
127.000000
625.000000
178.000000
156.000000
424.000000
365.000000
2298.000000
171.000000
482.000000
638.000000
1422.000000
186.000000
526.000000
239.000000
868.000000
807.000000
380.000000
249.000000
280.000000
98.000000
414.000000
857.000000
2126.000000
364.000000
1069.000000
58.000000
99.000000
45.000000
733.000000
203.000000
309.000000
544.000000
140.000000
116.000000
258.000000
270.000000
615.000000
277.000000
2883.000000
1248.000000
198.000000
1064.000000
834.000000
711.000000
180.000000
178.000000
116.000000
607.000000
1891.000000
121.000000
706.000000
1292.000000
384.000000
658.000000
333.000000
1015.000000
122.000000
226.000000
326.000000
706.000000
579.000000
1657.000000
468.000000
719.000000
1946.000000
1496.000000
143.000000
354.000000
632.000000
171.000000
109.000000
450.000000
498.000000
969.000000
541.000000
90.000000
1358.000000
474.000000
250.000000
1316.000000
2741.000000
1334.000000
399.000000
227.000000
116.000000
174.000000
96.000000
800.000000
1782.000000
433.000000
684.000000
172.000000
90.000000
417.000000
983.000000
1632.000000
626.000000
1602.000000
108.000000
605.000000
767.000000
139.000000
313.000000
698.000000
472.000000
926.000000
542.000000
1904.000000
53.000000
1227.000000
294.000000
1778.000000
695.000000
1161.000000
772.000000
500.000000
590.000000
1574.000000
1617.000000
285.000000
429.000000
1385.000000
309.000000
105.000000
747.000000
164.000000
231.000000
134.000000
221.000000
371.000000
234.000000
800.000000
585.000000
563.000000
107.000000
1334.000000
525.000000
1186.000000
477.000000
195.000000
3405.000000
611.000000
241.000000
235.000000
210.000000
897.000000
37.000000
191.000000
324.000000
279.000000
582.000000
422.000000
154.000000
99.000000
2728.000000
754.000000
607.000000
887.000000
2680.000000
322.000000
1562.000000
87.000000
5015.000000
617.000000
160.000000
79.000000
103.000000
381.000000
929.000000
320.000000
3325.000000
252.000000
169.000000
125.000000
1833.000000
1313.000000
1122.000000
101.000000
306.000000
227.000000
137.000000
1323.000000
123.000000
238.000000
290.000000
62.000000
1104.000000
442.000000
86.000000
423.000000
126.000000
272.000000
298.000000
527.000000
323.000000
286.000000
478.000000
162.000000
376.000000
906.000000
122.000000
2246.000000
1538.000000
594.000000
68.000000
2709.000000
654.000000
132.000000
110.000000
361.000000
180.000000
321.000000
1161.000000
395.000000
622.000000
947.000000
627.000000
141.000000
725.000000
1132.000000
335.000000
292.000000
1548.000000
510.000000
383.000000
345.000000
913.000000
66.000000
1404.000000
152.000000
110.000000
295.000000
459.000000
2678.000000
5932.000000
365.000000
1111.000000
73.000000
449.000000
1264.000000
95.000000
299.000000
253.000000
983.000000
589.000000
381.000000
1033.000000
134.000000
832.000000
236.000000
637.000000
221.000000
378.000000
867.000000
506.000000
201.000000
234.000000
277.000000
648.000000
496.000000
131.000000
760.000000
2071.000000
231.000000
267.000000
1237.000000
149.000000
518.000000
330.000000
899.000000
753.000000
897.000000
162.000000
403.000000
769.000000
194.000000
167.000000
176.000000
258.000000
257.000000
934.000000
268.000000
224.000000
2814.000000
1883.000000
152.000000
2702.000000
241.000000
510.000000
455.000000
177.000000
345.000000
61.000000
194.000000
372.000000
447.000000
226.000000
392.000000
1022.000000
270.000000
251.000000
916.000000
288.000000
77.000000
274.000000
231.000000
103.000000
768.000000
865.000000
405.000000
88.000000
375.000000
552.000000
770.000000
60.000000
216.000000
124.000000
464.000000
1234.000000
149.000000
97.000000
1417.000000
161.000000
115.000000
1265.000000
290.000000
316.000000
466.000000
308.000000
2759.000000
531.000000
200.000000
291.000000
1181.000000
1583.000000
436.000000
559.000000
51.000000
724.000000
880.000000
2612.000000
76.000000
169.000000
135.000000
1253.000000
316.000000
405.000000
103.000000
30.000000
209.000000
1069.000000
255.000000
136.000000
114.000000
491.000000
378.000000
714.000000
1231.000000
155.000000
241.000000
603.000000
302.000000
273.000000
89.000000
3548.000000
677.000000
1544.000000
3229.000000
117.000000
244.000000
525.000000
922.000000
597.000000
1562.000000
70.000000
482.000000
528.000000
140.000000
201.000000
625.000000
1203.000000
198.000000
199.000000
233.000000
157.000000
462.000000
380.000000
109.000000
143.000000
159.000000
116.000000
99.000000
5878.000000
380.000000
1000.000000
203.000000
440.000000
1424.000000
85.000000
1188.000000
877.000000
179.000000
1793.000000
315.000000
85.000000
605.000000
135.000000
3608.000000
368.000000
170.000000
711.000000
138.000000
98.000000
167.000000
219.000000
1022.000000
185.000000
1351.000000
711.000000
714.000000
2166.000000
413.000000
632.000000
706.000000
536.000000
215.000000
980.000000
242.000000
29.000000
1653.000000
25.000000
67.000000
347.000000
293.000000
1830.000000
990.000000
1095.000000
519.000000
69.000000
225.000000
2772.000000
1004.000000
313.000000
245.000000
50.000000
777.000000
270.000000
431.000000
82.000000
159.000000
227.000000
346.000000
1093.000000
310.000000
889.000000
586.000000
707.000000
333.000000
186.000000
709.000000
1398.000000
1651.000000
215.000000
376.000000
249.000000
201.000000
510.000000
368.000000
1035.000000
1022.000000
380.000000
1094.000000
330.000000
725.000000
857.000000
471.000000
502.000000
685.000000
111.000000
1062.000000
497.000000
211.000000
337.000000
191.000000
493.000000
791.000000
1765.000000
4346.000000
352.000000
215.000000
433.000000
444.000000
310.000000
1716.000000
3893.000000
344.000000
1173.000000
211.000000
912.000000
1669.000000
208.000000
1237.000000
128.000000
315.000000
1058.000000
39.000000
902.000000
97.000000
1281.000000
186.000000
712.000000
89.000000
1364.000000
302.000000
910.000000
885.000000
203.000000
296.000000
322.000000
3593.000000
864.000000
545.000000
326.000000
680.000000
894.000000
408.000000
861.000000
1600.000000
884.000000
143.000000
46.000000
1042.000000
117.000000
402.000000
9295.000000
728.000000
693.000000
388.000000
1660.000000
264.000000
350.000000
972.000000
220.000000
129.000000
986.000000
164.000000
560.000000
545.000000
216.000000
416.000000
133.000000
229.000000
509.000000
122.000000
1317.000000
1952.000000
1047.000000
320.000000
361.000000
344.000000
263.000000
267.000000
683.000000
248.000000
214.000000
503.000000
197.000000
234.000000
300.000000
321.000000
2040.000000
376.000000
355.000000
2089.000000
131.000000
1094.000000
154.000000
183.000000
178.000000
654.000000
311.000000
95.000000
3597.000000
1102.000000
178.000000
1583.000000
251.000000
926.000000
1467.000000
416.000000
1098.000000
409.000000
100.000000
70.000000
559.000000
1710.000000
401.000000
1834.000000
112.000000
71.000000
283.000000
476.000000
485.000000
4688.000000
2674.000000
1415.000000
854.000000
396.000000
634.000000
312.000000
743.000000
1050.000000
626.000000
2201.000000
438.000000
705.000000
138.000000
438.000000
942.000000
1292.000000
252.000000
567.000000
402.000000
610.000000
264.000000
112.000000
197.000000
180.000000
184.000000
431.000000
289.000000
119.000000
728.000000
912.000000
503.000000
1112.000000
228.000000
553.000000
82.000000
172.000000
661.000000
244.000000
241.000000
759.000000
288.000000
454.000000
326.000000
129.000000
447.000000
158.000000
615.000000
2465.000000
200.000000
622.000000
2517.000000
449.000000
327.000000
901.000000
57.000000
2342.000000
552.000000
2106.000000
344.000000
84.000000
461.000000
601.000000
206.000000
2632.000000
39.000000
92.000000
558.000000
184.000000
85.000000
543.000000
528.000000
819.000000
194.000000
606.000000
181.000000
218.000000
391.000000
452.000000
168.000000
82.000000
370.000000
233.000000
111.000000
427.000000
5098.000000
2074.000000
323.000000
722.000000
66.000000
435.000000
2329.000000
658.000000
1938.000000
979.000000
1400.000000
68.000000
548.000000
672.000000
185.000000
243.000000
690.000000
218.000000
35.000000
304.000000
790.000000
509.000000
326.000000
337.000000
557.000000
582.000000
441.000000
183.000000
376.000000
73.000000
419.000000
149.000000
456.000000
638.000000
103.000000
543.000000
1428.000000
99.000000
724.000000
552.000000
275.000000
82.000000
128.000000
1224.000000
336.000000
263.000000
194.000000
735.000000
84.000000
140.000000
137.000000
256.000000
402.000000
469.000000
417.000000
3084.000000
210.000000
582.000000
808.000000
285.000000
157.000000
205.000000
537.000000
4525.000000
455.000000
453.000000
133.000000
103.000000
305.000000
1304.000000
791.000000
2979.000000
446.000000
81.000000
927.000000
223.000000
1407.000000
193.000000
5412.000000
208.000000
190.000000
148.000000
1236.000000
125.000000
633.000000
1043.000000
295.000000
209.000000
2128.000000
6453.000000
200.000000
75.000000
207.000000
274.000000
2963.000000
189.000000
2392.000000
1728.000000
142.000000
931.000000
1142.000000
663.000000
625.000000
491.000000
545.000000
671.000000
256.000000
18.000000
137.000000
190.000000
942.000000
225.000000
17.000000
600.000000
554.000000
777.000000
692.000000
784.000000
320.000000
487.000000
2363.000000
688.000000
185.000000
494.000000
562.000000
672.000000
414.000000
1615.000000
6002.000000
1747.000000
58.000000
318.000000
301.000000
