97.000000
741.000000
508.000000
453.000000
221.000000
409.000000
1407.000000
1715.000000
62.000000
3058.000000
4143.000000
297.000000
106.000000
2381.000000
256.000000
929.000000
2243.000000
437.000000
388.000000
380.000000
384.000000
367.000000
125.000000
491.000000
335.000000
640.000000
421.000000
2369.000000
260.000000
166.000000
307.000000
1822.000000
306.000000
405.000000
1142.000000
666.000000
263.000000
237.000000
178.000000
796.000000
136.000000
2182.000000
194.000000
194.000000
796.000000
1894.000000
551.000000
419.000000
546.000000
194.000000
679.000000
3095.000000
974.000000
788.000000
157.000000
1999.000000
1032.000000
315.000000
2577.000000
951.000000
63.000000
231.000000
2179.000000
415.000000
426.000000
242.000000
391.000000
1447.000000
132.000000
1020.000000
302.000000
89.000000
305.000000
463.000000
183.000000
47.000000
1039.000000
888.000000
267.000000
1698.000000
1176.000000
279.000000
247.000000
3842.000000
759.000000
1032.000000
374.000000
209.000000
1633.000000
1073.000000
497.000000
441.000000
474.000000
717.000000
48.000000
371.000000
175.000000
414.000000
524.000000
1324.000000
2680.000000
241.000000
267.000000
392.000000
2598.000000
1229.000000
67.000000
388.000000
743.000000
71.000000
94.000000
886.000000
1103.000000
208.000000
1329.000000
117.000000
1728.000000
495.000000
174.000000
420.000000
586.000000
739.000000
390.000000
113.000000
425.000000
324.000000
1877.000000
144.000000
1091.000000
138.000000
145.000000
800.000000
267.000000
224.000000
416.000000
64.000000
75.000000
266.000000
494.000000
836.000000
221.000000
430.000000
1645.000000
206.000000
770.000000
421.000000
2274.000000
525.000000
2465.000000
501.000000
2857.000000
425.000000
71.000000
62.000000
1088.000000
216.000000
823.000000
13.000000
1553.000000
647.000000
488.000000
761.000000
240.000000
365.000000
197.000000
443.000000
726.000000
1241.000000
292.000000
812.000000
874.000000
253.000000
99.000000
1498.000000
542.000000
162.000000
2470.000000
503.000000
206.000000
394.000000
333.000000
1337.000000
2832.000000
1356.000000
225.000000
1478.000000
571.000000
34.000000
1002.000000
1740.000000
352.000000
315.000000
1364.000000
1029.000000
864.000000
215.000000
380.000000
415.000000
4039.000000
2186.000000
1245.000000
959.000000
845.000000
495.000000
192.000000
144.000000
1915.000000
635.000000
270.000000
836.000000
4573.000000
1352.000000
662.000000
654.000000
295.000000
906.000000
901.000000
313.000000
251.000000
387.000000
324.000000
475.000000
545.000000
796.000000
162.000000
917.000000
306.000000
182.000000
465.000000
610.000000
116.000000
306.000000
259.000000
353.000000
150.000000
77.000000
97.000000
677.000000
54.000000
1073.000000
346.000000
564.000000
1388.000000
1033.000000
334.000000
505.000000
1419.000000
1987.000000
90.000000
521.000000
120.000000
1088.000000
324.000000
103.000000
645.000000
150.000000
62.000000
1161.000000
278.000000
998.000000
276.000000
159.000000
1250.000000
81.000000
278.000000
1085.000000
275.000000
3644.000000
281.000000
900.000000
732.000000
565.000000
446.000000
575.000000
297.000000
261.000000
354.000000
194.000000
177.000000
3468.000000
692.000000
158.000000
280.000000
997.000000
1644.000000
264.000000
368.000000
419.000000
610.000000
448.000000
1383.000000
264.000000
67.000000
1176.000000
138.000000
342.000000
1938.000000
3069.000000
177.000000
1277.000000
120.000000
227.000000
1735.000000
103.000000
470.000000
178.000000
779.000000
34.000000
225.000000
319.000000
1525.000000
2428.000000
326.000000
945.000000
1041.000000
147.000000
205.000000
1968.000000
388.000000
1604.000000
483.000000
4813.000000
870.000000
963.000000
256.000000
1245.000000
565.000000
189.000000
152.000000
1089.000000
736.000000
160.000000
193.000000
403.000000
398.000000
645.000000
1359.000000
1035.000000
575.000000
1973.000000
110.000000
185.000000
417.000000
96.000000
93.000000
123.000000
954.000000
677.000000
2032.000000
759.000000
161.000000
653.000000
322.000000
220.000000
552.000000
98.000000
1376.000000
2035.000000
89.000000
1036.000000
1302.000000
489.000000
1043.000000
110.000000
841.000000
285.000000
127.000000
432.000000
862.000000
297.000000
417.000000
938.000000
116.000000
728.000000
1522.000000
300.000000
545.000000
678.000000
1187.000000
425.000000
282.000000
242.000000
810.000000
158.000000
334.000000
881.000000
1014.000000
46.000000
44.000000
425.000000
767.000000
552.000000
144.000000
290.000000
244.000000
615.000000
165.000000
247.000000
712.000000
307.000000
726.000000
272.000000
581.000000
292.000000
660.000000
449.000000
86.000000
607.000000
1265.000000
335.000000
63.000000
364.000000
201.000000
1252.000000
104.000000
764.000000
4687.000000
434.000000
1283.000000
290.000000
117.000000
1582.000000
1008.000000
785.000000
1048.000000
263.000000
1091.000000
407.000000
3778.000000
122.000000
378.000000
106.000000
82.000000
210.000000
292.000000
26.000000
79.000000
868.000000
66.000000
489.000000
184.000000
430.000000
136.000000
82.000000
43.000000
294.000000
1195.000000
63.000000
357.000000
319.000000
50.000000
180.000000
660.000000
136.000000
484.000000
475.000000
1017.000000
480.000000
936.000000
595.000000
226.000000
393.000000
332.000000
373.000000
924.000000
91.000000
950.000000
565.000000
98.000000
370.000000
398.000000
685.000000
240.000000
357.000000
2977.000000
680.000000
451.000000
406.000000
372.000000
397.000000
929.000000
2055.000000
382.000000
2245.000000
262.000000
601.000000
228.000000
194.000000
718.000000
297.000000
2076.000000
288.000000
246.000000
1180.000000
570.000000
789.000000
896.000000
139.000000
188.000000
10205.000000
233.000000
727.000000
335.000000
76.000000
2403.000000
717.000000
416.000000
50.000000
194.000000
144.000000
442.000000
354.000000
513.000000
908.000000
216.000000
65.000000
52.000000
118.000000
336.000000
472.000000
655.000000
1188.000000
331.000000
352.000000
233.000000
1147.000000
289.000000
863.000000
119.000000
463.000000
335.000000
191.000000
456.000000
467.000000
273.000000
136.000000
45.000000
34.000000
102.000000
386.000000
676.000000
946.000000
247.000000
86.000000
139.000000
194.000000
456.000000
192.000000
521.000000
407.000000
135.000000
2635.000000
944.000000
345.000000
1647.000000
366.000000
1112.000000
547.000000
314.000000
416.000000
545.000000
648.000000
327.000000
285.000000
156.000000
83.000000
193.000000
151.000000
5022.000000
484.000000
573.000000
242.000000
79.000000
1921.000000
260.000000
1748.000000
506.000000
326.000000
194.000000
242.000000
92.000000
341.000000
2119.000000
2388.000000
511.000000
1522.000000
222.000000
1013.000000
388.000000
1012.000000
505.000000
782.000000
465.000000
1013.000000
474.000000
435.000000
157.000000
454.000000
385.000000
400.000000
2231.000000
619.000000
415.000000
905.000000
442.000000
71.000000
1860.000000
9264.000000
140.000000
1342.000000
440.000000
3959.000000
421.000000
241.000000
670.000000
382.000000
149.000000
87.000000
2097.000000
370.000000
578.000000
854.000000
477.000000
358.000000
4664.000000
269.000000
428.000000
1353.000000
264.000000
308.000000
1062.000000
266.000000
344.000000
586.000000
1074.000000
483.000000
53.000000
286.000000
474.000000
98.000000
113.000000
103.000000
506.000000
1602.000000
564.000000
575.000000
147.000000
349.000000
329.000000
231.000000
3408.000000
1018.000000
87.000000
986.000000
591.000000
632.000000
89.000000
440.000000
478.000000
194.000000
140.000000
635.000000
1736.000000
187.000000
1367.000000
1190.000000
306.000000
2300.000000
343.000000
132.000000
952.000000
511.000000
722.000000
315.000000
211.000000
239.000000
1295.000000
737.000000
383.000000
396.000000
874.000000
236.000000
208.000000
365.000000
120.000000
145.000000
891.000000
100.000000
1916.000000
409.000000
140.000000
326.000000
427.000000
153.000000
258.000000
879.000000
2424.000000
191.000000
734.000000
221.000000
725.000000
211.000000
301.000000
2657.000000
191.000000
238.000000
461.000000
590.000000
1670.000000
799.000000
2509.000000
1152.000000
2401.000000
162.000000
601.000000
375.000000
4129.000000
937.000000
453.000000
430.000000
1366.000000
142.000000
772.000000
118.000000
159.000000
393.000000
1029.000000
570.000000
742.000000
4342.000000
289.000000
242.000000
1507.000000
207.000000
76.000000
603.000000
559.000000
208.000000
1688.000000
872.000000
641.000000
163.000000
814.000000
364.000000
1258.000000
825.000000
2485.000000
765.000000
1555.000000
250.000000
690.000000
366.000000
127.000000
749.000000
311.000000
197.000000
237.000000
868.000000
111.000000
54.000000
339.000000
401.000000
353.000000
201.000000
950.000000
254.000000
350.000000
1347.000000
88.000000
367.000000
816.000000
366.000000
836.000000
3704.000000
229.000000
1169.000000
303.000000
71.000000
286.000000
477.000000
135.000000
1019.000000
770.000000
524.000000
464.000000
564.000000
137.000000
538.000000
324.000000
675.000000
57.000000
1187.000000
422.000000
376.000000
1079.000000
485.000000
549.000000
504.000000
430.000000
1547.000000
525.000000
85.000000
260.000000
371.000000
287.000000
238.000000
1392.000000
63.000000
201.000000
596.000000
949.000000
322.000000
83.000000
317.000000
761.000000
897.000000
511.000000
568.000000
811.000000
837.000000
1374.000000
231.000000
557.000000
436.000000
434.000000
129.000000
285.000000
474.000000
1228.000000
2358.000000
738.000000
358.000000
350.000000
100.000000
1327.000000
65.000000
132.000000
182.000000
891.000000
82.000000
644.000000
356.000000
328.000000
141.000000
6352.000000
1085.000000
433.000000
225.000000
122.000000
593.000000
4088.000000
3532.000000
1894.000000
231.000000
103.000000
551.000000
113.000000
554.000000
174.000000
801.000000
240.000000
952.000000
243.000000
249.000000
166.000000
186.000000
137.000000
107.000000
274.000000
544.000000
964.000000
5071.000000
39.000000
254.000000
112.000000
389.000000
296.000000
105.000000
370.000000
521.000000
753.000000
262.000000
376.000000
461.000000
671.000000
42.000000
91.000000
876.000000
1513.000000
778.000000
346.000000
469.000000
1557.000000
488.000000
168.000000
91.000000
501.000000
577.000000
134.000000
108.000000
293.000000
299.000000
454.000000
816.000000
159.000000
729.000000
146.000000
2280.000000
495.000000
337.000000
892.000000
3028.000000
884.000000
722.000000
1313.000000
665.000000
247.000000
529.000000
1157.000000
813.000000
103.000000
84.000000
234.000000
218.000000
342.000000
576.000000
523.000000
117.000000
2751.000000
1387.000000
579.000000
42.000000
584.000000
885.000000
483.000000
99.000000
272.000000
4859.000000
265.000000
604.000000
106.000000
137.000000
1297.000000
245.000000
666.000000
5821.000000
37.000000
549.000000
3912.000000
277.000000
505.000000
24.000000
211.000000
165.000000
812.000000
192.000000
1704.000000
173.000000
989.000000
526.000000
436.000000
280.000000
709.000000
410.000000
211.000000
394.000000
1881.000000
1098.000000
445.000000
930.000000
1278.000000
293.000000
823.000000
825.000000
185.000000
149.000000
1130.000000
3362.000000
290.000000
271.000000
103.000000
152.000000
239.000000
348.000000
721.000000
741.000000
170.000000
342.000000
809.000000
526.000000
548.000000
322.000000
824.000000
427.000000
643.000000
383.000000
363.000000
1687.000000
327.000000
412.000000
