1262.000000
304.000000
506.000000
1677.000000
522.000000
2386.000000
746.000000
382.000000
258.000000
416.000000
217.000000
1463.000000
145.000000
133.000000
241.000000
669.000000
467.000000
703.000000
745.000000
279.000000
210.000000
233.000000
168.000000
490.000000
1307.000000
50.000000
356.000000
5553.000000
37.000000
192.000000
2009.000000
127.000000
223.000000
1612.000000
74.000000
2904.000000
392.000000
2324.000000
196.000000
160.000000
1877.000000
770.000000
43.000000
440.000000
3224.000000
1461.000000
238.000000
1522.000000
324.000000
704.000000
67.000000
303.000000
166.000000
655.000000
242.000000
314.000000
509.000000
220.000000
332.000000
937.000000
373.000000
318.000000
482.000000
148.000000
646.000000
1363.000000
188.000000
1214.000000
844.000000
268.000000
403.000000
953.000000
333.000000
68.000000
104.000000
248.000000
369.000000
153.000000
190.000000
402.000000
97.000000
2734.000000
799.000000
292.000000
570.000000
772.000000
467.000000
164.000000
936.000000
274.000000
184.000000
349.000000
61.000000
1149.000000
568.000000
1559.000000
843.000000
947.000000
1322.000000
2140.000000
143.000000
1006.000000
677.000000
820.000000
869.000000
429.000000
1276.000000
836.000000
735.000000
366.000000
1157.000000
354.000000
176.000000
415.000000
822.000000
886.000000
568.000000
1442.000000
525.000000
73.000000
157.000000
1424.000000
871.000000
373.000000
431.000000
183.000000
305.000000
274.000000
284.000000
1598.000000
782.000000
165.000000
226.000000
146.000000
254.000000
462.000000
75.000000
1204.000000
303.000000
144.000000
100.000000
2248.000000
85.000000
159.000000
154.000000
192.000000
199.000000
168.000000
119.000000
183.000000
1002.000000
608.000000
3799.000000
909.000000
75.000000
1124.000000
1082.000000
156.000000
497.000000
606.000000
434.000000
1695.000000
2013.000000
121.000000
211.000000
101.000000
3006.000000
249.000000
301.000000
327.000000
1433.000000
1320.000000
441.000000
363.000000
475.000000
21.000000
360.000000
456.000000
547.000000
217.000000
449.000000
126.000000
54.000000
876.000000
1127.000000
332.000000
115.000000
265.000000
422.000000
1924.000000
274.000000
187.000000
95.000000
1316.000000
1544.000000
633.000000
294.000000
421.000000
976.000000
549.000000
12328.000000
2578.000000
100.000000
389.000000
103.000000
1077.000000
223.000000
431.000000
703.000000
945.000000
424.000000
350.000000
321.000000
924.000000
757.000000
413.000000
739.000000
1067.000000
535.000000
1519.000000
158.000000
233.000000
450.000000
1196.000000
304.000000
1802.000000
994.000000
609.000000
5113.000000
241.000000
299.000000
118.000000
1337.000000
2090.000000
244.000000
539.000000
830.000000
354.000000
1588.000000
433.000000
596.000000
614.000000
1419.000000
566.000000
379.000000
764.000000
3457.000000
313.000000
256.000000
875.000000
122.000000
148.000000
2564.000000
253.000000
815.000000
448.000000
417.000000
353.000000
267.000000
1045.000000
4817.000000
217.000000
1539.000000
1715.000000
127.000000
136.000000
376.000000
294.000000
1930.000000
287.000000
885.000000
587.000000
562.000000
221.000000
91.000000
780.000000
213.000000
510.000000
393.000000
795.000000
713.000000
531.000000
829.000000
389.000000
689.000000
2988.000000
735.000000
989.000000
82.000000
212.000000
173.000000
621.000000
1859.000000
152.000000
588.000000
303.000000
540.000000
661.000000
211.000000
714.000000
711.000000
291.000000
461.000000
112.000000
116.000000
477.000000
581.000000
237.000000
271.000000
52.000000
61.000000
485.000000
926.000000
158.000000
559.000000
734.000000
199.000000
155.000000
640.000000
237.000000
543.000000
178.000000
469.000000
256.000000
230.000000
266.000000
62.000000
103.000000
46.000000
956.000000
1361.000000
341.000000
357.000000
457.000000
242.000000
70.000000
1345.000000
177.000000
3604.000000
408.000000
100.000000
158.000000
725.000000
1083.000000
947.000000
111.000000
2823.000000
196.000000
210.000000
2848.000000
1663.000000
133.000000
63.000000
124.000000
429.000000
47.000000
677.000000
445.000000
809.000000
457.000000
1022.000000
576.000000
448.000000
521.000000
402.000000
977.000000
37.000000
132.000000
257.000000
622.000000
587.000000
298.000000
468.000000
610.000000
115.000000
468.000000
338.000000
331.000000
1779.000000
612.000000
618.000000
932.000000
129.000000
612.000000
955.000000
126.000000
181.000000
594.000000
1781.000000
319.000000
568.000000
446.000000
164.000000
252.000000
96.000000
292.000000
577.000000
4424.000000
99.000000
2840.000000
972.000000
1967.000000
1202.000000
400.000000
146.000000
632.000000
708.000000
658.000000
559.000000
178.000000
162.000000
392.000000
427.000000
555.000000
2486.000000
132.000000
137.000000
95.000000
545.000000
1278.000000
854.000000
1171.000000
234.000000
653.000000
1394.000000
136.000000
199.000000
1285.000000
344.000000
906.000000
346.000000
606.000000
691.000000
4038.000000
181.000000
31.000000
126.000000
925.000000
429.000000
1018.000000
1035.000000
744.000000
445.000000
1333.000000
365.000000
155.000000
1065.000000
2227.000000
118.000000
1028.000000
1161.000000
553.000000
266.000000
1186.000000
185.000000
4999.000000
226.000000
172.000000
645.000000
281.000000
76.000000
447.000000
104.000000
451.000000
352.000000
46.000000
471.000000
94.000000
893.000000
242.000000
933.000000
295.000000
1254.000000
76.000000
1732.000000
633.000000
190.000000
184.000000
235.000000
165.000000
123.000000
817.000000
409.000000
894.000000
1471.000000
1922.000000
75.000000
564.000000
375.000000
143.000000
2777.000000
174.000000
314.000000
618.000000
176.000000
166.000000
600.000000
444.000000
410.000000
565.000000
292.000000
3098.000000
442.000000
500.000000
2566.000000
301.000000
479.000000
1474.000000
2066.000000
202.000000
971.000000
142.000000
476.000000
176.000000
170.000000
519.000000
52.000000
430.000000
649.000000
1106.000000
145.000000
975.000000
318.000000
478.000000
1120.000000
220.000000
271.000000
1510.000000
341.000000
546.000000
488.000000
1142.000000
570.000000
203.000000
318.000000
313.000000
116.000000
695.000000
440.000000
875.000000
574.000000
197.000000
350.000000
340.000000
148.000000
113.000000
727.000000
128.000000
5461.000000
55.000000
209.000000
223.000000
1396.000000
578.000000
637.000000
1070.000000
1861.000000
2273.000000
1499.000000
2087.000000
1317.000000
3404.000000
1431.000000
504.000000
188.000000
1183.000000
711.000000
62.000000
283.000000
686.000000
95.000000
71.000000
259.000000
485.000000
1220.000000
348.000000
716.000000
1707.000000
584.000000
66.000000
965.000000
82.000000
334.000000
193.000000
257.000000
456.000000
1242.000000
358.000000
574.000000
263.000000
1322.000000
1177.000000
1709.000000
2395.000000
417.000000
38.000000
1924.000000
393.000000
4345.000000
917.000000
252.000000
964.000000
329.000000
776.000000
253.000000
120.000000
7022.000000
708.000000
512.000000
168.000000
181.000000
1173.000000
5700.000000
139.000000
302.000000
143.000000
121.000000
113.000000
46.000000
157.000000
308.000000
268.000000
362.000000
104.000000
2132.000000
759.000000
319.000000
1027.000000
252.000000
181.000000
190.000000
276.000000
297.000000
718.000000
243.000000
460.000000
418.000000
868.000000
1585.000000
159.000000
497.000000
3502.000000
917.000000
311.000000
369.000000
731.000000
1866.000000
1471.000000
67.000000
229.000000
402.000000
73.000000
3155.000000
1010.000000
152.000000
3034.000000
518.000000
3337.000000
199.000000
33.000000
578.000000
312.000000
1388.000000
597.000000
61.000000
126.000000
65.000000
3439.000000
419.000000
501.000000
133.000000
1407.000000
281.000000
13671.000000
232.000000
407.000000
454.000000
332.000000
250.000000
1018.000000
79.000000
2833.000000
199.000000
226.000000
4235.000000
522.000000
219.000000
346.000000
204.000000
389.000000
194.000000
142.000000
485.000000
125.000000
451.000000
811.000000
1162.000000
736.000000
670.000000
73.000000
364.000000
1235.000000
568.000000
132.000000
276.000000
190.000000
335.000000
1146.000000
334.000000
145.000000
212.000000
832.000000
617.000000
400.000000
313.000000
331.000000
236.000000
1018.000000
287.000000
246.000000
179.000000
941.000000
493.000000
579.000000
353.000000
408.000000
715.000000
1115.000000
33.000000
419.000000
359.000000
1023.000000
72.000000
166.000000
125.000000
116.000000
131.000000
843.000000
364.000000
215.000000
5355.000000
1069.000000
963.000000
1642.000000
467.000000
99.000000
878.000000
1524.000000
336.000000
553.000000
339.000000
410.000000
377.000000
429.000000
231.000000
501.000000
113.000000
390.000000
933.000000
644.000000
408.000000
2774.000000
784.000000
645.000000
58.000000
1075.000000
493.000000
442.000000
1054.000000
219.000000
89.000000
127.000000
422.000000
435.000000
388.000000
28.000000
2546.000000
199.000000
418.000000
1059.000000
506.000000
226.000000
468.000000
199.000000
662.000000
593.000000
2645.000000
731.000000
66.000000
176.000000
143.000000
354.000000
400.000000
156.000000
1271.000000
3241.000000
595.000000
48.000000
246.000000
83.000000
104.000000
306.000000
621.000000
263.000000
355.000000
80.000000
451.000000
562.000000
160.000000
357.000000
1729.000000
741.000000
987.000000
294.000000
376.000000
384.000000
1357.000000
639.000000
246.000000
177.000000
139.000000
390.000000
369.000000
271.000000
2275.000000
137.000000
204.000000
697.000000
97.000000
759.000000
1489.000000
701.000000
6763.000000
1024.000000
314.000000
434.000000
65.000000
1158.000000
1910.000000
2135.000000
53.000000
1030.000000
489.000000
1103.000000
1162.000000
60.000000
302.000000
154.000000
687.000000
84.000000
743.000000
3728.000000
679.000000
1191.000000
163.000000
173.000000
1081.000000
255.000000
38.000000
1884.000000
263.000000
1461.000000
425.000000
1093.000000
328.000000
702.000000
130.000000
1380.000000
401.000000
377.000000
116.000000
630.000000
774.000000
286.000000
221.000000
703.000000
158.000000
3318.000000
372.000000
308.000000
1065.000000
458.000000
1490.000000
86.000000
337.000000
884.000000
439.000000
732.000000
66.000000
169.000000
1352.000000
637.000000
1045.000000
211.000000
93.000000
310.000000
335.000000
191.000000
679.000000
321.000000
92.000000
55.000000
396.000000
491.000000
724.000000
275.000000
737.000000
337.000000
1099.000000
1908.000000
211.000000
359.000000
290.000000
628.000000
427.000000
148.000000
957.000000
1670.000000
240.000000
1000.000000
425.000000
224.000000
1488.000000
78.000000
194.000000
2139.000000
628.000000
1968.000000
530.000000
1196.000000
802.000000
713.000000
131.000000
568.000000
972.000000
4246.000000
2514.000000
1018.000000
1246.000000
65.000000
271.000000
1096.000000
206.000000
772.000000
999.000000
747.000000
338.000000
604.000000
1008.000000
60.000000
179.000000
274.000000
1683.000000
624.000000
98.000000
388.000000
440.000000
1382.000000
165.000000
172.000000
799.000000
1347.000000
2738.000000
811.000000
224.000000
972.000000
496.000000
288.000000
319.000000
955.000000
503.000000
576.000000
255.000000
419.000000
153.000000
170.000000
316.000000
2723.000000
197.000000
405.000000
1711.000000
2760.000000
2239.000000
662.000000
2309.000000
545.000000
403.000000
454.000000
387.000000
382.000000
238.000000
476.000000
233.000000
759.000000
66.000000
8543.000000
992.000000
154.000000
1110.000000
402.000000
