320.000000
638.000000
320.000000
195.000000
133.000000
445.000000
796.000000
281.000000
1128.000000
338.000000
191.000000
857.000000
1480.000000
249.000000
1311.000000
1601.000000
77.000000
365.000000
1302.000000
486.000000
176.000000
2910.000000
157.000000
177.000000
189.000000
79.000000
899.000000
812.000000
485.000000
350.000000
633.000000
477.000000
418.000000
2986.000000
238.000000
474.000000
539.000000
112.000000
118.000000
134.000000
170.000000
332.000000
1126.000000
414.000000
1385.000000
735.000000
398.000000
192.000000
626.000000
285.000000
1144.000000
252.000000
323.000000
1970.000000
444.000000
192.000000
582.000000
32.000000
557.000000
473.000000
288.000000
813.000000
340.000000
1182.000000
44.000000
593.000000
107.000000
239.000000
148.000000
342.000000
8117.000000
219.000000
1217.000000
212.000000
271.000000
2327.000000
436.000000
2400.000000
381.000000
254.000000
1427.000000
277.000000
289.000000
164.000000
633.000000
959.000000
606.000000
876.000000
1578.000000
1093.000000
438.000000
517.000000
122.000000
1285.000000
150.000000
130.000000
677.000000
1292.000000
2207.000000
231.000000
1763.000000
36.000000
94.000000
99.000000
4599.000000
741.000000
343.000000
225.000000
434.000000
1006.000000
38.000000
127.000000
1743.000000
165.000000
139.000000
124.000000
279.000000
256.000000
328.000000
525.000000
143.000000
356.000000
1929.000000
326.000000
128.000000
281.000000
1756.000000
392.000000
280.000000
296.000000
82.000000
1164.000000
1015.000000
1928.000000
620.000000
270.000000
118.000000
2089.000000
4344.000000
1480.000000
230.000000
119.000000
1484.000000
1040.000000
1576.000000
65.000000
1638.000000
1834.000000
131.000000
516.000000
797.000000
107.000000
630.000000
204.000000
281.000000
115.000000
574.000000
135.000000
145.000000
113.000000
2455.000000
166.000000
453.000000
453.000000
95.000000
217.000000
392.000000
945.000000
495.000000
233.000000
607.000000
953.000000
964.000000
204.000000
1329.000000
95.000000
658.000000
544.000000
271.000000
1569.000000
1180.000000
364.000000
245.000000
237.000000
151.000000
239.000000
1932.000000
1001.000000
6640.000000
98.000000
2644.000000
207.000000
934.000000
505.000000
391.000000
1088.000000
437.000000
403.000000
45.000000
208.000000
350.000000
396.000000
175.000000
3494.000000
638.000000
2149.000000
219.000000
340.000000
1804.000000
391.000000
296.000000
773.000000
557.000000
1231.000000
272.000000
162.000000
174.000000
121.000000
1847.000000
171.000000
659.000000
623.000000
866.000000
146.000000
535.000000
300.000000
2071.000000
176.000000
597.000000
239.000000
168.000000
641.000000
199.000000
130.000000
752.000000
156.000000
377.000000
184.000000
65.000000
83.000000
101.000000
1196.000000
496.000000
339.000000
1496.000000
151.000000
2534.000000
21.000000
90.000000
627.000000
876.000000
523.000000
972.000000
282.000000
1013.000000
685.000000
317.000000
332.000000
58.000000
381.000000
348.000000
208.000000
316.000000
148.000000
746.000000
158.000000
597.000000
302.000000
680.000000
329.000000
412.000000
1740.000000
172.000000
35.000000
146.000000
30.000000
1260.000000
942.000000
394.000000
128.000000
1968.000000
125.000000
90.000000
80.000000
196.000000
2145.000000
757.000000
426.000000
1057.000000
1724.000000
78.000000
598.000000
327.000000
281.000000
297.000000
1171.000000
204.000000
2146.000000
341.000000
549.000000
143.000000
91.000000
151.000000
39.000000
1611.000000
504.000000
359.000000
535.000000
238.000000
830.000000
79.000000
413.000000
224.000000
170.000000
722.000000
555.000000
670.000000
319.000000
351.000000
93.000000
1249.000000
114.000000
231.000000
799.000000
677.000000
356.000000
106.000000
179.000000
185.000000
605.000000
656.000000
1528.000000
290.000000
117.000000
857.000000
846.000000
407.000000
140.000000
795.000000
510.000000
169.000000
91.000000
338.000000
176.000000
282.000000
215.000000
475.000000
378.000000
817.000000
1475.000000
334.000000
1222.000000
105.000000
399.000000
214.000000
279.000000
303.000000
1166.000000
1068.000000
201.000000
240.000000
518.000000
1044.000000
52.000000
491.000000
287.000000
248.000000
1214.000000
883.000000
407.000000
213.000000
379.000000
146.000000
267.000000
504.000000
2390.000000
151.000000
311.000000
55.000000
440.000000
3172.000000
401.000000
145.000000
645.000000
61.000000
806.000000
1062.000000
3303.000000
1475.000000
193.000000
163.000000
351.000000
138.000000
258.000000
1165.000000
348.000000
143.000000
655.000000
173.000000
656.000000
522.000000
112.000000
752.000000
456.000000
134.000000
52.000000
284.000000
973.000000
925.000000
835.000000
461.000000
1548.000000
370.000000
169.000000
1140.000000
552.000000
1169.000000
298.000000
564.000000
1113.000000
935.000000
1459.000000
760.000000
187.000000
2986.000000
137.000000
95.000000
438.000000
4605.000000
1012.000000
843.000000
387.000000
1270.000000
231.000000
394.000000
991.000000
54.000000
2413.000000
729.000000
675.000000
165.000000
1080.000000
54.000000
207.000000
1967.000000
134.000000
266.000000
246.000000
1204.000000
1741.000000
861.000000
894.000000
254.000000
310.000000
942.000000
31.000000
830.000000
436.000000
2212.000000
137.000000
349.000000
202.000000
2282.000000
3210.000000
521.000000
1703.000000
287.000000
143.000000
198.000000
375.000000
87.000000
93.000000
76.000000
623.000000
56.000000
468.000000
519.000000
591.000000
1465.000000
59.000000
109.000000
173.000000
268.000000
210.000000
721.000000
455.000000
405.000000
595.000000
335.000000
4487.000000
1258.000000
227.000000
580.000000
72.000000
432.000000
342.000000
726.000000
1004.000000
611.000000
185.000000
140.000000
112.000000
192.000000
323.000000
620.000000
340.000000
1332.000000
244.000000
502.000000
934.000000
158.000000
915.000000
373.000000
65.000000
244.000000
137.000000
179.000000
386.000000
99.000000
1077.000000
139.000000
34.000000
540.000000
126.000000
1817.000000
235.000000
175.000000
463.000000
240.000000
822.000000
109.000000
161.000000
1248.000000
1437.000000
233.000000
1414.000000
193.000000
10805.000000
4900.000000
3806.000000
322.000000
210.000000
222.000000
861.000000
310.000000
150.000000
117.000000
879.000000
533.000000
826.000000
530.000000
261.000000
361.000000
1780.000000
109.000000
63.000000
1325.000000
1268.000000
95.000000
328.000000
992.000000
2583.000000
1532.000000
732.000000
54.000000
1676.000000
182.000000
358.000000
216.000000
4872.000000
852.000000
286.000000
316.000000
270.000000
156.000000
117.000000
195.000000
2159.000000
351.000000
383.000000
109.000000
200.000000
145.000000
552.000000
416.000000
364.000000
266.000000
278.000000
115.000000
96.000000
328.000000
3716.000000
72.000000
226.000000
373.000000
419.000000
979.000000
478.000000
350.000000
208.000000
618.000000
521.000000
731.000000
261.000000
879.000000
610.000000
353.000000
1049.000000
2027.000000
67.000000
744.000000
243.000000
367.000000
432.000000
1467.000000
374.000000
809.000000
472.000000
1600.000000
95.000000
539.000000
650.000000
620.000000
4769.000000
496.000000
326.000000
397.000000
357.000000
4182.000000
1757.000000
101.000000
351.000000
183.000000
1267.000000
195.000000
254.000000
500.000000
451.000000
720.000000
543.000000
644.000000
1097.000000
756.000000
734.000000
1541.000000
1007.000000
812.000000
379.000000
696.000000
311.000000
2394.000000
548.000000
901.000000
1185.000000
1845.000000
1460.000000
280.000000
87.000000
1557.000000
150.000000
413.000000
222.000000
258.000000
1575.000000
70.000000
227.000000
516.000000
405.000000
939.000000
175.000000
98.000000
62.000000
136.000000
1312.000000
2109.000000
1302.000000
270.000000
136.000000
2384.000000
1375.000000
181.000000
62.000000
972.000000
61.000000
664.000000
1038.000000
165.000000
239.000000
586.000000
409.000000
711.000000
240.000000
109.000000
1690.000000
481.000000
305.000000
677.000000
472.000000
1227.000000
945.000000
622.000000
205.000000
242.000000
68.000000
218.000000
501.000000
859.000000
4078.000000
182.000000
167.000000
3006.000000
379.000000
214.000000
315.000000
537.000000
307.000000
103.000000
434.000000
164.000000
185.000000
102.000000
908.000000
696.000000
2753.000000
513.000000
711.000000
263.000000
120.000000
178.000000
296.000000
217.000000
88.000000
1489.000000
2177.000000
70.000000
1914.000000
290.000000
621.000000
188.000000
1224.000000
195.000000
342.000000
417.000000
408.000000
669.000000
624.000000
717.000000
416.000000
1140.000000
937.000000
88.000000
747.000000
976.000000
87.000000
254.000000
438.000000
178.000000
783.000000
1715.000000
233.000000
311.000000
1676.000000
632.000000
75.000000
956.000000
218.000000
7635.000000
422.000000
462.000000
506.000000
31.000000
1413.000000
118.000000
1564.000000
229.000000
1035.000000
1172.000000
3974.000000
1831.000000
398.000000
64.000000
1669.000000
302.000000
297.000000
157.000000
351.000000
666.000000
3425.000000
676.000000
633.000000
217.000000
745.000000
2008.000000
243.000000
504.000000
232.000000
370.000000
319.000000
177.000000
72.000000
1007.000000
757.000000
895.000000
420.000000
118.000000
972.000000
151.000000
183.000000
138.000000
623.000000
236.000000
1964.000000
320.000000
473.000000
1237.000000
386.000000
512.000000
292.000000
84.000000
291.000000
1179.000000
127.000000
172.000000
1188.000000
1267.000000
339.000000
519.000000
42.000000
1485.000000
162.000000
339.000000
117.000000
211.000000
423.000000
932.000000
1588.000000
289.000000
378.000000
273.000000
702.000000
3160.000000
415.000000
134.000000
89.000000
392.000000
109.000000
65.000000
377.000000
440.000000
2735.000000
568.000000
532.000000
648.000000
425.000000
1037.000000
1469.000000
211.000000
3474.000000
1238.000000
463.000000
1151.000000
217.000000
310.000000
2347.000000
51.000000
121.000000
494.000000
130.000000
2164.000000
1198.000000
594.000000
107.000000
360.000000
587.000000
777.000000
475.000000
689.000000
376.000000
662.000000
1175.000000
860.000000
566.000000
3636.000000
381.000000
1324.000000
3261.000000
110.000000
381.000000
560.000000
188.000000
237.000000
854.000000
480.000000
355.000000
417.000000
682.000000
451.000000
2334.000000
791.000000
886.000000
150.000000
995.000000
1673.000000
113.000000
181.000000
286.000000
389.000000
1801.000000
1041.000000
184.000000
389.000000
954.000000
1073.000000
1243.000000
997.000000
270.000000
2216.000000
211.000000
103.000000
41.000000
119.000000
176.000000
1114.000000
150.000000
486.000000
517.000000
557.000000
134.000000
122.000000
690.000000
421.000000
818.000000
148.000000
1640.000000
519.000000
1260.000000
752.000000
169.000000
570.000000
266.000000
697.000000
1193.000000
2268.000000
126.000000
417.000000
35.000000
6694.000000
400.000000
401.000000
607.000000
451.000000
551.000000
76.000000
791.000000
761.000000
1215.000000
151.000000
1858.000000
233.000000
5590.000000
2138.000000
220.000000
1089.000000
214.000000
689.000000
357.000000
349.000000
659.000000
765.000000
444.000000
755.000000
646.000000
392.000000
728.000000
1112.000000
590.000000
446.000000
498.000000
720.000000
273.000000
113.000000
620.000000
355.000000
300.000000
1247.000000
3464.000000
464.000000
654.000000
851.000000
10919.000000
129.000000
957.000000
350.000000
537.000000
374.000000
137.000000
1230.000000
553.000000
453.000000
532.000000
