108.000000
255.000000
2486.000000
413.000000
560.000000
57.000000
408.000000
354.000000
1619.000000
409.000000
167.000000
159.000000
2879.000000
1237.000000
388.000000
267.000000
3256.000000
162.000000
668.000000
206.000000
398.000000
1305.000000
142.000000
235.000000
903.000000
375.000000
1384.000000
299.000000
112.000000
550.000000
140.000000
719.000000
264.000000
5552.000000
121.000000
1924.000000
941.000000
2301.000000
954.000000
421.000000
108.000000
167.000000
139.000000
1002.000000
325.000000
563.000000
1632.000000
246.000000
1198.000000
2786.000000
468.000000
4615.000000
529.000000
729.000000
653.000000
634.000000
261.000000
788.000000
941.000000
257.000000
87.000000
681.000000
296.000000
257.000000
294.000000
1634.000000
1210.000000
777.000000
909.000000
210.000000
712.000000
79.000000
277.000000
232.000000
139.000000
458.000000
694.000000
390.000000
78.000000
772.000000
824.000000
133.000000
335.000000
102.000000
1152.000000
277.000000
310.000000
506.000000
121.000000
1461.000000
940.000000
293.000000
179.000000
188.000000
367.000000
158.000000
216.000000
678.000000
1154.000000
982.000000
444.000000
304.000000
1025.000000
3961.000000
151.000000
603.000000
47.000000
149.000000
532.000000
822.000000
79.000000
1138.000000
664.000000
414.000000
796.000000
797.000000
752.000000
765.000000
599.000000
918.000000
393.000000
1112.000000
236.000000
510.000000
288.000000
144.000000
1021.000000
128.000000
161.000000
959.000000
4863.000000
624.000000
1350.000000
1148.000000
1501.000000
469.000000
882.000000
37.000000
75.000000
187.000000
1064.000000
995.000000
808.000000
244.000000
337.000000
1244.000000
1193.000000
172.000000
73.000000
817.000000
658.000000
1118.000000
1298.000000
2240.000000
528.000000
77.000000
429.000000
593.000000
144.000000
291.000000
828.000000
381.000000
97.000000
240.000000
1463.000000
478.000000
157.000000
463.000000
104.000000
163.000000
300.000000
491.000000
1056.000000
477.000000
1403.000000
329.000000
556.000000
704.000000
1740.000000
388.000000
87.000000
195.000000
1549.000000
316.000000
72.000000
184.000000
330.000000
487.000000
450.000000
559.000000
785.000000
479.000000
729.000000
567.000000
58.000000
641.000000
317.000000
724.000000
986.000000
567.000000
159.000000
178.000000
1590.000000
196.000000
485.000000
18.000000
296.000000
1559.000000
2450.000000
668.000000
144.000000
173.000000
230.000000
91.000000
556.000000
340.000000
516.000000
1070.000000
384.000000
705.000000
560.000000
369.000000
3328.000000
321.000000
1587.000000
380.000000
326.000000
41.000000
443.000000
620.000000
271.000000
275.000000
479.000000
241.000000
119.000000
1962.000000
537.000000
343.000000
296.000000
66.000000
253.000000
193.000000
280.000000
754.000000
352.000000
1172.000000
900.000000
250.000000
1201.000000
616.000000
82.000000
481.000000
111.000000
328.000000
247.000000
943.000000
209.000000
1003.000000
356.000000
982.000000
180.000000
416.000000
2146.000000
115.000000
206.000000
427.000000
1355.000000
527.000000
375.000000
145.000000
767.000000
137.000000
1207.000000
136.000000
169.000000
593.000000
102.000000
873.000000
253.000000
2977.000000
140.000000
2189.000000
237.000000
429.000000
479.000000
63.000000
115.000000
540.000000
132.000000
707.000000
526.000000
105.000000
302.000000
1023.000000
1422.000000
667.000000
1316.000000
1217.000000
298.000000
906.000000
247.000000
767.000000
924.000000
440.000000
1704.000000
610.000000
204.000000
294.000000
786.000000
112.000000
453.000000
1422.000000
139.000000
148.000000
186.000000
773.000000
357.000000
1038.000000
395.000000
426.000000
363.000000
278.000000
1633.000000
608.000000
74.000000
1062.000000
776.000000
339.000000
349.000000
145.000000
893.000000
271.000000
345.000000
127.000000
409.000000
393.000000
799.000000
382.000000
237.000000
459.000000
392.000000
180.000000
146.000000
177.000000
944.000000
417.000000
139.000000
1872.000000
94.000000
284.000000
355.000000
178.000000
239.000000
420.000000
1412.000000
76.000000
911.000000
1354.000000
509.000000
90.000000
334.000000
497.000000
1062.000000
440.000000
158.000000
3809.000000
2419.000000
2294.000000
378.000000
645.000000
374.000000
595.000000
281.000000
143.000000
230.000000
241.000000
326.000000
218.000000
162.000000
408.000000
681.000000
681.000000
999.000000
209.000000
205.000000
902.000000
402.000000
1988.000000
675.000000
771.000000
1684.000000
314.000000
368.000000
95.000000
657.000000
414.000000
830.000000
905.000000
827.000000
647.000000
733.000000
256.000000
336.000000
687.000000
532.000000
562.000000
2424.000000
66.000000
82.000000
674.000000
105.000000
289.000000
202.000000
202.000000
200.000000
426.000000
168.000000
395.000000
54.000000
402.000000
2651.000000
63.000000
449.000000
310.000000
231.000000
92.000000
290.000000
591.000000
853.000000
363.000000
703.000000
220.000000
659.000000
340.000000
122.000000
964.000000
174.000000
99.000000
240.000000
1095.000000
98.000000
187.000000
1038.000000
487.000000
523.000000
136.000000
836.000000
651.000000
271.000000
218.000000
27.000000
695.000000
621.000000
1402.000000
377.000000
1256.000000
298.000000
1512.000000
562.000000
164.000000
416.000000
1187.000000
240.000000
903.000000
729.000000
130.000000
386.000000
379.000000
2068.000000
1491.000000
538.000000
93.000000
1216.000000
3797.000000
627.000000
578.000000
1146.000000
111.000000
534.000000
175.000000
779.000000
685.000000
186.000000
231.000000
140.000000
203.000000
829.000000
175.000000
170.000000
116.000000
174.000000
114.000000
82.000000
244.000000
143.000000
72.000000
316.000000
118.000000
125.000000
677.000000
664.000000
254.000000
3535.000000
466.000000
64.000000
156.000000
1765.000000
244.000000
211.000000
2437.000000
76.000000
211.000000
465.000000
318.000000
392.000000
89.000000
69.000000
134.000000
368.000000
2133.000000
316.000000
239.000000
2205.000000
709.000000
152.000000
581.000000
620.000000
1651.000000
778.000000
605.000000
1022.000000
1036.000000
140.000000
1973.000000
892.000000
417.000000
422.000000
180.000000
251.000000
188.000000
362.000000
712.000000
1033.000000
250.000000
1081.000000
365.000000
350.000000
283.000000
361.000000
2846.000000
201.000000
227.000000
1886.000000
2977.000000
945.000000
636.000000
263.000000
522.000000
901.000000
970.000000
828.000000
137.000000
332.000000
176.000000
834.000000
298.000000
472.000000
1538.000000
93.000000
135.000000
208.000000
213.000000
3448.000000
372.000000
716.000000
281.000000
78.000000
346.000000
31.000000
844.000000
218.000000
1119.000000
356.000000
690.000000
180.000000
335.000000
413.000000
137.000000
180.000000
2056.000000
134.000000
345.000000
258.000000
637.000000
295.000000
1110.000000
227.000000
234.000000
159.000000
185.000000
787.000000
264.000000
535.000000
542.000000
175.000000
1644.000000
1205.000000
64.000000
1567.000000
1525.000000
1298.000000
96.000000
257.000000
346.000000
983.000000
213.000000
399.000000
91.000000
101.000000
435.000000
1008.000000
128.000000
282.000000
336.000000
663.000000
381.000000
517.000000
1470.000000
2914.000000
2895.000000
911.000000
1785.000000
255.000000
190.000000
237.000000
554.000000
496.000000
384.000000
241.000000
128.000000
508.000000
165.000000
808.000000
69.000000
936.000000
92.000000
181.000000
129.000000
2166.000000
315.000000
197.000000
165.000000
346.000000
41.000000
116.000000
1462.000000
1111.000000
834.000000
88.000000
228.000000
3614.000000
181.000000
112.000000
367.000000
549.000000
817.000000
1021.000000
1000.000000
253.000000
104.000000
869.000000
1300.000000
577.000000
132.000000
248.000000
2731.000000
912.000000
69.000000
1680.000000
251.000000
156.000000
168.000000
1444.000000
148.000000
142.000000
3032.000000
142.000000
269.000000
1148.000000
422.000000
528.000000
247.000000
732.000000
299.000000
71.000000
118.000000
1014.000000
400.000000
482.000000
158.000000
77.000000
276.000000
1609.000000
796.000000
956.000000
735.000000
1439.000000
61.000000
138.000000
205.000000
543.000000
1360.000000
851.000000
2451.000000
185.000000
81.000000
522.000000
423.000000
206.000000
1445.000000
837.000000
798.000000
164.000000
659.000000
1074.000000
1067.000000
877.000000
358.000000
212.000000
843.000000
1616.000000
431.000000
210.000000
902.000000
49.000000
460.000000
449.000000
1303.000000
329.000000
4195.000000
860.000000
534.000000
235.000000
1393.000000
1796.000000
604.000000
227.000000
352.000000
154.000000
101.000000
141.000000
693.000000
864.000000
1809.000000
5112.000000
262.000000
55.000000
177.000000
303.000000
159.000000
782.000000
765.000000
246.000000
602.000000
256.000000
217.000000
751.000000
148.000000
567.000000
1351.000000
123.000000
202.000000
438.000000
334.000000
214.000000
501.000000
318.000000
441.000000
166.000000
1017.000000
230.000000
311.000000
1066.000000
1038.000000
81.000000
695.000000
284.000000
37.000000
199.000000
256.000000
204.000000
260.000000
1295.000000
201.000000
938.000000
118.000000
2333.000000
588.000000
57.000000
270.000000
1834.000000
104.000000
536.000000
180.000000
415.000000
538.000000
316.000000
193.000000
513.000000
290.000000
133.000000
732.000000
1586.000000
2804.000000
137.000000
144.000000
478.000000
191.000000
1599.000000
164.000000
3326.000000
338.000000
105.000000
228.000000
450.000000
261.000000
3586.000000
201.000000
105.000000
2855.000000
423.000000
124.000000
374.000000
424.000000
178.000000
382.000000
199.000000
452.000000
149.000000
1732.000000
184.000000
336.000000
426.000000
494.000000
206.000000
472.000000
376.000000
403.000000
342.000000
423.000000
678.000000
3128.000000
417.000000
1416.000000
108.000000
382.000000
373.000000
414.000000
278.000000
496.000000
126.000000
114.000000
91.000000
909.000000
974.000000
186.000000
126.000000
163.000000
199.000000
470.000000
714.000000
466.000000
626.000000
608.000000
1292.000000
200.000000
1079.000000
63.000000
325.000000
1077.000000
353.000000
554.000000
557.000000
113.000000
646.000000
1810.000000
424.000000
554.000000
549.000000
2197.000000
739.000000
424.000000
263.000000
1790.000000
443.000000
377.000000
932.000000
1000.000000
194.000000
1169.000000
622.000000
505.000000
252.000000
368.000000
339.000000
1010.000000
474.000000
584.000000
282.000000
470.000000
71.000000
258.000000
620.000000
545.000000
937.000000
171.000000
464.000000
1381.000000
297.000000
968.000000
135.000000
242.000000
105.000000
226.000000
1080.000000
505.000000
502.000000
111.000000
1100.000000
233.000000
426.000000
539.000000
74.000000
457.000000
69.000000
518.000000
2632.000000
1169.000000
104.000000
1270.000000
169.000000
308.000000
1376.000000
141.000000
2101.000000
1408.000000
78.000000
17.000000
225.000000
701.000000
305.000000
2132.000000
1424.000000
445.000000
199.000000
261.000000
734.000000
536.000000
485.000000
1015.000000
455.000000
580.000000
231.000000
479.000000
3063.000000
121.000000
531.000000
1067.000000
671.000000
480.000000
1708.000000
602.000000
360.000000
451.000000
2177.000000
1289.000000
441.000000
343.000000
365.000000
217.000000
727.000000
2553.000000
342.000000
218.000000
1273.000000
448.000000
32.000000
3080.000000
342.000000
2329.000000
116.000000
294.000000
767.000000
1799.000000
220.000000
148.000000
2129.000000
484.000000
564.000000
1898.000000
