63.000000
107.000000
1796.000000
703.000000
582.000000
1113.000000
888.000000
393.000000
465.000000
75.000000
205.000000
133.000000
77.000000
1402.000000
142.000000
116.000000
1109.000000
431.000000
276.000000
157.000000
115.000000
192.000000
487.000000
257.000000
369.000000
101.000000
229.000000
610.000000
131.000000
2198.000000
668.000000
547.000000
2552.000000
413.000000
376.000000
369.000000
482.000000
162.000000
406.000000
854.000000
2012.000000
435.000000
367.000000
742.000000
772.000000
147.000000
809.000000
6326.000000
745.000000
79.000000
264.000000
387.000000
351.000000
44.000000
195.000000
364.000000
484.000000
1706.000000
2287.000000
804.000000
720.000000
994.000000
671.000000
269.000000
418.000000
79.000000
202.000000
425.000000
143.000000
295.000000
356.000000
51.000000
1917.000000
401.000000
499.000000
880.000000
162.000000
173.000000
705.000000
180.000000
138.000000
293.000000
436.000000
1017.000000
188.000000
3084.000000
1105.000000
236.000000
1571.000000
422.000000
170.000000
295.000000
103.000000
56.000000
4133.000000
443.000000
826.000000
81.000000
439.000000
1577.000000
425.000000
239.000000
1234.000000
137.000000
170.000000
453.000000
2949.000000
870.000000
33.000000
367.000000
62.000000
319.000000
394.000000
208.000000
294.000000
567.000000
512.000000
251.000000
142.000000
577.000000
413.000000
106.000000
620.000000
1571.000000
562.000000
339.000000
97.000000
69.000000
153.000000
509.000000
1993.000000
3600.000000
292.000000
330.000000
879.000000
319.000000
1146.000000
546.000000
271.000000
602.000000
107.000000
130.000000
221.000000
951.000000
773.000000
1823.000000
180.000000
269.000000
245.000000
584.000000
134.000000
1346.000000
137.000000
955.000000
367.000000
428.000000
3672.000000
680.000000
1026.000000
119.000000
413.000000
133.000000
276.000000
1028.000000
794.000000
571.000000
611.000000
466.000000
833.000000
428.000000
964.000000
652.000000
1344.000000
314.000000
1371.000000
319.000000
1643.000000
1391.000000
154.000000
1012.000000
542.000000
6118.000000
647.000000
1101.000000
83.000000
192.000000
834.000000
151.000000
166.000000
1585.000000
286.000000
694.000000
2501.000000
1931.000000
1178.000000
809.000000
908.000000
37.000000
92.000000
327.000000
1208.000000
692.000000
57.000000
161.000000
772.000000
4783.000000
119.000000
296.000000
194.000000
66.000000
137.000000
78.000000
41.000000
97.000000
51.000000
104.000000
1327.000000
94.000000
1883.000000
316.000000
185.000000
281.000000
37.000000
666.000000
378.000000
133.000000
337.000000
297.000000
28.000000
125.000000
739.000000
1592.000000
284.000000
38.000000
29.000000
310.000000
62.000000
552.000000
754.000000
3145.000000
239.000000
65.000000
563.000000
935.000000
182.000000
805.000000
626.000000
272.000000
429.000000
1001.000000
290.000000
308.000000
1744.000000
362.000000
101.000000
381.000000
1615.000000
223.000000
1452.000000
64.000000
426.000000
32.000000
38.000000
360.000000
2982.000000
788.000000
313.000000
170.000000
61.000000
327.000000
155.000000
737.000000
837.000000
1984.000000
203.000000
221.000000
149.000000
101.000000
152.000000
385.000000
241.000000
951.000000
416.000000
852.000000
1182.000000
288.000000
292.000000
469.000000
412.000000
426.000000
1264.000000
794.000000
1457.000000
65.000000
100.000000
320.000000
96.000000
346.000000
365.000000
119.000000
1652.000000
312.000000
553.000000
1054.000000
976.000000
220.000000
423.000000
374.000000
645.000000
1716.000000
747.000000
2606.000000
266.000000
516.000000
170.000000
766.000000
263.000000
315.000000
583.000000
333.000000
104.000000
578.000000
445.000000
1799.000000
302.000000
269.000000
1615.000000
377.000000
92.000000
369.000000
34.000000
244.000000
179.000000
228.000000
536.000000
46.000000
133.000000
2481.000000
170.000000
793.000000
165.000000
1450.000000
40.000000
77.000000
609.000000
359.000000
1109.000000
185.000000
215.000000
343.000000
93.000000
1682.000000
543.000000
101.000000
115.000000
188.000000
245.000000
247.000000
180.000000
2781.000000
3071.000000
2078.000000
1138.000000
1100.000000
7808.000000
907.000000
592.000000
3072.000000
968.000000
426.000000
864.000000
313.000000
111.000000
199.000000
393.000000
424.000000
56.000000
394.000000
611.000000
412.000000
563.000000
1588.000000
514.000000
309.000000
146.000000
849.000000
704.000000
2804.000000
117.000000
1315.000000
204.000000
316.000000
136.000000
665.000000
111.000000
552.000000
686.000000
170.000000
123.000000
226.000000
765.000000
338.000000
220.000000
960.000000
538.000000
376.000000
163.000000
215.000000
793.000000
119.000000
183.000000
2654.000000
1279.000000
103.000000
308.000000
491.000000
2206.000000
827.000000
49.000000
270.000000
363.000000
87.000000
572.000000
423.000000
1959.000000
51.000000
378.000000
397.000000
276.000000
156.000000
408.000000
622.000000
996.000000
283.000000
874.000000
1460.000000
305.000000
165.000000
84.000000
387.000000
1007.000000
1196.000000
506.000000
1056.000000
346.000000
452.000000
1926.000000
123.000000
483.000000
244.000000
378.000000
596.000000
664.000000
314.000000
302.000000
1301.000000
38.000000
48.000000
80.000000
562.000000
503.000000
325.000000
167.000000
257.000000
604.000000
281.000000
83.000000
344.000000
787.000000
1146.000000
83.000000
465.000000
249.000000
1447.000000
69.000000
1197.000000
255.000000
216.000000
390.000000
2127.000000
521.000000
99.000000
563.000000
2899.000000
154.000000
1268.000000
586.000000
154.000000
337.000000
711.000000
132.000000
731.000000
393.000000
837.000000
577.000000
238.000000
509.000000
253.000000
695.000000
160.000000
814.000000
644.000000
146.000000
106.000000
162.000000
172.000000
170.000000
2343.000000
420.000000
827.000000
1035.000000
721.000000
143.000000
126.000000
1098.000000
300.000000
400.000000
1600.000000
228.000000
166.000000
1169.000000
246.000000
156.000000
468.000000
361.000000
1104.000000
816.000000
262.000000
233.000000
487.000000
193.000000
436.000000
289.000000
1329.000000
130.000000
954.000000
257.000000
666.000000
465.000000
1135.000000
184.000000
194.000000
120.000000
741.000000
1053.000000
192.000000
998.000000
318.000000
202.000000
204.000000
281.000000
65.000000
255.000000
897.000000
118.000000
1940.000000
319.000000
2254.000000
543.000000
437.000000
137.000000
647.000000
86.000000
1931.000000
179.000000
96.000000
168.000000
768.000000
152.000000
71.000000
467.000000
114.000000
104.000000
335.000000
1693.000000
132.000000
82.000000
226.000000
290.000000
191.000000
223.000000
691.000000
37.000000
173.000000
652.000000
75.000000
377.000000
2409.000000
783.000000
589.000000
471.000000
1520.000000
2099.000000
368.000000
268.000000
515.000000
3948.000000
2484.000000
902.000000
55.000000
2829.000000
295.000000
1756.000000
611.000000
617.000000
1019.000000
72.000000
81.000000
282.000000
463.000000
129.000000
732.000000
501.000000
52.000000
1329.000000
280.000000
149.000000
134.000000
61.000000
1300.000000
72.000000
1165.000000
432.000000
133.000000
719.000000
2567.000000
98.000000
225.000000
367.000000
921.000000
2136.000000
839.000000
92.000000
900.000000
490.000000
172.000000
337.000000
248.000000
993.000000
503.000000
137.000000
94.000000
720.000000
42.000000
1015.000000
498.000000
158.000000
1495.000000
630.000000
229.000000
323.000000
59.000000
182.000000
206.000000
452.000000
211.000000
263.000000
79.000000
218.000000
213.000000
571.000000
3176.000000
176.000000
269.000000
489.000000
272.000000
3638.000000
639.000000
478.000000
752.000000
213.000000
195.000000
24.000000
619.000000
244.000000
36.000000
661.000000
177.000000
280.000000
658.000000
39.000000
70.000000
1184.000000
1824.000000
378.000000
393.000000
1422.000000
232.000000
122.000000
347.000000
529.000000
260.000000
112.000000
1671.000000
314.000000
175.000000
626.000000
822.000000
170.000000
716.000000
629.000000
709.000000
663.000000
630.000000
126.000000
300.000000
305.000000
346.000000
178.000000
152.000000
244.000000
73.000000
471.000000
633.000000
762.000000
47.000000
493.000000
403.000000
352.000000
76.000000
123.000000
114.000000
140.000000
507.000000
45.000000
773.000000
512.000000
2008.000000
262.000000
1121.000000
655.000000
241.000000
3944.000000
62.000000
432.000000
278.000000
2862.000000
118.000000
259.000000
124.000000
160.000000
2297.000000
1233.000000
242.000000
238.000000
184.000000
588.000000
1354.000000
839.000000
358.000000
486.000000
1343.000000
279.000000
794.000000
225.000000
286.000000
179.000000
102.000000
386.000000
177.000000
312.000000
1482.000000
54.000000
33.000000
191.000000
193.000000
225.000000
1538.000000
127.000000
736.000000
240.000000
1431.000000
256.000000
774.000000
714.000000
568.000000
56.000000
2075.000000
221.000000
706.000000
1819.000000
90.000000
300.000000
563.000000
540.000000
1824.000000
168.000000
94.000000
879.000000
1555.000000
424.000000
56.000000
257.000000
660.000000
3488.000000
201.000000
122.000000
509.000000
79.000000
220.000000
798.000000
380.000000
112.000000
270.000000
1152.000000
573.000000
359.000000
532.000000
90.000000
527.000000
77.000000
341.000000
155.000000
449.000000
553.000000
411.000000
164.000000
41.000000
526.000000
74.000000
1055.000000
1020.000000
958.000000
204.000000
616.000000
977.000000
195.000000
121.000000
474.000000
611.000000
770.000000
975.000000
952.000000
415.000000
221.000000
202.000000
1048.000000
196.000000
195.000000
2334.000000
652.000000
560.000000
638.000000
386.000000
479.000000
174.000000
515.000000
785.000000
860.000000
254.000000
494.000000
1728.000000
139.000000
371.000000
350.000000
235.000000
758.000000
312.000000
384.000000
704.000000
482.000000
30.000000
646.000000
360.000000
803.000000
235.000000
429.000000
238.000000
141.000000
546.000000
289.000000
133.000000
451.000000
402.000000
395.000000
486.000000
1173.000000
48.000000
213.000000
1480.000000
1355.000000
89.000000
498.000000
58.000000
686.000000
1192.000000
718.000000
157.000000
188.000000
125.000000
866.000000
1202.000000
1692.000000
72.000000
289.000000
390.000000
94.000000
103.000000
167.000000
406.000000
168.000000
479.000000
894.000000
249.000000
176.000000
280.000000
7900.000000
719.000000
644.000000
169.000000
394.000000
724.000000
347.000000
231.000000
238.000000
533.000000
542.000000
285.000000
539.000000
75.000000
723.000000
460.000000
78.000000
44.000000
229.000000
380.000000
1242.000000
1380.000000
2986.000000
206.000000
2389.000000
95.000000
211.000000
1013.000000
80.000000
825.000000
95.000000
569.000000
546.000000
1996.000000
965.000000
339.000000
1448.000000
165.000000
649.000000
1031.000000
184.000000
301.000000
663.000000
2505.000000
2075.000000
261.000000
367.000000
768.000000
171.000000
2051.000000
179.000000
196.000000
457.000000
466.000000
755.000000
226.000000
749.000000
1762.000000
1067.000000
839.000000
47.000000
215.000000
2949.000000
2116.000000
147.000000
136.000000
312.000000
138.000000
854.000000
482.000000
183.000000
625.000000
302.000000
105.000000
363.000000
46.000000
665.000000
321.000000
45.000000
73.000000
303.000000
232.000000
1671.000000
191.000000
1236.000000
430.000000
875.000000
486.000000
149.000000
268.000000
164.000000
710.000000
1179.000000
105.000000
