555.000000
537.000000
480.000000
1132.000000
288.000000
87.000000
1864.000000
1906.000000
533.000000
855.000000
230.000000
306.000000
1070.000000
90.000000
1334.000000
243.000000
1187.000000
230.000000
399.000000
89.000000
24.000000
171.000000
1947.000000
261.000000
506.000000
177.000000
486.000000
1574.000000
152.000000
1791.000000
270.000000
172.000000
1546.000000
258.000000
115.000000
206.000000
560.000000
73.000000
1985.000000
564.000000
130.000000
721.000000
353.000000
1167.000000
225.000000
264.000000
328.000000
336.000000
1834.000000
541.000000
380.000000
110.000000
86.000000
5521.000000
242.000000
560.000000
528.000000
376.000000
2641.000000
372.000000
1517.000000
541.000000
734.000000
296.000000
434.000000
289.000000
364.000000
448.000000
210.000000
390.000000
179.000000
409.000000
381.000000
318.000000
232.000000
315.000000
1023.000000
485.000000
167.000000
195.000000
1308.000000
2757.000000
472.000000
133.000000
95.000000
358.000000
347.000000
117.000000
375.000000
356.000000
518.000000
189.000000
341.000000
389.000000
137.000000
1391.000000
656.000000
115.000000
645.000000
455.000000
334.000000
703.000000
1670.000000
343.000000
560.000000
2137.000000
276.000000
231.000000
1227.000000
278.000000
267.000000
512.000000
506.000000
397.000000
6019.000000
342.000000
190.000000
409.000000
449.000000
3511.000000
1486.000000
379.000000
2037.000000
1953.000000
37.000000
478.000000
169.000000
558.000000
149.000000
235.000000
283.000000
137.000000
10.000000
429.000000
366.000000
439.000000
207.000000
404.000000
392.000000
844.000000
113.000000
529.000000
459.000000
617.000000
659.000000
812.000000
104.000000
130.000000
210.000000
1078.000000
151.000000
626.000000
462.000000
859.000000
1264.000000
280.000000
349.000000
53.000000
1433.000000
752.000000
356.000000
1228.000000
162.000000
190.000000
757.000000
65.000000
502.000000
593.000000
474.000000
1525.000000
316.000000
180.000000
208.000000
326.000000
193.000000
1965.000000
511.000000
59.000000
587.000000
923.000000
199.000000
1430.000000
124.000000
451.000000
67.000000
558.000000
65.000000
161.000000
2066.000000
871.000000
37.000000
1189.000000
133.000000
326.000000
1476.000000
259.000000
2557.000000
339.000000
373.000000
323.000000
695.000000
163.000000
734.000000
61.000000
846.000000
680.000000
183.000000
145.000000
705.000000
99.000000
443.000000
290.000000
785.000000
271.000000
274.000000
216.000000
279.000000
91.000000
480.000000
808.000000
177.000000
920.000000
378.000000
828.000000
98.000000
82.000000
66.000000
300.000000
379.000000
519.000000
546.000000
1747.000000
628.000000
1326.000000
1870.000000
167.000000
645.000000
522.000000
1060.000000
2006.000000
1337.000000
421.000000
1693.000000
229.000000
137.000000
472.000000
144.000000
515.000000
318.000000
614.000000
1062.000000
6015.000000
998.000000
209.000000
362.000000
171.000000
929.000000
224.000000
297.000000
173.000000
871.000000
198.000000
184.000000
454.000000
211.000000
47.000000
230.000000
194.000000
533.000000
456.000000
308.000000
1146.000000
251.000000
432.000000
552.000000
203.000000
429.000000
372.000000
247.000000
2535.000000
832.000000
399.000000
456.000000
360.000000
312.000000
893.000000
48.000000
741.000000
398.000000
417.000000
688.000000
845.000000
377.000000
411.000000
473.000000
253.000000
126.000000
586.000000
744.000000
1203.000000
555.000000
243.000000
1826.000000
266.000000
1108.000000
521.000000
60.000000
472.000000
627.000000
1528.000000
153.000000
96.000000
259.000000
62.000000
502.000000
1364.000000
722.000000
1030.000000
656.000000
215.000000
84.000000
340.000000
741.000000
794.000000
1090.000000
127.000000
341.000000
380.000000
491.000000
610.000000
292.000000
1411.000000
89.000000
492.000000
1743.000000
660.000000
132.000000
973.000000
403.000000
130.000000
520.000000
265.000000
219.000000
2722.000000
1436.000000
639.000000
1032.000000
2628.000000
333.000000
588.000000
2159.000000
476.000000
98.000000
362.000000
395.000000
370.000000
435.000000
665.000000
416.000000
1157.000000
889.000000
163.000000
1456.000000
197.000000
214.000000
729.000000
299.000000
636.000000
201.000000
2254.000000
82.000000
6440.000000
444.000000
182.000000
235.000000
179.000000
231.000000
3943.000000
74.000000
181.000000
901.000000
286.000000
196.000000
283.000000
3890.000000
208.000000
232.000000
297.000000
499.000000
264.000000
675.000000
255.000000
425.000000
170.000000
562.000000
252.000000
790.000000
894.000000
136.000000
573.000000
730.000000
1052.000000
634.000000
176.000000
115.000000
1051.000000
5318.000000
355.000000
1134.000000
162.000000
863.000000
377.000000
6038.000000
301.000000
439.000000
1511.000000
180.000000
130.000000
485.000000
826.000000
19.000000
478.000000
306.000000
618.000000
196.000000
357.000000
502.000000
938.000000
258.000000
567.000000
271.000000
336.000000
542.000000
2224.000000
345.000000
279.000000
156.000000
171.000000
83.000000
609.000000
222.000000
217.000000
198.000000
264.000000
123.000000
434.000000
844.000000
1276.000000
157.000000
2293.000000
603.000000
788.000000
705.000000
612.000000
885.000000
151.000000
1115.000000
1707.000000
3397.000000
1062.000000
520.000000
1300.000000
6467.000000
159.000000
1267.000000
926.000000
1079.000000
2486.000000
2095.000000
189.000000
906.000000
224.000000
183.000000
1239.000000
163.000000
82.000000
140.000000
603.000000
496.000000
1461.000000
207.000000
665.000000
1464.000000
311.000000
317.000000
181.000000
589.000000
59.000000
193.000000
392.000000
157.000000
107.000000
339.000000
270.000000
383.000000
244.000000
925.000000
912.000000
781.000000
435.000000
251.000000
159.000000
4130.000000
395.000000
300.000000
564.000000
1154.000000
112.000000
394.000000
271.000000
628.000000
283.000000
244.000000
209.000000
972.000000
773.000000
225.000000
209.000000
70.000000
681.000000
260.000000
681.000000
152.000000
2352.000000
638.000000
149.000000
2717.000000
731.000000
475.000000
64.000000
590.000000
117.000000
196.000000
1748.000000
113.000000
1000.000000
1081.000000
493.000000
332.000000
420.000000
1777.000000
209.000000
172.000000
251.000000
1162.000000
198.000000
240.000000
3555.000000
3752.000000
1330.000000
876.000000
803.000000
968.000000
187.000000
4040.000000
420.000000
145.000000
1021.000000
108.000000
184.000000
281.000000
181.000000
298.000000
570.000000
459.000000
234.000000
103.000000
178.000000
1283.000000
147.000000
178.000000
1369.000000
182.000000
1341.000000
1750.000000
2832.000000
1795.000000
436.000000
2016.000000
371.000000
1096.000000
211.000000
1268.000000
351.000000
126.000000
2757.000000
184.000000
193.000000
144.000000
974.000000
674.000000
362.000000
335.000000
434.000000
470.000000
271.000000
137.000000
118.000000
140.000000
289.000000
479.000000
1117.000000
262.000000
2035.000000
239.000000
634.000000
388.000000
503.000000
394.000000
1810.000000
759.000000
671.000000
185.000000
167.000000
119.000000
456.000000
279.000000
854.000000
73.000000
924.000000
4060.000000
217.000000
251.000000
134.000000
219.000000
200.000000
182.000000
238.000000
886.000000
287.000000
502.000000
2465.000000
1979.000000
314.000000
1431.000000
496.000000
87.000000
896.000000
291.000000
512.000000
224.000000
501.000000
299.000000
714.000000
199.000000
1417.000000
893.000000
344.000000
503.000000
390.000000
107.000000
1083.000000
43.000000
244.000000
646.000000
189.000000
264.000000
613.000000
498.000000
62.000000
1340.000000
251.000000
41.000000
705.000000
142.000000
139.000000
1211.000000
397.000000
34.000000
1218.000000
130.000000
616.000000
217.000000
176.000000
961.000000
293.000000
790.000000
1254.000000
522.000000
370.000000
1366.000000
342.000000
839.000000
72.000000
347.000000
98.000000
498.000000
275.000000
439.000000
487.000000
785.000000
428.000000
1038.000000
465.000000
268.000000
37.000000
723.000000
109.000000
85.000000
91.000000
1256.000000
701.000000
1521.000000
1599.000000
460.000000
2026.000000
409.000000
145.000000
497.000000
1142.000000
658.000000
292.000000
43.000000
990.000000
448.000000
863.000000
415.000000
913.000000
290.000000
212.000000
879.000000
1730.000000
309.000000
451.000000
688.000000
545.000000
360.000000
1502.000000
353.000000
1067.000000
225.000000
890.000000
1467.000000
104.000000
436.000000
783.000000
463.000000
332.000000
324.000000
9332.000000
307.000000
1346.000000
794.000000
246.000000
231.000000
1665.000000
48.000000
312.000000
555.000000
1723.000000
189.000000
179.000000
286.000000
569.000000
1465.000000
197.000000
445.000000
162.000000
134.000000
695.000000
332.000000
666.000000
1688.000000
167.000000
845.000000
667.000000
1113.000000
3397.000000
191.000000
659.000000
232.000000
336.000000
365.000000
1991.000000
564.000000
2707.000000
1567.000000
920.000000
122.000000
831.000000
121.000000
1161.000000
98.000000
1626.000000
507.000000
1015.000000
960.000000
214.000000
542.000000
271.000000
100.000000
89.000000
518.000000
817.000000
902.000000
126.000000
812.000000
269.000000
519.000000
192.000000
181.000000
83.000000
468.000000
258.000000
641.000000
528.000000
2221.000000
78.000000
215.000000
1803.000000
1486.000000
1785.000000
341.000000
1198.000000
465.000000
43.000000
105.000000
1174.000000
2410.000000
158.000000
826.000000
443.000000
597.000000
651.000000
258.000000
1339.000000
53.000000
592.000000
115.000000
58.000000
143.000000
162.000000
142.000000
214.000000
564.000000
649.000000
1549.000000
311.000000
300.000000
1629.000000
1745.000000
200.000000
396.000000
266.000000
197.000000
193.000000
449.000000
107.000000
64.000000
148.000000
158.000000
692.000000
146.000000
66.000000
372.000000
228.000000
119.000000
2793.000000
545.000000
52.000000
437.000000
1113.000000
99.000000
87.000000
1115.000000
470.000000
217.000000
386.000000
943.000000
167.000000
129.000000
615.000000
61.000000
1816.000000
114.000000
210.000000
552.000000
272.000000
275.000000
2397.000000
559.000000
608.000000
300.000000
223.000000
327.000000
84.000000
256.000000
254.000000
140.000000
527.000000
97.000000
445.000000
39.000000
938.000000
71.000000
204.000000
1559.000000
274.000000
216.000000
248.000000
97.000000
327.000000
950.000000
180.000000
185.000000
240.000000
240.000000
748.000000
128.000000
642.000000
594.000000
281.000000
353.000000
175.000000
212.000000
204.000000
764.000000
59.000000
256.000000
800.000000
251.000000
356.000000
119.000000
638.000000
197.000000
344.000000
728.000000
352.000000
146.000000
438.000000
116.000000
248.000000
205.000000
112.000000
487.000000
118.000000
357.000000
231.000000
461.000000
1241.000000
4031.000000
727.000000
133.000000
89.000000
516.000000
675.000000
139.000000
61.000000
153.000000
841.000000
725.000000
574.000000
554.000000
54.000000
813.000000
181.000000
107.000000
2397.000000
315.000000
774.000000
1179.000000
1659.000000
492.000000
1289.000000
187.000000
66.000000
2097.000000
2208.000000
1602.000000
1476.000000
117.000000
165.000000
342.000000
1447.000000
321.000000
1763.000000
77.000000
199.000000
283.000000
382.000000
1203.000000
159.000000
337.000000
182.000000
102.000000
458.000000
314.000000
73.000000
642.000000
447.000000
115.000000
192.000000
182.000000
84.000000
578.000000
265.000000
181.000000
1205.000000
220.000000
231.000000
