83.000000
1007.000000
148.000000
648.000000
422.000000
1526.000000
678.000000
334.000000
30.000000
3083.000000
446.000000
317.000000
338.000000
520.000000
194.000000
28.000000
403.000000
232.000000
94.000000
907.000000
673.000000
4307.000000
180.000000
242.000000
185.000000
140.000000
377.000000
93.000000
184.000000
1444.000000
637.000000
333.000000
411.000000
354.000000
457.000000
714.000000
76.000000
1273.000000
675.000000
177.000000
158.000000
82.000000
855.000000
70.000000
1149.000000
343.000000
479.000000
1097.000000
1433.000000
500.000000
257.000000
940.000000
2322.000000
2918.000000
823.000000
1263.000000
12.000000
679.000000
1010.000000
198.000000
1109.000000
1245.000000
1264.000000
483.000000
140.000000
284.000000
341.000000
268.000000
151.000000
78.000000
1099.000000
1223.000000
1411.000000
81.000000
281.000000
399.000000
127.000000
347.000000
271.000000
2342.000000
83.000000
1073.000000
208.000000
1456.000000
209.000000
87.000000
184.000000
140.000000
782.000000
1105.000000
1820.000000
371.000000
1753.000000
2988.000000
456.000000
303.000000
170.000000
503.000000
359.000000
560.000000
113.000000
1602.000000
646.000000
836.000000
267.000000
203.000000
800.000000
717.000000
492.000000
804.000000
1121.000000
1657.000000
453.000000
146.000000
320.000000
704.000000
552.000000
1655.000000
376.000000
246.000000
1102.000000
169.000000
1771.000000
1283.000000
273.000000
275.000000
216.000000
221.000000
2276.000000
266.000000
1720.000000
278.000000
231.000000
419.000000
199.000000
125.000000
885.000000
131.000000
299.000000
3547.000000
1172.000000
449.000000
214.000000
151.000000
223.000000
283.000000
109.000000
561.000000
142.000000
380.000000
349.000000
658.000000
420.000000
308.000000
205.000000
333.000000
1173.000000
1186.000000
677.000000
278.000000
142.000000
417.000000
670.000000
696.000000
305.000000
292.000000
509.000000
641.000000
155.000000
42.000000
195.000000
328.000000
644.000000
715.000000
2718.000000
133.000000
172.000000
288.000000
1143.000000
345.000000
312.000000
1206.000000
104.000000
610.000000
91.000000
193.000000
195.000000
300.000000
1436.000000
56.000000
508.000000
525.000000
46.000000
385.000000
249.000000
798.000000
364.000000
472.000000
2048.000000
718.000000
295.000000
1604.000000
2887.000000
403.000000
487.000000
1780.000000
1651.000000
1391.000000
467.000000
377.000000
173.000000
442.000000
500.000000
287.000000
966.000000
254.000000
356.000000
629.000000
455.000000
819.000000
58.000000
178.000000
756.000000
735.000000
1019.000000
316.000000
311.000000
262.000000
1134.000000
729.000000
79.000000
2930.000000
357.000000
254.000000
464.000000
191.000000
143.000000
264.000000
266.000000
648.000000
34.000000
1083.000000
255.000000
60.000000
750.000000
328.000000
2255.000000
505.000000
350.000000
288.000000
360.000000
758.000000
998.000000
1048.000000
129.000000
103.000000
1283.000000
162.000000
52.000000
440.000000
242.000000
260.000000
1209.000000
177.000000
695.000000
119.000000
127.000000
236.000000
550.000000
334.000000
1198.000000
1332.000000
1823.000000
187.000000
342.000000
1464.000000
203.000000
174.000000
78.000000
392.000000
733.000000
280.000000
96.000000
67.000000
1204.000000
775.000000
840.000000
736.000000
136.000000
672.000000
130.000000
472.000000
62.000000
574.000000
61.000000
300.000000
296.000000
407.000000
409.000000
241.000000
727.000000
181.000000
488.000000
627.000000
248.000000
97.000000
191.000000
305.000000
301.000000
699.000000
503.000000
86.000000
79.000000
859.000000
419.000000
564.000000
415.000000
275.000000
118.000000
185.000000
1031.000000
480.000000
473.000000
1545.000000
719.000000
383.000000
960.000000
287.000000
574.000000
4754.000000
318.000000
2989.000000
85.000000
865.000000
364.000000
357.000000
880.000000
562.000000
116.000000
98.000000
1854.000000
346.000000
487.000000
827.000000
141.000000
205.000000
109.000000
2231.000000
203.000000
338.000000
273.000000
296.000000
707.000000
127.000000
442.000000
306.000000
291.000000
180.000000
1616.000000
584.000000
363.000000
255.000000
550.000000
1198.000000
1161.000000
220.000000
3508.000000
186.000000
491.000000
693.000000
498.000000
391.000000
249.000000
456.000000
333.000000
3150.000000
361.000000
688.000000
115.000000
2104.000000
415.000000
149.000000
764.000000
1655.000000
229.000000
431.000000
824.000000
3163.000000
283.000000
162.000000
1078.000000
521.000000
113.000000
99.000000
2401.000000
225.000000
4052.000000
142.000000
53.000000
138.000000
763.000000
667.000000
25.000000
330.000000
113.000000
633.000000
1082.000000
565.000000
229.000000
2827.000000
823.000000
159.000000
1171.000000
162.000000
232.000000
1317.000000
58.000000
1422.000000
563.000000
702.000000
426.000000
166.000000
187.000000
3758.000000
1121.000000
110.000000
343.000000
453.000000
520.000000
466.000000
207.000000
674.000000
124.000000
378.000000
433.000000
414.000000
384.000000
173.000000
636.000000
203.000000
82.000000
285.000000
1109.000000
710.000000
559.000000
227.000000
453.000000
124.000000
480.000000
754.000000
1783.000000
75.000000
803.000000
477.000000
192.000000
280.000000
78.000000
669.000000
867.000000
79.000000
852.000000
860.000000
230.000000
92.000000
1737.000000
224.000000
697.000000
120.000000
521.000000
356.000000
2479.000000
396.000000
1083.000000
472.000000
350.000000
856.000000
1308.000000
203.000000
288.000000
1875.000000
280.000000
185.000000
3665.000000
531.000000
282.000000
417.000000
633.000000
410.000000
459.000000
1332.000000
455.000000
1094.000000
698.000000
1294.000000
1538.000000
270.000000
603.000000
2078.000000
246.000000
272.000000
616.000000
1097.000000
578.000000
1655.000000
1089.000000
618.000000
286.000000
89.000000
2738.000000
299.000000
194.000000
2943.000000
2187.000000
2129.000000
914.000000
269.000000
481.000000
621.000000
257.000000
245.000000
118.000000
48.000000
349.000000
53.000000
254.000000
3213.000000
335.000000
225.000000
390.000000
316.000000
461.000000
184.000000
106.000000
367.000000
123.000000
545.000000
247.000000
270.000000
296.000000
510.000000
471.000000
630.000000
695.000000
64.000000
1871.000000
178.000000
659.000000
138.000000
798.000000
194.000000
321.000000
845.000000
376.000000
226.000000
343.000000
193.000000
639.000000
640.000000
47.000000
1600.000000
512.000000
479.000000
4140.000000
349.000000
666.000000
1167.000000
940.000000
62.000000
2425.000000
60.000000
322.000000
543.000000
110.000000
2121.000000
243.000000
583.000000
196.000000
661.000000
781.000000
2106.000000
78.000000
68.000000
181.000000
154.000000
65.000000
339.000000
56.000000
189.000000
319.000000
2006.000000
134.000000
487.000000
643.000000
382.000000
426.000000
921.000000
959.000000
60.000000
599.000000
232.000000
81.000000
112.000000
394.000000
1295.000000
373.000000
120.000000
75.000000
594.000000
399.000000
372.000000
2747.000000
621.000000
903.000000
138.000000
290.000000
450.000000
255.000000
1882.000000
371.000000
2883.000000
1064.000000
179.000000
420.000000
342.000000
1479.000000
1227.000000
964.000000
189.000000
1043.000000
46.000000
208.000000
150.000000
1309.000000
2682.000000
187.000000
573.000000
374.000000
2250.000000
528.000000
1471.000000
230.000000
733.000000
2377.000000
1193.000000
1320.000000
59.000000
547.000000
1111.000000
1114.000000
117.000000
590.000000
791.000000
309.000000
140.000000
570.000000
4214.000000
281.000000
418.000000
194.000000
1127.000000
331.000000
709.000000
371.000000
249.000000
1127.000000
563.000000
254.000000
298.000000
312.000000
424.000000
1339.000000
222.000000
474.000000
191.000000
1436.000000
362.000000
456.000000
187.000000
123.000000
2203.000000
284.000000
1075.000000
1907.000000
156.000000
1015.000000
160.000000
781.000000
142.000000
1452.000000
1006.000000
519.000000
740.000000
1198.000000
285.000000
43.000000
216.000000
56.000000
168.000000
377.000000
127.000000
339.000000
2437.000000
680.000000
1128.000000
398.000000
713.000000
599.000000
1192.000000
277.000000
462.000000
213.000000
239.000000
404.000000
858.000000
1282.000000
1370.000000
355.000000
1288.000000
385.000000
433.000000
174.000000
351.000000
211.000000
130.000000
499.000000
219.000000
252.000000
549.000000
94.000000
5509.000000
168.000000
810.000000
61.000000
930.000000
952.000000
198.000000
1019.000000
2617.000000
268.000000
711.000000
139.000000
421.000000
500.000000
663.000000
463.000000
409.000000
191.000000
8066.000000
206.000000
224.000000
54.000000
408.000000
1329.000000
103.000000
4435.000000
372.000000
840.000000
116.000000
445.000000
107.000000
262.000000
4059.000000
428.000000
189.000000
1567.000000
235.000000
445.000000
1028.000000
24.000000
81.000000
80.000000
1609.000000
453.000000
159.000000
124.000000
412.000000
138.000000
511.000000
499.000000
37.000000
737.000000
2222.000000
231.000000
387.000000
146.000000
1401.000000
3498.000000
327.000000
323.000000
828.000000
165.000000
1093.000000
376.000000
3800.000000
59.000000
346.000000
493.000000
254.000000
1547.000000
170.000000
271.000000
653.000000
418.000000
405.000000
135.000000
91.000000
24.000000
169.000000
402.000000
538.000000
539.000000
573.000000
796.000000
579.000000
179.000000
450.000000
709.000000
107.000000
375.000000
227.000000
553.000000
702.000000
806.000000
906.000000
693.000000
140.000000
187.000000
572.000000
279.000000
589.000000
275.000000
446.000000
2339.000000
396.000000
827.000000
784.000000
640.000000
487.000000
27.000000
77.000000
722.000000
517.000000
489.000000
196.000000
244.000000
943.000000
1005.000000
82.000000
748.000000
158.000000
4862.000000
1660.000000
1140.000000
895.000000
4459.000000
1039.000000
170.000000
289.000000
196.000000
291.000000
552.000000
663.000000
400.000000
164.000000
118.000000
299.000000
965.000000
1632.000000
363.000000
30.000000
818.000000
224.000000
611.000000
581.000000
284.000000
312.000000
274.000000
551.000000
252.000000
452.000000
947.000000
193.000000
1395.000000
169.000000
155.000000
542.000000
269.000000
132.000000
373.000000
689.000000
810.000000
26.000000
480.000000
1285.000000
617.000000
53.000000
581.000000
176.000000
885.000000
808.000000
353.000000
174.000000
111.000000
63.000000
299.000000
523.000000
951.000000
390.000000
67.000000
31.000000
181.000000
67.000000
109.000000
258.000000
444.000000
727.000000
1178.000000
1907.000000
82.000000
501.000000
38.000000
359.000000
386.000000
1202.000000
482.000000
411.000000
187.000000
93.000000
589.000000
301.000000
193.000000
176.000000
473.000000
55.000000
2804.000000
292.000000
68.000000
219.000000
897.000000
1333.000000
163.000000
210.000000
232.000000
162.000000
157.000000
959.000000
378.000000
763.000000
61.000000
979.000000
511.000000
468.000000
69.000000
683.000000
577.000000
792.000000
834.000000
225.000000
128.000000
87.000000
1639.000000
771.000000
345.000000
213.000000
895.000000
1234.000000
716.000000
252.000000
750.000000
639.000000
395.000000
380.000000
6528.000000
2462.000000
199.000000
731.000000
450.000000
464.000000
77.000000
128.000000
1454.000000
141.000000
313.000000
287.000000
74.000000
80.000000
1162.000000
207.000000
255.000000
543.000000
599.000000
672.000000
337.000000
153.000000
432.000000
51.000000
242.000000
222.000000
125.000000
152.000000
