407.000000
218.000000
1021.000000
561.000000
394.000000
183.000000
518.000000
468.000000
337.000000
1143.000000
281.000000
481.000000
517.000000
214.000000
1722.000000
543.000000
210.000000
712.000000
40.000000
464.000000
15.000000
1712.000000
70.000000
629.000000
1124.000000
249.000000
1041.000000
371.000000
278.000000
322.000000
503.000000
808.000000
683.000000
955.000000
196.000000
159.000000
184.000000
732.000000
132.000000
217.000000
1389.000000
164.000000
719.000000
763.000000
179.000000
303.000000
104.000000
324.000000
1756.000000
461.000000
213.000000
4256.000000
223.000000
79.000000
455.000000
139.000000
251.000000
365.000000
328.000000
376.000000
2231.000000
516.000000
468.000000
2351.000000
3192.000000
815.000000
403.000000
330.000000
221.000000
120.000000
888.000000
116.000000
793.000000
466.000000
855.000000
2905.000000
288.000000
1537.000000
224.000000
108.000000
1032.000000
428.000000
525.000000
391.000000
136.000000
266.000000
1566.000000
316.000000
6779.000000
3962.000000
129.000000
515.000000
926.000000
2206.000000
357.000000
351.000000
44.000000
105.000000
379.000000
214.000000
521.000000
1082.000000
1563.000000
544.000000
1389.000000
549.000000
352.000000
344.000000
142.000000
74.000000
131.000000
275.000000
433.000000
121.000000
197.000000
187.000000
1689.000000
241.000000
596.000000
218.000000
361.000000
105.000000
784.000000
57.000000
378.000000
225.000000
874.000000
1381.000000
123.000000
3321.000000
434.000000
173.000000
248.000000
1609.000000
346.000000
116.000000
280.000000
444.000000
2787.000000
298.000000
230.000000
386.000000
23.000000
473.000000
197.000000
1251.000000
361.000000
586.000000
570.000000
280.000000
330.000000
313.000000
307.000000
405.000000
565.000000
427.000000
143.000000
748.000000
272.000000
452.000000
462.000000
423.000000
333.000000
521.000000
723.000000
168.000000
171.000000
359.000000
1741.000000
284.000000
437.000000
4562.000000
120.000000
808.000000
2212.000000
127.000000
424.000000
754.000000
14.000000
773.000000
450.000000
1225.000000
495.000000
267.000000
472.000000
430.000000
207.000000
77.000000
361.000000
382.000000
269.000000
121.000000
1170.000000
1032.000000
654.000000
126.000000
170.000000
764.000000
283.000000
1607.000000
828.000000
286.000000
186.000000
445.000000
867.000000
313.000000
1213.000000
767.000000
128.000000
3471.000000
588.000000
74.000000
186.000000
277.000000
235.000000
766.000000
202.000000
273.000000
391.000000
472.000000
299.000000
125.000000
465.000000
304.000000
170.000000
864.000000
640.000000
358.000000
2257.000000
137.000000
2078.000000
211.000000
49.000000
468.000000
2220.000000
566.000000
381.000000
184.000000
264.000000
2051.000000
59.000000
426.000000
3945.000000
118.000000
502.000000
202.000000
625.000000
232.000000
1753.000000
340.000000
205.000000
899.000000
46.000000
525.000000
140.000000
555.000000
1009.000000
335.000000
719.000000
644.000000
487.000000
211.000000
75.000000
1220.000000
82.000000
2330.000000
1321.000000
450.000000
633.000000
284.000000
711.000000
495.000000
1667.000000
450.000000
309.000000
165.000000
565.000000
262.000000
812.000000
397.000000
299.000000
1038.000000
216.000000
180.000000
118.000000
154.000000
243.000000
659.000000
176.000000
413.000000
465.000000
90.000000
716.000000
292.000000
7347.000000
56.000000
198.000000
349.000000
1300.000000
6597.000000
2360.000000
325.000000
218.000000
522.000000
276.000000
284.000000
66.000000
3424.000000
206.000000
179.000000
1304.000000
251.000000
1041.000000
309.000000
346.000000
289.000000
532.000000
529.000000
76.000000
949.000000
1447.000000
1171.000000
588.000000
300.000000
153.000000
474.000000
291.000000
105.000000
197.000000
683.000000
165.000000
60.000000
540.000000
567.000000
363.000000
304.000000
1471.000000
1328.000000
1103.000000
165.000000
1298.000000
154.000000
347.000000
975.000000
375.000000
501.000000
83.000000
3082.000000
134.000000
453.000000
224.000000
177.000000
61.000000
257.000000
203.000000
70.000000
935.000000
154.000000
555.000000
229.000000
305.000000
957.000000
508.000000
124.000000
215.000000
758.000000
1190.000000
584.000000
792.000000
38.000000
139.000000
171.000000
2004.000000
1453.000000
51.000000
141.000000
921.000000
115.000000
188.000000
199.000000
1689.000000
496.000000
509.000000
203.000000
147.000000
400.000000
214.000000
507.000000
372.000000
261.000000
669.000000
373.000000
576.000000
1143.000000
587.000000
81.000000
303.000000
222.000000
118.000000
541.000000
572.000000
286.000000
612.000000
66.000000
169.000000
1149.000000
207.000000
459.000000
1022.000000
492.000000
195.000000
185.000000
551.000000
75.000000
409.000000
881.000000
180.000000
194.000000
285.000000
542.000000
133.000000
835.000000
629.000000
546.000000
49.000000
248.000000
531.000000
2402.000000
2080.000000
158.000000
607.000000
51.000000
515.000000
546.000000
65.000000
520.000000
2029.000000
1504.000000
953.000000
967.000000
2541.000000
141.000000
105.000000
429.000000
351.000000
174.000000
133.000000
376.000000
553.000000
501.000000
471.000000
328.000000
1197.000000
485.000000
183.000000
395.000000
745.000000
153.000000
614.000000
1381.000000
490.000000
165.000000
827.000000
47.000000
808.000000
156.000000
63.000000
1201.000000
66.000000
4527.000000
86.000000
230.000000
509.000000
369.000000
1179.000000
3190.000000
253.000000
1123.000000
532.000000
459.000000
159.000000
116.000000
1018.000000
100.000000
555.000000
393.000000
1789.000000
37.000000
349.000000
2157.000000
74.000000
561.000000
825.000000
2499.000000
1630.000000
252.000000
249.000000
474.000000
131.000000
58.000000
157.000000
1391.000000
449.000000
97.000000
129.000000
2998.000000
2181.000000
912.000000
1335.000000
227.000000
1302.000000
297.000000
380.000000
365.000000
386.000000
1409.000000
416.000000
447.000000
312.000000
361.000000
811.000000
848.000000
282.000000
430.000000
768.000000
380.000000
248.000000
115.000000
267.000000
299.000000
657.000000
91.000000
165.000000
750.000000
124.000000
107.000000
252.000000
920.000000
1256.000000
618.000000
122.000000
2384.000000
194.000000
400.000000
37.000000
260.000000
1873.000000
278.000000
1229.000000
318.000000
1650.000000
1629.000000
338.000000
117.000000
1368.000000
97.000000
38.000000
633.000000
476.000000
287.000000
789.000000
122.000000
563.000000
1396.000000
885.000000
218.000000
620.000000
218.000000
154.000000
1042.000000
35.000000
81.000000
156.000000
823.000000
988.000000
423.000000
346.000000
1273.000000
61.000000
452.000000
317.000000
1293.000000
644.000000
88.000000
1667.000000
273.000000
406.000000
56.000000
335.000000
491.000000
246.000000
583.000000
178.000000
304.000000
1798.000000
368.000000
608.000000
597.000000
326.000000
1958.000000
302.000000
622.000000
129.000000
423.000000
315.000000
324.000000
516.000000
698.000000
45.000000
3303.000000
258.000000
1875.000000
170.000000
342.000000
554.000000
134.000000
204.000000
329.000000
823.000000
1140.000000
430.000000
552.000000
2265.000000
737.000000
117.000000
779.000000
46.000000
278.000000
4398.000000
58.000000
6438.000000
123.000000
754.000000
4887.000000
384.000000
902.000000
323.000000
3039.000000
251.000000
467.000000
568.000000
1936.000000
715.000000
525.000000
370.000000
2258.000000
2033.000000
175.000000
68.000000
221.000000
908.000000
525.000000
487.000000
160.000000
635.000000
787.000000
248.000000
2126.000000
442.000000
644.000000
321.000000
125.000000
433.000000
580.000000
484.000000
88.000000
193.000000
464.000000
636.000000
3451.000000
263.000000
465.000000
2556.000000
573.000000
376.000000
551.000000
31.000000
397.000000
753.000000
277.000000
929.000000
443.000000
324.000000
231.000000
349.000000
1158.000000
658.000000
139.000000
66.000000
166.000000
420.000000
342.000000
969.000000
1592.000000
439.000000
118.000000
66.000000
304.000000
455.000000
121.000000
722.000000
840.000000
1012.000000
334.000000
1598.000000
1825.000000
343.000000
5535.000000
161.000000
270.000000
334.000000
372.000000
458.000000
478.000000
711.000000
837.000000
379.000000
179.000000
253.000000
426.000000
58.000000
647.000000
255.000000
1265.000000
166.000000
353.000000
228.000000
669.000000
2436.000000
1280.000000
992.000000
185.000000
446.000000
570.000000
1390.000000
297.000000
264.000000
999.000000
446.000000
275.000000
114.000000
162.000000
1853.000000
147.000000
1424.000000
388.000000
58.000000
1055.000000
149.000000
510.000000
1419.000000
362.000000
243.000000
214.000000
405.000000
1790.000000
131.000000
403.000000
176.000000
611.000000
1608.000000
606.000000
199.000000
154.000000
772.000000
2643.000000
1678.000000
404.000000
1228.000000
214.000000
231.000000
111.000000
537.000000
2027.000000
663.000000
688.000000
516.000000
2701.000000
753.000000
467.000000
555.000000
220.000000
389.000000
190.000000
88.000000
4671.000000
253.000000
349.000000
478.000000
524.000000
288.000000
197.000000
713.000000
207.000000
1754.000000
266.000000
619.000000
1405.000000
160.000000
150.000000
597.000000
1460.000000
404.000000
180.000000
200.000000
241.000000
113.000000
262.000000
2485.000000
251.000000
1252.000000
299.000000
156.000000
1023.000000
298.000000
597.000000
746.000000
1548.000000
1494.000000
841.000000
304.000000
336.000000
868.000000
1829.000000
155.000000
236.000000
183.000000
396.000000
402.000000
1649.000000
4893.000000
994.000000
673.000000
322.000000
124.000000
143.000000
249.000000
352.000000
78.000000
623.000000
359.000000
200.000000
614.000000
469.000000
101.000000
506.000000
149.000000
169.000000
590.000000
520.000000
205.000000
68.000000
1407.000000
234.000000
124.000000
110.000000
871.000000
359.000000
598.000000
1028.000000
676.000000
542.000000
1664.000000
198.000000
1120.000000
110.000000
234.000000
418.000000
44.000000
122.000000
1345.000000
338.000000
76.000000
140.000000
1054.000000
373.000000
346.000000
161.000000
436.000000
181.000000
576.000000
146.000000
574.000000
166.000000
1381.000000
360.000000
224.000000
2304.000000
195.000000
684.000000
449.000000
225.000000
574.000000
213.000000
215.000000
163.000000
144.000000
114.000000
744.000000
469.000000
1106.000000
233.000000
72.000000
300.000000
152.000000
306.000000
106.000000
780.000000
558.000000
285.000000
327.000000
953.000000
121.000000
740.000000
251.000000
810.000000
106.000000
627.000000
231.000000
171.000000
510.000000
541.000000
1150.000000
75.000000
1186.000000
1317.000000
361.000000
489.000000
207.000000
805.000000
841.000000
1065.000000
699.000000
4417.000000
205.000000
132.000000
1257.000000
240.000000
1168.000000
313.000000
150.000000
575.000000
1046.000000
321.000000
904.000000
175.000000
989.000000
252.000000
138.000000
1039.000000
536.000000
533.000000
1105.000000
662.000000
661.000000
290.000000
621.000000
280.000000
533.000000
1802.000000
435.000000
391.000000
748.000000
258.000000
2365.000000
4813.000000
208.000000
372.000000
822.000000
210.000000
651.000000
144.000000
1301.000000
114.000000
357.000000
629.000000
336.000000
378.000000
730.000000
85.000000
429.000000
354.000000
182.000000
365.000000
408.000000
483.000000
422.000000
219.000000
433.000000
1567.000000
380.000000
121.000000
326.000000
479.000000
1053.000000
795.000000
888.000000
1961.000000
398.000000
867.000000
