721.000000
610.000000
312.000000
170.000000
204.000000
162.000000
145.000000
458.000000
828.000000
462.000000
365.000000
34.000000
167.000000
103.000000
707.000000
99.000000
160.000000
1166.000000
217.000000
1834.000000
206.000000
25.000000
547.000000
53.000000
135.000000
201.000000
141.000000
120.000000
340.000000
78.000000
154.000000
875.000000
163.000000
1028.000000
525.000000
224.000000
81.000000
68.000000
520.000000
260.000000
545.000000
63.000000
162.000000
511.000000
1123.000000
53.000000
544.000000
123.000000
153.000000
148.000000
1010.000000
630.000000
525.000000
857.000000
3373.000000
800.000000
559.000000
99.000000
2703.000000
165.000000
216.000000
94.000000
71.000000
837.000000
270.000000
198.000000
1136.000000
450.000000
264.000000
2300.000000
52.000000
306.000000
1251.000000
779.000000
1068.000000
763.000000
147.000000
61.000000
119.000000
422.000000
315.000000
238.000000
66.000000
85.000000
249.000000
815.000000
587.000000
809.000000
124.000000
898.000000
199.000000
892.000000
294.000000
717.000000
479.000000
438.000000
144.000000
388.000000
68.000000
544.000000
304.000000
26.000000
140.000000
1871.000000
461.000000
1753.000000
660.000000
490.000000
521.000000
452.000000
176.000000
528.000000
567.000000
1029.000000
335.000000
321.000000
389.000000
225.000000
91.000000
211.000000
234.000000
238.000000
180.000000
102.000000
119.000000
335.000000
477.000000
223.000000
75.000000
965.000000
239.000000
161.000000
260.000000
148.000000
242.000000
1005.000000
923.000000
576.000000
5649.000000
1517.000000
412.000000
491.000000
2419.000000
40.000000
149.000000
630.000000
918.000000
1434.000000
3762.000000
242.000000
476.000000
388.000000
1148.000000
176.000000
1194.000000
490.000000
575.000000
273.000000
424.000000
686.000000
506.000000
216.000000
388.000000
637.000000
655.000000
525.000000
87.000000
336.000000
499.000000
838.000000
222.000000
457.000000
463.000000
446.000000
406.000000
1110.000000
667.000000
4242.000000
512.000000
155.000000
1003.000000
124.000000
196.000000
1872.000000
333.000000
70.000000
1190.000000
230.000000
1250.000000
2321.000000
164.000000
125.000000
866.000000
681.000000
205.000000
568.000000
1070.000000
856.000000
244.000000
231.000000
228.000000
185.000000
630.000000
923.000000
566.000000
463.000000
579.000000
1521.000000
325.000000
883.000000
696.000000
1513.000000
527.000000
216.000000
1106.000000
239.000000
395.000000
425.000000
597.000000
152.000000
1782.000000
959.000000
2573.000000
1269.000000
390.000000
272.000000
184.000000
313.000000
303.000000
582.000000
79.000000
188.000000
843.000000
211.000000
681.000000
78.000000
376.000000
112.000000
486.000000
174.000000
1758.000000
946.000000
311.000000
1526.000000
810.000000
320.000000
157.000000
1095.000000
744.000000
856.000000
509.000000
263.000000
799.000000
689.000000
847.000000
404.000000
3256.000000
542.000000
275.000000
259.000000
528.000000
387.000000
184.000000
954.000000
635.000000
526.000000
226.000000
208.000000
1238.000000
951.000000
452.000000
2163.000000
124.000000
1296.000000
198.000000
1910.000000
332.000000
1310.000000
236.000000
668.000000
182.000000
234.000000
266.000000
830.000000
623.000000
214.000000
247.000000
1194.000000
3778.000000
1303.000000
824.000000
464.000000
178.000000
949.000000
221.000000
3935.000000
477.000000
555.000000
476.000000
503.000000
172.000000
416.000000
286.000000
79.000000
89.000000
624.000000
3255.000000
715.000000
901.000000
217.000000
1531.000000
1094.000000
381.000000
411.000000
1007.000000
112.000000
119.000000
729.000000
391.000000
459.000000
152.000000
1131.000000
522.000000
141.000000
444.000000
175.000000
192.000000
710.000000
525.000000
219.000000
32.000000
813.000000
786.000000
69.000000
1718.000000
151.000000
535.000000
112.000000
119.000000
718.000000
109.000000
154.000000
205.000000
161.000000
510.000000
193.000000
185.000000
556.000000
159.000000
189.000000
356.000000
718.000000
905.000000
136.000000
807.000000
232.000000
362.000000
60.000000
212.000000
1583.000000
1536.000000
148.000000
82.000000
43.000000
1239.000000
421.000000
1951.000000
692.000000
352.000000
518.000000
260.000000
558.000000
643.000000
990.000000
124.000000
181.000000
310.000000
323.000000
93.000000
131.000000
198.000000
298.000000
676.000000
927.000000
1016.000000
789.000000
184.000000
211.000000
479.000000
204.000000
149.000000
4879.000000
450.000000
955.000000
68.000000
138.000000
47.000000
511.000000
796.000000
15.000000
93.000000
564.000000
510.000000
1125.000000
339.000000
131.000000
347.000000
229.000000
2210.000000
111.000000
220.000000
202.000000
589.000000
227.000000
81.000000
3175.000000
68.000000
123.000000
454.000000
179.000000
1282.000000
343.000000
145.000000
278.000000
429.000000
600.000000
1163.000000
344.000000
2481.000000
274.000000
667.000000
551.000000
644.000000
1877.000000
270.000000
610.000000
135.000000
756.000000
416.000000
163.000000
95.000000
158.000000
570.000000
1270.000000
45.000000
99.000000
512.000000
645.000000
1739.000000
502.000000
5956.000000
730.000000
592.000000
455.000000
3642.000000
883.000000
273.000000
335.000000
541.000000
2121.000000
1618.000000
1044.000000
325.000000
752.000000
76.000000
535.000000
504.000000
1357.000000
549.000000
275.000000
116.000000
401.000000
447.000000
478.000000
419.000000
804.000000
675.000000
589.000000
2664.000000
306.000000
2440.000000
2272.000000
339.000000
679.000000
112.000000
977.000000
169.000000
107.000000
1020.000000
435.000000
515.000000
236.000000
28.000000
661.000000
153.000000
239.000000
239.000000
60.000000
463.000000
1037.000000
356.000000
130.000000
73.000000
1521.000000
897.000000
158.000000
869.000000
72.000000
1039.000000
757.000000
461.000000
292.000000
71.000000
856.000000
721.000000
529.000000
207.000000
264.000000
676.000000
42.000000
154.000000
2481.000000
380.000000
166.000000
210.000000
329.000000
610.000000
364.000000
93.000000
902.000000
187.000000
570.000000
946.000000
250.000000
258.000000
197.000000
518.000000
890.000000
1513.000000
241.000000
216.000000
386.000000
661.000000
1187.000000
66.000000
549.000000
206.000000
989.000000
244.000000
116.000000
189.000000
741.000000
763.000000
296.000000
798.000000
366.000000
82.000000
406.000000
143.000000
128.000000
571.000000
2379.000000
874.000000
109.000000
147.000000
1642.000000
684.000000
174.000000
247.000000
309.000000
118.000000
551.000000
171.000000
433.000000
299.000000
379.000000
3270.000000
1207.000000
628.000000
102.000000
628.000000
2085.000000
663.000000
1895.000000
2260.000000
97.000000
141.000000
397.000000
232.000000
1576.000000
458.000000
191.000000
43.000000
139.000000
152.000000
645.000000
262.000000
960.000000
1964.000000
657.000000
237.000000
455.000000
813.000000
160.000000
257.000000
617.000000
1012.000000
1109.000000
60.000000
343.000000
653.000000
1081.000000
1188.000000
504.000000
836.000000
403.000000
525.000000
693.000000
554.000000
345.000000
1205.000000
1316.000000
390.000000
465.000000
161.000000
416.000000
2130.000000
129.000000
706.000000
452.000000
1404.000000
779.000000
583.000000
1474.000000
438.000000
1173.000000
471.000000
439.000000
1133.000000
5109.000000
125.000000
1113.000000
360.000000
560.000000
153.000000
448.000000
127.000000
149.000000
2604.000000
441.000000
163.000000
534.000000
2860.000000
467.000000
294.000000
766.000000
118.000000
976.000000
635.000000
459.000000
2191.000000
1237.000000
83.000000
17.000000
230.000000
800.000000
876.000000
1168.000000
19.000000
311.000000
414.000000
383.000000
394.000000
918.000000
1002.000000
734.000000
469.000000
271.000000
544.000000
1374.000000
1312.000000
524.000000
73.000000
2406.000000
567.000000
555.000000
887.000000
684.000000
1020.000000
274.000000
85.000000
386.000000
879.000000
177.000000
2113.000000
132.000000
457.000000
1986.000000
981.000000
134.000000
315.000000
271.000000
331.000000
520.000000
1402.000000
1503.000000
785.000000
697.000000
357.000000
252.000000
1152.000000
170.000000
313.000000
1138.000000
148.000000
123.000000
58.000000
772.000000
239.000000
347.000000
444.000000
250.000000
83.000000
304.000000
367.000000
403.000000
83.000000
235.000000
425.000000
379.000000
336.000000
446.000000
292.000000
517.000000
222.000000
252.000000
1076.000000
91.000000
113.000000
269.000000
167.000000
821.000000
927.000000
224.000000
5544.000000
1728.000000
723.000000
1818.000000
396.000000
410.000000
469.000000
1031.000000
738.000000
327.000000
1462.000000
659.000000
35.000000
391.000000
1522.000000
2239.000000
2315.000000
330.000000
190.000000
1506.000000
250.000000
369.000000
578.000000
440.000000
708.000000
459.000000
1525.000000
2180.000000
38.000000
691.000000
443.000000
739.000000
200.000000
402.000000
306.000000
73.000000
534.000000
134.000000
22.000000
119.000000
738.000000
6171.000000
177.000000
557.000000
2540.000000
746.000000
1823.000000
1970.000000
2732.000000
136.000000
664.000000
216.000000
106.000000
1207.000000
677.000000
127.000000
156.000000
274.000000
82.000000
1008.000000
70.000000
325.000000
486.000000
157.000000
86.000000
798.000000
583.000000
419.000000
1356.000000
142.000000
716.000000
389.000000
475.000000
2642.000000
215.000000
1594.000000
692.000000
686.000000
308.000000
3818.000000
468.000000
167.000000
2586.000000
185.000000
498.000000
131.000000
95.000000
1824.000000
658.000000
211.000000
1451.000000
182.000000
783.000000
104.000000
946.000000
616.000000
82.000000
79.000000
550.000000
88.000000
283.000000
224.000000
343.000000
4284.000000
331.000000
1718.000000
116.000000
588.000000
603.000000
42.000000
85.000000
741.000000
215.000000
235.000000
221.000000
491.000000
1942.000000
1574.000000
290.000000
6013.000000
184.000000
774.000000
649.000000
195.000000
911.000000
1543.000000
96.000000
379.000000
79.000000
308.000000
416.000000
370.000000
1185.000000
895.000000
786.000000
277.000000
342.000000
260.000000
1072.000000
293.000000
164.000000
1615.000000
532.000000
199.000000
691.000000
644.000000
24.000000
203.000000
253.000000
245.000000
93.000000
141.000000
2087.000000
349.000000
317.000000
568.000000
398.000000
71.000000
987.000000
131.000000
166.000000
415.000000
243.000000
1157.000000
557.000000
130.000000
360.000000
476.000000
461.000000
351.000000
45.000000
884.000000
617.000000
88.000000
861.000000
898.000000
874.000000
135.000000
97.000000
584.000000
164.000000
96.000000
114.000000
1153.000000
161.000000
88.000000
338.000000
298.000000
496.000000
927.000000
861.000000
90.000000
130.000000
627.000000
345.000000
110.000000
161.000000
446.000000
126.000000
1639.000000
624.000000
617.000000
184.000000
734.000000
4274.000000
2141.000000
435.000000
1421.000000
1725.000000
361.000000
1450.000000
2268.000000
292.000000
231.000000
374.000000
963.000000
834.000000
926.000000
3894.000000
233.000000
123.000000
179.000000
266.000000
3250.000000
254.000000
262.000000
350.000000
1058.000000
64.000000
718.000000
526.000000
684.000000
241.000000
175.000000
86.000000
470.000000
1820.000000
183.000000
768.000000
352.000000
208.000000
3065.000000
1219.000000
206.000000
18.000000
496.000000
413.000000
165.000000
857.000000
158.000000
555.000000
234.000000
305.000000
365.000000
1565.000000
101.000000
