260.000000
460.000000
718.000000
114.000000
288.000000
363.000000
589.000000
405.000000
420.000000
274.000000
843.000000
406.000000
2425.000000
422.000000
556.000000
1017.000000
1762.000000
71.000000
130.000000
571.000000
80.000000
107.000000
22.000000
129.000000
2114.000000
638.000000
127.000000
2740.000000
156.000000
193.000000
220.000000
573.000000
59.000000
146.000000
74.000000
635.000000
801.000000
511.000000
203.000000
233.000000
393.000000
369.000000
298.000000
1111.000000
1245.000000
439.000000
917.000000
106.000000
286.000000
306.000000
235.000000
780.000000
187.000000
1003.000000
73.000000
629.000000
4062.000000
1266.000000
1878.000000
480.000000
629.000000
66.000000
1440.000000
408.000000
368.000000
77.000000
592.000000
154.000000
187.000000
110.000000
422.000000
101.000000
424.000000
559.000000
88.000000
734.000000
276.000000
1160.000000
642.000000
1322.000000
514.000000
260.000000
73.000000
920.000000
934.000000
422.000000
261.000000
59.000000
700.000000
395.000000
690.000000
395.000000
616.000000
53.000000
496.000000
134.000000
212.000000
175.000000
504.000000
497.000000
1010.000000
107.000000
894.000000
865.000000
1970.000000
296.000000
2303.000000
411.000000
531.000000
446.000000
270.000000
325.000000
2039.000000
771.000000
453.000000
50.000000
349.000000
500.000000
213.000000
172.000000
1123.000000
551.000000
1036.000000
3448.000000
136.000000
306.000000
489.000000
1617.000000
664.000000
107.000000
646.000000
251.000000
802.000000
188.000000
1284.000000
343.000000
309.000000
518.000000
66.000000
1015.000000
1284.000000
666.000000
166.000000
5005.000000
830.000000
352.000000
132.000000
300.000000
160.000000
187.000000
286.000000
211.000000
217.000000
464.000000
2611.000000
78.000000
743.000000
173.000000
1087.000000
192.000000
645.000000
578.000000
2370.000000
295.000000
302.000000
138.000000
406.000000
179.000000
297.000000
270.000000
1030.000000
132.000000
206.000000
89.000000
36.000000
370.000000
127.000000
206.000000
564.000000
725.000000
848.000000
1282.000000
1050.000000
502.000000
346.000000
696.000000
815.000000
494.000000
510.000000
433.000000
479.000000
1078.000000
1801.000000
251.000000
699.000000
341.000000
177.000000
1087.000000
60.000000
360.000000
420.000000
137.000000
1521.000000
1299.000000
119.000000
38.000000
852.000000
4804.000000
128.000000
114.000000
623.000000
243.000000
999.000000
883.000000
236.000000
79.000000
1021.000000
567.000000
296.000000
227.000000
188.000000
424.000000
2055.000000
710.000000
598.000000
371.000000
571.000000
1023.000000
346.000000
46.000000
518.000000
273.000000
777.000000
759.000000
385.000000
279.000000
16.000000
1172.000000
1184.000000
234.000000
135.000000
218.000000
195.000000
3196.000000
162.000000
1303.000000
119.000000
1828.000000
1621.000000
76.000000
573.000000
1300.000000
1167.000000
5162.000000
333.000000
877.000000
349.000000
627.000000
278.000000
905.000000
313.000000
898.000000
867.000000
4457.000000
211.000000
333.000000
793.000000
1610.000000
4609.000000
497.000000
170.000000
113.000000
201.000000
320.000000
47.000000
1986.000000
409.000000
992.000000
1232.000000
561.000000
474.000000
1477.000000
3094.000000
694.000000
403.000000
46.000000
267.000000
949.000000
32.000000
1062.000000
375.000000
235.000000
584.000000
800.000000
689.000000
376.000000
475.000000
915.000000
57.000000
702.000000
171.000000
843.000000
163.000000
114.000000
123.000000
208.000000
1206.000000
3866.000000
277.000000
128.000000
264.000000
391.000000
138.000000
793.000000
281.000000
136.000000
482.000000
144.000000
276.000000
1463.000000
348.000000
299.000000
482.000000
210.000000
128.000000
661.000000
391.000000
1485.000000
278.000000
1027.000000
475.000000
227.000000
881.000000
223.000000
149.000000
318.000000
469.000000
155.000000
1586.000000
251.000000
196.000000
500.000000
781.000000
168.000000
1175.000000
775.000000
768.000000
159.000000
949.000000
1727.000000
421.000000
529.000000
984.000000
265.000000
1789.000000
764.000000
94.000000
218.000000
846.000000
108.000000
347.000000
456.000000
118.000000
145.000000
261.000000
633.000000
617.000000
1123.000000
1463.000000
800.000000
234.000000
348.000000
536.000000
182.000000
2359.000000
494.000000
524.000000
215.000000
892.000000
176.000000
640.000000
213.000000
536.000000
854.000000
226.000000
185.000000
320.000000
427.000000
78.000000
1386.000000
1915.000000
2042.000000
80.000000
72.000000
211.000000
681.000000
110.000000
825.000000
682.000000
139.000000
144.000000
1559.000000
1062.000000
1071.000000
614.000000
699.000000
623.000000
121.000000
1468.000000
357.000000
644.000000
2302.000000
1818.000000
143.000000
150.000000
1133.000000
2445.000000
126.000000
549.000000
681.000000
953.000000
266.000000
552.000000
1145.000000
1211.000000
866.000000
93.000000
1115.000000
228.000000
907.000000
355.000000
164.000000
149.000000
465.000000
99.000000
177.000000
481.000000
489.000000
188.000000
697.000000
667.000000
492.000000
2720.000000
79.000000
290.000000
96.000000
613.000000
359.000000
134.000000
6137.000000
1162.000000
271.000000
194.000000
378.000000
620.000000
38.000000
1177.000000
866.000000
463.000000
135.000000
391.000000
98.000000
906.000000
724.000000
115.000000
974.000000
420.000000
651.000000
1013.000000
56.000000
985.000000
355.000000
196.000000
270.000000
343.000000
491.000000
607.000000
371.000000
140.000000
818.000000
467.000000
445.000000
1852.000000
259.000000
333.000000
211.000000
338.000000
128.000000
631.000000
1921.000000
643.000000
1642.000000
77.000000
344.000000
202.000000
106.000000
534.000000
117.000000
144.000000
93.000000
226.000000
612.000000
2441.000000
109.000000
865.000000
133.000000
252.000000
447.000000
1139.000000
162.000000
151.000000
97.000000
520.000000
148.000000
145.000000
1264.000000
180.000000
492.000000
1953.000000
207.000000
210.000000
893.000000
307.000000
154.000000
339.000000
143.000000
991.000000
404.000000
254.000000
544.000000
821.000000
343.000000
440.000000
657.000000
77.000000
1503.000000
217.000000
646.000000
1624.000000
113.000000
451.000000
1888.000000
200.000000
104.000000
1085.000000
929.000000
446.000000
658.000000
587.000000
50.000000
863.000000
68.000000
731.000000
148.000000
1173.000000
413.000000
1742.000000
399.000000
420.000000
1089.000000
390.000000
196.000000
363.000000
503.000000
451.000000
398.000000
296.000000
345.000000
1462.000000
1702.000000
582.000000
1062.000000
906.000000
737.000000
75.000000
94.000000
224.000000
402.000000
49.000000
626.000000
352.000000
80.000000
1480.000000
28.000000
527.000000
65.000000
243.000000
569.000000
982.000000
1176.000000
188.000000
1536.000000
198.000000
131.000000
831.000000
168.000000
73.000000
358.000000
1355.000000
427.000000
941.000000
694.000000
128.000000
272.000000
1479.000000
226.000000
188.000000
4372.000000
164.000000
145.000000
1421.000000
97.000000
280.000000
502.000000
1996.000000
343.000000
663.000000
240.000000
740.000000
240.000000
105.000000
201.000000
90.000000
1213.000000
677.000000
473.000000
245.000000
112.000000
6572.000000
1457.000000
157.000000
328.000000
847.000000
896.000000
853.000000
302.000000
63.000000
449.000000
238.000000
2364.000000
896.000000
215.000000
306.000000
292.000000
218.000000
544.000000
3260.000000
271.000000
661.000000
877.000000
306.000000
457.000000
3765.000000
91.000000
452.000000
533.000000
2811.000000
202.000000
1454.000000
185.000000
1467.000000
184.000000
56.000000
1373.000000
925.000000
234.000000
390.000000
441.000000
1136.000000
6613.000000
1367.000000
1401.000000
853.000000
8892.000000
180.000000
280.000000
39.000000
60.000000
243.000000
787.000000
358.000000
589.000000
36.000000
67.000000
1383.000000
738.000000
997.000000
195.000000
789.000000
601.000000
1171.000000
332.000000
600.000000
201.000000
4007.000000
1678.000000
83.000000
958.000000
567.000000
86.000000
515.000000
288.000000
2741.000000
146.000000
1046.000000
363.000000
642.000000
222.000000
81.000000
249.000000
337.000000
1432.000000
58.000000
281.000000
2014.000000
937.000000
2784.000000
764.000000
49.000000
155.000000
338.000000
799.000000
948.000000
577.000000
81.000000
309.000000
270.000000
342.000000
64.000000
565.000000
2884.000000
89.000000
163.000000
219.000000
939.000000
644.000000
273.000000
209.000000
307.000000
1265.000000
268.000000
128.000000
1342.000000
1362.000000
985.000000
631.000000
311.000000
456.000000
248.000000
3470.000000
299.000000
449.000000
755.000000
930.000000
504.000000
343.000000
541.000000
270.000000
2113.000000
312.000000
407.000000
1188.000000
204.000000
526.000000
370.000000
1858.000000
141.000000
741.000000
191.000000
927.000000
109.000000
197.000000
3813.000000
79.000000
161.000000
1785.000000
891.000000
429.000000
237.000000
283.000000
116.000000
216.000000
214.000000
358.000000
3266.000000
340.000000
651.000000
940.000000
54.000000
1205.000000
157.000000
142.000000
87.000000
274.000000
659.000000
1025.000000
676.000000
5700.000000
473.000000
303.000000
326.000000
80.000000
481.000000
378.000000
105.000000
698.000000
461.000000
2153.000000
705.000000
1585.000000
111.000000
292.000000
523.000000
1428.000000
42.000000
337.000000
231.000000
1077.000000
256.000000
1047.000000
5516.000000
436.000000
538.000000
167.000000
331.000000
947.000000
517.000000
1227.000000
5511.000000
831.000000
151.000000
610.000000
674.000000
211.000000
233.000000
141.000000
620.000000
531.000000
319.000000
712.000000
634.000000
115.000000
792.000000
50.000000
1036.000000
3628.000000
833.000000
210.000000
142.000000
45.000000
1169.000000
51.000000
419.000000
1206.000000
1973.000000
107.000000
35.000000
682.000000
676.000000
836.000000
418.000000
2882.000000
532.000000
3330.000000
539.000000
1063.000000
131.000000
198.000000
1033.000000
95.000000
769.000000
287.000000
303.000000
742.000000
622.000000
1080.000000
1588.000000
356.000000
45.000000
255.000000
452.000000
609.000000
294.000000
443.000000
435.000000
588.000000
330.000000
210.000000
166.000000
310.000000
2758.000000
692.000000
394.000000
669.000000
124.000000
233.000000
171.000000
1018.000000
131.000000
78.000000
217.000000
133.000000
98.000000
133.000000
3075.000000
380.000000
619.000000
172.000000
225.000000
3793.000000
55.000000
443.000000
159.000000
1449.000000
796.000000
1387.000000
1124.000000
964.000000
106.000000
363.000000
88.000000
680.000000
2337.000000
401.000000
973.000000
56.000000
1481.000000
538.000000
2061.000000
5571.000000
3002.000000
1135.000000
109.000000
204.000000
676.000000
868.000000
81.000000
404.000000
663.000000
181.000000
1494.000000
2282.000000
82.000000
212.000000
3168.000000
32.000000
138.000000
4931.000000
287.000000
1489.000000
713.000000
108.000000
181.000000
287.000000
277.000000
604.000000
148.000000
168.000000
74.000000
204.000000
817.000000
72.000000
68.000000
227.000000
1243.000000
74.000000
1796.000000
664.000000
376.000000
482.000000
432.000000
199.000000
149.000000
2302.000000
281.000000
62.000000
108.000000
1071.000000
1846.000000
2211.000000
622.000000
71.000000
82.000000
980.000000
345.000000
506.000000
876.000000
53.000000
617.000000
2175.000000
665.000000
480.000000
1131.000000
288.000000
83.000000
848.000000
351.000000
414.000000
991.000000
146.000000
