243.000000
195.000000
656.000000
640.000000
145.000000
1363.000000
1028.000000
209.000000
431.000000
187.000000
1013.000000
2249.000000
380.000000
204.000000
402.000000
117.000000
963.000000
1015.000000
612.000000
787.000000
241.000000
133.000000
400.000000
139.000000
221.000000
687.000000
642.000000
497.000000
91.000000
445.000000
288.000000
327.000000
385.000000
123.000000
1064.000000
1206.000000
149.000000
207.000000
40.000000
344.000000
244.000000
1182.000000
343.000000
298.000000
621.000000
1405.000000
290.000000
543.000000
238.000000
605.000000
147.000000
404.000000
898.000000
336.000000
511.000000
286.000000
735.000000
95.000000
2197.000000
713.000000
160.000000
36.000000
3097.000000
842.000000
345.000000
339.000000
1517.000000
37.000000
207.000000
1026.000000
256.000000
215.000000
668.000000
235.000000
2846.000000
442.000000
454.000000
899.000000
625.000000
537.000000
296.000000
1751.000000
1535.000000
1550.000000
147.000000
117.000000
604.000000
761.000000
116.000000
153.000000
582.000000
376.000000
391.000000
904.000000
204.000000
113.000000
418.000000
480.000000
1030.000000
342.000000
1097.000000
223.000000
481.000000
380.000000
237.000000
89.000000
471.000000
1647.000000
142.000000
722.000000
2017.000000
93.000000
548.000000
530.000000
264.000000
100.000000
100.000000
565.000000
2691.000000
541.000000
751.000000
1584.000000
1062.000000
314.000000
307.000000
567.000000
437.000000
269.000000
830.000000
1202.000000
202.000000
103.000000
588.000000
708.000000
342.000000
134.000000
68.000000
103.000000
298.000000
1145.000000
103.000000
328.000000
610.000000
230.000000
146.000000
9982.000000
1248.000000
214.000000
137.000000
990.000000
489.000000
1964.000000
34.000000
230.000000
1316.000000
456.000000
450.000000
2037.000000
669.000000
873.000000
2383.000000
229.000000
197.000000
259.000000
48.000000
202.000000
699.000000
133.000000
178.000000
73.000000
326.000000
392.000000
1196.000000
449.000000
502.000000
603.000000
741.000000
255.000000
687.000000
178.000000
722.000000
286.000000
201.000000
483.000000
322.000000
534.000000
638.000000
174.000000
480.000000
188.000000
1092.000000
546.000000
558.000000
75.000000
1547.000000
1162.000000
573.000000
154.000000
238.000000
589.000000
155.000000
100.000000
620.000000
468.000000
965.000000
1023.000000
962.000000
1678.000000
100.000000
473.000000
427.000000
991.000000
280.000000
522.000000
260.000000
3482.000000
588.000000
1256.000000
1321.000000
188.000000
317.000000
445.000000
215.000000
151.000000
172.000000
116.000000
327.000000
483.000000
729.000000
204.000000
157.000000
299.000000
35.000000
181.000000
515.000000
1009.000000
933.000000
291.000000
815.000000
85.000000
847.000000
810.000000
893.000000
826.000000
54.000000
350.000000
65.000000
7290.000000
494.000000
177.000000
149.000000
268.000000
401.000000
1971.000000
1495.000000
1795.000000
1062.000000
50.000000
70.000000
142.000000
586.000000
899.000000
407.000000
461.000000
135.000000
605.000000
293.000000
789.000000
175.000000
273.000000
602.000000
400.000000
528.000000
443.000000
1083.000000
158.000000
282.000000
168.000000
926.000000
132.000000
780.000000
186.000000
1704.000000
1463.000000
509.000000
1247.000000
104.000000
221.000000
1089.000000
231.000000
937.000000
283.000000
148.000000
416.000000
728.000000
468.000000
683.000000
838.000000
6189.000000
1395.000000
473.000000
131.000000
80.000000
371.000000
172.000000
200.000000
111.000000
346.000000
118.000000
142.000000
332.000000
171.000000
301.000000
16923.000000
366.000000
2125.000000
1143.000000
434.000000
614.000000
590.000000
1110.000000
1290.000000
2687.000000
1565.000000
365.000000
787.000000
502.000000
173.000000
180.000000
272.000000
454.000000
299.000000
177.000000
757.000000
876.000000
179.000000
2126.000000
824.000000
253.000000
186.000000
636.000000
611.000000
471.000000
717.000000
63.000000
855.000000
813.000000
576.000000
1066.000000
360.000000
277.000000
402.000000
168.000000
1456.000000
567.000000
774.000000
209.000000
661.000000
514.000000
129.000000
106.000000
194.000000
65.000000
1249.000000
4719.000000
415.000000
26.000000
236.000000
1678.000000
844.000000
153.000000
633.000000
981.000000
274.000000
744.000000
243.000000
969.000000
168.000000
309.000000
3099.000000
145.000000
879.000000
592.000000
728.000000
583.000000
91.000000
2409.000000
660.000000
39.000000
719.000000
458.000000
659.000000
454.000000
1192.000000
301.000000
711.000000
692.000000
694.000000
1736.000000
1155.000000
1928.000000
50.000000
764.000000
275.000000
295.000000
366.000000
223.000000
462.000000
49.000000
640.000000
307.000000
578.000000
141.000000
1117.000000
980.000000
420.000000
213.000000
200.000000
749.000000
1149.000000
117.000000
409.000000
1430.000000
255.000000
166.000000
1354.000000
195.000000
623.000000
320.000000
2150.000000
293.000000
559.000000
277.000000
858.000000
3029.000000
39.000000
318.000000
474.000000
766.000000
506.000000
1088.000000
614.000000
214.000000
1259.000000
176.000000
288.000000
185.000000
118.000000
1545.000000
99.000000
335.000000
656.000000
742.000000
165.000000
241.000000
141.000000
333.000000
335.000000
512.000000
54.000000
530.000000
496.000000
232.000000
201.000000
440.000000
553.000000
357.000000
309.000000
2479.000000
380.000000
791.000000
2559.000000
134.000000
1147.000000
511.000000
2386.000000
453.000000
786.000000
142.000000
1008.000000
228.000000
4326.000000
615.000000
1048.000000
53.000000
102.000000
134.000000
592.000000
113.000000
210.000000
270.000000
101.000000
221.000000
637.000000
574.000000
320.000000
388.000000
319.000000
112.000000
6645.000000
1768.000000
236.000000
94.000000
103.000000
802.000000
198.000000
1735.000000
344.000000
171.000000
706.000000
201.000000
84.000000
4421.000000
311.000000
3842.000000
1462.000000
367.000000
46.000000
155.000000
618.000000
543.000000
833.000000
898.000000
534.000000
140.000000
417.000000
909.000000
80.000000
68.000000
384.000000
1991.000000
670.000000
382.000000
239.000000
143.000000
756.000000
559.000000
371.000000
37.000000
1537.000000
1608.000000
1509.000000
308.000000
335.000000
594.000000
389.000000
485.000000
553.000000
607.000000
40.000000
160.000000
2128.000000
2716.000000
107.000000
90.000000
141.000000
303.000000
108.000000
137.000000
521.000000
270.000000
362.000000
2004.000000
88.000000
63.000000
820.000000
241.000000
282.000000
123.000000
714.000000
792.000000
1708.000000
649.000000
421.000000
176.000000
847.000000
313.000000
1248.000000
1237.000000
255.000000
157.000000
349.000000
303.000000
449.000000
1980.000000
372.000000
128.000000
573.000000
204.000000
1027.000000
231.000000
394.000000
397.000000
250.000000
231.000000
1648.000000
265.000000
946.000000
2443.000000
129.000000
212.000000
521.000000
518.000000
117.000000
389.000000
170.000000
1120.000000
295.000000
1191.000000
318.000000
193.000000
1252.000000
243.000000
153.000000
894.000000
903.000000
298.000000
1282.000000
1258.000000
400.000000
221.000000
287.000000
387.000000
248.000000
155.000000
86.000000
922.000000
599.000000
311.000000
553.000000
185.000000
2093.000000
1826.000000
4551.000000
1064.000000
2254.000000
411.000000
506.000000
121.000000
338.000000
210.000000
172.000000
2705.000000
404.000000
1228.000000
281.000000
662.000000
295.000000
177.000000
109.000000
381.000000
240.000000
1091.000000
634.000000
542.000000
61.000000
129.000000
108.000000
107.000000
3133.000000
285.000000
779.000000
1632.000000
257.000000
713.000000
472.000000
215.000000
637.000000
691.000000
1106.000000
2966.000000
584.000000
240.000000
411.000000
74.000000
185.000000
1092.000000
727.000000
793.000000
317.000000
423.000000
2120.000000
783.000000
589.000000
957.000000
302.000000
3157.000000
169.000000
665.000000
906.000000
714.000000
230.000000
390.000000
712.000000
390.000000
276.000000
141.000000
151.000000
125.000000
161.000000
139.000000
614.000000
298.000000
434.000000
750.000000
1818.000000
140.000000
890.000000
1042.000000
426.000000
509.000000
89.000000
2640.000000
446.000000
339.000000
1282.000000
1379.000000
418.000000
95.000000
554.000000
1069.000000
310.000000
874.000000
74.000000
377.000000
698.000000
367.000000
86.000000
1085.000000
175.000000
989.000000
229.000000
327.000000
568.000000
304.000000
314.000000
1087.000000
141.000000
382.000000
454.000000
183.000000
2280.000000
173.000000
68.000000
510.000000
358.000000
154.000000
136.000000
1274.000000
130.000000
608.000000
471.000000
1944.000000
3913.000000
388.000000
302.000000
320.000000
100.000000
138.000000
1587.000000
214.000000
179.000000
30.000000
1297.000000
451.000000
277.000000
730.000000
673.000000
2056.000000
641.000000
116.000000
1103.000000
814.000000
378.000000
368.000000
233.000000
408.000000
246.000000
556.000000
103.000000
2370.000000
1748.000000
655.000000
957.000000
75.000000
214.000000
235.000000
77.000000
453.000000
109.000000
82.000000
86.000000
176.000000
1170.000000
443.000000
2090.000000
4746.000000
5166.000000
915.000000
382.000000
244.000000
560.000000
659.000000
495.000000
1249.000000
280.000000
541.000000
349.000000
263.000000
250.000000
37.000000
852.000000
132.000000
396.000000
134.000000
229.000000
558.000000
332.000000
134.000000
1276.000000
1251.000000
93.000000
3481.000000
489.000000
839.000000
1155.000000
345.000000
195.000000
524.000000
1848.000000
318.000000
1344.000000
342.000000
83.000000
1208.000000
203.000000
395.000000
168.000000
161.000000
116.000000
203.000000
934.000000
190.000000
1685.000000
307.000000
472.000000
357.000000
430.000000
121.000000
2246.000000
238.000000
1844.000000
619.000000
431.000000
256.000000
923.000000
4877.000000
114.000000
178.000000
446.000000
618.000000
1495.000000
778.000000
1010.000000
140.000000
740.000000
461.000000
415.000000
89.000000
289.000000
677.000000
281.000000
149.000000
521.000000
4120.000000
194.000000
652.000000
117.000000
819.000000
172.000000
589.000000
496.000000
465.000000
173.000000
394.000000
116.000000
1721.000000
145.000000
616.000000
645.000000
78.000000
368.000000
661.000000
373.000000
1187.000000
313.000000
1002.000000
712.000000
1249.000000
409.000000
189.000000
592.000000
1632.000000
336.000000
231.000000
1204.000000
144.000000
3419.000000
101.000000
819.000000
483.000000
1514.000000
825.000000
458.000000
208.000000
1329.000000
1006.000000
494.000000
1681.000000
240.000000
812.000000
328.000000
1889.000000
560.000000
2273.000000
1678.000000
952.000000
463.000000
220.000000
330.000000
1298.000000
168.000000
1185.000000
332.000000
1018.000000
354.000000
120.000000
126.000000
1020.000000
111.000000
1335.000000
200.000000
745.000000
217.000000
413.000000
214.000000
2161.000000
1088.000000
915.000000
169.000000
162.000000
144.000000
2509.000000
227.000000
142.000000
1556.000000
972.000000
657.000000
269.000000
74.000000
1072.000000
714.000000
365.000000
187.000000
407.000000
451.000000
532.000000
661.000000
265.000000
201.000000
317.000000
1743.000000
1128.000000
277.000000
1584.000000
707.000000
766.000000
424.000000
804.000000
269.000000
144.000000
270.000000
141.000000
145.000000
116.000000
254.000000
610.000000
1817.000000
41.000000
361.000000
739.000000
179.000000
837.000000
423.000000
71.000000
2097.000000
841.000000
537.000000
670.000000
908.000000
