98.000000
511.000000
1167.000000
182.000000
540.000000
708.000000
239.000000
784.000000
158.000000
106.000000
102.000000
755.000000
194.000000
2014.000000
1308.000000
1273.000000
520.000000
1867.000000
101.000000
440.000000
140.000000
103.000000
651.000000
174.000000
10.000000
2167.000000
2017.000000
255.000000
654.000000
101.000000
95.000000
1122.000000
232.000000
3736.000000
620.000000
286.000000
1147.000000
1380.000000
1157.000000
226.000000
128.000000
184.000000
319.000000
436.000000
165.000000
553.000000
95.000000
1758.000000
1203.000000
162.000000
210.000000
161.000000
267.000000
819.000000
189.000000
490.000000
486.000000
173.000000
212.000000
1095.000000
92.000000
928.000000
4532.000000
216.000000
114.000000
345.000000
1526.000000
183.000000
76.000000
231.000000
2176.000000
273.000000
678.000000
225.000000
316.000000
233.000000
464.000000
641.000000
186.000000
339.000000
111.000000
888.000000
436.000000
1506.000000
1071.000000
590.000000
892.000000
191.000000
1108.000000
66.000000
632.000000
444.000000
388.000000
59.000000
639.000000
660.000000
111.000000
1507.000000
288.000000
414.000000
804.000000
1326.000000
956.000000
781.000000
994.000000
882.000000
1342.000000
382.000000
3580.000000
300.000000
60.000000
366.000000
317.000000
346.000000
538.000000
1694.000000
254.000000
619.000000
544.000000
232.000000
187.000000
1022.000000
696.000000
239.000000
594.000000
429.000000
82.000000
1331.000000
392.000000
688.000000
840.000000
273.000000
241.000000
3383.000000
654.000000
242.000000
674.000000
535.000000
952.000000
1047.000000
154.000000
1226.000000
1084.000000
254.000000
307.000000
3680.000000
515.000000
698.000000
951.000000
317.000000
500.000000
420.000000
4787.000000
391.000000
351.000000
1578.000000
360.000000
1159.000000
359.000000
310.000000
240.000000
2503.000000
316.000000
625.000000
45.000000
539.000000
280.000000
176.000000
212.000000
750.000000
1352.000000
1467.000000
1313.000000
213.000000
632.000000
2420.000000
553.000000
193.000000
1246.000000
460.000000
264.000000
215.000000
75.000000
607.000000
1300.000000
216.000000
1109.000000
439.000000
1425.000000
375.000000
241.000000
1516.000000
194.000000
160.000000
123.000000
914.000000
1592.000000
533.000000
271.000000
977.000000
101.000000
94.000000
34.000000
869.000000
1350.000000
314.000000
384.000000
626.000000
671.000000
1228.000000
767.000000
267.000000
182.000000
33.000000
1102.000000
6517.000000
1953.000000
174.000000
708.000000
564.000000
113.000000
221.000000
181.000000
3033.000000
267.000000
250.000000
173.000000
1731.000000
443.000000
1191.000000
443.000000
503.000000
954.000000
192.000000
414.000000
518.000000
735.000000
255.000000
92.000000
420.000000
1172.000000
1244.000000
299.000000
2365.000000
390.000000
1395.000000
359.000000
492.000000
260.000000
355.000000
35.000000
4022.000000
293.000000
98.000000
434.000000
289.000000
573.000000
65.000000
365.000000
517.000000
405.000000
692.000000
2823.000000
292.000000
590.000000
278.000000
185.000000
98.000000
1990.000000
944.000000
321.000000
87.000000
1034.000000
365.000000
231.000000
457.000000
599.000000
287.000000
283.000000
127.000000
1844.000000
166.000000
161.000000
1413.000000
71.000000
97.000000
257.000000
167.000000
387.000000
197.000000
1161.000000
321.000000
32.000000
266.000000
1177.000000
1526.000000
269.000000
296.000000
167.000000
888.000000
345.000000
21.000000
1071.000000
241.000000
1167.000000
578.000000
183.000000
1446.000000
332.000000
2532.000000
764.000000
716.000000
510.000000
411.000000
177.000000
211.000000
493.000000
1690.000000
2009.000000
1966.000000
2949.000000
166.000000
635.000000
1394.000000
195.000000
4024.000000
267.000000
324.000000
702.000000
632.000000
113.000000
185.000000
163.000000
517.000000
140.000000
1134.000000
265.000000
305.000000
82.000000
39.000000
1849.000000
883.000000
1278.000000
50.000000
2409.000000
423.000000
679.000000
704.000000
792.000000
337.000000
205.000000
208.000000
204.000000
165.000000
298.000000
276.000000
903.000000
264.000000
703.000000
338.000000
201.000000
120.000000
116.000000
2161.000000
401.000000
336.000000
130.000000
274.000000
657.000000
507.000000
329.000000
1275.000000
250.000000
313.000000
405.000000
289.000000
36.000000
778.000000
733.000000
523.000000
394.000000
952.000000
785.000000
887.000000
372.000000
1209.000000
999.000000
347.000000
610.000000
1611.000000
185.000000
629.000000
135.000000
277.000000
79.000000
338.000000
1000.000000
545.000000
377.000000
124.000000
757.000000
873.000000
192.000000
401.000000
220.000000
344.000000
255.000000
398.000000
568.000000
287.000000
131.000000
1084.000000
1246.000000
484.000000
478.000000
132.000000
79.000000
228.000000
709.000000
165.000000
165.000000
91.000000
130.000000
1939.000000
470.000000
563.000000
260.000000
505.000000
183.000000
338.000000
213.000000
291.000000
1840.000000
186.000000
270.000000
591.000000
591.000000
359.000000
1242.000000
62.000000
635.000000
1121.000000
96.000000
496.000000
1030.000000
394.000000
281.000000
246.000000
277.000000
528.000000
409.000000
350.000000
403.000000
394.000000
108.000000
1097.000000
409.000000
145.000000
222.000000
186.000000
160.000000
550.000000
391.000000
2250.000000
114.000000
1962.000000
177.000000
156.000000
408.000000
641.000000
168.000000
495.000000
1006.000000
307.000000
1032.000000
190.000000
540.000000
90.000000
644.000000
445.000000
252.000000
503.000000
512.000000
1837.000000
262.000000
75.000000
361.000000
409.000000
276.000000
187.000000
533.000000
2997.000000
406.000000
715.000000
485.000000
789.000000
196.000000
245.000000
266.000000
4697.000000
261.000000
5726.000000
1018.000000
62.000000
569.000000
955.000000
162.000000
1297.000000
368.000000
138.000000
113.000000
486.000000
528.000000
1849.000000
107.000000
399.000000
146.000000
247.000000
1247.000000
234.000000
503.000000
1002.000000
323.000000
887.000000
394.000000
465.000000
374.000000
604.000000
174.000000
1448.000000
176.000000
227.000000
95.000000
43.000000
411.000000
139.000000
306.000000
382.000000
1325.000000
2272.000000
347.000000
78.000000
505.000000
224.000000
344.000000
989.000000
430.000000
2016.000000
234.000000
274.000000
395.000000
328.000000
79.000000
426.000000
142.000000
59.000000
132.000000
170.000000
682.000000
1797.000000
1123.000000
311.000000
217.000000
1627.000000
325.000000
1196.000000
610.000000
1246.000000
379.000000
316.000000
961.000000
743.000000
285.000000
704.000000
744.000000
1255.000000
710.000000
44.000000
535.000000
153.000000
117.000000
418.000000
332.000000
850.000000
760.000000
2033.000000
763.000000
365.000000
709.000000
189.000000
586.000000
646.000000
193.000000
1153.000000
364.000000
398.000000
439.000000
645.000000
1332.000000
292.000000
391.000000
891.000000
385.000000
234.000000
1717.000000
320.000000
376.000000
493.000000
340.000000
1652.000000
346.000000
664.000000
170.000000
36.000000
551.000000
766.000000
1096.000000
849.000000
830.000000
2570.000000
702.000000
1311.000000
151.000000
967.000000
267.000000
89.000000
331.000000
493.000000
1104.000000
635.000000
200.000000
82.000000
301.000000
879.000000
161.000000
252.000000
738.000000
1133.000000
117.000000
273.000000
1577.000000
306.000000
229.000000
156.000000
180.000000
151.000000
479.000000
261.000000
176.000000
93.000000
463.000000
1276.000000
728.000000
1002.000000
382.000000
868.000000
1067.000000
389.000000
103.000000
84.000000
1372.000000
130.000000
286.000000
340.000000
423.000000
1507.000000
184.000000
149.000000
162.000000
618.000000
1045.000000
238.000000
472.000000
2070.000000
182.000000
896.000000
382.000000
368.000000
523.000000
88.000000
78.000000
3523.000000
124.000000
300.000000
115.000000
1570.000000
199.000000
285.000000
329.000000
432.000000
160.000000
230.000000
330.000000
530.000000
107.000000
128.000000
1014.000000
79.000000
105.000000
1875.000000
451.000000
162.000000
129.000000
1106.000000
203.000000
143.000000
308.000000
411.000000
615.000000
96.000000
142.000000
149.000000
78.000000
249.000000
1010.000000
333.000000
217.000000
2016.000000
503.000000
277.000000
82.000000
833.000000
55.000000
189.000000
849.000000
493.000000
346.000000
82.000000
444.000000
105.000000
3903.000000
264.000000
464.000000
495.000000
139.000000
522.000000
265.000000
156.000000
333.000000
228.000000
570.000000
867.000000
226.000000
274.000000
125.000000
262.000000
470.000000
258.000000
117.000000
409.000000
111.000000
324.000000
4521.000000
749.000000
267.000000
1117.000000
142.000000
35.000000
564.000000
549.000000
801.000000
284.000000
1156.000000
467.000000
342.000000
443.000000
425.000000
512.000000
1913.000000
722.000000
447.000000
31.000000
13455.000000
235.000000
1073.000000
357.000000
858.000000
63.000000
443.000000
136.000000
469.000000
74.000000
114.000000
50.000000
1253.000000
324.000000
98.000000
646.000000
331.000000
124.000000
462.000000
287.000000
268.000000
175.000000
68.000000
104.000000
1102.000000
37.000000
296.000000
1119.000000
1276.000000
140.000000
173.000000
554.000000
407.000000
1366.000000
290.000000
513.000000
46.000000
134.000000
469.000000
97.000000
46.000000
843.000000
1346.000000
186.000000
248.000000
1150.000000
141.000000
1597.000000
69.000000
102.000000
272.000000
174.000000
125.000000
451.000000
284.000000
1039.000000
451.000000
410.000000
797.000000
305.000000
277.000000
145.000000
368.000000
474.000000
104.000000
1918.000000
182.000000
423.000000
606.000000
552.000000
426.000000
292.000000
886.000000
113.000000
315.000000
690.000000
571.000000
484.000000
220.000000
332.000000
293.000000
692.000000
221.000000
1362.000000
60.000000
1072.000000
300.000000
1446.000000
1243.000000
78.000000
416.000000
686.000000
228.000000
1238.000000
808.000000
109.000000
495.000000
550.000000
228.000000
467.000000
266.000000
1470.000000
191.000000
759.000000
71.000000
508.000000
140.000000
417.000000
1021.000000
1400.000000
420.000000
105.000000
1032.000000
119.000000
624.000000
265.000000
237.000000
236.000000
1610.000000
770.000000
339.000000
247.000000
109.000000
624.000000
591.000000
103.000000
105.000000
349.000000
644.000000
353.000000
4528.000000
113.000000
912.000000
432.000000
2999.000000
173.000000
2196.000000
268.000000
333.000000
200.000000
709.000000
238.000000
1124.000000
1656.000000
260.000000
1867.000000
201.000000
298.000000
162.000000
275.000000
196.000000
1040.000000
202.000000
390.000000
394.000000
460.000000
366.000000
792.000000
85.000000
202.000000
128.000000
512.000000
463.000000
669.000000
549.000000
310.000000
197.000000
951.000000
1206.000000
202.000000
242.000000
133.000000
80.000000
5765.000000
510.000000
733.000000
748.000000
285.000000
170.000000
164.000000
608.000000
620.000000
507.000000
918.000000
581.000000
2946.000000
1018.000000
621.000000
1011.000000
258.000000
430.000000
427.000000
156.000000
237.000000
170.000000
314.000000
175.000000
1212.000000
131.000000
3236.000000
1311.000000
187.000000
476.000000
425.000000
889.000000
600.000000
564.000000
440.000000
452.000000
967.000000
339.000000
302.000000
332.000000
1214.000000
287.000000
300.000000
109.000000
80.000000
632.000000
450.000000
54.000000
754.000000
198.000000
323.000000
118.000000
2292.000000
33.000000
2330.000000
