710.000000
3176.000000
837.000000
1477.000000
190.000000
191.000000
2190.000000
302.000000
320.000000
877.000000
250.000000
914.000000
1457.000000
494.000000
143.000000
179.000000
100.000000
1660.000000
272.000000
309.000000
239.000000
85.000000
63.000000
702.000000
1230.000000
410.000000
1089.000000
889.000000
1178.000000
579.000000
1330.000000
318.000000
178.000000
362.000000
365.000000
2417.000000
302.000000
861.000000
91.000000
2773.000000
876.000000
261.000000
644.000000
113.000000
199.000000
857.000000
95.000000
1309.000000
55.000000
178.000000
306.000000
270.000000
664.000000
423.000000
299.000000
398.000000
275.000000
307.000000
321.000000
260.000000
1590.000000
1644.000000
250.000000
661.000000
3796.000000
170.000000
385.000000
1359.000000
387.000000
35.000000
207.000000
492.000000
435.000000
201.000000
725.000000
52.000000
1115.000000
500.000000
619.000000
276.000000
160.000000
312.000000
334.000000
3717.000000
665.000000
127.000000
315.000000
33.000000
108.000000
363.000000
733.000000
419.000000
264.000000
473.000000
1765.000000
129.000000
1337.000000
542.000000
647.000000
81.000000
690.000000
126.000000
249.000000
210.000000
598.000000
1075.000000
452.000000
247.000000
345.000000
1462.000000
286.000000
668.000000
147.000000
358.000000
212.000000
399.000000
1985.000000
10439.000000
189.000000
170.000000
534.000000
358.000000
556.000000
942.000000
170.000000
1208.000000
146.000000
78.000000
531.000000
2229.000000
157.000000
413.000000
85.000000
180.000000
148.000000
679.000000
1177.000000
255.000000
288.000000
357.000000
1031.000000
108.000000
729.000000
237.000000
415.000000
701.000000
54.000000
1831.000000
179.000000
234.000000
3687.000000
88.000000
349.000000
202.000000
49.000000
686.000000
518.000000
375.000000
3025.000000
96.000000
1489.000000
790.000000
143.000000
171.000000
204.000000
80.000000
264.000000
800.000000
798.000000
78.000000
1293.000000
914.000000
847.000000
381.000000
417.000000
1284.000000
3000.000000
49.000000
135.000000
106.000000
605.000000
422.000000
210.000000
696.000000
179.000000
178.000000
458.000000
1119.000000
1655.000000
687.000000
1866.000000
544.000000
172.000000
352.000000
505.000000
487.000000
637.000000
523.000000
357.000000
157.000000
509.000000
2224.000000
733.000000
89.000000
839.000000
116.000000
786.000000
206.000000
426.000000
368.000000
442.000000
669.000000
365.000000
654.000000
406.000000
92.000000
411.000000
280.000000
650.000000
881.000000
114.000000
971.000000
1352.000000
3281.000000
126.000000
506.000000
2446.000000
369.000000
847.000000
126.000000
333.000000
315.000000
546.000000
438.000000
3301.000000
167.000000
4176.000000
49.000000
373.000000
51.000000
490.000000
1211.000000
106.000000
912.000000
99.000000
347.000000
115.000000
290.000000
112.000000
85.000000
6548.000000
146.000000
1246.000000
486.000000
359.000000
656.000000
89.000000
165.000000
1800.000000
158.000000
773.000000
73.000000
334.000000
353.000000
119.000000
350.000000
406.000000
2426.000000
163.000000
893.000000
153.000000
1138.000000
368.000000
384.000000
175.000000
1375.000000
513.000000
936.000000
152.000000
391.000000
1513.000000
1238.000000
192.000000
307.000000
589.000000
322.000000
178.000000
939.000000
249.000000
286.000000
557.000000
908.000000
162.000000
417.000000
408.000000
1968.000000
142.000000
491.000000
495.000000
130.000000
303.000000
216.000000
83.000000
647.000000
4103.000000
351.000000
156.000000
506.000000
100.000000
488.000000
1787.000000
308.000000
218.000000
113.000000
708.000000
971.000000
367.000000
143.000000
321.000000
284.000000
341.000000
71.000000
20.000000
272.000000
378.000000
217.000000
340.000000
1393.000000
143.000000
298.000000
656.000000
649.000000
354.000000
104.000000
5659.000000
457.000000
788.000000
5497.000000
105.000000
1026.000000
393.000000
208.000000
330.000000
150.000000
644.000000
1035.000000
949.000000
181.000000
956.000000
411.000000
165.000000
316.000000
1082.000000
893.000000
94.000000
261.000000
60.000000
677.000000
605.000000
1428.000000
281.000000
441.000000
2376.000000
409.000000
1230.000000
841.000000
229.000000
469.000000
1159.000000
295.000000
433.000000
576.000000
169.000000
1196.000000
947.000000
461.000000
61.000000
396.000000
214.000000
540.000000
173.000000
431.000000
2141.000000
104.000000
65.000000
154.000000
2482.000000
69.000000
384.000000
1706.000000
291.000000
307.000000
293.000000
84.000000
79.000000
711.000000
1232.000000
63.000000
142.000000
48.000000
1939.000000
397.000000
127.000000
365.000000
334.000000
373.000000
119.000000
448.000000
116.000000
172.000000
1652.000000
290.000000
271.000000
1829.000000
177.000000
593.000000
92.000000
501.000000
1615.000000
344.000000
288.000000
92.000000
196.000000
829.000000
380.000000
248.000000
274.000000
268.000000
1134.000000
676.000000
1190.000000
72.000000
62.000000
254.000000
42.000000
4364.000000
486.000000
118.000000
1678.000000
332.000000
76.000000
241.000000
521.000000
1151.000000
431.000000
625.000000
400.000000
390.000000
2180.000000
408.000000
64.000000
2314.000000
1145.000000
1420.000000
549.000000
349.000000
1233.000000
95.000000
135.000000
433.000000
113.000000
104.000000
270.000000
235.000000
1983.000000
1169.000000
368.000000
117.000000
596.000000
593.000000
177.000000
272.000000
77.000000
363.000000
204.000000
397.000000
369.000000
59.000000
1484.000000
77.000000
305.000000
1377.000000
117.000000
111.000000
1347.000000
94.000000
1076.000000
189.000000
1057.000000
214.000000
379.000000
243.000000
390.000000
419.000000
88.000000
209.000000
258.000000
450.000000
218.000000
43.000000
930.000000
219.000000
885.000000
311.000000
213.000000
849.000000
617.000000
1098.000000
377.000000
65.000000
158.000000
345.000000
855.000000
243.000000
640.000000
448.000000
297.000000
93.000000
196.000000
1703.000000
551.000000
629.000000
792.000000
41.000000
726.000000
212.000000
659.000000
557.000000
1884.000000
382.000000
994.000000
256.000000
441.000000
87.000000
1885.000000
58.000000
761.000000
269.000000
147.000000
310.000000
586.000000
1049.000000
212.000000
83.000000
550.000000
933.000000
370.000000
253.000000
276.000000
499.000000
967.000000
379.000000
169.000000
946.000000
1250.000000
425.000000
89.000000
256.000000
1357.000000
519.000000
324.000000
304.000000
360.000000
332.000000
427.000000
195.000000
1218.000000
310.000000
276.000000
210.000000
168.000000
326.000000
1342.000000
431.000000
450.000000
1072.000000
426.000000
358.000000
112.000000
615.000000
391.000000
499.000000
602.000000
676.000000
858.000000
1484.000000
229.000000
1118.000000
354.000000
338.000000
273.000000
118.000000
863.000000
189.000000
1678.000000
372.000000
382.000000
144.000000
207.000000
841.000000
1105.000000
308.000000
720.000000
649.000000
545.000000
298.000000
820.000000
1140.000000
73.000000
1619.000000
1947.000000
542.000000
225.000000
3142.000000
137.000000
82.000000
1267.000000
934.000000
266.000000
540.000000
223.000000
723.000000
165.000000
350.000000
45.000000
987.000000
615.000000
791.000000
141.000000
278.000000
5097.000000
178.000000
777.000000
2439.000000
477.000000
358.000000
104.000000
77.000000
277.000000
34.000000
950.000000
486.000000
2102.000000
513.000000
3741.000000
328.000000
475.000000
137.000000
61.000000
1497.000000
657.000000
184.000000
416.000000
684.000000
519.000000
142.000000
1023.000000
1354.000000
285.000000
495.000000
198.000000
668.000000
1344.000000
2136.000000
409.000000
572.000000
1750.000000
436.000000
241.000000
174.000000
436.000000
763.000000
767.000000
930.000000
311.000000
517.000000
1176.000000
414.000000
119.000000
746.000000
539.000000
647.000000
583.000000
929.000000
398.000000
95.000000
237.000000
535.000000
468.000000
85.000000
47.000000
339.000000
704.000000
533.000000
375.000000
157.000000
160.000000
104.000000
58.000000
416.000000
4548.000000
167.000000
1640.000000
369.000000
392.000000
1111.000000
241.000000
895.000000
58.000000
619.000000
139.000000
398.000000
499.000000
864.000000
1209.000000
212.000000
300.000000
160.000000
135.000000
1615.000000
148.000000
818.000000
1107.000000
610.000000
773.000000
1028.000000
355.000000
640.000000
915.000000
466.000000
479.000000
252.000000
534.000000
82.000000
1093.000000
413.000000
106.000000
2725.000000
308.000000
219.000000
89.000000
66.000000
385.000000
492.000000
3916.000000
181.000000
1800.000000
279.000000
219.000000
622.000000
104.000000
234.000000
179.000000
1059.000000
613.000000
2282.000000
234.000000
763.000000
792.000000
949.000000
645.000000
111.000000
124.000000
1802.000000
1333.000000
1367.000000
211.000000
952.000000
153.000000
388.000000
203.000000
944.000000
392.000000
183.000000
884.000000
522.000000
254.000000
286.000000
682.000000
1987.000000
378.000000
497.000000
512.000000
185.000000
414.000000
427.000000
2834.000000
737.000000
1636.000000
363.000000
58.000000
494.000000
441.000000
594.000000
575.000000
1123.000000
358.000000
203.000000
416.000000
665.000000
922.000000
101.000000
967.000000
476.000000
104.000000
968.000000
710.000000
445.000000
272.000000
168.000000
235.000000
450.000000
136.000000
201.000000
228.000000
226.000000
486.000000
688.000000
688.000000
1119.000000
216.000000
1005.000000
190.000000
281.000000
1964.000000
886.000000
197.000000
1100.000000
361.000000
886.000000
2333.000000
607.000000
1183.000000
195.000000
985.000000
217.000000
372.000000
3294.000000
230.000000
642.000000
116.000000
3035.000000
481.000000
122.000000
565.000000
826.000000
1924.000000
579.000000
669.000000
933.000000
735.000000
363.000000
1321.000000
708.000000
1826.000000
147.000000
2196.000000
260.000000
229.000000
1340.000000
695.000000
861.000000
450.000000
217.000000
114.000000
1170.000000
432.000000
1570.000000
260.000000
207.000000
446.000000
540.000000
116.000000
342.000000
259.000000
140.000000
251.000000
581.000000
775.000000
344.000000
444.000000
107.000000
543.000000
523.000000
864.000000
392.000000
505.000000
494.000000
261.000000
913.000000
84.000000
540.000000
792.000000
441.000000
127.000000
276.000000
601.000000
492.000000
758.000000
98.000000
434.000000
445.000000
642.000000
968.000000
378.000000
959.000000
893.000000
629.000000
96.000000
310.000000
139.000000
96.000000
104.000000
1069.000000
1257.000000
137.000000
371.000000
471.000000
418.000000
533.000000
430.000000
266.000000
268.000000
535.000000
93.000000
161.000000
224.000000
82.000000
450.000000
382.000000
1889.000000
728.000000
2083.000000
103.000000
236.000000
509.000000
1289.000000
565.000000
919.000000
2558.000000
28.000000
259.000000
680.000000
612.000000
297.000000
115.000000
478.000000
1222.000000
135.000000
348.000000
109.000000
511.000000
112.000000
1368.000000
74.000000
809.000000
105.000000
3849.000000
504.000000
127.000000
84.000000
3191.000000
152.000000
445.000000
1244.000000
734.000000
248.000000
326.000000
330.000000
590.000000
206.000000
130.000000
357.000000
314.000000
1007.000000
550.000000
860.000000
282.000000
68.000000
75.000000
257.000000
95.000000
926.000000
964.000000
196.000000
127.000000
201.000000
226.000000
870.000000
135.000000
537.000000
370.000000
471.000000
240.000000
1150.000000
351.000000
231.000000
560.000000
528.000000
1174.000000
