275.000000
620.000000
3993.000000
254.000000
367.000000
237.000000
126.000000
66.000000
1204.000000
130.000000
209.000000
660.000000
2496.000000
208.000000
1500.000000
56.000000
267.000000
1177.000000
1647.000000
225.000000
918.000000
418.000000
3973.000000
549.000000
123.000000
313.000000
1226.000000
230.000000
765.000000
214.000000
399.000000
193.000000
471.000000
124.000000
328.000000
429.000000
478.000000
208.000000
185.000000
402.000000
562.000000
454.000000
217.000000
653.000000
3257.000000
704.000000
292.000000
184.000000
322.000000
467.000000
786.000000
136.000000
1080.000000
1266.000000
2083.000000
508.000000
144.000000
941.000000
228.000000
1991.000000
2975.000000
510.000000
1229.000000
637.000000
401.000000
212.000000
291.000000
243.000000
483.000000
454.000000
321.000000
282.000000
508.000000
133.000000
183.000000
2489.000000
803.000000
411.000000
213.000000
2601.000000
214.000000
476.000000
73.000000
124.000000
1968.000000
577.000000
1552.000000
1257.000000
54.000000
692.000000
198.000000
668.000000
785.000000
5044.000000
122.000000
4470.000000
467.000000
291.000000
26.000000
870.000000
263.000000
487.000000
72.000000
172.000000
168.000000
245.000000
4905.000000
3493.000000
34.000000
111.000000
331.000000
273.000000
116.000000
110.000000
523.000000
475.000000
580.000000
132.000000
814.000000
1520.000000
75.000000
628.000000
945.000000
3915.000000
469.000000
403.000000
136.000000
529.000000
347.000000
94.000000
80.000000
475.000000
314.000000
106.000000
746.000000
161.000000
410.000000
984.000000
462.000000
845.000000
324.000000
1019.000000
4622.000000
140.000000
911.000000
261.000000
117.000000
389.000000
186.000000
849.000000
342.000000
168.000000
741.000000
636.000000
54.000000
247.000000
184.000000
1028.000000
701.000000
492.000000
453.000000
781.000000
3775.000000
83.000000
568.000000
366.000000
314.000000
1878.000000
393.000000
204.000000
167.000000
177.000000
481.000000
218.000000
199.000000
156.000000
1164.000000
557.000000
806.000000
560.000000
92.000000
1889.000000
42.000000
298.000000
437.000000
2227.000000
586.000000
344.000000
262.000000
75.000000
1343.000000
420.000000
409.000000
624.000000
535.000000
72.000000
151.000000
183.000000
551.000000
504.000000
135.000000
1463.000000
211.000000
424.000000
805.000000
808.000000
410.000000
1068.000000
311.000000
173.000000
427.000000
213.000000
266.000000
1191.000000
217.000000
1430.000000
419.000000
523.000000
423.000000
1017.000000
424.000000
78.000000
40.000000
247.000000
655.000000
2020.000000
62.000000
106.000000
550.000000
696.000000
96.000000
497.000000
178.000000
1328.000000
245.000000
80.000000
1084.000000
758.000000
554.000000
650.000000
859.000000
1134.000000
538.000000
477.000000
324.000000
165.000000
189.000000
327.000000
232.000000
274.000000
83.000000
258.000000
42.000000
64.000000
247.000000
905.000000
2052.000000
848.000000
726.000000
1713.000000
449.000000
1316.000000
256.000000
964.000000
208.000000
247.000000
829.000000
405.000000
375.000000
114.000000
323.000000
1063.000000
382.000000
1254.000000
8133.000000
2226.000000
70.000000
185.000000
241.000000
237.000000
622.000000
1199.000000
264.000000
893.000000
808.000000
483.000000
287.000000
85.000000
473.000000
973.000000
205.000000
269.000000
195.000000
250.000000
231.000000
914.000000
461.000000
492.000000
2155.000000
1581.000000
384.000000
214.000000
800.000000
601.000000
1779.000000
358.000000
409.000000
858.000000
2614.000000
827.000000
343.000000
905.000000
190.000000
330.000000
567.000000
601.000000
155.000000
602.000000
1855.000000
1027.000000
1058.000000
1391.000000
265.000000
181.000000
941.000000
329.000000
1477.000000
819.000000
666.000000
1424.000000
119.000000
259.000000
1014.000000
126.000000
192.000000
4036.000000
157.000000
745.000000
572.000000
557.000000
502.000000
804.000000
3212.000000
825.000000
283.000000
204.000000
88.000000
187.000000
515.000000
921.000000
122.000000
242.000000
762.000000
930.000000
118.000000
282.000000
1745.000000
838.000000
366.000000
121.000000
84.000000
1285.000000
387.000000
180.000000
232.000000
193.000000
102.000000
1605.000000
1582.000000
323.000000
248.000000
1397.000000
44.000000
218.000000
245.000000
34.000000
362.000000
5595.000000
906.000000
651.000000
339.000000
685.000000
293.000000
2532.000000
1162.000000
454.000000
172.000000
288.000000
138.000000
352.000000
759.000000
469.000000
144.000000
216.000000
302.000000
66.000000
547.000000
197.000000
1380.000000
165.000000
169.000000
435.000000
1482.000000
164.000000
840.000000
445.000000
1417.000000
271.000000
1099.000000
1053.000000
5550.000000
469.000000
120.000000
2702.000000
721.000000
694.000000
794.000000
86.000000
495.000000
356.000000
330.000000
837.000000
340.000000
822.000000
611.000000
385.000000
804.000000
687.000000
557.000000
227.000000
235.000000
971.000000
419.000000
74.000000
120.000000
619.000000
3690.000000
582.000000
392.000000
6150.000000
852.000000
623.000000
279.000000
299.000000
857.000000
351.000000
4556.000000
131.000000
1318.000000
451.000000
536.000000
285.000000
332.000000
327.000000
182.000000
318.000000
201.000000
311.000000
184.000000
196.000000
695.000000
383.000000
151.000000
927.000000
183.000000
1384.000000
1316.000000
457.000000
144.000000
879.000000
76.000000
131.000000
236.000000
1376.000000
573.000000
541.000000
532.000000
579.000000
249.000000
164.000000
219.000000
1833.000000
2472.000000
130.000000
357.000000
101.000000
731.000000
160.000000
365.000000
769.000000
545.000000
73.000000
1131.000000
462.000000
432.000000
224.000000
742.000000
782.000000
428.000000
920.000000
471.000000
1490.000000
2357.000000
1426.000000
590.000000
163.000000
186.000000
122.000000
305.000000
174.000000
162.000000
713.000000
389.000000
382.000000
114.000000
1160.000000
164.000000
267.000000
262.000000
319.000000
104.000000
134.000000
310.000000
3108.000000
1938.000000
1185.000000
588.000000
878.000000
108.000000
699.000000
3804.000000
1172.000000
537.000000
3221.000000
583.000000
4256.000000
830.000000
803.000000
2034.000000
305.000000
568.000000
1377.000000
109.000000
334.000000
413.000000
657.000000
552.000000
376.000000
144.000000
528.000000
384.000000
120.000000
250.000000
562.000000
884.000000
1041.000000
1410.000000
195.000000
967.000000
2872.000000
432.000000
752.000000
672.000000
87.000000
423.000000
90.000000
423.000000
1147.000000
3613.000000
1827.000000
1520.000000
479.000000
45.000000
240.000000
421.000000
80.000000
65.000000
221.000000
138.000000
124.000000
517.000000
198.000000
442.000000
531.000000
530.000000
233.000000
1616.000000
229.000000
361.000000
445.000000
235.000000
216.000000
190.000000
600.000000
172.000000
266.000000
1016.000000
1370.000000
575.000000
4117.000000
2434.000000
468.000000
59.000000
232.000000
447.000000
586.000000
927.000000
1333.000000
262.000000
88.000000
95.000000
1896.000000
3042.000000
924.000000
791.000000
126.000000
261.000000
341.000000
223.000000
249.000000
734.000000
373.000000
106.000000
1151.000000
552.000000
143.000000
101.000000
481.000000
190.000000
922.000000
204.000000
79.000000
745.000000
134.000000
63.000000
985.000000
773.000000
629.000000
1244.000000
232.000000
64.000000
142.000000
78.000000
264.000000
1033.000000
88.000000
232.000000
458.000000
162.000000
129.000000
1114.000000
84.000000
353.000000
659.000000
823.000000
1198.000000
232.000000
1108.000000
94.000000
1195.000000
324.000000
311.000000
754.000000
3152.000000
1147.000000
2611.000000
545.000000
135.000000
195.000000
193.000000
254.000000
1239.000000
2100.000000
434.000000
358.000000
260.000000
2543.000000
294.000000
467.000000
525.000000
404.000000
1525.000000
61.000000
211.000000
115.000000
262.000000
1558.000000
640.000000
349.000000
685.000000
642.000000
1245.000000
1173.000000
970.000000
512.000000
210.000000
167.000000
1154.000000
783.000000
1428.000000
239.000000
1137.000000
181.000000
881.000000
240.000000
757.000000
818.000000
29.000000
995.000000
1388.000000
24.000000
887.000000
311.000000
240.000000
188.000000
296.000000
283.000000
275.000000
194.000000
178.000000
441.000000
65.000000
623.000000
117.000000
170.000000
211.000000
535.000000
2679.000000
325.000000
328.000000
223.000000
309.000000
1097.000000
778.000000
276.000000
212.000000
472.000000
165.000000
632.000000
259.000000
906.000000
568.000000
500.000000
229.000000
833.000000
334.000000
748.000000
267.000000
1600.000000
1912.000000
2140.000000
313.000000
409.000000
680.000000
401.000000
675.000000
236.000000
115.000000
380.000000
357.000000
565.000000
430.000000
200.000000
1019.000000
1020.000000
1238.000000
963.000000
620.000000
1177.000000
365.000000
146.000000
329.000000
598.000000
215.000000
2022.000000
309.000000
806.000000
153.000000
182.000000
1058.000000
73.000000
142.000000
901.000000
864.000000
841.000000
236.000000
780.000000
287.000000
115.000000
165.000000
756.000000
2485.000000
1415.000000
1599.000000
459.000000
137.000000
316.000000
1089.000000
1554.000000
293.000000
255.000000
710.000000
1801.000000
9941.000000
2139.000000
1121.000000
153.000000
395.000000
261.000000
113.000000
265.000000
741.000000
1217.000000
694.000000
350.000000
72.000000
311.000000
699.000000
1089.000000
337.000000
236.000000
151.000000
1693.000000
90.000000
375.000000
308.000000
194.000000
627.000000
180.000000
578.000000
936.000000
373.000000
406.000000
114.000000
181.000000
253.000000
1261.000000
80.000000
1503.000000
206.000000
171.000000
106.000000
284.000000
237.000000
919.000000
425.000000
69.000000
615.000000
728.000000
732.000000
1351.000000
290.000000
863.000000
93.000000
1441.000000
1669.000000
431.000000
397.000000
42.000000
439.000000
861.000000
75.000000
2543.000000
1379.000000
172.000000
541.000000
326.000000
268.000000
526.000000
342.000000
279.000000
1264.000000
145.000000
500.000000
896.000000
39.000000
835.000000
357.000000
2105.000000
679.000000
109.000000
222.000000
260.000000
150.000000
1400.000000
271.000000
253.000000
100.000000
1414.000000
71.000000
204.000000
621.000000
310.000000
486.000000
1050.000000
122.000000
138.000000
289.000000
671.000000
1777.000000
47.000000
326.000000
2518.000000
1134.000000
454.000000
418.000000
910.000000
1160.000000
680.000000
1187.000000
418.000000
165.000000
289.000000
1423.000000
496.000000
467.000000
580.000000
982.000000
129.000000
116.000000
512.000000
276.000000
1356.000000
208.000000
156.000000
1126.000000
779.000000
392.000000
682.000000
256.000000
1172.000000
804.000000
876.000000
965.000000
286.000000
174.000000
1933.000000
999.000000
538.000000
260.000000
405.000000
196.000000
919.000000
323.000000
337.000000
361.000000
225.000000
112.000000
1198.000000
36.000000
159.000000
170.000000
698.000000
312.000000
548.000000
47.000000
495.000000
80.000000
186.000000
1042.000000
1099.000000
591.000000
1510.000000
53.000000
535.000000
662.000000
183.000000
78.000000
206.000000
146.000000
648.000000
806.000000
155.000000
42.000000
128.000000
403.000000
2141.000000
547.000000
360.000000
376.000000
551.000000
225.000000
44.000000
2704.000000
1502.000000
404.000000
456.000000
128.000000
157.000000
341.000000
190.000000
271.000000
286.000000
163.000000
185.000000
413.000000
1090.000000
1404.000000
682.000000
445.000000
