837.000000
154.000000
395.000000
176.000000
101.000000
292.000000
1070.000000
988.000000
1081.000000
101.000000
1277.000000
68.000000
3719.000000
1143.000000
309.000000
575.000000
1203.000000
174.000000
1061.000000
179.000000
1748.000000
103.000000
231.000000
388.000000
172.000000
472.000000
57.000000
189.000000
397.000000
755.000000
1059.000000
648.000000
975.000000
459.000000
118.000000
73.000000
167.000000
802.000000
523.000000
268.000000
696.000000
359.000000
535.000000
328.000000
1904.000000
348.000000
728.000000
272.000000
825.000000
715.000000
583.000000
63.000000
497.000000
483.000000
577.000000
1426.000000
167.000000
1195.000000
187.000000
141.000000
265.000000
297.000000
178.000000
531.000000
214.000000
289.000000
531.000000
361.000000
233.000000
961.000000
1174.000000
275.000000
1068.000000
649.000000
1101.000000
226.000000
424.000000
997.000000
2246.000000
964.000000
672.000000
667.000000
593.000000
387.000000
4167.000000
70.000000
416.000000
224.000000
1303.000000
322.000000
234.000000
385.000000
1765.000000
322.000000
1265.000000
182.000000
203.000000
86.000000
427.000000
2083.000000
80.000000
1218.000000
191.000000
200.000000
174.000000
160.000000
582.000000
1226.000000
789.000000
113.000000
267.000000
800.000000
174.000000
606.000000
81.000000
187.000000
1070.000000
343.000000
1966.000000
1033.000000
573.000000
314.000000
634.000000
1509.000000
583.000000
446.000000
121.000000
300.000000
283.000000
273.000000
1277.000000
84.000000
623.000000
206.000000
3374.000000
102.000000
265.000000
302.000000
700.000000
669.000000
185.000000
483.000000
236.000000
355.000000
276.000000
1281.000000
156.000000
306.000000
1776.000000
477.000000
187.000000
2387.000000
1022.000000
2136.000000
52.000000
347.000000
131.000000
4966.000000
104.000000
1813.000000
796.000000
1855.000000
40.000000
1524.000000
292.000000
149.000000
538.000000
213.000000
393.000000
59.000000
409.000000
134.000000
1514.000000
1016.000000
236.000000
299.000000
277.000000
541.000000
1064.000000
8191.000000
452.000000
354.000000
231.000000
309.000000
219.000000
128.000000
525.000000
318.000000
3246.000000
70.000000
816.000000
256.000000
58.000000
282.000000
378.000000
437.000000
147.000000
525.000000
663.000000
338.000000
241.000000
131.000000
266.000000
358.000000
875.000000
333.000000
895.000000
1922.000000
470.000000
52.000000
3287.000000
875.000000
536.000000
413.000000
902.000000
403.000000
137.000000
123.000000
1742.000000
353.000000
1007.000000
961.000000
289.000000
97.000000
294.000000
48.000000
296.000000
2712.000000
234.000000
475.000000
530.000000
444.000000
354.000000
327.000000
316.000000
2010.000000
225.000000
338.000000
627.000000
58.000000
250.000000
185.000000
1194.000000
256.000000
86.000000
68.000000
807.000000
432.000000
384.000000
594.000000
901.000000
242.000000
3466.000000
510.000000
1433.000000
475.000000
723.000000
428.000000
2811.000000
461.000000
626.000000
293.000000
1562.000000
355.000000
279.000000
65.000000
521.000000
217.000000
97.000000
479.000000
278.000000
416.000000
1820.000000
256.000000
216.000000
87.000000
1711.000000
301.000000
205.000000
878.000000
480.000000
829.000000
1153.000000
2224.000000
308.000000
431.000000
264.000000
321.000000
122.000000
983.000000
394.000000
103.000000
227.000000
193.000000
534.000000
2315.000000
173.000000
567.000000
102.000000
1148.000000
368.000000
202.000000
301.000000
128.000000
281.000000
96.000000
162.000000
2387.000000
534.000000
337.000000
310.000000
150.000000
950.000000
449.000000
66.000000
894.000000
145.000000
1214.000000
280.000000
335.000000
189.000000
1720.000000
136.000000
712.000000
298.000000
87.000000
45.000000
311.000000
2918.000000
952.000000
198.000000
407.000000
803.000000
1582.000000
149.000000
368.000000
902.000000
35.000000
240.000000
161.000000
321.000000
957.000000
222.000000
754.000000
2163.000000
512.000000
1186.000000
728.000000
413.000000
697.000000
250.000000
265.000000
582.000000
2230.000000
306.000000
434.000000
564.000000
83.000000
175.000000
2313.000000
38.000000
539.000000
777.000000
121.000000
765.000000
68.000000
2752.000000
2587.000000
233.000000
1172.000000
125.000000
168.000000
755.000000
479.000000
863.000000
1272.000000
1176.000000
201.000000
546.000000
218.000000
281.000000
98.000000
42.000000
833.000000
2278.000000
546.000000
330.000000
792.000000
204.000000
253.000000
1371.000000
384.000000
473.000000
533.000000
307.000000
331.000000
1958.000000
46.000000
1235.000000
802.000000
336.000000
497.000000
92.000000
1863.000000
391.000000
249.000000
597.000000
127.000000
156.000000
413.000000
534.000000
153.000000
244.000000
757.000000
1279.000000
832.000000
225.000000
582.000000
1025.000000
2200.000000
718.000000
287.000000
338.000000
705.000000
464.000000
36.000000
153.000000
754.000000
2298.000000
78.000000
242.000000
1172.000000
162.000000
136.000000
156.000000
212.000000
359.000000
155.000000
575.000000
61.000000
1035.000000
91.000000
328.000000
327.000000
190.000000
477.000000
401.000000
56.000000
488.000000
1296.000000
1481.000000
719.000000
397.000000
82.000000
399.000000
116.000000
670.000000
407.000000
761.000000
110.000000
160.000000
1129.000000
381.000000
143.000000
383.000000
266.000000
150.000000
1438.000000
245.000000
383.000000
545.000000
106.000000
193.000000
133.000000
79.000000
613.000000
221.000000
108.000000
271.000000
765.000000
426.000000
1910.000000
426.000000
189.000000
118.000000
99.000000
641.000000
1141.000000
316.000000
1115.000000
1223.000000
369.000000
453.000000
1514.000000
179.000000
313.000000
284.000000
658.000000
754.000000
344.000000
293.000000
70.000000
356.000000
2422.000000
152.000000
155.000000
496.000000
4038.000000
246.000000
1186.000000
235.000000
344.000000
329.000000
483.000000
180.000000
41.000000
2529.000000
135.000000
294.000000
932.000000
76.000000
393.000000
562.000000
790.000000
160.000000
452.000000
1240.000000
308.000000
1782.000000
371.000000
111.000000
632.000000
227.000000
280.000000
444.000000
1550.000000
244.000000
1107.000000
76.000000
205.000000
308.000000
215.000000
267.000000
916.000000
48.000000
261.000000
862.000000
112.000000
2539.000000
219.000000
223.000000
211.000000
322.000000
582.000000
583.000000
247.000000
749.000000
139.000000
124.000000
1921.000000
33.000000
155.000000
434.000000
148.000000
2888.000000
702.000000
438.000000
310.000000
1505.000000
263.000000
453.000000
115.000000
553.000000
1069.000000
199.000000
208.000000
142.000000
1178.000000
401.000000
552.000000
443.000000
197.000000
1706.000000
128.000000
1106.000000
24.000000
783.000000
285.000000
145.000000
515.000000
565.000000
455.000000
373.000000
302.000000
344.000000
131.000000
126.000000
2489.000000
476.000000
148.000000
406.000000
302.000000
112.000000
139.000000
988.000000
612.000000
1951.000000
614.000000
120.000000
573.000000
547.000000
1608.000000
278.000000
145.000000
343.000000
207.000000
142.000000
925.000000
2682.000000
858.000000
526.000000
1083.000000
643.000000
1217.000000
2263.000000
185.000000
371.000000
1146.000000
897.000000
225.000000
282.000000
370.000000
258.000000
82.000000
236.000000
105.000000
169.000000
159.000000
151.000000
160.000000
227.000000
173.000000
482.000000
315.000000
95.000000
31.000000
940.000000
702.000000
396.000000
4728.000000
120.000000
2590.000000
561.000000
343.000000
304.000000
506.000000
1529.000000
560.000000
457.000000
345.000000
94.000000
138.000000
141.000000
601.000000
573.000000
2881.000000
668.000000
121.000000
170.000000
915.000000
309.000000
827.000000
1136.000000
158.000000
434.000000
1659.000000
318.000000
10783.000000
1051.000000
542.000000
278.000000
173.000000
224.000000
557.000000
3799.000000
1877.000000
167.000000
113.000000
499.000000
106.000000
636.000000
587.000000
306.000000
924.000000
128.000000
328.000000
101.000000
612.000000
428.000000
220.000000
274.000000
292.000000
1054.000000
282.000000
171.000000
392.000000
860.000000
1280.000000
459.000000
894.000000
1519.000000
1059.000000
2520.000000
474.000000
1574.000000
199.000000
477.000000
387.000000
554.000000
276.000000
1359.000000
375.000000
4961.000000
271.000000
2043.000000
188.000000
17.000000
375.000000
61.000000
436.000000
48.000000
203.000000
10157.000000
916.000000
782.000000
237.000000
4174.000000
4439.000000
388.000000
1378.000000
649.000000
813.000000
699.000000
178.000000
996.000000
307.000000
111.000000
587.000000
219.000000
123.000000
563.000000
1332.000000
383.000000
436.000000
632.000000
102.000000
96.000000
586.000000
486.000000
157.000000
126.000000
2624.000000
132.000000
334.000000
82.000000
4136.000000
348.000000
1235.000000
1120.000000
185.000000
539.000000
322.000000
2074.000000
1534.000000
969.000000
1235.000000
241.000000
583.000000
182.000000
90.000000
565.000000
78.000000
129.000000
198.000000
886.000000
1030.000000
264.000000
413.000000
810.000000
1029.000000
153.000000
2198.000000
634.000000
156.000000
532.000000
734.000000
286.000000
140.000000
403.000000
356.000000
276.000000
3243.000000
229.000000
217.000000
466.000000
120.000000
467.000000
154.000000
302.000000
279.000000
395.000000
3352.000000
348.000000
1462.000000
381.000000
132.000000
577.000000
39.000000
211.000000
268.000000
82.000000
52.000000
424.000000
1652.000000
145.000000
1282.000000
391.000000
1873.000000
400.000000
153.000000
253.000000
515.000000
1140.000000
280.000000
58.000000
540.000000
244.000000
1279.000000
1076.000000
135.000000
78.000000
247.000000
954.000000
271.000000
139.000000
356.000000
466.000000
304.000000
323.000000
1097.000000
966.000000
290.000000
177.000000
122.000000
382.000000
289.000000
290.000000
490.000000
120.000000
509.000000
1624.000000
434.000000
200.000000
466.000000
52.000000
336.000000
2385.000000
730.000000
762.000000
157.000000
2686.000000
211.000000
583.000000
756.000000
4491.000000
466.000000
166.000000
231.000000
213.000000
132.000000
362.000000
1283.000000
277.000000
483.000000
2050.000000
1068.000000
335.000000
93.000000
1143.000000
114.000000
4207.000000
1060.000000
546.000000
333.000000
268.000000
221.000000
252.000000
625.000000
269.000000
560.000000
398.000000
32.000000
3726.000000
589.000000
433.000000
410.000000
260.000000
258.000000
888.000000
357.000000
1665.000000
301.000000
93.000000
763.000000
902.000000
795.000000
597.000000
1316.000000
405.000000
310.000000
312.000000
274.000000
208.000000
415.000000
372.000000
165.000000
1476.000000
711.000000
2029.000000
749.000000
805.000000
492.000000
229.000000
64.000000
61.000000
111.000000
823.000000
329.000000
243.000000
80.000000
134.000000
372.000000
900.000000
313.000000
595.000000
226.000000
1312.000000
922.000000
293.000000
278.000000
369.000000
676.000000
509.000000
455.000000
601.000000
3014.000000
266.000000
514.000000
160.000000
1252.000000
637.000000
382.000000
317.000000
1231.000000
987.000000
484.000000
212.000000
72.000000
452.000000
725.000000
393.000000
631.000000
277.000000
143.000000
1034.000000
278.000000
739.000000
1064.000000
322.000000
4939.000000
470.000000
780.000000
1009.000000
1309.000000
554.000000
974.000000
751.000000
231.000000
372.000000
975.000000
184.000000
667.000000
457.000000
268.000000
499.000000
1544.000000
317.000000
1266.000000
700.000000
270.000000
