326.000000
90.000000
2861.000000
1674.000000
362.000000
188.000000
88.000000
65.000000
95.000000
362.000000
1102.000000
1773.000000
2449.000000
2183.000000
286.000000
117.000000
1335.000000
244.000000
2740.000000
276.000000
143.000000
448.000000
1166.000000
1898.000000
157.000000
127.000000
939.000000
1067.000000
918.000000
791.000000
1649.000000
1235.000000
1026.000000
751.000000
204.000000
2969.000000
2409.000000
288.000000
284.000000
241.000000
277.000000
3462.000000
70.000000
691.000000
139.000000
416.000000
836.000000
1556.000000
540.000000
244.000000
303.000000
146.000000
1907.000000
163.000000
31.000000
442.000000
1253.000000
294.000000
708.000000
446.000000
356.000000
2845.000000
507.000000
621.000000
870.000000
129.000000
875.000000
2115.000000
837.000000
512.000000
802.000000
936.000000
233.000000
955.000000
299.000000
711.000000
74.000000
503.000000
2337.000000
1878.000000
476.000000
83.000000
1021.000000
287.000000
266.000000
81.000000
54.000000
129.000000
57.000000
997.000000
388.000000
120.000000
111.000000
1063.000000
977.000000
592.000000
859.000000
786.000000
102.000000
205.000000
457.000000
136.000000
29.000000
417.000000
1807.000000
628.000000
236.000000
3494.000000
287.000000
208.000000
194.000000
379.000000
467.000000
823.000000
488.000000
985.000000
917.000000
75.000000
931.000000
2969.000000
515.000000
895.000000
111.000000
65.000000
199.000000
340.000000
94.000000
397.000000
725.000000
1355.000000
304.000000
389.000000
1805.000000
24.000000
316.000000
59.000000
232.000000
75.000000
162.000000
802.000000
84.000000
153.000000
375.000000
689.000000
93.000000
200.000000
571.000000
777.000000
660.000000
172.000000
213.000000
973.000000
871.000000
330.000000
1220.000000
304.000000
2291.000000
611.000000
211.000000
628.000000
573.000000
351.000000
377.000000
135.000000
1285.000000
1416.000000
1148.000000
171.000000
2174.000000
186.000000
434.000000
1445.000000
1669.000000
758.000000
294.000000
128.000000
117.000000
114.000000
1248.000000
206.000000
1378.000000
140.000000
453.000000
1053.000000
264.000000
190.000000
252.000000
1014.000000
3717.000000
157.000000
271.000000
387.000000
462.000000
142.000000
259.000000
975.000000
824.000000
166.000000
959.000000
336.000000
615.000000
445.000000
69.000000
660.000000
1277.000000
870.000000
136.000000
229.000000
1068.000000
505.000000
166.000000
63.000000
479.000000
424.000000
402.000000
1115.000000
315.000000
174.000000
1302.000000
1502.000000
268.000000
479.000000
564.000000
821.000000
244.000000
2931.000000
150.000000
103.000000
64.000000
760.000000
506.000000
121.000000
1008.000000
41.000000
1563.000000
1237.000000
550.000000
124.000000
109.000000
532.000000
119.000000
1011.000000
749.000000
602.000000
669.000000
449.000000
379.000000
771.000000
141.000000
101.000000
1073.000000
380.000000
328.000000
1368.000000
58.000000
215.000000
194.000000
384.000000
510.000000
668.000000
486.000000
128.000000
215.000000
1190.000000
1563.000000
86.000000
490.000000
581.000000
145.000000
1727.000000
425.000000
2088.000000
476.000000
258.000000
99.000000
139.000000
132.000000
837.000000
554.000000
651.000000
685.000000
163.000000
43.000000
384.000000
375.000000
129.000000
172.000000
670.000000
572.000000
166.000000
102.000000
248.000000
2524.000000
923.000000
279.000000
141.000000
737.000000
455.000000
17.000000
728.000000
1090.000000
1989.000000
75.000000
885.000000
272.000000
355.000000
1309.000000
1181.000000
690.000000
1336.000000
853.000000
326.000000
1300.000000
414.000000
704.000000
44.000000
567.000000
825.000000
319.000000
186.000000
324.000000
996.000000
320.000000
273.000000
1005.000000
74.000000
320.000000
848.000000
639.000000
424.000000
732.000000
156.000000
1128.000000
562.000000
160.000000
745.000000
365.000000
1144.000000
575.000000
195.000000
273.000000
302.000000
216.000000
117.000000
282.000000
45.000000
442.000000
343.000000
136.000000
1340.000000
1158.000000
410.000000
704.000000
1978.000000
609.000000
511.000000
852.000000
223.000000
383.000000
658.000000
382.000000
124.000000
1575.000000
441.000000
855.000000
428.000000
267.000000
596.000000
499.000000
1439.000000
1493.000000
218.000000
2432.000000
323.000000
443.000000
466.000000
685.000000
761.000000
608.000000
735.000000
147.000000
636.000000
118.000000
206.000000
793.000000
263.000000
142.000000
567.000000
202.000000
221.000000
121.000000
152.000000
134.000000
205.000000
309.000000
609.000000
119.000000
156.000000
772.000000
679.000000
219.000000
75.000000
476.000000
1015.000000
655.000000
96.000000
404.000000
437.000000
555.000000
116.000000
319.000000
249.000000
332.000000
7689.000000
1713.000000
1543.000000
81.000000
846.000000
287.000000
783.000000
107.000000
2425.000000
1872.000000
3409.000000
558.000000
278.000000
184.000000
1094.000000
1229.000000
57.000000
745.000000
1415.000000
975.000000
430.000000
1827.000000
69.000000
55.000000
945.000000
116.000000
247.000000
2137.000000
450.000000
1679.000000
496.000000
213.000000
261.000000
2091.000000
160.000000
767.000000
746.000000
9163.000000
194.000000
351.000000
3071.000000
755.000000
424.000000
1645.000000
328.000000
616.000000
50.000000
1342.000000
220.000000
45.000000
601.000000
174.000000
90.000000
131.000000
725.000000
528.000000
244.000000
3190.000000
1407.000000
547.000000
254.000000
682.000000
741.000000
21021.000000
1406.000000
180.000000
1602.000000
151.000000
257.000000
1755.000000
1003.000000
363.000000
351.000000
2030.000000
4159.000000
609.000000
1306.000000
83.000000
519.000000
449.000000
364.000000
188.000000
1537.000000
445.000000
678.000000
1005.000000
116.000000
469.000000
824.000000
130.000000
416.000000
1741.000000
739.000000
450.000000
482.000000
746.000000
2218.000000
505.000000
225.000000
29.000000
404.000000
86.000000
855.000000
396.000000
413.000000
525.000000
785.000000
147.000000
91.000000
1672.000000
152.000000
245.000000
131.000000
367.000000
119.000000
509.000000
73.000000
257.000000
704.000000
2533.000000
3129.000000
538.000000
61.000000
5995.000000
703.000000
326.000000
1587.000000
134.000000
198.000000
109.000000
5271.000000
379.000000
110.000000
50.000000
303.000000
948.000000
1410.000000
57.000000
1146.000000
418.000000
149.000000
428.000000
961.000000
227.000000
1325.000000
122.000000
1360.000000
503.000000
114.000000
1454.000000
2062.000000
98.000000
256.000000
1076.000000
52.000000
62.000000
442.000000
857.000000
188.000000
216.000000
99.000000
681.000000
496.000000
177.000000
1252.000000
382.000000
1816.000000
1478.000000
270.000000
570.000000
137.000000
305.000000
1816.000000
359.000000
126.000000
1085.000000
344.000000
3035.000000
111.000000
511.000000
1774.000000
456.000000
291.000000
686.000000
724.000000
1787.000000
641.000000
1289.000000
561.000000
17.000000
555.000000
146.000000
637.000000
132.000000
512.000000
559.000000
148.000000
175.000000
911.000000
269.000000
188.000000
406.000000
1483.000000
604.000000
337.000000
4816.000000
449.000000
428.000000
39.000000
203.000000
578.000000
698.000000
83.000000
68.000000
111.000000
525.000000
465.000000
383.000000
4932.000000
186.000000
1002.000000
290.000000
438.000000
276.000000
222.000000
602.000000
1632.000000
581.000000
253.000000
1209.000000
168.000000
477.000000
582.000000
39.000000
1297.000000
268.000000
156.000000
353.000000
119.000000
302.000000
950.000000
89.000000
1342.000000
130.000000
840.000000
237.000000
236.000000
870.000000
481.000000
428.000000
1655.000000
67.000000
151.000000
876.000000
523.000000
669.000000
540.000000
950.000000
2008.000000
207.000000
311.000000
240.000000
354.000000
212.000000
1151.000000
330.000000
1222.000000
92.000000
903.000000
134.000000
72.000000
320.000000
483.000000
224.000000
735.000000
379.000000
1057.000000
78.000000
77.000000
825.000000
299.000000
259.000000
68.000000
862.000000
101.000000
441.000000
454.000000
1359.000000
300.000000
343.000000
2585.000000
1077.000000
482.000000
1031.000000
1101.000000
95.000000
383.000000
471.000000
954.000000
634.000000
932.000000
1024.000000
642.000000
2748.000000
94.000000
276.000000
168.000000
1030.000000
90.000000
1867.000000
144.000000
970.000000
2183.000000
563.000000
2315.000000
2633.000000
662.000000
593.000000
324.000000
500.000000
1959.000000
207.000000
669.000000
304.000000
425.000000
192.000000
186.000000
1103.000000
1364.000000
205.000000
139.000000
103.000000
182.000000
1853.000000
946.000000
602.000000
202.000000
1860.000000
280.000000
219.000000
395.000000
1573.000000
415.000000
72.000000
93.000000
767.000000
435.000000
242.000000
1091.000000
1049.000000
642.000000
188.000000
222.000000
551.000000
2567.000000
365.000000
298.000000
645.000000
623.000000
431.000000
2843.000000
180.000000
91.000000
193.000000
390.000000
769.000000
964.000000
595.000000
420.000000
123.000000
694.000000
1074.000000
388.000000
1730.000000
310.000000
111.000000
1103.000000
4465.000000
290.000000
360.000000
640.000000
344.000000
166.000000
568.000000
458.000000
1602.000000
82.000000
212.000000
209.000000
106.000000
266.000000
469.000000
699.000000
395.000000
331.000000
112.000000
565.000000
1675.000000
933.000000
101.000000
302.000000
1113.000000
187.000000
405.000000
254.000000
351.000000
303.000000
398.000000
861.000000
340.000000
284.000000
886.000000
1188.000000
3049.000000
340.000000
377.000000
1307.000000
264.000000
626.000000
499.000000
219.000000
459.000000
2086.000000
318.000000
206.000000
3099.000000
299.000000
81.000000
413.000000
239.000000
42.000000
112.000000
118.000000
125.000000
529.000000
191.000000
249.000000
2498.000000
188.000000
1816.000000
2222.000000
2385.000000
79.000000
40.000000
165.000000
155.000000
431.000000
358.000000
138.000000
1621.000000
374.000000
1028.000000
410.000000
129.000000
333.000000
696.000000
367.000000
1002.000000
804.000000
201.000000
1044.000000
2743.000000
104.000000
475.000000
833.000000
330.000000
196.000000
945.000000
1117.000000
586.000000
93.000000
5305.000000
145.000000
94.000000
1153.000000
886.000000
305.000000
127.000000
443.000000
81.000000
258.000000
46.000000
366.000000
266.000000
1819.000000
164.000000
174.000000
963.000000
287.000000
843.000000
2218.000000
136.000000
335.000000
174.000000
1060.000000
1548.000000
290.000000
315.000000
412.000000
241.000000
209.000000
265.000000
1455.000000
1487.000000
477.000000
516.000000
453.000000
374.000000
203.000000
736.000000
242.000000
706.000000
1655.000000
241.000000
284.000000
161.000000
461.000000
639.000000
377.000000
204.000000
325.000000
82.000000
252.000000
144.000000
154.000000
192.000000
262.000000
76.000000
558.000000
325.000000
1669.000000
59.000000
702.000000
94.000000
346.000000
134.000000
729.000000
310.000000
223.000000
1109.000000
332.000000
1050.000000
355.000000
1809.000000
224.000000
144.000000
135.000000
2250.000000
106.000000
559.000000
258.000000
1053.000000
634.000000
197.000000
4770.000000
214.000000
153.000000
370.000000
1520.000000
1176.000000
257.000000
508.000000
739.000000
72.000000
376.000000
472.000000
88.000000
354.000000
488.000000
92.000000
1475.000000
67.000000
793.000000
1816.000000
140.000000
1620.000000
163.000000
2253.000000
65.000000
41.000000
31.000000
843.000000
437.000000
975.000000
124.000000
2364.000000
484.000000
