416.000000
605.000000
135.000000
75.000000
889.000000
272.000000
645.000000
556.000000
288.000000
130.000000
171.000000
295.000000
1193.000000
421.000000
171.000000
622.000000
475.000000
206.000000
603.000000
1435.000000
6155.000000
745.000000
341.000000
660.000000
496.000000
99.000000
171.000000
1420.000000
858.000000
402.000000
717.000000
225.000000
989.000000
538.000000
416.000000
148.000000
215.000000
264.000000
562.000000
468.000000
1025.000000
520.000000
166.000000
405.000000
1072.000000
335.000000
328.000000
486.000000
897.000000
929.000000
438.000000
1329.000000
283.000000
470.000000
242.000000
654.000000
115.000000
123.000000
379.000000
1017.000000
646.000000
218.000000
1071.000000
1152.000000
479.000000
233.000000
418.000000
267.000000
101.000000
112.000000
350.000000
944.000000
1185.000000
2219.000000
267.000000
168.000000
523.000000
71.000000
1027.000000
624.000000
362.000000
182.000000
460.000000
46.000000
635.000000
410.000000
611.000000
297.000000
546.000000
152.000000
516.000000
208.000000
296.000000
168.000000
1331.000000
2780.000000
590.000000
449.000000
278.000000
178.000000
85.000000
976.000000
394.000000
611.000000
297.000000
355.000000
1212.000000
88.000000
84.000000
160.000000
399.000000
146.000000
3407.000000
474.000000
2156.000000
269.000000
2760.000000
173.000000
564.000000
267.000000
256.000000
153.000000
394.000000
428.000000
320.000000
102.000000
891.000000
1125.000000
935.000000
297.000000
348.000000
672.000000
302.000000
1933.000000
524.000000
369.000000
2572.000000
646.000000
681.000000
1074.000000
131.000000
1890.000000
170.000000
1246.000000
775.000000
450.000000
1101.000000
1226.000000
429.000000
1545.000000
652.000000
336.000000
133.000000
132.000000
231.000000
768.000000
441.000000
253.000000
131.000000
499.000000
418.000000
127.000000
146.000000
216.000000
304.000000
1778.000000
754.000000
296.000000
161.000000
711.000000
439.000000
93.000000
267.000000
2917.000000
251.000000
164.000000
20.000000
239.000000
121.000000
134.000000
164.000000
264.000000
779.000000
293.000000
263.000000
14.000000
168.000000
350.000000
178.000000
409.000000
247.000000
1929.000000
713.000000
4841.000000
100.000000
46.000000
569.000000
441.000000
1041.000000
298.000000
381.000000
216.000000
602.000000
553.000000
250.000000
183.000000
85.000000
281.000000
306.000000
470.000000
832.000000
1929.000000
321.000000
272.000000
128.000000
638.000000
246.000000
109.000000
227.000000
267.000000
624.000000
267.000000
64.000000
515.000000
59.000000
1698.000000
179.000000
575.000000
8417.000000
749.000000
321.000000
799.000000
126.000000
111.000000
158.000000
460.000000
311.000000
1136.000000
379.000000
135.000000
1165.000000
417.000000
376.000000
72.000000
1942.000000
654.000000
524.000000
348.000000
164.000000
695.000000
142.000000
58.000000
170.000000
407.000000
416.000000
330.000000
76.000000
935.000000
144.000000
261.000000
679.000000
789.000000
602.000000
72.000000
203.000000
261.000000
234.000000
622.000000
747.000000
759.000000
926.000000
347.000000
226.000000
654.000000
109.000000
1557.000000
109.000000
327.000000
324.000000
280.000000
1370.000000
189.000000
232.000000
293.000000
113.000000
275.000000
208.000000
154.000000
278.000000
1318.000000
243.000000
143.000000
122.000000
191.000000
1169.000000
169.000000
403.000000
334.000000
247.000000
132.000000
1121.000000
217.000000
411.000000
123.000000
96.000000
1391.000000
261.000000
286.000000
627.000000
208.000000
213.000000
451.000000
219.000000
331.000000
923.000000
276.000000
481.000000
480.000000
114.000000
198.000000
145.000000
394.000000
242.000000
312.000000
543.000000
517.000000
213.000000
292.000000
230.000000
955.000000
526.000000
251.000000
138.000000
2093.000000
642.000000
1108.000000
334.000000
384.000000
911.000000
1273.000000
833.000000
38.000000
137.000000
962.000000
481.000000
742.000000
215.000000
43.000000
519.000000
298.000000
113.000000
275.000000
288.000000
107.000000
237.000000
730.000000
130.000000
363.000000
554.000000
856.000000
288.000000
717.000000
309.000000
1295.000000
1457.000000
84.000000
405.000000
118.000000
13325.000000
1284.000000
601.000000
113.000000
341.000000
200.000000
81.000000
855.000000
269.000000
311.000000
472.000000
154.000000
413.000000
133.000000
387.000000
1001.000000
207.000000
269.000000
156.000000
845.000000
493.000000
129.000000
528.000000
192.000000
2257.000000
282.000000
153.000000
327.000000
245.000000
564.000000
1699.000000
180.000000
1199.000000
100.000000
94.000000
630.000000
303.000000
146.000000
1116.000000
934.000000
145.000000
109.000000
248.000000
1048.000000
204.000000
256.000000
1486.000000
1252.000000
508.000000
520.000000
590.000000
77.000000
167.000000
374.000000
192.000000
957.000000
399.000000
555.000000
1658.000000
349.000000
442.000000
104.000000
190.000000
466.000000
672.000000
187.000000
889.000000
327.000000
97.000000
221.000000
337.000000
549.000000
117.000000
3489.000000
333.000000
1041.000000
231.000000
429.000000
119.000000
565.000000
2806.000000
191.000000
471.000000
847.000000
1019.000000
1124.000000
301.000000
1920.000000
2667.000000
271.000000
268.000000
984.000000
142.000000
118.000000
665.000000
758.000000
1214.000000
1305.000000
519.000000
151.000000
353.000000
1061.000000
1902.000000
436.000000
172.000000
438.000000
445.000000
159.000000
51.000000
386.000000
272.000000
123.000000
715.000000
690.000000
297.000000
573.000000
1631.000000
1241.000000
127.000000
31.000000
487.000000
1359.000000
550.000000
313.000000
30.000000
187.000000
1074.000000
461.000000
141.000000
374.000000
790.000000
548.000000
144.000000
426.000000
423.000000
324.000000
5405.000000
149.000000
1007.000000
85.000000
755.000000
206.000000
412.000000
965.000000
408.000000
480.000000
563.000000
387.000000
127.000000
1823.000000
147.000000
380.000000
242.000000
278.000000
474.000000
75.000000
70.000000
429.000000
726.000000
389.000000
1175.000000
414.000000
1123.000000
1812.000000
567.000000
445.000000
421.000000
750.000000
612.000000
540.000000
239.000000
125.000000
703.000000
291.000000
190.000000
143.000000
83.000000
254.000000
3170.000000
509.000000
240.000000
1298.000000
468.000000
2252.000000
136.000000
1123.000000
3287.000000
215.000000
437.000000
1611.000000
109.000000
133.000000
502.000000
560.000000
230.000000
1380.000000
860.000000
416.000000
1303.000000
1082.000000
491.000000
1429.000000
459.000000
1030.000000
206.000000
1319.000000
306.000000
133.000000
1506.000000
220.000000
517.000000
288.000000
588.000000
713.000000
192.000000
534.000000
1294.000000
663.000000
313.000000
758.000000
639.000000
1246.000000
972.000000
525.000000
166.000000
170.000000
261.000000
897.000000
1195.000000
805.000000
555.000000
311.000000
291.000000
338.000000
729.000000
257.000000
33.000000
362.000000
226.000000
111.000000
61.000000
103.000000
686.000000
366.000000
86.000000
480.000000
96.000000
469.000000
822.000000
915.000000
953.000000
219.000000
185.000000
721.000000
196.000000
211.000000
792.000000
94.000000
184.000000
1143.000000
246.000000
335.000000
1080.000000
192.000000
244.000000
1190.000000
345.000000
283.000000
215.000000
177.000000
1799.000000
456.000000
203.000000
862.000000
1280.000000
2723.000000
1744.000000
947.000000
333.000000
1560.000000
914.000000
771.000000
563.000000
1022.000000
469.000000
92.000000
250.000000
457.000000
248.000000
667.000000
1296.000000
305.000000
533.000000
173.000000
602.000000
95.000000
697.000000
287.000000
1047.000000
644.000000
386.000000
218.000000
398.000000
147.000000
737.000000
884.000000
4714.000000
106.000000
253.000000
386.000000
307.000000
197.000000
122.000000
337.000000
1110.000000
678.000000
289.000000
1203.000000
514.000000
40.000000
597.000000
197.000000
554.000000
532.000000
502.000000
183.000000
647.000000
579.000000
425.000000
2059.000000
353.000000
146.000000
743.000000
365.000000
369.000000
209.000000
254.000000
253.000000
220.000000
671.000000
474.000000
160.000000
525.000000
3294.000000
182.000000
229.000000
3337.000000
214.000000
175.000000
1526.000000
312.000000
85.000000
281.000000
399.000000
1550.000000
2061.000000
219.000000
1037.000000
1036.000000
169.000000
1737.000000
170.000000
212.000000
511.000000
1098.000000
252.000000
1053.000000
103.000000
949.000000
1276.000000
3516.000000
613.000000
2424.000000
136.000000
1491.000000
549.000000
1538.000000
2309.000000
777.000000
293.000000
111.000000
237.000000
340.000000
199.000000
248.000000
191.000000
140.000000
985.000000
645.000000
111.000000
2725.000000
87.000000
354.000000
1523.000000
630.000000
1330.000000
479.000000
942.000000
270.000000
242.000000
2875.000000
117.000000
140.000000
753.000000
1255.000000
347.000000
482.000000
1209.000000
140.000000
138.000000
183.000000
173.000000
122.000000
238.000000
1600.000000
1637.000000
213.000000
256.000000
377.000000
470.000000
160.000000
697.000000
656.000000
723.000000
973.000000
1806.000000
228.000000
574.000000
60.000000
536.000000
789.000000
2090.000000
851.000000
595.000000
463.000000
326.000000
488.000000
356.000000
734.000000
548.000000
1396.000000
2337.000000
1322.000000
574.000000
544.000000
251.000000
131.000000
408.000000
1725.000000
708.000000
90.000000
776.000000
348.000000
273.000000
216.000000
113.000000
86.000000
65.000000
221.000000
150.000000
1032.000000
275.000000
1804.000000
1124.000000
255.000000
551.000000
656.000000
226.000000
395.000000
440.000000
2350.000000
215.000000
569.000000
103.000000
167.000000
29.000000
234.000000
536.000000
224.000000
161.000000
1814.000000
816.000000
195.000000
525.000000
56.000000
784.000000
142.000000
1262.000000
530.000000
213.000000
1046.000000
136.000000
282.000000
716.000000
1412.000000
492.000000
673.000000
47.000000
290.000000
415.000000
101.000000
38.000000
197.000000
92.000000
231.000000
715.000000
416.000000
319.000000
338.000000
44.000000
340.000000
107.000000
76.000000
1812.000000
633.000000
620.000000
98.000000
127.000000
91.000000
444.000000
313.000000
1777.000000
1294.000000
212.000000
362.000000
604.000000
221.000000
1172.000000
1743.000000
381.000000
439.000000
600.000000
532.000000
119.000000
1232.000000
172.000000
1000.000000
1291.000000
327.000000
259.000000
132.000000
141.000000
244.000000
2877.000000
1202.000000
231.000000
2084.000000
268.000000
217.000000
515.000000
412.000000
333.000000
468.000000
188.000000
400.000000
1285.000000
819.000000
1033.000000
1064.000000
1795.000000
359.000000
352.000000
1251.000000
120.000000
727.000000
529.000000
212.000000
49.000000
51.000000
740.000000
284.000000
649.000000
81.000000
1046.000000
804.000000
83.000000
37.000000
1098.000000
273.000000
577.000000
325.000000
680.000000
148.000000
705.000000
1571.000000
433.000000
903.000000
5847.000000
55.000000
245.000000
349.000000
954.000000
1468.000000
133.000000
745.000000
404.000000
496.000000
1232.000000
477.000000
271.000000
349.000000
2706.000000
835.000000
340.000000
106.000000
227.000000
464.000000
155.000000
235.000000
217.000000
454.000000
110.000000
1113.000000
275.000000
410.000000
745.000000
235.000000
230.000000
143.000000
1196.000000
325.000000
539.000000
957.000000
5376.000000
252.000000
1346.000000
244.000000
169.000000
254.000000
1960.000000
1293.000000
330.000000
