207.000000
1468.000000
776.000000
1508.000000
524.000000
286.000000
2499.000000
244.000000
1674.000000
169.000000
1059.000000
56.000000
1329.000000
600.000000
112.000000
255.000000
836.000000
240.000000
706.000000
56.000000
899.000000
694.000000
1413.000000
296.000000
487.000000
750.000000
826.000000
197.000000
675.000000
188.000000
418.000000
991.000000
1247.000000
173.000000
61.000000
167.000000
474.000000
261.000000
645.000000
1222.000000
291.000000
278.000000
1619.000000
68.000000
103.000000
301.000000
42.000000
360.000000
116.000000
1487.000000
398.000000
304.000000
506.000000
64.000000
194.000000
137.000000
395.000000
285.000000
881.000000
219.000000
200.000000
248.000000
204.000000
573.000000
496.000000
188.000000
222.000000
76.000000
108.000000
974.000000
91.000000
913.000000
195.000000
656.000000
293.000000
882.000000
502.000000
169.000000
229.000000
2528.000000
85.000000
539.000000
127.000000
1328.000000
274.000000
2329.000000
1373.000000
461.000000
762.000000
6265.000000
134.000000
697.000000
215.000000
300.000000
688.000000
1710.000000
482.000000
214.000000
221.000000
4519.000000
978.000000
954.000000
534.000000
356.000000
812.000000
243.000000
182.000000
228.000000
430.000000
1138.000000
237.000000
294.000000
1155.000000
230.000000
233.000000
147.000000
486.000000
197.000000
130.000000
325.000000
403.000000
325.000000
438.000000
532.000000
412.000000
63.000000
182.000000
342.000000
221.000000
1116.000000
1209.000000
632.000000
1793.000000
59.000000
161.000000
334.000000
314.000000
884.000000
1344.000000
100.000000
102.000000
145.000000
249.000000
242.000000
1782.000000
1231.000000
243.000000
409.000000
384.000000
131.000000
123.000000
113.000000
909.000000
35.000000
245.000000
230.000000
117.000000
3236.000000
2552.000000
2046.000000
173.000000
265.000000
1139.000000
353.000000
835.000000
285.000000
1326.000000
218.000000
1028.000000
176.000000
219.000000
862.000000
826.000000
110.000000
198.000000
159.000000
97.000000
204.000000
427.000000
376.000000
206.000000
135.000000
683.000000
103.000000
649.000000
130.000000
139.000000
546.000000
290.000000
1184.000000
224.000000
609.000000
377.000000
289.000000
497.000000
716.000000
499.000000
230.000000
440.000000
219.000000
280.000000
63.000000
757.000000
201.000000
570.000000
136.000000
154.000000
186.000000
268.000000
240.000000
818.000000
418.000000
1380.000000
626.000000
168.000000
262.000000
372.000000
451.000000
237.000000
288.000000
410.000000
1563.000000
1627.000000
266.000000
927.000000
382.000000
260.000000
518.000000
214.000000
201.000000
979.000000
458.000000
96.000000
216.000000
5017.000000
451.000000
608.000000
81.000000
217.000000
506.000000
209.000000
5631.000000
242.000000
239.000000
199.000000
45.000000
1242.000000
93.000000
74.000000
398.000000
61.000000
643.000000
332.000000
964.000000
250.000000
584.000000
441.000000
889.000000
802.000000
6264.000000
7267.000000
599.000000
27.000000
72.000000
459.000000
338.000000
457.000000
325.000000
200.000000
690.000000
305.000000
896.000000
2200.000000
392.000000
769.000000
362.000000
82.000000
1310.000000
77.000000
420.000000
1702.000000
633.000000
52.000000
388.000000
1162.000000
253.000000
499.000000
1173.000000
334.000000
153.000000
282.000000
187.000000
272.000000
360.000000
170.000000
341.000000
309.000000
72.000000
323.000000
623.000000
246.000000
434.000000
126.000000
404.000000
1001.000000
172.000000
816.000000
111.000000
604.000000
344.000000
49.000000
382.000000
342.000000
680.000000
146.000000
311.000000
88.000000
150.000000
134.000000
141.000000
469.000000
501.000000
61.000000
505.000000
79.000000
690.000000
299.000000
254.000000
105.000000
735.000000
661.000000
352.000000
550.000000
367.000000
895.000000
285.000000
1374.000000
142.000000
779.000000
586.000000
108.000000
1835.000000
162.000000
226.000000
939.000000
442.000000
1241.000000
289.000000
1692.000000
307.000000
292.000000
326.000000
92.000000
1240.000000
444.000000
987.000000
1566.000000
284.000000
219.000000
442.000000
1207.000000
396.000000
1991.000000
358.000000
536.000000
632.000000
655.000000
703.000000
1697.000000
1101.000000
361.000000
130.000000
746.000000
2114.000000
223.000000
816.000000
1066.000000
669.000000
373.000000
1016.000000
406.000000
28.000000
330.000000
2462.000000
227.000000
358.000000
395.000000
342.000000
3408.000000
1893.000000
816.000000
397.000000
329.000000
360.000000
1593.000000
379.000000
226.000000
1419.000000
883.000000
194.000000
310.000000
291.000000
1067.000000
542.000000
722.000000
217.000000
622.000000
552.000000
187.000000
722.000000
269.000000
303.000000
334.000000
271.000000
565.000000
437.000000
1639.000000
243.000000
369.000000
169.000000
550.000000
359.000000
2848.000000
935.000000
1101.000000
168.000000
408.000000
262.000000
199.000000
198.000000
360.000000
742.000000
268.000000
655.000000
78.000000
503.000000
876.000000
533.000000
274.000000
89.000000
736.000000
189.000000
83.000000
564.000000
1538.000000
249.000000
753.000000
851.000000
244.000000
71.000000
217.000000
2217.000000
138.000000
1198.000000
668.000000
761.000000
1486.000000
348.000000
113.000000
146.000000
320.000000
168.000000
672.000000
207.000000
485.000000
280.000000
361.000000
189.000000
568.000000
248.000000
410.000000
1882.000000
415.000000
348.000000
197.000000
987.000000
173.000000
46.000000
796.000000
516.000000
67.000000
45.000000
97.000000
606.000000
2556.000000
391.000000
1162.000000
708.000000
112.000000
1844.000000
38.000000
104.000000
92.000000
1865.000000
4416.000000
355.000000
113.000000
268.000000
113.000000
186.000000
96.000000
251.000000
658.000000
712.000000
57.000000
209.000000
144.000000
227.000000
421.000000
170.000000
266.000000
133.000000
39.000000
267.000000
1138.000000
489.000000
187.000000
797.000000
439.000000
442.000000
1314.000000
346.000000
36.000000
601.000000
827.000000
2590.000000
423.000000
763.000000
1035.000000
2512.000000
1030.000000
562.000000
379.000000
1433.000000
145.000000
97.000000
340.000000
4111.000000
291.000000
4270.000000
2648.000000
45.000000
361.000000
757.000000
122.000000
812.000000
706.000000
285.000000
364.000000
203.000000
281.000000
296.000000
58.000000
362.000000
76.000000
445.000000
197.000000
82.000000
405.000000
28.000000
47.000000
940.000000
371.000000
180.000000
383.000000
72.000000
283.000000
1439.000000
194.000000
100.000000
1659.000000
410.000000
73.000000
745.000000
386.000000
79.000000
120.000000
898.000000
4461.000000
431.000000
990.000000
130.000000
682.000000
146.000000
266.000000
1184.000000
1306.000000
307.000000
1785.000000
536.000000
469.000000
167.000000
1502.000000
497.000000
75.000000
426.000000
110.000000
580.000000
474.000000
765.000000
583.000000
1268.000000
2457.000000
407.000000
182.000000
149.000000
496.000000
1190.000000
880.000000
107.000000
1109.000000
91.000000
543.000000
353.000000
733.000000
296.000000
1117.000000
246.000000
994.000000
1136.000000
1141.000000
164.000000
122.000000
392.000000
379.000000
528.000000
235.000000
356.000000
507.000000
48.000000
195.000000
963.000000
496.000000
442.000000
550.000000
248.000000
367.000000
872.000000
490.000000
1490.000000
1196.000000
53.000000
338.000000
1626.000000
171.000000
540.000000
1649.000000
2561.000000
774.000000
554.000000
230.000000
379.000000
2938.000000
160.000000
453.000000
166.000000
101.000000
423.000000
756.000000
303.000000
612.000000
122.000000
596.000000
336.000000
306.000000
2075.000000
476.000000
578.000000
777.000000
37.000000
509.000000
784.000000
1294.000000
320.000000
66.000000
268.000000
57.000000
345.000000
3172.000000
94.000000
229.000000
320.000000
618.000000
1481.000000
148.000000
1257.000000
692.000000
143.000000
618.000000
310.000000
201.000000
367.000000
668.000000
67.000000
1363.000000
171.000000
610.000000
197.000000
213.000000
249.000000
539.000000
1583.000000
63.000000
695.000000
1505.000000
89.000000
1037.000000
363.000000
169.000000
93.000000
467.000000
115.000000
461.000000
755.000000
154.000000
115.000000
551.000000
204.000000
55.000000
396.000000
1001.000000
153.000000
474.000000
578.000000
321.000000
2724.000000
428.000000
200.000000
326.000000
740.000000
1400.000000
402.000000
892.000000
2175.000000
1306.000000
391.000000
483.000000
69.000000
462.000000
139.000000
144.000000
276.000000
366.000000
240.000000
636.000000
269.000000
239.000000
21.000000
1336.000000
473.000000
1313.000000
352.000000
132.000000
278.000000
1613.000000
1106.000000
98.000000
1078.000000
558.000000
223.000000
371.000000
916.000000
995.000000
114.000000
1494.000000
554.000000
554.000000
1379.000000
427.000000
669.000000
437.000000
464.000000
152.000000
233.000000
286.000000
682.000000
2547.000000
190.000000
125.000000
685.000000
953.000000
31.000000
1040.000000
1043.000000
574.000000
231.000000
65.000000
213.000000
1684.000000
203.000000
318.000000
506.000000
1418.000000
1126.000000
321.000000
224.000000
446.000000
963.000000
293.000000
586.000000
69.000000
225.000000
429.000000
729.000000
292.000000
118.000000
467.000000
2180.000000
301.000000
281.000000
713.000000
42.000000
124.000000
56.000000
753.000000
1073.000000
1339.000000
237.000000
562.000000
1145.000000
841.000000
3951.000000
394.000000
2067.000000
2158.000000
263.000000
166.000000
507.000000
146.000000
348.000000
750.000000
186.000000
2024.000000
985.000000
325.000000
507.000000
262.000000
1004.000000
259.000000
220.000000
2715.000000
1671.000000
423.000000
239.000000
158.000000
251.000000
207.000000
397.000000
497.000000
255.000000
308.000000
1663.000000
718.000000
264.000000
50.000000
186.000000
310.000000
247.000000
1344.000000
75.000000
284.000000
97.000000
232.000000
320.000000
335.000000
338.000000
141.000000
744.000000
7915.000000
229.000000
324.000000
509.000000
1273.000000
702.000000
430.000000
601.000000
649.000000
1742.000000
368.000000
579.000000
73.000000
1523.000000
591.000000
785.000000
858.000000
1093.000000
210.000000
192.000000
1207.000000
264.000000
284.000000
633.000000
499.000000
1870.000000
642.000000
390.000000
140.000000
292.000000
1407.000000
246.000000
257.000000
97.000000
177.000000
382.000000
138.000000
165.000000
746.000000
882.000000
310.000000
296.000000
724.000000
947.000000
657.000000
967.000000
535.000000
667.000000
254.000000
127.000000
108.000000
463.000000
902.000000
607.000000
228.000000
316.000000
1301.000000
564.000000
799.000000
491.000000
237.000000
179.000000
231.000000
273.000000
614.000000
557.000000
1720.000000
225.000000
487.000000
681.000000
707.000000
602.000000
644.000000
8292.000000
208.000000
174.000000
91.000000
260.000000
1364.000000
326.000000
60.000000
75.000000
2639.000000
288.000000
414.000000
106.000000
1216.000000
145.000000
558.000000
806.000000
68.000000
279.000000
426.000000
425.000000
630.000000
933.000000
24.000000
176.000000
522.000000
984.000000
273.000000
548.000000
393.000000
460.000000
365.000000
956.000000
2686.000000
3202.000000
223.000000
593.000000
78.000000
90.000000
207.000000
263.000000
1895.000000
1584.000000
648.000000
243.000000
204.000000
101.000000
214.000000
1400.000000
124.000000
225.000000
2359.000000
1951.000000
103.000000
249.000000
1142.000000
309.000000
603.000000
3662.000000
