681.000000
114.000000
182.000000
469.000000
174.000000
258.000000
241.000000
1013.000000
209.000000
506.000000
149.000000
80.000000
1135.000000
379.000000
1056.000000
331.000000
742.000000
205.000000
1460.000000
631.000000
52.000000
171.000000
665.000000
247.000000
166.000000
147.000000
419.000000
282.000000
192.000000
274.000000
1124.000000
257.000000
53.000000
202.000000
771.000000
1268.000000
506.000000
183.000000
963.000000
501.000000
1575.000000
86.000000
268.000000
26.000000
199.000000
539.000000
178.000000
935.000000
1994.000000
517.000000
146.000000
239.000000
279.000000
363.000000
161.000000
93.000000
380.000000
250.000000
1355.000000
1732.000000
234.000000
2640.000000
284.000000
446.000000
610.000000
515.000000
177.000000
1262.000000
245.000000
363.000000
3246.000000
220.000000
311.000000
2898.000000
237.000000
258.000000
455.000000
55.000000
104.000000
510.000000
61.000000
3286.000000
1991.000000
319.000000
489.000000
322.000000
868.000000
1531.000000
372.000000
261.000000
88.000000
251.000000
1076.000000
3458.000000
290.000000
941.000000
314.000000
641.000000
89.000000
696.000000
11.000000
262.000000
4060.000000
1528.000000
362.000000
212.000000
899.000000
279.000000
127.000000
153.000000
252.000000
301.000000
1113.000000
485.000000
729.000000
273.000000
169.000000
370.000000
194.000000
449.000000
168.000000
134.000000
196.000000
504.000000
431.000000
68.000000
135.000000
223.000000
749.000000
283.000000
187.000000
1026.000000
860.000000
196.000000
1245.000000
94.000000
222.000000
1060.000000
565.000000
603.000000
536.000000
634.000000
636.000000
73.000000
315.000000
116.000000
1344.000000
509.000000
725.000000
91.000000
145.000000
253.000000
1352.000000
555.000000
1067.000000
3743.000000
466.000000
303.000000
235.000000
335.000000
503.000000
859.000000
230.000000
168.000000
122.000000
218.000000
571.000000
115.000000
268.000000
902.000000
417.000000
125.000000
249.000000
632.000000
389.000000
616.000000
253.000000
326.000000
1299.000000
258.000000
1185.000000
234.000000
1509.000000
448.000000
324.000000
288.000000
130.000000
151.000000
638.000000
216.000000
1388.000000
1596.000000
289.000000
89.000000
208.000000
294.000000
491.000000
515.000000
180.000000
126.000000
376.000000
2748.000000
172.000000
220.000000
235.000000
965.000000
1383.000000
466.000000
258.000000
422.000000
178.000000
181.000000
221.000000
76.000000
434.000000
125.000000
921.000000
163.000000
609.000000
803.000000
1825.000000
1068.000000
208.000000
880.000000
204.000000
1064.000000
416.000000
187.000000
2112.000000
2429.000000
5059.000000
562.000000
338.000000
454.000000
105.000000
923.000000
132.000000
825.000000
337.000000
423.000000
126.000000
1253.000000
407.000000
611.000000
1590.000000
750.000000
870.000000
905.000000
181.000000
506.000000
140.000000
364.000000
1273.000000
1300.000000
559.000000
528.000000
145.000000
1902.000000
82.000000
187.000000
350.000000
187.000000
2366.000000
570.000000
560.000000
1929.000000
1341.000000
789.000000
505.000000
43.000000
412.000000
838.000000
214.000000
912.000000
39.000000
234.000000
307.000000
951.000000
450.000000
250.000000
890.000000
271.000000
1625.000000
951.000000
1267.000000
130.000000
489.000000
205.000000
541.000000
1860.000000
387.000000
258.000000
901.000000
867.000000
137.000000
98.000000
151.000000
61.000000
477.000000
140.000000
531.000000
266.000000
189.000000
443.000000
55.000000
286.000000
468.000000
271.000000
55.000000
703.000000
418.000000
900.000000
156.000000
867.000000
413.000000
423.000000
296.000000
699.000000
67.000000
344.000000
486.000000
730.000000
1356.000000
113.000000
249.000000
139.000000
1723.000000
76.000000
320.000000
153.000000
435.000000
974.000000
73.000000
521.000000
474.000000
840.000000
357.000000
962.000000
581.000000
103.000000
1542.000000
156.000000
1010.000000
326.000000
222.000000
622.000000
3405.000000
106.000000
104.000000
117.000000
146.000000
877.000000
109.000000
550.000000
327.000000
336.000000
785.000000
1084.000000
94.000000
218.000000
497.000000
415.000000
448.000000
272.000000
416.000000
419.000000
292.000000
953.000000
1632.000000
442.000000
51.000000
1699.000000
163.000000
932.000000
201.000000
209.000000
1452.000000
1165.000000
835.000000
489.000000
1934.000000
258.000000
267.000000
261.000000
2673.000000
215.000000
453.000000
229.000000
892.000000
363.000000
1359.000000
2355.000000
148.000000
458.000000
433.000000
435.000000
215.000000
102.000000
220.000000
279.000000
238.000000
115.000000
475.000000
942.000000
554.000000
1419.000000
172.000000
368.000000
1061.000000
550.000000
143.000000
374.000000
1242.000000
1521.000000
135.000000
262.000000
641.000000
1478.000000
287.000000
384.000000
497.000000
1045.000000
376.000000
1338.000000
769.000000
344.000000
247.000000
2898.000000
823.000000
1014.000000
1276.000000
359.000000
2157.000000
344.000000
199.000000
501.000000
115.000000
142.000000
218.000000
407.000000
491.000000
362.000000
896.000000
147.000000
1289.000000
1311.000000
96.000000
704.000000
872.000000
493.000000
5969.000000
2827.000000
1031.000000
355.000000
225.000000
615.000000
694.000000
119.000000
118.000000
227.000000
324.000000
1266.000000
622.000000
120.000000
199.000000
317.000000
106.000000
371.000000
864.000000
1185.000000
298.000000
417.000000
1440.000000
129.000000
208.000000
277.000000
204.000000
1817.000000
374.000000
186.000000
480.000000
403.000000
230.000000
665.000000
524.000000
3077.000000
80.000000
1174.000000
145.000000
943.000000
1265.000000
884.000000
294.000000
1231.000000
385.000000
146.000000
305.000000
1848.000000
720.000000
1089.000000
1457.000000
1414.000000
338.000000
792.000000
591.000000
216.000000
82.000000
64.000000
245.000000
28.000000
200.000000
5530.000000
572.000000
323.000000
534.000000
173.000000
168.000000
94.000000
2285.000000
155.000000
207.000000
2456.000000
425.000000
845.000000
86.000000
224.000000
813.000000
622.000000
173.000000
214.000000
663.000000
390.000000
603.000000
828.000000
351.000000
462.000000
550.000000
782.000000
159.000000
843.000000
251.000000
613.000000
494.000000
1302.000000
51.000000
516.000000
104.000000
474.000000
1281.000000
169.000000
65.000000
1276.000000
309.000000
395.000000
423.000000
347.000000
4493.000000
107.000000
161.000000
250.000000
107.000000
50.000000
314.000000
1943.000000
267.000000
103.000000
404.000000
1093.000000
703.000000
1095.000000
514.000000
618.000000
693.000000
2269.000000
534.000000
393.000000
231.000000
228.000000
1227.000000
493.000000
507.000000
535.000000
500.000000
252.000000
465.000000
112.000000
1003.000000
148.000000
658.000000
65.000000
344.000000
154.000000
936.000000
259.000000
493.000000
133.000000
277.000000
700.000000
142.000000
112.000000
211.000000
63.000000
638.000000
271.000000
205.000000
13.000000
4437.000000
252.000000
3407.000000
2151.000000
1539.000000
49.000000
106.000000
53.000000
522.000000
639.000000
1353.000000
3895.000000
214.000000
562.000000
358.000000
1136.000000
392.000000
514.000000
1221.000000
174.000000
450.000000
655.000000
1175.000000
153.000000
401.000000
407.000000
1735.000000
187.000000
391.000000
2433.000000
632.000000
356.000000
330.000000
433.000000
704.000000
709.000000
912.000000
670.000000
1907.000000
853.000000
702.000000
188.000000
52.000000
468.000000
178.000000
435.000000
244.000000
355.000000
2660.000000
462.000000
618.000000
290.000000
470.000000
91.000000
530.000000
506.000000
635.000000
652.000000
823.000000
139.000000
3415.000000
449.000000
428.000000
349.000000
40.000000
618.000000
468.000000
617.000000
735.000000
33.000000
169.000000
42.000000
345.000000
137.000000
1329.000000
304.000000
820.000000
3058.000000
128.000000
653.000000
184.000000
175.000000
1142.000000
454.000000
1955.000000
345.000000
260.000000
175.000000
557.000000
380.000000
544.000000
447.000000
288.000000
663.000000
345.000000
268.000000
950.000000
140.000000
193.000000
362.000000
1415.000000
1195.000000
53.000000
192.000000
701.000000
213.000000
173.000000
588.000000
380.000000
241.000000
1114.000000
803.000000
650.000000
309.000000
236.000000
177.000000
290.000000
78.000000
48.000000
610.000000
197.000000
925.000000
812.000000
306.000000
555.000000
73.000000
227.000000
56.000000
1852.000000
263.000000
806.000000
1028.000000
251.000000
447.000000
1487.000000
517.000000
1557.000000
653.000000
241.000000
129.000000
301.000000
5269.000000
924.000000
2215.000000
218.000000
134.000000
227.000000
201.000000
187.000000
954.000000
1776.000000
1099.000000
176.000000
803.000000
330.000000
737.000000
134.000000
97.000000
676.000000
369.000000
219.000000
170.000000
705.000000
1073.000000
1290.000000
201.000000
510.000000
316.000000
1362.000000
111.000000
780.000000
2285.000000
132.000000
255.000000
230.000000
152.000000
712.000000
709.000000
59.000000
720.000000
660.000000
412.000000
2249.000000
1811.000000
585.000000
146.000000
368.000000
1207.000000
155.000000
284.000000
224.000000
992.000000
333.000000
393.000000
162.000000
259.000000
363.000000
105.000000
156.000000
147.000000
1107.000000
250.000000
114.000000
2931.000000
175.000000
287.000000
357.000000
963.000000
896.000000
545.000000
2530.000000
478.000000
581.000000
90.000000
297.000000
1811.000000
518.000000
397.000000
786.000000
768.000000
560.000000
33.000000
66.000000
553.000000
1422.000000
575.000000
4317.000000
77.000000
482.000000
230.000000
1789.000000
767.000000
395.000000
215.000000
4087.000000
416.000000
682.000000
197.000000
206.000000
803.000000
1530.000000
2020.000000
177.000000
167.000000
474.000000
148.000000
522.000000
311.000000
118.000000
586.000000
1140.000000
236.000000
89.000000
673.000000
420.000000
514.000000
172.000000
478.000000
308.000000
397.000000
375.000000
106.000000
1036.000000
94.000000
1707.000000
1099.000000
357.000000
551.000000
255.000000
169.000000
667.000000
469.000000
1001.000000
572.000000
249.000000
623.000000
327.000000
1006.000000
223.000000
931.000000
929.000000
1656.000000
397.000000
664.000000
526.000000
891.000000
265.000000
312.000000
245.000000
277.000000
566.000000
482.000000
1090.000000
390.000000
516.000000
284.000000
215.000000
188.000000
676.000000
591.000000
1093.000000
621.000000
114.000000
259.000000
105.000000
220.000000
1042.000000
484.000000
1405.000000
334.000000
319.000000
146.000000
118.000000
1178.000000
119.000000
2783.000000
120.000000
448.000000
90.000000
615.000000
847.000000
442.000000
705.000000
2235.000000
282.000000
1353.000000
417.000000
2767.000000
364.000000
436.000000
940.000000
454.000000
410.000000
984.000000
521.000000
728.000000
349.000000
3999.000000
463.000000
110.000000
496.000000
1141.000000
1076.000000
359.000000
57.000000
276.000000
655.000000
417.000000
33.000000
58.000000
779.000000
103.000000
52.000000
176.000000
519.000000
1875.000000
2167.000000
1451.000000
190.000000
348.000000
562.000000
690.000000
55.000000
2083.000000
2554.000000
1534.000000
175.000000
385.000000
465.000000
1158.000000
694.000000
226.000000
1347.000000
397.000000
667.000000
887.000000
238.000000
204.000000
120.000000
1025.000000
1408.000000
94.000000
400.000000
701.000000
268.000000
540.000000
137.000000
612.000000
327.000000
115.000000
2987.000000
1101.000000
556.000000
530.000000
