410.000000
745.000000
762.000000
3147.000000
279.000000
638.000000
201.000000
247.000000
113.000000
296.000000
136.000000
111.000000
137.000000
204.000000
1350.000000
361.000000
2029.000000
89.000000
448.000000
963.000000
277.000000
56.000000
427.000000
947.000000
559.000000
257.000000
1597.000000
322.000000
290.000000
62.000000
102.000000
355.000000
253.000000
393.000000
1180.000000
439.000000
2098.000000
524.000000
206.000000
1705.000000
79.000000
957.000000
68.000000
1572.000000
1189.000000
59.000000
134.000000
236.000000
953.000000
280.000000
104.000000
1198.000000
664.000000
660.000000
120.000000
259.000000
1077.000000
723.000000
443.000000
149.000000
140.000000
2479.000000
399.000000
313.000000
88.000000
643.000000
144.000000
630.000000
1357.000000
357.000000
1584.000000
470.000000
350.000000
331.000000
290.000000
1529.000000
205.000000
301.000000
744.000000
289.000000
128.000000
101.000000
142.000000
94.000000
300.000000
437.000000
229.000000
248.000000
520.000000
597.000000
149.000000
143.000000
742.000000
658.000000
1021.000000
521.000000
546.000000
768.000000
99.000000
490.000000
95.000000
324.000000
1172.000000
69.000000
1713.000000
266.000000
141.000000
454.000000
68.000000
798.000000
54.000000
267.000000
249.000000
1930.000000
444.000000
389.000000
978.000000
983.000000
2112.000000
846.000000
1233.000000
182.000000
364.000000
333.000000
965.000000
68.000000
378.000000
523.000000
577.000000
146.000000
262.000000
156.000000
279.000000
341.000000
2498.000000
685.000000
616.000000
486.000000
325.000000
333.000000
519.000000
1712.000000
1059.000000
562.000000
386.000000
960.000000
2361.000000
290.000000
313.000000
693.000000
243.000000
242.000000
676.000000
426.000000
339.000000
887.000000
299.000000
1064.000000
537.000000
265.000000
366.000000
645.000000
3328.000000
82.000000
98.000000
116.000000
482.000000
533.000000
549.000000
407.000000
187.000000
1659.000000
550.000000
1505.000000
1659.000000
359.000000
297.000000
209.000000
511.000000
643.000000
176.000000
1010.000000
231.000000
116.000000
1594.000000
1036.000000
435.000000
71.000000
353.000000
811.000000
266.000000
271.000000
142.000000
51.000000
283.000000
1477.000000
399.000000
133.000000
485.000000
312.000000
564.000000
409.000000
184.000000
2109.000000
493.000000
672.000000
3102.000000
1375.000000
1068.000000
379.000000
1060.000000
552.000000
104.000000
811.000000
345.000000
395.000000
208.000000
759.000000
453.000000
198.000000
88.000000
107.000000
404.000000
1650.000000
2695.000000
254.000000
465.000000
166.000000
308.000000
473.000000
291.000000
367.000000
173.000000
600.000000
1323.000000
398.000000
94.000000
655.000000
207.000000
596.000000
368.000000
339.000000
1345.000000
659.000000
154.000000
203.000000
2092.000000
480.000000
188.000000
272.000000
75.000000
3181.000000
2622.000000
1860.000000
220.000000
186.000000
157.000000
508.000000
443.000000
1024.000000
409.000000
906.000000
766.000000
555.000000
213.000000
1571.000000
175.000000
572.000000
126.000000
1970.000000
95.000000
75.000000
1256.000000
6502.000000
277.000000
171.000000
917.000000
139.000000
47.000000
2281.000000
227.000000
511.000000
344.000000
253.000000
533.000000
224.000000
496.000000
505.000000
110.000000
1087.000000
357.000000
946.000000
157.000000
533.000000
248.000000
250.000000
129.000000
510.000000
552.000000
163.000000
330.000000
242.000000
527.000000
171.000000
166.000000
291.000000
375.000000
419.000000
379.000000
385.000000
470.000000
945.000000
538.000000
94.000000
444.000000
1618.000000
952.000000
806.000000
159.000000
515.000000
188.000000
688.000000
111.000000
789.000000
891.000000
66.000000
117.000000
530.000000
459.000000
3207.000000
347.000000
342.000000
2109.000000
571.000000
453.000000
348.000000
1141.000000
3012.000000
3204.000000
507.000000
250.000000
165.000000
4748.000000
105.000000
313.000000
326.000000
920.000000
603.000000
202.000000
1299.000000
144.000000
292.000000
391.000000
57.000000
493.000000
430.000000
321.000000
1001.000000
279.000000
619.000000
949.000000
786.000000
116.000000
165.000000
115.000000
303.000000
2708.000000
439.000000
406.000000
349.000000
214.000000
154.000000
740.000000
752.000000
509.000000
848.000000
334.000000
769.000000
144.000000
455.000000
533.000000
1164.000000
1201.000000
937.000000
3638.000000
853.000000
549.000000
344.000000
3899.000000
634.000000
1375.000000
264.000000
267.000000
57.000000
96.000000
441.000000
81.000000
609.000000
77.000000
1274.000000
823.000000
6745.000000
297.000000
373.000000
370.000000
185.000000
1116.000000
199.000000
332.000000
4417.000000
395.000000
340.000000
2065.000000
317.000000
789.000000
843.000000
483.000000
11.000000
2371.000000
58.000000
527.000000
124.000000
258.000000
1102.000000
238.000000
593.000000
116.000000
221.000000
136.000000
1927.000000
371.000000
122.000000
1382.000000
191.000000
1220.000000
215.000000
1623.000000
1614.000000
638.000000
1040.000000
343.000000
183.000000
1130.000000
899.000000
74.000000
497.000000
496.000000
298.000000
1228.000000
417.000000
871.000000
406.000000
65.000000
358.000000
581.000000
128.000000
384.000000
35.000000
55.000000
543.000000
83.000000
90.000000
83.000000
2312.000000
183.000000
420.000000
1715.000000
777.000000
63.000000
690.000000
527.000000
183.000000
2535.000000
919.000000
677.000000
157.000000
112.000000
593.000000
645.000000
127.000000
1082.000000
43.000000
722.000000
644.000000
1124.000000
256.000000
372.000000
1449.000000
348.000000
426.000000
4274.000000
693.000000
177.000000
151.000000
170.000000
1273.000000
884.000000
803.000000
1250.000000
132.000000
1676.000000
53.000000
295.000000
244.000000
108.000000
364.000000
1782.000000
1370.000000
461.000000
456.000000
474.000000
1066.000000
1426.000000
490.000000
1807.000000
1817.000000
1151.000000
786.000000
155.000000
104.000000
103.000000
3109.000000
762.000000
433.000000
749.000000
333.000000
503.000000
175.000000
207.000000
1223.000000
1534.000000
624.000000
428.000000
531.000000
1364.000000
302.000000
330.000000
539.000000
1156.000000
285.000000
1321.000000
627.000000
76.000000
109.000000
187.000000
718.000000
190.000000
170.000000
190.000000
1095.000000
370.000000
295.000000
143.000000
808.000000
765.000000
1502.000000
148.000000
189.000000
433.000000
433.000000
355.000000
156.000000
168.000000
1071.000000
182.000000
424.000000
754.000000
438.000000
2038.000000
535.000000
144.000000
858.000000
1193.000000
584.000000
1386.000000
851.000000
62.000000
319.000000
177.000000
900.000000
87.000000
92.000000
3283.000000
210.000000
553.000000
708.000000
450.000000
135.000000
63.000000
681.000000
8208.000000
204.000000
384.000000
622.000000
822.000000
1681.000000
1157.000000
170.000000
323.000000
129.000000
476.000000
1189.000000
713.000000
274.000000
272.000000
77.000000
1015.000000
178.000000
212.000000
324.000000
2148.000000
279.000000
1203.000000
394.000000
374.000000
196.000000
195.000000
101.000000
338.000000
498.000000
282.000000
692.000000
253.000000
4661.000000
119.000000
775.000000
362.000000
159.000000
355.000000
154.000000
736.000000
411.000000
464.000000
310.000000
256.000000
819.000000
349.000000
190.000000
406.000000
79.000000
215.000000
379.000000
875.000000
566.000000
444.000000
341.000000
2420.000000
1538.000000
28.000000
265.000000
1101.000000
4079.000000
300.000000
344.000000
266.000000
172.000000
375.000000
843.000000
762.000000
398.000000
353.000000
48.000000
671.000000
93.000000
1516.000000
921.000000
452.000000
1784.000000
150.000000
179.000000
848.000000
400.000000
805.000000
910.000000
154.000000
817.000000
109.000000
409.000000
226.000000
597.000000
195.000000
701.000000
384.000000
1497.000000
256.000000
822.000000
1294.000000
58.000000
688.000000
1154.000000
112.000000
636.000000
2062.000000
1034.000000
668.000000
535.000000
384.000000
540.000000
489.000000
131.000000
112.000000
313.000000
192.000000
167.000000
414.000000
64.000000
1065.000000
736.000000
325.000000
518.000000
2060.000000
1156.000000
189.000000
31.000000
566.000000
99.000000
467.000000
63.000000
55.000000
654.000000
364.000000
8.000000
1126.000000
421.000000
318.000000
120.000000
214.000000
392.000000
5659.000000
210.000000
634.000000
1043.000000
789.000000
2224.000000
126.000000
235.000000
823.000000
156.000000
566.000000
308.000000
322.000000
4181.000000
323.000000
338.000000
112.000000
356.000000
195.000000
71.000000
867.000000
399.000000
342.000000
603.000000
210.000000
156.000000
2716.000000
231.000000
143.000000
970.000000
644.000000
359.000000
734.000000
281.000000
586.000000
875.000000
405.000000
528.000000
54.000000
841.000000
882.000000
406.000000
586.000000
599.000000
266.000000
508.000000
319.000000
478.000000
465.000000
813.000000
679.000000
253.000000
234.000000
150.000000
842.000000
977.000000
268.000000
78.000000
124.000000
365.000000
1009.000000
263.000000
622.000000
1859.000000
366.000000
710.000000
320.000000
148.000000
467.000000
1288.000000
16.000000
140.000000
474.000000
273.000000
276.000000
986.000000
304.000000
1623.000000
861.000000
1106.000000
292.000000
8987.000000
76.000000
142.000000
231.000000
101.000000
596.000000
2055.000000
1591.000000
450.000000
589.000000
279.000000
341.000000
744.000000
441.000000
161.000000
1040.000000
543.000000
850.000000
421.000000
226.000000
131.000000
20783.000000
1641.000000
9871.000000
1605.000000
3279.000000
922.000000
598.000000
642.000000
268.000000
472.000000
2039.000000
1886.000000
813.000000
398.000000
414.000000
289.000000
92.000000
387.000000
101.000000
633.000000
281.000000
175.000000
253.000000
1343.000000
511.000000
298.000000
374.000000
351.000000
75.000000
1708.000000
1474.000000
983.000000
269.000000
811.000000
418.000000
157.000000
273.000000
551.000000
161.000000
460.000000
440.000000
1448.000000
390.000000
87.000000
117.000000
543.000000
531.000000
1717.000000
144.000000
202.000000
112.000000
1102.000000
77.000000
248.000000
3297.000000
910.000000
280.000000
500.000000
268.000000
466.000000
201.000000
615.000000
552.000000
2640.000000
235.000000
219.000000
318.000000
839.000000
121.000000
382.000000
530.000000
252.000000
386.000000
131.000000
333.000000
2551.000000
846.000000
2799.000000
109.000000
1444.000000
601.000000
1038.000000
1538.000000
283.000000
281.000000
192.000000
157.000000
2677.000000
1339.000000
335.000000
140.000000
1806.000000
219.000000
274.000000
686.000000
2249.000000
1445.000000
176.000000
68.000000
416.000000
530.000000
634.000000
1068.000000
591.000000
2006.000000
69.000000
482.000000
1936.000000
199.000000
157.000000
205.000000
412.000000
57.000000
15287.000000
738.000000
640.000000
2429.000000
94.000000
568.000000
170.000000
2310.000000
327.000000
164.000000
595.000000
1419.000000
2732.000000
632.000000
1997.000000
307.000000
425.000000
1484.000000
72.000000
646.000000
333.000000
2157.000000
113.000000
743.000000
188.000000
731.000000
153.000000
127.000000
897.000000
778.000000
165.000000
331.000000
3211.000000
1915.000000
970.000000
935.000000
654.000000
926.000000
650.000000
1045.000000
181.000000
1138.000000
390.000000
4736.000000
1222.000000
895.000000
399.000000
1005.000000
296.000000
82.000000
288.000000
821.000000
172.000000
482.000000
154.000000
490.000000
693.000000
