109.000000
799.000000
1942.000000
370.000000
492.000000
74.000000
68.000000
195.000000
510.000000
1556.000000
609.000000
55.000000
1509.000000
366.000000
98.000000
650.000000
258.000000
338.000000
3737.000000
128.000000
395.000000
202.000000
83.000000
748.000000
1297.000000
2325.000000
221.000000
526.000000
1609.000000
398.000000
1119.000000
345.000000
500.000000
1285.000000
775.000000
594.000000
197.000000
406.000000
150.000000
109.000000
508.000000
1172.000000
899.000000
470.000000
237.000000
150.000000
1747.000000
173.000000
526.000000
182.000000
594.000000
294.000000
132.000000
348.000000
1310.000000
343.000000
689.000000
635.000000
332.000000
50.000000
264.000000
308.000000
749.000000
420.000000
61.000000
1071.000000
59.000000
766.000000
76.000000
166.000000
188.000000
302.000000
1801.000000
144.000000
120.000000
575.000000
177.000000
7262.000000
68.000000
654.000000
59.000000
142.000000
441.000000
290.000000
371.000000
228.000000
56.000000
526.000000
338.000000
321.000000
934.000000
1078.000000
767.000000
539.000000
174.000000
531.000000
82.000000
235.000000
122.000000
235.000000
334.000000
389.000000
105.000000
453.000000
44.000000
122.000000
523.000000
301.000000
1647.000000
252.000000
698.000000
20.000000
1993.000000
1202.000000
584.000000
155.000000
681.000000
156.000000
230.000000
204.000000
151.000000
202.000000
457.000000
260.000000
290.000000
113.000000
96.000000
104.000000
606.000000
1001.000000
737.000000
1678.000000
334.000000
1357.000000
381.000000
234.000000
429.000000
270.000000
174.000000
198.000000
413.000000
87.000000
157.000000
280.000000
1615.000000
660.000000
213.000000
216.000000
187.000000
979.000000
423.000000
1909.000000
358.000000
649.000000
65.000000
2233.000000
1181.000000
411.000000
787.000000
145.000000
399.000000
2362.000000
483.000000
219.000000
283.000000
125.000000
281.000000
537.000000
73.000000
415.000000
858.000000
189.000000
513.000000
266.000000
818.000000
208.000000
297.000000
143.000000
121.000000
162.000000
270.000000
450.000000
257.000000
1614.000000
312.000000
196.000000
827.000000
4089.000000
570.000000
184.000000
472.000000
4048.000000
269.000000
191.000000
893.000000
1370.000000
489.000000
713.000000
77.000000
110.000000
688.000000
912.000000
310.000000
299.000000
155.000000
191.000000
590.000000
137.000000
161.000000
988.000000
5346.000000
68.000000
298.000000
530.000000
551.000000
118.000000
1350.000000
186.000000
102.000000
89.000000
320.000000
2150.000000
1173.000000
439.000000
154.000000
399.000000
1122.000000
765.000000
826.000000
139.000000
77.000000
2176.000000
693.000000
346.000000
71.000000
92.000000
905.000000
46.000000
177.000000
549.000000
519.000000
308.000000
196.000000
344.000000
377.000000
373.000000
309.000000
117.000000
166.000000
288.000000
1401.000000
6155.000000
550.000000
808.000000
302.000000
465.000000
148.000000
330.000000
1394.000000
159.000000
4224.000000
269.000000
178.000000
832.000000
568.000000
206.000000
291.000000
326.000000
1335.000000
671.000000
186.000000
245.000000
202.000000
85.000000
210.000000
956.000000
134.000000
311.000000
191.000000
160.000000
589.000000
1765.000000
339.000000
3737.000000
139.000000
141.000000
398.000000
788.000000
169.000000
483.000000
198.000000
498.000000
563.000000
379.000000
302.000000
339.000000
640.000000
181.000000
749.000000
659.000000
382.000000
236.000000
130.000000
2207.000000
556.000000
357.000000
410.000000
107.000000
834.000000
378.000000
120.000000
772.000000
1891.000000
1006.000000
726.000000
1591.000000
2118.000000
42.000000
1118.000000
1199.000000
870.000000
872.000000
157.000000
553.000000
67.000000
68.000000
266.000000
52.000000
1024.000000
586.000000
86.000000
108.000000
812.000000
288.000000
2481.000000
340.000000
270.000000
211.000000
587.000000
607.000000
191.000000
577.000000
804.000000
102.000000
98.000000
217.000000
1476.000000
1049.000000
818.000000
140.000000
411.000000
283.000000
714.000000
1083.000000
8558.000000
100.000000
270.000000
286.000000
580.000000
178.000000
47.000000
291.000000
115.000000
186.000000
104.000000
324.000000
3661.000000
85.000000
1090.000000
115.000000
526.000000
142.000000
395.000000
836.000000
631.000000
731.000000
2178.000000
400.000000
718.000000
532.000000
47.000000
643.000000
594.000000
141.000000
1172.000000
236.000000
282.000000
128.000000
119.000000
438.000000
359.000000
335.000000
686.000000
1162.000000
588.000000
432.000000
956.000000
252.000000
590.000000
371.000000
134.000000
271.000000
29.000000
171.000000
201.000000
700.000000
181.000000
287.000000
131.000000
496.000000
185.000000
763.000000
620.000000
1409.000000
50.000000
1051.000000
642.000000
180.000000
47.000000
1340.000000
242.000000
331.000000
1077.000000
149.000000
42.000000
258.000000
3149.000000
273.000000
155.000000
4332.000000
61.000000
480.000000
437.000000
321.000000
191.000000
485.000000
144.000000
162.000000
169.000000
1766.000000
1284.000000
691.000000
307.000000
1971.000000
765.000000
2039.000000
95.000000
633.000000
1912.000000
122.000000
1062.000000
149.000000
316.000000
151.000000
222.000000
348.000000
134.000000
1672.000000
280.000000
1050.000000
371.000000
493.000000
1424.000000
113.000000
153.000000
143.000000
548.000000
5499.000000
129.000000
491.000000
350.000000
1143.000000
149.000000
809.000000
2057.000000
1203.000000
514.000000
1137.000000
632.000000
546.000000
219.000000
226.000000
125.000000
50.000000
1508.000000
252.000000
701.000000
393.000000
149.000000
353.000000
1948.000000
102.000000
243.000000
403.000000
1015.000000
215.000000
406.000000
227.000000
54.000000
162.000000
211.000000
455.000000
82.000000
109.000000
649.000000
126.000000
274.000000
457.000000
1560.000000
679.000000
1498.000000
921.000000
677.000000
1015.000000
495.000000
886.000000
2972.000000
133.000000
39.000000
601.000000
605.000000
415.000000
852.000000
389.000000
838.000000
1250.000000
420.000000
446.000000
153.000000
681.000000
1988.000000
495.000000
125.000000
1830.000000
286.000000
878.000000
382.000000
527.000000
392.000000
334.000000
295.000000
918.000000
919.000000
401.000000
331.000000
1094.000000
485.000000
84.000000
872.000000
895.000000
3074.000000
211.000000
1235.000000
166.000000
378.000000
55.000000
143.000000
480.000000
107.000000
254.000000
412.000000
3319.000000
403.000000
1134.000000
205.000000
690.000000
955.000000
311.000000
397.000000
611.000000
138.000000
2480.000000
473.000000
893.000000
714.000000
64.000000
609.000000
129.000000
100.000000
34.000000
354.000000
738.000000
429.000000
1277.000000
90.000000
120.000000
1465.000000
728.000000
397.000000
267.000000
163.000000
1464.000000
685.000000
1542.000000
114.000000
4207.000000
162.000000
403.000000
217.000000
158.000000
295.000000
247.000000
520.000000
201.000000
836.000000
1168.000000
781.000000
1022.000000
334.000000
423.000000
283.000000
335.000000
234.000000
164.000000
213.000000
630.000000
773.000000
508.000000
200.000000
78.000000
309.000000
94.000000
216.000000
34.000000
829.000000
633.000000
148.000000
256.000000
902.000000
374.000000
179.000000
46.000000
839.000000
2456.000000
697.000000
1195.000000
870.000000
210.000000
969.000000
139.000000
275.000000
77.000000
1239.000000
452.000000
176.000000
421.000000
131.000000
768.000000
279.000000
322.000000
697.000000
411.000000
242.000000
251.000000
199.000000
292.000000
234.000000
1072.000000
159.000000
215.000000
121.000000
614.000000
493.000000
2751.000000
275.000000
369.000000
65.000000
1681.000000
135.000000
496.000000
279.000000
170.000000
903.000000
458.000000
110.000000
304.000000
300.000000
174.000000
474.000000
245.000000
479.000000
496.000000
394.000000
579.000000
77.000000
1219.000000
270.000000
77.000000
961.000000
180.000000
270.000000
397.000000
236.000000
463.000000
806.000000
6808.000000
49.000000
375.000000
313.000000
4881.000000
362.000000
393.000000
288.000000
537.000000
49.000000
146.000000
218.000000
4751.000000
2519.000000
904.000000
976.000000
119.000000
603.000000
742.000000
96.000000
287.000000
94.000000
1064.000000
129.000000
623.000000
1616.000000
365.000000
3878.000000
1328.000000
672.000000
2823.000000
757.000000
413.000000
384.000000
551.000000
1215.000000
132.000000
543.000000
1138.000000
3089.000000
414.000000
318.000000
111.000000
1153.000000
1447.000000
471.000000
783.000000
468.000000
107.000000
898.000000
553.000000
2202.000000
166.000000
142.000000
1197.000000
636.000000
68.000000
315.000000
1405.000000
874.000000
171.000000
235.000000
200.000000
240.000000
493.000000
370.000000
320.000000
210.000000
53.000000
1724.000000
1871.000000
56.000000
1342.000000
760.000000
683.000000
648.000000
2318.000000
937.000000
231.000000
353.000000
271.000000
598.000000
913.000000
500.000000
433.000000
1409.000000
1696.000000
89.000000
221.000000
382.000000
100.000000
560.000000
470.000000
428.000000
166.000000
134.000000
1616.000000
1227.000000
156.000000
230.000000
449.000000
176.000000
576.000000
219.000000
166.000000
259.000000
539.000000
469.000000
125.000000
419.000000
44.000000
515.000000
220.000000
317.000000
140.000000
728.000000
1449.000000
535.000000
501.000000
299.000000
395.000000
179.000000
485.000000
124.000000
1919.000000
1257.000000
594.000000
830.000000
275.000000
115.000000
298.000000
262.000000
1819.000000
421.000000
39.000000
297.000000
160.000000
114.000000
926.000000
687.000000
470.000000
200.000000
3537.000000
101.000000
183.000000
264.000000
1202.000000
364.000000
708.000000
44.000000
235.000000
62.000000
2956.000000
105.000000
736.000000
329.000000
2807.000000
41.000000
117.000000
494.000000
390.000000
334.000000
1047.000000
1535.000000
169.000000
366.000000
557.000000
67.000000
173.000000
394.000000
79.000000
197.000000
287.000000
109.000000
73.000000
821.000000
279.000000
488.000000
1042.000000
408.000000
859.000000
602.000000
44.000000
891.000000
110.000000
859.000000
231.000000
829.000000
2332.000000
163.000000
499.000000
297.000000
140.000000
831.000000
357.000000
761.000000
144.000000
224.000000
113.000000
291.000000
244.000000
43.000000
242.000000
317.000000
720.000000
851.000000
844.000000
92.000000
892.000000
2379.000000
342.000000
119.000000
812.000000
107.000000
1561.000000
73.000000
585.000000
340.000000
783.000000
156.000000
1068.000000
611.000000
544.000000
36.000000
575.000000
1309.000000
19.000000
1546.000000
211.000000
444.000000
791.000000
508.000000
469.000000
5360.000000
178.000000
162.000000
59.000000
133.000000
174.000000
504.000000
773.000000
47.000000
396.000000
160.000000
240.000000
124.000000
2719.000000
333.000000
544.000000
1348.000000
251.000000
1107.000000
299.000000
411.000000
411.000000
129.000000
52.000000
424.000000
746.000000
1268.000000
549.000000
519.000000
2466.000000
430.000000
2968.000000
318.000000
32.000000
1525.000000
187.000000
1437.000000
1029.000000
2659.000000
424.000000
616.000000
756.000000
356.000000
816.000000
1979.000000
1365.000000
977.000000
171.000000
645.000000
280.000000
1295.000000
754.000000
463.000000
2890.000000
329.000000
247.000000
1177.000000
132.000000
448.000000
244.000000
54.000000
123.000000
2491.000000
475.000000
982.000000
1007.000000
206.000000
353.000000
134.000000
514.000000
597.000000
774.000000
