1113.000000
2102.000000
1360.000000
1179.000000
89.000000
539.000000
396.000000
1452.000000
221.000000
74.000000
949.000000
576.000000
802.000000
180.000000
209.000000
322.000000
103.000000
335.000000
101.000000
478.000000
755.000000
158.000000
132.000000
63.000000
126.000000
367.000000
553.000000
582.000000
274.000000
1299.000000
133.000000
243.000000
993.000000
841.000000
288.000000
250.000000
379.000000
71.000000
249.000000
357.000000
859.000000
110.000000
62.000000
59.000000
190.000000
1800.000000
1859.000000
358.000000
109.000000
33.000000
247.000000
1708.000000
949.000000
1048.000000
1133.000000
762.000000
169.000000
844.000000
195.000000
156.000000
827.000000
155.000000
778.000000
104.000000
300.000000
1064.000000
1065.000000
1298.000000
1166.000000
186.000000
129.000000
355.000000
1370.000000
347.000000
571.000000
313.000000
96.000000
691.000000
219.000000
2296.000000
3062.000000
227.000000
1071.000000
252.000000
2297.000000
294.000000
419.000000
135.000000
249.000000
1423.000000
443.000000
522.000000
301.000000
827.000000
1012.000000
276.000000
112.000000
354.000000
229.000000
460.000000
64.000000
886.000000
377.000000
1066.000000
619.000000
281.000000
3133.000000
102.000000
1002.000000
87.000000
335.000000
1173.000000
489.000000
1114.000000
245.000000
661.000000
142.000000
681.000000
464.000000
361.000000
305.000000
188.000000
288.000000
323.000000
303.000000
241.000000
675.000000
53.000000
6254.000000
115.000000
558.000000
261.000000
269.000000
48.000000
119.000000
183.000000
391.000000
208.000000
209.000000
82.000000
58.000000
414.000000
58.000000
2434.000000
318.000000
73.000000
220.000000
2161.000000
1729.000000
168.000000
194.000000
1541.000000
180.000000
338.000000
66.000000
131.000000
483.000000
235.000000
996.000000
326.000000
37.000000
3790.000000
397.000000
380.000000
297.000000
1778.000000
717.000000
202.000000
359.000000
299.000000
1227.000000
8186.000000
189.000000
642.000000
400.000000
1086.000000
306.000000
339.000000
88.000000
1072.000000
84.000000
475.000000
449.000000
198.000000
406.000000
640.000000
199.000000
1156.000000
515.000000
1160.000000
930.000000
413.000000
1915.000000
546.000000
1168.000000
375.000000
83.000000
413.000000
392.000000
179.000000
2447.000000
301.000000
68.000000
787.000000
503.000000
103.000000
952.000000
351.000000
155.000000
184.000000
504.000000
105.000000
151.000000
155.000000
936.000000
517.000000
262.000000
286.000000
523.000000
1333.000000
444.000000
2026.000000
1136.000000
523.000000
688.000000
544.000000
3810.000000
199.000000
584.000000
1190.000000
42.000000
988.000000
193.000000
878.000000
2721.000000
1163.000000
132.000000
760.000000
69.000000
390.000000
42.000000
2023.000000
184.000000
249.000000
1190.000000
260.000000
751.000000
2020.000000
2371.000000
962.000000
711.000000
445.000000
60.000000
361.000000
275.000000
478.000000
997.000000
731.000000
465.000000
865.000000
2064.000000
107.000000
161.000000
190.000000
57.000000
242.000000
1509.000000
296.000000
812.000000
784.000000
955.000000
444.000000
138.000000
89.000000
441.000000
413.000000
142.000000
109.000000
134.000000
5531.000000
737.000000
1426.000000
522.000000
2827.000000
640.000000
625.000000
193.000000
55.000000
225.000000
1397.000000
655.000000
1448.000000
140.000000
477.000000
1178.000000
135.000000
151.000000
1066.000000
435.000000
803.000000
79.000000
559.000000
135.000000
233.000000
801.000000
621.000000
90.000000
774.000000
125.000000
1231.000000
467.000000
76.000000
79.000000
185.000000
343.000000
379.000000
491.000000
981.000000
658.000000
158.000000
136.000000
1271.000000
1199.000000
264.000000
1183.000000
146.000000
190.000000
567.000000
455.000000
66.000000
291.000000
63.000000
1123.000000
1298.000000
57.000000
887.000000
517.000000
30.000000
1091.000000
790.000000
651.000000
3271.000000
57.000000
298.000000
298.000000
164.000000
574.000000
791.000000
173.000000
2453.000000
1340.000000
131.000000
1599.000000
273.000000
578.000000
153.000000
225.000000
348.000000
438.000000
2464.000000
860.000000
936.000000
1686.000000
70.000000
169.000000
1534.000000
1212.000000
1173.000000
480.000000
127.000000
171.000000
431.000000
927.000000
232.000000
365.000000
537.000000
601.000000
395.000000
813.000000
1647.000000
1188.000000
102.000000
1366.000000
827.000000
700.000000
437.000000
710.000000
422.000000
433.000000
45.000000
298.000000
558.000000
76.000000
757.000000
80.000000
298.000000
660.000000
5109.000000
920.000000
255.000000
279.000000
223.000000
1843.000000
224.000000
193.000000
771.000000
362.000000
2065.000000
2252.000000
2721.000000
790.000000
949.000000
4413.000000
718.000000
566.000000
96.000000
1941.000000
2236.000000
71.000000
1737.000000
574.000000
91.000000
625.000000
61.000000
629.000000
2434.000000
415.000000
275.000000
225.000000
362.000000
287.000000
275.000000
150.000000
1200.000000
709.000000
128.000000
65.000000
314.000000
151.000000
178.000000
357.000000
55.000000
123.000000
492.000000
1304.000000
378.000000
256.000000
221.000000
578.000000
143.000000
142.000000
134.000000
302.000000
381.000000
256.000000
4518.000000
470.000000
183.000000
180.000000
3507.000000
325.000000
139.000000
163.000000
150.000000
236.000000
500.000000
811.000000
599.000000
439.000000
2739.000000
354.000000
720.000000
1155.000000
75.000000
557.000000
406.000000
2425.000000
727.000000
533.000000
943.000000
5617.000000
197.000000
52.000000
637.000000
388.000000
135.000000
1793.000000
256.000000
57.000000
116.000000
794.000000
159.000000
321.000000
315.000000
166.000000
569.000000
867.000000
1003.000000
317.000000
1105.000000
936.000000
225.000000
349.000000
326.000000
1471.000000
53.000000
354.000000
94.000000
219.000000
342.000000
815.000000
307.000000
892.000000
345.000000
89.000000
127.000000
69.000000
250.000000
88.000000
519.000000
415.000000
347.000000
446.000000
228.000000
489.000000
1196.000000
2065.000000
231.000000
1032.000000
98.000000
51.000000
1476.000000
463.000000
1513.000000
285.000000
163.000000
497.000000
4119.000000
226.000000
264.000000
634.000000
58.000000
678.000000
225.000000
1247.000000
664.000000
1394.000000
1148.000000
216.000000
638.000000
1230.000000
593.000000
725.000000
78.000000
197.000000
350.000000
184.000000
517.000000
196.000000
325.000000
382.000000
112.000000
783.000000
672.000000
127.000000
737.000000
118.000000
467.000000
398.000000
256.000000
114.000000
893.000000
168.000000
520.000000
1156.000000
42.000000
639.000000
424.000000
704.000000
2308.000000
696.000000
440.000000
896.000000
61.000000
2536.000000
1366.000000
371.000000
445.000000
319.000000
356.000000
120.000000
374.000000
388.000000
392.000000
518.000000
1491.000000
63.000000
1094.000000
69.000000
73.000000
1327.000000
479.000000
579.000000
162.000000
3524.000000
108.000000
736.000000
2944.000000
3574.000000
852.000000
1270.000000
682.000000
84.000000
339.000000
1526.000000
456.000000
677.000000
477.000000
1566.000000
434.000000
718.000000
862.000000
822.000000
316.000000
496.000000
107.000000
400.000000
357.000000
177.000000
775.000000
224.000000
334.000000
1342.000000
436.000000
535.000000
114.000000
575.000000
222.000000
995.000000
662.000000
367.000000
620.000000
778.000000
177.000000
283.000000
709.000000
329.000000
389.000000
270.000000
112.000000
249.000000
351.000000
130.000000
126.000000
187.000000
540.000000
53.000000
176.000000
278.000000
1281.000000
1398.000000
1414.000000
464.000000
505.000000
171.000000
270.000000
242.000000
1334.000000
915.000000
210.000000
310.000000
160.000000
193.000000
4466.000000
153.000000
766.000000
453.000000
278.000000
362.000000
870.000000
244.000000
397.000000
762.000000
255.000000
757.000000
133.000000
239.000000
123.000000
179.000000
1539.000000
755.000000
1270.000000
268.000000
565.000000
430.000000
90.000000
1147.000000
470.000000
28.000000
459.000000
826.000000
206.000000
451.000000
290.000000
301.000000
356.000000
394.000000
291.000000
274.000000
420.000000
971.000000
298.000000
522.000000
25.000000
598.000000
204.000000
388.000000
25.000000
102.000000
278.000000
727.000000
1518.000000
270.000000
942.000000
406.000000
726.000000
102.000000
40.000000
246.000000
78.000000
478.000000
108.000000
317.000000
1029.000000
663.000000
383.000000
171.000000
363.000000
30.000000
134.000000
246.000000
605.000000
478.000000
275.000000
3020.000000
526.000000
403.000000
1354.000000
704.000000
473.000000
193.000000
182.000000
256.000000
298.000000
652.000000
822.000000
1264.000000
294.000000
1724.000000
675.000000
93.000000
301.000000
284.000000
1404.000000
673.000000
214.000000
328.000000
5528.000000
2190.000000
108.000000
92.000000
1181.000000
1922.000000
398.000000
409.000000
247.000000
2319.000000
543.000000
175.000000
1980.000000
949.000000
114.000000
189.000000
1351.000000
91.000000
780.000000
896.000000
76.000000
62.000000
116.000000
766.000000
2169.000000
278.000000
572.000000
883.000000
232.000000
347.000000
129.000000
98.000000
262.000000
245.000000
180.000000
710.000000
66.000000
173.000000
258.000000
138.000000
395.000000
352.000000
710.000000
2933.000000
461.000000
1668.000000
211.000000
1985.000000
389.000000
224.000000
395.000000
347.000000
68.000000
298.000000
483.000000
1959.000000
1190.000000
1067.000000
146.000000
476.000000
152.000000
547.000000
431.000000
275.000000
613.000000
341.000000
54.000000
243.000000
346.000000
114.000000
432.000000
752.000000
166.000000
1584.000000
2084.000000
113.000000
165.000000
325.000000
1038.000000
655.000000
479.000000
127.000000
210.000000
636.000000
121.000000
723.000000
197.000000
691.000000
515.000000
1173.000000
612.000000
517.000000
37.000000
473.000000
378.000000
527.000000
293.000000
1251.000000
122.000000
311.000000
42.000000
124.000000
1014.000000
3330.000000
217.000000
385.000000
103.000000
75.000000
65.000000
120.000000
2780.000000
1143.000000
623.000000
125.000000
642.000000
899.000000
753.000000
680.000000
497.000000
450.000000
47.000000
1792.000000
1644.000000
769.000000
322.000000
123.000000
655.000000
82.000000
153.000000
498.000000
96.000000
229.000000
1038.000000
1393.000000
642.000000
641.000000
565.000000
376.000000
1499.000000
1029.000000
4372.000000
823.000000
1238.000000
2994.000000
616.000000
74.000000
141.000000
2831.000000
3132.000000
250.000000
932.000000
193.000000
101.000000
458.000000
695.000000
797.000000
2070.000000
393.000000
216.000000
498.000000
83.000000
32.000000
179.000000
1650.000000
138.000000
385.000000
474.000000
541.000000
2650.000000
182.000000
233.000000
394.000000
900.000000
2722.000000
585.000000
2266.000000
75.000000
297.000000
898.000000
68.000000
303.000000
622.000000
122.000000
257.000000
534.000000
7749.000000
866.000000
284.000000
722.000000
1023.000000
988.000000
568.000000
191.000000
527.000000
772.000000
402.000000
441.000000
431.000000
1598.000000
344.000000
97.000000
2550.000000
356.000000
539.000000
1621.000000
827.000000
820.000000
149.000000
667.000000
458.000000
502.000000
1387.000000
753.000000
160.000000
164.000000
343.000000
200.000000
943.000000
641.000000
766.000000
865.000000
486.000000
538.000000
260.000000
244.000000
150.000000
486.000000
1401.000000
129.000000
326.000000
771.000000
174.000000
241.000000
