201.000000
138.000000
356.000000
93.000000
70.000000
460.000000
1555.000000
461.000000
739.000000
967.000000
199.000000
100.000000
114.000000
69.000000
118.000000
323.000000
380.000000
141.000000
439.000000
9.000000
578.000000
121.000000
184.000000
475.000000
1038.000000
87.000000
351.000000
21.000000
312.000000
394.000000
453.000000
537.000000
313.000000
637.000000
278.000000
176.000000
695.000000
1538.000000
731.000000
265.000000
183.000000
259.000000
308.000000
127.000000
697.000000
547.000000
459.000000
108.000000
444.000000
373.000000
253.000000
195.000000
399.000000
470.000000
115.000000
84.000000
358.000000
860.000000
137.000000
34.000000
229.000000
166.000000
142.000000
606.000000
172.000000
610.000000
627.000000
243.000000
309.000000
435.000000
3316.000000
432.000000
81.000000
1859.000000
447.000000
906.000000
321.000000
496.000000
148.000000
798.000000
100.000000
194.000000
693.000000
151.000000
784.000000
1056.000000
393.000000
90.000000
444.000000
442.000000
481.000000
2914.000000
181.000000
172.000000
861.000000
470.000000
1049.000000
1354.000000
241.000000
68.000000
371.000000
1245.000000
1829.000000
99.000000
187.000000
442.000000
1446.000000
200.000000
499.000000
176.000000
183.000000
725.000000
1070.000000
395.000000
505.000000
153.000000
220.000000
1175.000000
660.000000
624.000000
3305.000000
66.000000
1151.000000
440.000000
268.000000
70.000000
1289.000000
1092.000000
1574.000000
357.000000
731.000000
257.000000
511.000000
1293.000000
1368.000000
148.000000
1279.000000
331.000000
661.000000
331.000000
377.000000
172.000000
655.000000
41.000000
1718.000000
361.000000
852.000000
169.000000
1181.000000
141.000000
874.000000
102.000000
259.000000
836.000000
236.000000
439.000000
1230.000000
536.000000
662.000000
692.000000
165.000000
150.000000
160.000000
928.000000
322.000000
1049.000000
425.000000
670.000000
1454.000000
764.000000
190.000000
2638.000000
429.000000
264.000000
712.000000
306.000000
1165.000000
1572.000000
858.000000
136.000000
392.000000
312.000000
260.000000
400.000000
112.000000
586.000000
1011.000000
485.000000
1511.000000
518.000000
328.000000
552.000000
260.000000
49.000000
3721.000000
1630.000000
388.000000
637.000000
270.000000
1810.000000
3463.000000
489.000000
577.000000
511.000000
558.000000
122.000000
231.000000
249.000000
512.000000
216.000000
146.000000
1342.000000
371.000000
275.000000
297.000000
982.000000
610.000000
2471.000000
582.000000
1892.000000
57.000000
425.000000
154.000000
365.000000
450.000000
395.000000
618.000000
555.000000
184.000000
75.000000
897.000000
463.000000
175.000000
2263.000000
1644.000000
122.000000
790.000000
78.000000
240.000000
238.000000
832.000000
47.000000
370.000000
282.000000
821.000000
387.000000
360.000000
77.000000
1178.000000
275.000000
362.000000
466.000000
73.000000
193.000000
447.000000
176.000000
412.000000
474.000000
810.000000
1342.000000
136.000000
294.000000
1400.000000
168.000000
82.000000
1775.000000
605.000000
292.000000
302.000000
103.000000
6699.000000
172.000000
380.000000
708.000000
457.000000
238.000000
280.000000
168.000000
83.000000
2731.000000
89.000000
111.000000
216.000000
104.000000
267.000000
1642.000000
887.000000
234.000000
673.000000
397.000000
1771.000000
1049.000000
424.000000
70.000000
1048.000000
154.000000
454.000000
678.000000
266.000000
116.000000
130.000000
252.000000
384.000000
121.000000
225.000000
244.000000
160.000000
275.000000
1242.000000
185.000000
77.000000
522.000000
173.000000
908.000000
407.000000
113.000000
935.000000
135.000000
84.000000
444.000000
101.000000
3558.000000
535.000000
1570.000000
225.000000
344.000000
663.000000
238.000000
246.000000
1131.000000
187.000000
874.000000
50.000000
180.000000
1046.000000
35.000000
309.000000
491.000000
391.000000
2196.000000
349.000000
209.000000
62.000000
664.000000
2002.000000
213.000000
251.000000
521.000000
593.000000
1604.000000
455.000000
334.000000
899.000000
1195.000000
91.000000
404.000000
1246.000000
628.000000
249.000000
592.000000
414.000000
2081.000000
329.000000
341.000000
556.000000
113.000000
961.000000
1095.000000
432.000000
92.000000
299.000000
326.000000
7416.000000
1006.000000
721.000000
575.000000
462.000000
2184.000000
1568.000000
247.000000
1914.000000
625.000000
188.000000
268.000000
807.000000
612.000000
886.000000
777.000000
2066.000000
133.000000
504.000000
578.000000
250.000000
526.000000
1409.000000
1093.000000
1158.000000
191.000000
300.000000
1143.000000
460.000000
106.000000
69.000000
316.000000
382.000000
154.000000
173.000000
1066.000000
409.000000
369.000000
123.000000
747.000000
463.000000
187.000000
436.000000
389.000000
189.000000
480.000000
316.000000
338.000000
328.000000
1424.000000
393.000000
74.000000
155.000000
1180.000000
182.000000
146.000000
217.000000
188.000000
287.000000
138.000000
349.000000
1532.000000
125.000000
129.000000
19.000000
207.000000
347.000000
432.000000
225.000000
708.000000
264.000000
513.000000
137.000000
590.000000
2475.000000
658.000000
143.000000
1952.000000
559.000000
115.000000
347.000000
830.000000
1116.000000
2086.000000
821.000000
1332.000000
695.000000
1995.000000
68.000000
150.000000
1323.000000
53.000000
1061.000000
900.000000
106.000000
225.000000
381.000000
1359.000000
63.000000
1162.000000
416.000000
218.000000
323.000000
1264.000000
1896.000000
135.000000
250.000000
402.000000
423.000000
2441.000000
1543.000000
1824.000000
1655.000000
291.000000
986.000000
584.000000
1503.000000
292.000000
1402.000000
310.000000
53.000000
598.000000
639.000000
245.000000
1345.000000
808.000000
306.000000
141.000000
1377.000000
815.000000
172.000000
128.000000
328.000000
912.000000
426.000000
790.000000
241.000000
187.000000
1065.000000
244.000000
1338.000000
327.000000
151.000000
392.000000
2027.000000
89.000000
749.000000
2050.000000
110.000000
417.000000
989.000000
536.000000
200.000000
295.000000
99.000000
389.000000
180.000000
681.000000
800.000000
1389.000000
262.000000
310.000000
134.000000
77.000000
776.000000
1119.000000
62.000000
228.000000
545.000000
146.000000
395.000000
507.000000
818.000000
107.000000
273.000000
252.000000
404.000000
152.000000
1262.000000
367.000000
506.000000
1683.000000
262.000000
200.000000
226.000000
217.000000
237.000000
268.000000
411.000000
731.000000
147.000000
102.000000
208.000000
393.000000
674.000000
1108.000000
113.000000
546.000000
781.000000
384.000000
59.000000
479.000000
345.000000
128.000000
122.000000
875.000000
1313.000000
147.000000
504.000000
519.000000
1218.000000
211.000000
722.000000
649.000000
241.000000
564.000000
1272.000000
274.000000
986.000000
448.000000
349.000000
299.000000
161.000000
741.000000
187.000000
129.000000
184.000000
1431.000000
6848.000000
2703.000000
833.000000
208.000000
334.000000
482.000000
2869.000000
313.000000
429.000000
241.000000
3598.000000
114.000000
206.000000
215.000000
107.000000
1810.000000
51.000000
165.000000
390.000000
1481.000000
411.000000
687.000000
620.000000
189.000000
213.000000
363.000000
469.000000
423.000000
389.000000
112.000000
2171.000000
392.000000
279.000000
1235.000000
535.000000
1631.000000
142.000000
2412.000000
4328.000000
1627.000000
399.000000
1593.000000
64.000000
1095.000000
312.000000
965.000000
1575.000000
402.000000
1567.000000
253.000000
228.000000
204.000000
735.000000
254.000000
121.000000
346.000000
255.000000
208.000000
236.000000
158.000000
454.000000
239.000000
536.000000
198.000000
630.000000
432.000000
230.000000
133.000000
652.000000
997.000000
298.000000
213.000000
4142.000000
562.000000
655.000000
300.000000
175.000000
234.000000
576.000000
269.000000
148.000000
181.000000
130.000000
118.000000
660.000000
118.000000
365.000000
218.000000
394.000000
552.000000
222.000000
178.000000
376.000000
210.000000
618.000000
880.000000
2237.000000
1879.000000
246.000000
501.000000
123.000000
59.000000
219.000000
580.000000
1742.000000
1306.000000
179.000000
302.000000
316.000000
252.000000
229.000000
1757.000000
226.000000
1423.000000
113.000000
275.000000
1563.000000
486.000000
587.000000
70.000000
200.000000
954.000000
229.000000
178.000000
724.000000
374.000000
295.000000
431.000000
2056.000000
425.000000
84.000000
606.000000
395.000000
379.000000
964.000000
536.000000
723.000000
32.000000
205.000000
250.000000
315.000000
1388.000000
448.000000
557.000000
962.000000
248.000000
1481.000000
410.000000
150.000000
140.000000
296.000000
2482.000000
862.000000
264.000000
681.000000
3967.000000
1381.000000
67.000000
304.000000
1657.000000
313.000000
97.000000
229.000000
514.000000
1812.000000
966.000000
558.000000
309.000000
222.000000
460.000000
173.000000
730.000000
501.000000
967.000000
514.000000
1414.000000
2534.000000
1172.000000
317.000000
178.000000
176.000000
672.000000
469.000000
111.000000
322.000000
138.000000
131.000000
77.000000
151.000000
275.000000
763.000000
580.000000
222.000000
366.000000
1122.000000
344.000000
316.000000
698.000000
677.000000
359.000000
787.000000
125.000000
101.000000
260.000000
441.000000
227.000000
886.000000
201.000000
701.000000
418.000000
1591.000000
395.000000
1716.000000
453.000000
347.000000
142.000000
197.000000
232.000000
530.000000
287.000000
1076.000000
140.000000
838.000000
150.000000
1012.000000
654.000000
493.000000
227.000000
230.000000
278.000000
617.000000
952.000000
316.000000
393.000000
665.000000
145.000000
522.000000
150.000000
241.000000
235.000000
454.000000
51.000000
1805.000000
135.000000
328.000000
551.000000
667.000000
87.000000
264.000000
103.000000
144.000000
1050.000000
742.000000
165.000000
1502.000000
759.000000
378.000000
200.000000
84.000000
623.000000
702.000000
1423.000000
114.000000
782.000000
83.000000
158.000000
155.000000
275.000000
109.000000
96.000000
114.000000
257.000000
396.000000
357.000000
1343.000000
695.000000
170.000000
2136.000000
393.000000
98.000000
223.000000
420.000000
123.000000
397.000000
1368.000000
46.000000
430.000000
297.000000
2067.000000
272.000000
946.000000
333.000000
577.000000
157.000000
160.000000
235.000000
379.000000
381.000000
383.000000
53.000000
2277.000000
536.000000
161.000000
312.000000
158.000000
214.000000
612.000000
967.000000
698.000000
487.000000
1039.000000
482.000000
1404.000000
2469.000000
396.000000
138.000000
75.000000
387.000000
186.000000
441.000000
693.000000
565.000000
270.000000
36.000000
381.000000
473.000000
319.000000
979.000000
1172.000000
704.000000
264.000000
89.000000
3052.000000
1500.000000
847.000000
598.000000
590.000000
488.000000
255.000000
262.000000
183.000000
83.000000
371.000000
835.000000
110.000000
287.000000
1473.000000
258.000000
615.000000
235.000000
218.000000
1174.000000
200.000000
2681.000000
1366.000000
98.000000
91.000000
1915.000000
202.000000
288.000000
2164.000000
521.000000
1228.000000
566.000000
632.000000
1848.000000
121.000000
385.000000
254.000000
211.000000
238.000000
304.000000
213.000000
855.000000
392.000000
1167.000000
212.000000
805.000000
123.000000
777.000000
368.000000
366.000000
746.000000
183.000000
770.000000
175.000000
360.000000
1297.000000
215.000000
209.000000
94.000000
133.000000
421.000000
2653.000000
225.000000
47.000000
146.000000
509.000000
452.000000
206.000000
