514.000000
270.000000
4385.000000
606.000000
692.000000
662.000000
231.000000
900.000000
429.000000
2002.000000
294.000000
1021.000000
210.000000
33.000000
283.000000
98.000000
560.000000
534.000000
215.000000
1511.000000
535.000000
597.000000
1145.000000
50.000000
677.000000
704.000000
1115.000000
1252.000000
444.000000
2572.000000
191.000000
341.000000
274.000000
1898.000000
350.000000
1291.000000
390.000000
730.000000
2869.000000
320.000000
229.000000
212.000000
527.000000
752.000000
46.000000
176.000000
105.000000
1861.000000
337.000000
133.000000
424.000000
52.000000
965.000000
2224.000000
572.000000
205.000000
2589.000000
149.000000
290.000000
633.000000
536.000000
376.000000
186.000000
210.000000
1830.000000
378.000000
1171.000000
104.000000
2318.000000
1990.000000
1028.000000
646.000000
1238.000000
661.000000
339.000000
4285.000000
91.000000
919.000000
1518.000000
115.000000
174.000000
445.000000
108.000000
423.000000
144.000000
208.000000
79.000000
2160.000000
286.000000
90.000000
2305.000000
244.000000
1345.000000
876.000000
1990.000000
73.000000
1069.000000
264.000000
2724.000000
384.000000
505.000000
2506.000000
221.000000
1142.000000
105.000000
1794.000000
118.000000
1461.000000
809.000000
203.000000
325.000000
1711.000000
131.000000
393.000000
680.000000
646.000000
229.000000
3455.000000
270.000000
342.000000
259.000000
1172.000000
842.000000
1235.000000
346.000000
712.000000
275.000000
51.000000
382.000000
240.000000
148.000000
137.000000
488.000000
254.000000
6270.000000
757.000000
667.000000
56.000000
165.000000
101.000000
95.000000
1201.000000
262.000000
155.000000
103.000000
442.000000
149.000000
535.000000
326.000000
2147.000000
761.000000
100.000000
679.000000
259.000000
1190.000000
299.000000
388.000000
400.000000
407.000000
132.000000
861.000000
220.000000
833.000000
1004.000000
98.000000
315.000000
146.000000
169.000000
33.000000
441.000000
571.000000
303.000000
190.000000
332.000000
56.000000
366.000000
126.000000
63.000000
839.000000
5002.000000
84.000000
419.000000
991.000000
143.000000
887.000000
214.000000
143.000000
631.000000
195.000000
3145.000000
116.000000
759.000000
116.000000
169.000000
180.000000
1007.000000
200.000000
241.000000
508.000000
234.000000
357.000000
519.000000
257.000000
1985.000000
3082.000000
587.000000
305.000000
289.000000
1523.000000
377.000000
157.000000
536.000000
100.000000
266.000000
834.000000
454.000000
453.000000
1044.000000
631.000000
842.000000
191.000000
483.000000
136.000000
645.000000
121.000000
218.000000
581.000000
1209.000000
389.000000
266.000000
444.000000
545.000000
267.000000
182.000000
369.000000
562.000000
345.000000
888.000000
562.000000
1551.000000
296.000000
664.000000
482.000000
148.000000
594.000000
788.000000
1545.000000
368.000000
646.000000
504.000000
793.000000
703.000000
214.000000
135.000000
1775.000000
223.000000
133.000000
1734.000000
804.000000
153.000000
450.000000
428.000000
453.000000
935.000000
226.000000
181.000000
630.000000
1077.000000
1017.000000
413.000000
732.000000
261.000000
223.000000
39.000000
197.000000
186.000000
192.000000
377.000000
386.000000
806.000000
301.000000
94.000000
916.000000
423.000000
52.000000
673.000000
343.000000
392.000000
2099.000000
226.000000
152.000000
1071.000000
7895.000000
992.000000
243.000000
363.000000
112.000000
525.000000
315.000000
748.000000
1883.000000
496.000000
133.000000
1994.000000
545.000000
1005.000000
150.000000
1381.000000
24.000000
241.000000
443.000000
76.000000
76.000000
256.000000
258.000000
2619.000000
1111.000000
891.000000
200.000000
378.000000
342.000000
533.000000
1313.000000
1432.000000
170.000000
173.000000
668.000000
148.000000
398.000000
415.000000
328.000000
1367.000000
193.000000
1038.000000
475.000000
313.000000
868.000000
80.000000
845.000000
98.000000
355.000000
998.000000
543.000000
391.000000
238.000000
144.000000
2183.000000
990.000000
307.000000
157.000000
2110.000000
605.000000
2485.000000
264.000000
328.000000
693.000000
439.000000
478.000000
628.000000
217.000000
264.000000
309.000000
1097.000000
97.000000
807.000000
236.000000
171.000000
1012.000000
255.000000
1441.000000
178.000000
240.000000
821.000000
635.000000
1187.000000
131.000000
466.000000
218.000000
1258.000000
1378.000000
554.000000
140.000000
1388.000000
1367.000000
220.000000
357.000000
182.000000
766.000000
1425.000000
51.000000
1251.000000
264.000000
343.000000
496.000000
303.000000
136.000000
1465.000000
269.000000
346.000000
237.000000
1426.000000
343.000000
291.000000
179.000000
975.000000
310.000000
85.000000
1134.000000
242.000000
48.000000
369.000000
225.000000
1161.000000
111.000000
374.000000
784.000000
93.000000
371.000000
388.000000
198.000000
394.000000
125.000000
269.000000
657.000000
345.000000
571.000000
605.000000
1525.000000
315.000000
104.000000
363.000000
323.000000
235.000000
390.000000
656.000000
599.000000
887.000000
159.000000
911.000000
117.000000
560.000000
507.000000
1939.000000
828.000000
552.000000
541.000000
1502.000000
3792.000000
126.000000
428.000000
260.000000
990.000000
276.000000
489.000000
421.000000
982.000000
71.000000
402.000000
157.000000
275.000000
204.000000
430.000000
331.000000
407.000000
335.000000
98.000000
3044.000000
482.000000
809.000000
409.000000
802.000000
629.000000
656.000000
517.000000
943.000000
703.000000
299.000000
78.000000
218.000000
1962.000000
59.000000
590.000000
452.000000
296.000000
200.000000
157.000000
162.000000
368.000000
792.000000
193.000000
1067.000000
1194.000000
607.000000
942.000000
177.000000
1586.000000
424.000000
275.000000
761.000000
775.000000
3230.000000
746.000000
514.000000
199.000000
338.000000
520.000000
300.000000
120.000000
192.000000
136.000000
177.000000
86.000000
1039.000000
2072.000000
135.000000
451.000000
66.000000
976.000000
1156.000000
830.000000
219.000000
505.000000
412.000000
518.000000
741.000000
4761.000000
1021.000000
1809.000000
776.000000
795.000000
11760.000000
233.000000
210.000000
272.000000
778.000000
204.000000
96.000000
240.000000
343.000000
174.000000
488.000000
76.000000
628.000000
383.000000
198.000000
49.000000
209.000000
664.000000
694.000000
228.000000
144.000000
270.000000
105.000000
496.000000
400.000000
183.000000
570.000000
2288.000000
611.000000
202.000000
1208.000000
1423.000000
278.000000
293.000000
781.000000
40.000000
51.000000
1221.000000
348.000000
2138.000000
571.000000
490.000000
784.000000
248.000000
129.000000
642.000000
537.000000
559.000000
509.000000
1186.000000
1183.000000
1819.000000
1613.000000
68.000000
501.000000
396.000000
515.000000
274.000000
588.000000
139.000000
50.000000
795.000000
241.000000
871.000000
361.000000
727.000000
41.000000
2723.000000
265.000000
81.000000
326.000000
1864.000000
167.000000
552.000000
59.000000
687.000000
171.000000
285.000000
56.000000
316.000000
1697.000000
737.000000
40.000000
1811.000000
368.000000
2120.000000
1177.000000
254.000000
111.000000
114.000000
157.000000
182.000000
676.000000
749.000000
35.000000
344.000000
1751.000000
692.000000
193.000000
898.000000
323.000000
1264.000000
343.000000
101.000000
526.000000
68.000000
1020.000000
576.000000
1131.000000
2107.000000
464.000000
930.000000
77.000000
1241.000000
268.000000
67.000000
574.000000
1011.000000
269.000000
253.000000
906.000000
1242.000000
974.000000
50.000000
323.000000
1035.000000
91.000000
244.000000
1998.000000
599.000000
303.000000
994.000000
1157.000000
347.000000
110.000000
120.000000
321.000000
80.000000
251.000000
92.000000
283.000000
253.000000
344.000000
194.000000
675.000000
1821.000000
278.000000
56.000000
141.000000
204.000000
61.000000
657.000000
434.000000
393.000000
832.000000
509.000000
674.000000
1109.000000
153.000000
108.000000
130.000000
85.000000
886.000000
381.000000
405.000000
355.000000
334.000000
3304.000000
400.000000
42.000000
722.000000
380.000000
1631.000000
380.000000
295.000000
501.000000
717.000000
742.000000
1503.000000
447.000000
236.000000
102.000000
372.000000
913.000000
2695.000000
592.000000
278.000000
580.000000
980.000000
1010.000000
398.000000
56.000000
164.000000
131.000000
795.000000
249.000000
173.000000
566.000000
591.000000
1017.000000
240.000000
89.000000
95.000000
290.000000
951.000000
705.000000
1362.000000
393.000000
1327.000000
3616.000000
87.000000
181.000000
138.000000
448.000000
128.000000
1714.000000
76.000000
1010.000000
1084.000000
693.000000
1233.000000
319.000000
406.000000
237.000000
103.000000
771.000000
176.000000
314.000000
965.000000
2244.000000
282.000000
165.000000
166.000000
1058.000000
658.000000
422.000000
295.000000
376.000000
145.000000
350.000000
1168.000000
892.000000
304.000000
411.000000
490.000000
540.000000
827.000000
159.000000
1103.000000
262.000000
232.000000
372.000000
420.000000
56.000000
582.000000
342.000000
41.000000
479.000000
515.000000
225.000000
128.000000
525.000000
222.000000
118.000000
187.000000
303.000000
366.000000
836.000000
2456.000000
188.000000
524.000000
718.000000
1764.000000
233.000000
404.000000
31.000000
1141.000000
610.000000
308.000000
402.000000
209.000000
173.000000
606.000000
135.000000
388.000000
2370.000000
628.000000
232.000000
487.000000
343.000000
1274.000000
155.000000
67.000000
1250.000000
1235.000000
171.000000
1606.000000
8746.000000
397.000000
526.000000
399.000000
350.000000
224.000000
245.000000
187.000000
185.000000
487.000000
1640.000000
643.000000
99.000000
203.000000
208.000000
140.000000
165.000000
748.000000
834.000000
965.000000
39.000000
927.000000
1304.000000
170.000000
1055.000000
3673.000000
859.000000
583.000000
696.000000
434.000000
243.000000
101.000000
1074.000000
228.000000
222.000000
356.000000
431.000000
955.000000
605.000000
376.000000
74.000000
575.000000
226.000000
539.000000
207.000000
473.000000
85.000000
455.000000
1168.000000
141.000000
1654.000000
904.000000
248.000000
181.000000
1139.000000
1014.000000
666.000000
91.000000
637.000000
754.000000
62.000000
2517.000000
3666.000000
107.000000
979.000000
2128.000000
245.000000
984.000000
295.000000
1402.000000
1262.000000
408.000000
2087.000000
347.000000
604.000000
79.000000
521.000000
397.000000
121.000000
4421.000000
91.000000
493.000000
217.000000
120.000000
572.000000
263.000000
845.000000
100.000000
623.000000
1741.000000
192.000000
340.000000
664.000000
323.000000
329.000000
121.000000
1285.000000
739.000000
828.000000
759.000000
328.000000
1230.000000
3164.000000
889.000000
377.000000
224.000000
3176.000000
311.000000
85.000000
260.000000
526.000000
136.000000
67.000000
792.000000
106.000000
325.000000
360.000000
466.000000
1308.000000
1454.000000
274.000000
442.000000
4515.000000
1097.000000
187.000000
890.000000
99.000000
263.000000
321.000000
93.000000
432.000000
958.000000
136.000000
190.000000
260.000000
338.000000
847.000000
1108.000000
1643.000000
1534.000000
260.000000
310.000000
151.000000
284.000000
590.000000
299.000000
860.000000
134.000000
347.000000
947.000000
1452.000000
472.000000
185.000000
881.000000
425.000000
1958.000000
14153.000000
43.000000
363.000000
2336.000000
606.000000
117.000000
93.000000
187.000000
611.000000
3167.000000
610.000000
2688.000000
1130.000000
3220.000000
625.000000
1035.000000
1143.000000
