308.000000
417.000000
5574.000000
60.000000
307.000000
553.000000
769.000000
150.000000
155.000000
154.000000
182.000000
648.000000
131.000000
317.000000
627.000000
270.000000
254.000000
2475.000000
975.000000
374.000000
178.000000
823.000000
592.000000
831.000000
492.000000
199.000000
227.000000
709.000000
90.000000
292.000000
454.000000
430.000000
2210.000000
157.000000
1485.000000
459.000000
668.000000
866.000000
362.000000
723.000000
1011.000000
837.000000
609.000000
602.000000
191.000000
674.000000
931.000000
343.000000
197.000000
1131.000000
140.000000
388.000000
539.000000
66.000000
475.000000
143.000000
344.000000
794.000000
288.000000
403.000000
525.000000
2573.000000
317.000000
224.000000
150.000000
515.000000
544.000000
985.000000
571.000000
433.000000
735.000000
284.000000
415.000000
236.000000
349.000000
142.000000
310.000000
382.000000
448.000000
419.000000
1054.000000
219.000000
1197.000000
975.000000
1910.000000
282.000000
680.000000
159.000000
352.000000
498.000000
72.000000
307.000000
347.000000
124.000000
274.000000
893.000000
357.000000
182.000000
209.000000
182.000000
283.000000
201.000000
1446.000000
718.000000
179.000000
625.000000
68.000000
883.000000
544.000000
156.000000
520.000000
834.000000
139.000000
1782.000000
1366.000000
527.000000
771.000000
268.000000
630.000000
838.000000
41.000000
887.000000
752.000000
63.000000
607.000000
105.000000
128.000000
463.000000
389.000000
1000.000000
403.000000
413.000000
944.000000
140.000000
463.000000
268.000000
298.000000
273.000000
363.000000
954.000000
1507.000000
776.000000
92.000000
1880.000000
1014.000000
250.000000
408.000000
215.000000
242.000000
709.000000
143.000000
91.000000
1218.000000
694.000000
286.000000
1602.000000
464.000000
190.000000
165.000000
396.000000
6167.000000
785.000000
1007.000000
790.000000
1076.000000
209.000000
319.000000
215.000000
113.000000
739.000000
253.000000
1243.000000
181.000000
269.000000
762.000000
145.000000
1287.000000
252.000000
834.000000
448.000000
976.000000
4546.000000
72.000000
385.000000
966.000000
910.000000
342.000000
120.000000
1820.000000
987.000000
2674.000000
715.000000
477.000000
525.000000
274.000000
110.000000
513.000000
126.000000
1011.000000
1843.000000
564.000000
412.000000
1120.000000
776.000000
232.000000
691.000000
107.000000
581.000000
380.000000
843.000000
163.000000
560.000000
1955.000000
298.000000
92.000000
169.000000
481.000000
2461.000000
367.000000
4706.000000
46.000000
324.000000
465.000000
34.000000
357.000000
327.000000
181.000000
629.000000
953.000000
522.000000
813.000000
634.000000
15.000000
1129.000000
593.000000
143.000000
1451.000000
3274.000000
394.000000
79.000000
43.000000
316.000000
2910.000000
265.000000
482.000000
139.000000
100.000000
373.000000
1409.000000
153.000000
487.000000
444.000000
725.000000
877.000000
548.000000
479.000000
168.000000
64.000000
143.000000
694.000000
1364.000000
1287.000000
298.000000
100.000000
377.000000
430.000000
112.000000
833.000000
178.000000
1076.000000
314.000000
240.000000
324.000000
532.000000
131.000000
654.000000
3820.000000
399.000000
2896.000000
323.000000
467.000000
182.000000
178.000000
83.000000
64.000000
443.000000
239.000000
622.000000
231.000000
225.000000
9.000000
377.000000
1035.000000
139.000000
45.000000
867.000000
254.000000
205.000000
86.000000
143.000000
125.000000
943.000000
199.000000
27.000000
353.000000
501.000000
447.000000
98.000000
392.000000
1115.000000
125.000000
966.000000
771.000000
1350.000000
2048.000000
328.000000
241.000000
462.000000
98.000000
493.000000
474.000000
207.000000
279.000000
87.000000
1534.000000
36.000000
460.000000
308.000000
138.000000
499.000000
984.000000
136.000000
251.000000
591.000000
208.000000
1190.000000
428.000000
317.000000
105.000000
904.000000
249.000000
415.000000
3409.000000
170.000000
450.000000
337.000000
981.000000
748.000000
71.000000
137.000000
3066.000000
280.000000
202.000000
286.000000
555.000000
16.000000
2096.000000
969.000000
947.000000
3281.000000
513.000000
745.000000
237.000000
356.000000
403.000000
1039.000000
590.000000
506.000000
402.000000
339.000000
247.000000
307.000000
180.000000
438.000000
59.000000
299.000000
202.000000
501.000000
893.000000
1999.000000
173.000000
4564.000000
539.000000
429.000000
101.000000
753.000000
348.000000
552.000000
789.000000
1154.000000
174.000000
417.000000
766.000000
295.000000
239.000000
622.000000
80.000000
107.000000
224.000000
939.000000
176.000000
1339.000000
226.000000
905.000000
1050.000000
1225.000000
225.000000
597.000000
167.000000
1554.000000
871.000000
117.000000
241.000000
536.000000
81.000000
143.000000
578.000000
363.000000
1057.000000
68.000000
590.000000
345.000000
183.000000
843.000000
670.000000
3082.000000
83.000000
561.000000
180.000000
661.000000
174.000000
200.000000
597.000000
309.000000
395.000000
2252.000000
163.000000
184.000000
78.000000
253.000000
965.000000
229.000000
884.000000
72.000000
533.000000
3325.000000
476.000000
221.000000
551.000000
667.000000
971.000000
87.000000
186.000000
92.000000
561.000000
86.000000
29.000000
88.000000
121.000000
98.000000
120.000000
253.000000
879.000000
291.000000
59.000000
173.000000
223.000000
292.000000
1095.000000
868.000000
5431.000000
143.000000
534.000000
848.000000
104.000000
476.000000
111.000000
2180.000000
653.000000
2540.000000
917.000000
106.000000
787.000000
451.000000
226.000000
984.000000
539.000000
872.000000
603.000000
346.000000
1451.000000
531.000000
278.000000
2609.000000
293.000000
3799.000000
1581.000000
562.000000
2402.000000
698.000000
792.000000
179.000000
75.000000
769.000000
400.000000
277.000000
709.000000
741.000000
1264.000000
101.000000
336.000000
248.000000
557.000000
198.000000
103.000000
621.000000
967.000000
1526.000000
162.000000
443.000000
379.000000
479.000000
620.000000
194.000000
575.000000
172.000000
303.000000
108.000000
119.000000
216.000000
689.000000
1056.000000
86.000000
241.000000
259.000000
245.000000
490.000000
39.000000
704.000000
6324.000000
88.000000
236.000000
117.000000
1531.000000
135.000000
117.000000
287.000000
1136.000000
503.000000
161.000000
239.000000
957.000000
285.000000
306.000000
780.000000
158.000000
721.000000
429.000000
81.000000
1925.000000
263.000000
725.000000
2421.000000
329.000000
385.000000
591.000000
101.000000
456.000000
170.000000
570.000000
216.000000
26.000000
228.000000
1375.000000
777.000000
1949.000000
42.000000
382.000000
789.000000
327.000000
697.000000
223.000000
121.000000
330.000000
938.000000
207.000000
261.000000
1561.000000
361.000000
1568.000000
205.000000
531.000000
990.000000
77.000000
432.000000
1148.000000
659.000000
3246.000000
496.000000
513.000000
358.000000
287.000000
48.000000
411.000000
158.000000
1619.000000
450.000000
598.000000
693.000000
515.000000
178.000000
419.000000
148.000000
93.000000
379.000000
176.000000
299.000000
243.000000
500.000000
1573.000000
526.000000
1549.000000
1344.000000
163.000000
138.000000
776.000000
5653.000000
102.000000
118.000000
412.000000
2860.000000
263.000000
257.000000
731.000000
445.000000
358.000000
740.000000
183.000000
1206.000000
181.000000
122.000000
354.000000
83.000000
178.000000
175.000000
565.000000
241.000000
534.000000
233.000000
1167.000000
332.000000
348.000000
883.000000
266.000000
733.000000
151.000000
276.000000
1164.000000
369.000000
452.000000
129.000000
128.000000
352.000000
374.000000
416.000000
798.000000
228.000000
314.000000
459.000000
800.000000
115.000000
70.000000
196.000000
1729.000000
165.000000
439.000000
333.000000
58.000000
1749.000000
360.000000
320.000000
1057.000000
126.000000
1246.000000
753.000000
560.000000
1085.000000
206.000000
78.000000
673.000000
163.000000
111.000000
604.000000
391.000000
183.000000
1113.000000
506.000000
1473.000000
568.000000
810.000000
530.000000
258.000000
622.000000
65.000000
612.000000
831.000000
518.000000
234.000000
242.000000
1269.000000
488.000000
1661.000000
835.000000
184.000000
95.000000
860.000000
971.000000
605.000000
540.000000
157.000000
484.000000
110.000000
444.000000
142.000000
388.000000
52.000000
513.000000
2629.000000
79.000000
181.000000
398.000000
301.000000
282.000000
118.000000
567.000000
190.000000
234.000000
55.000000
802.000000
611.000000
327.000000
126.000000
749.000000
1375.000000
135.000000
2565.000000
158.000000
1442.000000
538.000000
1228.000000
28.000000
670.000000
154.000000
359.000000
368.000000
488.000000
605.000000
166.000000
2077.000000
1051.000000
1165.000000
4703.000000
237.000000
1365.000000
83.000000
647.000000
397.000000
96.000000
556.000000
1364.000000
1337.000000
103.000000
110.000000
102.000000
959.000000
340.000000
219.000000
479.000000
164.000000
133.000000
711.000000
1692.000000
34.000000
287.000000
324.000000
530.000000
548.000000
910.000000
1523.000000
593.000000
155.000000
2557.000000
97.000000
427.000000
1816.000000
1496.000000
67.000000
586.000000
303.000000
441.000000
134.000000
927.000000
289.000000
675.000000
159.000000
644.000000
77.000000
35.000000
119.000000
188.000000
293.000000
262.000000
227.000000
180.000000
165.000000
388.000000
118.000000
215.000000
379.000000
689.000000
1440.000000
385.000000
173.000000
293.000000
408.000000
833.000000
272.000000
186.000000
389.000000
234.000000
573.000000
131.000000
488.000000
205.000000
445.000000
4494.000000
142.000000
603.000000
145.000000
19345.000000
155.000000
157.000000
568.000000
498.000000
106.000000
171.000000
803.000000
235.000000
1199.000000
1514.000000
668.000000
158.000000
1324.000000
238.000000
435.000000
192.000000
154.000000
493.000000
1707.000000
370.000000
346.000000
927.000000
2316.000000
834.000000
728.000000
97.000000
274.000000
339.000000
233.000000
385.000000
218.000000
4691.000000
840.000000
195.000000
544.000000
862.000000
46.000000
941.000000
319.000000
1413.000000
17.000000
857.000000
73.000000
717.000000
314.000000
1382.000000
137.000000
533.000000
532.000000
220.000000
526.000000
1095.000000
1029.000000
318.000000
1614.000000
216.000000
404.000000
140.000000
2597.000000
1100.000000
621.000000
779.000000
578.000000
1425.000000
590.000000
209.000000
214.000000
2406.000000
364.000000
554.000000
692.000000
514.000000
223.000000
1207.000000
469.000000
101.000000
758.000000
174.000000
370.000000
1342.000000
1094.000000
656.000000
557.000000
1478.000000
351.000000
270.000000
519.000000
883.000000
2029.000000
60.000000
62.000000
304.000000
1613.000000
594.000000
229.000000
387.000000
948.000000
214.000000
219.000000
632.000000
629.000000
848.000000
135.000000
440.000000
838.000000
701.000000
673.000000
309.000000
2765.000000
1643.000000
217.000000
2191.000000
100.000000
293.000000
256.000000
51.000000
765.000000
320.000000
727.000000
261.000000
1661.000000
115.000000
531.000000
483.000000
544.000000
1112.000000
166.000000
967.000000
731.000000
413.000000
276.000000
484.000000
2928.000000
370.000000
353.000000
63.000000
93.000000
254.000000
170.000000
243.000000
680.000000
324.000000
86.000000
342.000000
205.000000
124.000000
301.000000
42.000000
71.000000
1057.000000
507.000000
143.000000
340.000000
170.000000
332.000000
51.000000
1383.000000
103.000000
154.000000
436.000000
