411.000000
1577.000000
539.000000
270.000000
536.000000
332.000000
300.000000
126.000000
606.000000
202.000000
829.000000
212.000000
40.000000
2045.000000
419.000000
79.000000
146.000000
801.000000
125.000000
1193.000000
244.000000
218.000000
37.000000
83.000000
265.000000
328.000000
327.000000
173.000000
460.000000
729.000000
656.000000
245.000000
47.000000
83.000000
321.000000
1226.000000
361.000000
777.000000
270.000000
228.000000
482.000000
7461.000000
95.000000
434.000000
115.000000
404.000000
120.000000
206.000000
1949.000000
966.000000
388.000000
2688.000000
727.000000
4110.000000
279.000000
84.000000
889.000000
785.000000
1172.000000
188.000000
211.000000
641.000000
420.000000
216.000000
104.000000
393.000000
593.000000
124.000000
1055.000000
241.000000
75.000000
303.000000
201.000000
715.000000
325.000000
1186.000000
317.000000
88.000000
824.000000
395.000000
338.000000
1773.000000
1097.000000
603.000000
244.000000
2041.000000
645.000000
743.000000
348.000000
304.000000
380.000000
847.000000
451.000000
552.000000
171.000000
1244.000000
2090.000000
205.000000
896.000000
112.000000
255.000000
430.000000
274.000000
686.000000
79.000000
1535.000000
393.000000
174.000000
1136.000000
1320.000000
481.000000
245.000000
149.000000
188.000000
853.000000
1211.000000
6124.000000
219.000000
778.000000
99.000000
282.000000
819.000000
1432.000000
292.000000
568.000000
72.000000
157.000000
708.000000
255.000000
1025.000000
326.000000
178.000000
1601.000000
78.000000
1337.000000
1215.000000
237.000000
92.000000
165.000000
427.000000
57.000000
140.000000
21.000000
323.000000
648.000000
104.000000
218.000000
747.000000
1452.000000
359.000000
409.000000
357.000000
1352.000000
4784.000000
518.000000
394.000000
88.000000
492.000000
1149.000000
134.000000
3092.000000
327.000000
577.000000
1372.000000
666.000000
411.000000
429.000000
1008.000000
456.000000
309.000000
606.000000
228.000000
113.000000
306.000000
644.000000
191.000000
694.000000
828.000000
330.000000
743.000000
195.000000
1332.000000
471.000000
632.000000
257.000000
277.000000
306.000000
188.000000
243.000000
1078.000000
489.000000
184.000000
611.000000
1744.000000
1496.000000
401.000000
824.000000
446.000000
225.000000
581.000000
1460.000000
692.000000
260.000000
453.000000
121.000000
464.000000
909.000000
474.000000
743.000000
808.000000
284.000000
286.000000
398.000000
2299.000000
309.000000
62.000000
109.000000
204.000000
410.000000
1184.000000
93.000000
917.000000
516.000000
503.000000
674.000000
336.000000
214.000000
1941.000000
554.000000
2836.000000
189.000000
125.000000
566.000000
1551.000000
1141.000000
2694.000000
421.000000
107.000000
666.000000
94.000000
521.000000
204.000000
1247.000000
515.000000
1107.000000
38.000000
74.000000
305.000000
189.000000
383.000000
1189.000000
121.000000
1001.000000
351.000000
642.000000
43.000000
1274.000000
1398.000000
227.000000
104.000000
717.000000
35.000000
408.000000
583.000000
2552.000000
374.000000
474.000000
318.000000
189.000000
1735.000000
528.000000
289.000000
805.000000
639.000000
914.000000
896.000000
172.000000
355.000000
69.000000
487.000000
655.000000
160.000000
1478.000000
66.000000
68.000000
227.000000
709.000000
3813.000000
414.000000
1025.000000
233.000000
800.000000
935.000000
457.000000
910.000000
304.000000
736.000000
1688.000000
432.000000
390.000000
392.000000
649.000000
233.000000
662.000000
406.000000
269.000000
949.000000
303.000000
95.000000
488.000000
247.000000
1691.000000
434.000000
1231.000000
156.000000
161.000000
288.000000
801.000000
448.000000
145.000000
645.000000
559.000000
337.000000
124.000000
1725.000000
129.000000
718.000000
274.000000
131.000000
151.000000
1993.000000
937.000000
109.000000
462.000000
346.000000
657.000000
591.000000
319.000000
71.000000
1035.000000
624.000000
1588.000000
439.000000
393.000000
121.000000
1178.000000
1033.000000
156.000000
594.000000
955.000000
459.000000
1465.000000
651.000000
466.000000
679.000000
216.000000
401.000000
78.000000
673.000000
424.000000
326.000000
591.000000
158.000000
475.000000
210.000000
2280.000000
58.000000
852.000000
747.000000
462.000000
799.000000
434.000000
137.000000
522.000000
1264.000000
697.000000
389.000000
1126.000000
397.000000
492.000000
536.000000
531.000000
1033.000000
197.000000
119.000000
142.000000
1115.000000
982.000000
78.000000
83.000000
110.000000
1717.000000
547.000000
517.000000
349.000000
514.000000
923.000000
272.000000
736.000000
387.000000
648.000000
1779.000000
970.000000
308.000000
395.000000
2247.000000
711.000000
473.000000
677.000000
473.000000
159.000000
737.000000
504.000000
336.000000
54.000000
58.000000
161.000000
165.000000
372.000000
901.000000
647.000000
146.000000
290.000000
331.000000
128.000000
624.000000
194.000000
159.000000
218.000000
307.000000
1550.000000
366.000000
341.000000
346.000000
4193.000000
869.000000
1950.000000
386.000000
586.000000
599.000000
99.000000
199.000000
131.000000
159.000000
675.000000
248.000000
167.000000
533.000000
1413.000000
227.000000
550.000000
616.000000
542.000000
399.000000
483.000000
1139.000000
312.000000
644.000000
1225.000000
51.000000
2018.000000
3975.000000
135.000000
56.000000
167.000000
280.000000
747.000000
553.000000
464.000000
1641.000000
974.000000
4679.000000
128.000000
45.000000
489.000000
584.000000
488.000000
609.000000
662.000000
1161.000000
781.000000
3060.000000
2603.000000
111.000000
112.000000
99.000000
354.000000
328.000000
1236.000000
277.000000
127.000000
32.000000
746.000000
480.000000
1450.000000
1623.000000
423.000000
332.000000
484.000000
297.000000
309.000000
554.000000
211.000000
2283.000000
493.000000
2541.000000
207.000000
359.000000
463.000000
192.000000
702.000000
828.000000
201.000000
397.000000
424.000000
474.000000
149.000000
1000.000000
438.000000
185.000000
848.000000
1452.000000
120.000000
68.000000
128.000000
459.000000
1669.000000
233.000000
405.000000
2003.000000
464.000000
590.000000
372.000000
517.000000
139.000000
76.000000
1927.000000
495.000000
1862.000000
197.000000
946.000000
53.000000
1941.000000
919.000000
533.000000
180.000000
1251.000000
113.000000
106.000000
831.000000
67.000000
161.000000
60.000000
1319.000000
280.000000
590.000000
1762.000000
471.000000
649.000000
499.000000
1454.000000
245.000000
666.000000
153.000000
1940.000000
1218.000000
496.000000
204.000000
26.000000
92.000000
1284.000000
1254.000000
376.000000
55.000000
717.000000
154.000000
167.000000
427.000000
1264.000000
267.000000
1361.000000
284.000000
590.000000
72.000000
273.000000
3304.000000
917.000000
649.000000
188.000000
201.000000
708.000000
212.000000
882.000000
109.000000
134.000000
79.000000
113.000000
141.000000
837.000000
31.000000
652.000000
824.000000
84.000000
151.000000
2703.000000
671.000000
643.000000
1079.000000
284.000000
453.000000
914.000000
417.000000
541.000000
1412.000000
113.000000
347.000000
1938.000000
679.000000
400.000000
714.000000
71.000000
484.000000
186.000000
208.000000
889.000000
484.000000
1700.000000
2112.000000
100.000000
148.000000
600.000000
223.000000
84.000000
76.000000
578.000000
466.000000
14.000000
800.000000
279.000000
695.000000
995.000000
97.000000
54.000000
203.000000
323.000000
84.000000
269.000000
210.000000
181.000000
573.000000
1395.000000
816.000000
1169.000000
520.000000
3360.000000
119.000000
953.000000
446.000000
764.000000
515.000000
2194.000000
317.000000
406.000000
454.000000
1318.000000
234.000000
204.000000
915.000000
83.000000
1020.000000
367.000000
153.000000
48.000000
462.000000
1257.000000
613.000000
1259.000000
49.000000
421.000000
373.000000
2781.000000
447.000000
144.000000
3805.000000
105.000000
438.000000
568.000000
240.000000
1116.000000
3585.000000
62.000000
215.000000
903.000000
168.000000
206.000000
128.000000
244.000000
886.000000
484.000000
378.000000
779.000000
991.000000
93.000000
938.000000
614.000000
83.000000
354.000000
160.000000
59.000000
225.000000
1133.000000
382.000000
208.000000
676.000000
759.000000
501.000000
451.000000
1481.000000
2448.000000
235.000000
847.000000
207.000000
69.000000
430.000000
240.000000
240.000000
1064.000000
284.000000
293.000000
132.000000
161.000000
72.000000
421.000000
3397.000000
602.000000
1547.000000
532.000000
580.000000
273.000000
108.000000
141.000000
73.000000
91.000000
211.000000
375.000000
267.000000
1704.000000
346.000000
1443.000000
264.000000
1079.000000
227.000000
39.000000
478.000000
220.000000
1372.000000
408.000000
1085.000000
392.000000
436.000000
211.000000
2122.000000
1745.000000
6350.000000
147.000000
117.000000
250.000000
2489.000000
337.000000
36.000000
382.000000
261.000000
174.000000
366.000000
1295.000000
2161.000000
109.000000
367.000000
299.000000
366.000000
333.000000
441.000000
237.000000
1449.000000
320.000000
26.000000
793.000000
154.000000
4905.000000
482.000000
59.000000
385.000000
944.000000
401.000000
119.000000
334.000000
294.000000
61.000000
2206.000000
882.000000
364.000000
1946.000000
242.000000
798.000000
745.000000
627.000000
65.000000
364.000000
466.000000
1538.000000
817.000000
578.000000
270.000000
422.000000
602.000000
593.000000
895.000000
363.000000
349.000000
615.000000
1542.000000
946.000000
183.000000
1141.000000
394.000000
53.000000
1591.000000
91.000000
1285.000000
875.000000
575.000000
1111.000000
221.000000
872.000000
418.000000
1058.000000
493.000000
361.000000
1118.000000
414.000000
64.000000
281.000000
171.000000
212.000000
1943.000000
336.000000
126.000000
533.000000
572.000000
1129.000000
236.000000
85.000000
218.000000
296.000000
1176.000000
120.000000
583.000000
1113.000000
175.000000
130.000000
300.000000
286.000000
249.000000
291.000000
2071.000000
187.000000
162.000000
1424.000000
1246.000000
180.000000
1258.000000
148.000000
248.000000
336.000000
331.000000
987.000000
257.000000
497.000000
772.000000
1416.000000
106.000000
2275.000000
77.000000
417.000000
482.000000
1383.000000
594.000000
313.000000
667.000000
320.000000
1077.000000
725.000000
2019.000000
142.000000
1564.000000
158.000000
561.000000
833.000000
338.000000
671.000000
83.000000
136.000000
269.000000
265.000000
657.000000
339.000000
1796.000000
54.000000
982.000000
93.000000
50.000000
641.000000
326.000000
3297.000000
954.000000
1030.000000
421.000000
351.000000
417.000000
766.000000
414.000000
139.000000
1377.000000
249.000000
922.000000
72.000000
224.000000
94.000000
558.000000
673.000000
232.000000
985.000000
132.000000
73.000000
109.000000
338.000000
248.000000
1759.000000
891.000000
504.000000
1907.000000
437.000000
304.000000
134.000000
180.000000
593.000000
261.000000
261.000000
538.000000
115.000000
615.000000
892.000000
54.000000
1153.000000
538.000000
265.000000
665.000000
705.000000
195.000000
404.000000
843.000000
4344.000000
986.000000
341.000000
795.000000
385.000000
644.000000
267.000000
157.000000
207.000000
361.000000
260.000000
97.000000
1108.000000
134.000000
91.000000
104.000000
602.000000
488.000000
31.000000
254.000000
192.000000
279.000000
149.000000
2297.000000
587.000000
461.000000
1167.000000
231.000000
974.000000
710.000000
131.000000
1871.000000
214.000000
26.000000
215.000000
177.000000
180.000000
708.000000
162.000000
