352.000000
525.000000
366.000000
830.000000
70.000000
175.000000
136.000000
701.000000
234.000000
2232.000000
128.000000
1316.000000
425.000000
287.000000
430.000000
131.000000
752.000000
1345.000000
200.000000
214.000000
48.000000
254.000000
206.000000
373.000000
155.000000
339.000000
634.000000
636.000000
1583.000000
231.000000
95.000000
286.000000
165.000000
368.000000
322.000000
525.000000
565.000000
92.000000
425.000000
72.000000
257.000000
79.000000
1496.000000
457.000000
466.000000
691.000000
825.000000
344.000000
3067.000000
91.000000
1874.000000
5649.000000
171.000000
1525.000000
442.000000
534.000000
116.000000
117.000000
631.000000
139.000000
545.000000
55.000000
317.000000
1396.000000
359.000000
636.000000
385.000000
612.000000
204.000000
1968.000000
1376.000000
74.000000
361.000000
503.000000
1157.000000
831.000000
639.000000
712.000000
1124.000000
3716.000000
2052.000000
196.000000
1846.000000
175.000000
190.000000
2571.000000
153.000000
216.000000
553.000000
98.000000
1240.000000
239.000000
390.000000
711.000000
940.000000
673.000000
652.000000
42.000000
130.000000
715.000000
789.000000
323.000000
378.000000
1141.000000
1962.000000
120.000000
1093.000000
203.000000
42.000000
141.000000
306.000000
42.000000
448.000000
125.000000
122.000000
110.000000
92.000000
357.000000
249.000000
197.000000
69.000000
162.000000
837.000000
634.000000
137.000000
229.000000
178.000000
435.000000
1773.000000
100.000000
785.000000
1209.000000
884.000000
146.000000
45.000000
323.000000
1829.000000
75.000000
346.000000
398.000000
90.000000
513.000000
1137.000000
285.000000
242.000000
415.000000
956.000000
58.000000
656.000000
61.000000
353.000000
103.000000
499.000000
460.000000
245.000000
413.000000
1159.000000
133.000000
1103.000000
1538.000000
1933.000000
755.000000
525.000000
1098.000000
1096.000000
603.000000
899.000000
596.000000
558.000000
685.000000
128.000000
220.000000
43.000000
1581.000000
974.000000
140.000000
695.000000
271.000000
282.000000
789.000000
235.000000
190.000000
749.000000
263.000000
469.000000
86.000000
648.000000
583.000000
1327.000000
336.000000
1000.000000
400.000000
97.000000
2298.000000
535.000000
545.000000
926.000000
1349.000000
481.000000
663.000000
168.000000
269.000000
159.000000
530.000000
172.000000
384.000000
1006.000000
122.000000
168.000000
210.000000
26.000000
303.000000
533.000000
159.000000
10969.000000
109.000000
153.000000
450.000000
378.000000
143.000000
544.000000
608.000000
111.000000
1638.000000
803.000000
377.000000
584.000000
1532.000000
548.000000
128.000000
145.000000
1650.000000
1175.000000
1735.000000
1382.000000
247.000000
752.000000
523.000000
2316.000000
1587.000000
120.000000
1167.000000
667.000000
513.000000
76.000000
278.000000
550.000000
460.000000
714.000000
425.000000
264.000000
88.000000
285.000000
177.000000
595.000000
213.000000
1226.000000
485.000000
691.000000
216.000000
418.000000
1164.000000
423.000000
337.000000
1355.000000
512.000000
1001.000000
268.000000
88.000000
3107.000000
707.000000
384.000000
442.000000
675.000000
407.000000
490.000000
822.000000
216.000000
462.000000
327.000000
225.000000
656.000000
530.000000
1633.000000
685.000000
55.000000
146.000000
2506.000000
162.000000
151.000000
347.000000
557.000000
800.000000
103.000000
801.000000
282.000000
291.000000
311.000000
1175.000000
947.000000
204.000000
1059.000000
373.000000
764.000000
171.000000
1343.000000
726.000000
1643.000000
110.000000
2810.000000
138.000000
481.000000
372.000000
56.000000
581.000000
1822.000000
268.000000
148.000000
559.000000
2517.000000
533.000000
269.000000
418.000000
328.000000
198.000000
1071.000000
175.000000
1656.000000
101.000000
1385.000000
204.000000
1141.000000
55.000000
624.000000
246.000000
289.000000
182.000000
863.000000
93.000000
360.000000
418.000000
825.000000
229.000000
959.000000
147.000000
651.000000
336.000000
117.000000
171.000000
151.000000
156.000000
481.000000
709.000000
848.000000
1055.000000
873.000000
93.000000
360.000000
1533.000000
142.000000
138.000000
31.000000
1583.000000
594.000000
275.000000
523.000000
106.000000
1808.000000
43.000000
34.000000
6705.000000
1350.000000
372.000000
100.000000
105.000000
474.000000
703.000000
894.000000
1175.000000
174.000000
919.000000
726.000000
503.000000
298.000000
119.000000
1057.000000
746.000000
116.000000
376.000000
323.000000
685.000000
145.000000
70.000000
702.000000
251.000000
478.000000
115.000000
73.000000
3653.000000
246.000000
490.000000
643.000000
377.000000
481.000000
1414.000000
310.000000
1636.000000
486.000000
283.000000
389.000000
447.000000
440.000000
142.000000
109.000000
383.000000
911.000000
233.000000
757.000000
1610.000000
262.000000
1039.000000
737.000000
280.000000
498.000000
148.000000
178.000000
487.000000
147.000000
1603.000000
514.000000
981.000000
127.000000
169.000000
259.000000
1386.000000
41.000000
736.000000
102.000000
947.000000
799.000000
377.000000
169.000000
290.000000
1213.000000
790.000000
223.000000
608.000000
137.000000
184.000000
1638.000000
1346.000000
551.000000
2758.000000
514.000000
180.000000
808.000000
902.000000
271.000000
242.000000
214.000000
11.000000
316.000000
1788.000000
370.000000
157.000000
893.000000
333.000000
261.000000
420.000000
524.000000
180.000000
286.000000
1522.000000
620.000000
345.000000
353.000000
241.000000
345.000000
3008.000000
47.000000
1464.000000
438.000000
161.000000
296.000000
669.000000
198.000000
540.000000
218.000000
2331.000000
331.000000
1445.000000
3566.000000
155.000000
427.000000
729.000000
2967.000000
1532.000000
365.000000
118.000000
101.000000
325.000000
728.000000
999.000000
290.000000
407.000000
1867.000000
155.000000
588.000000
732.000000
152.000000
143.000000
249.000000
61.000000
72.000000
779.000000
475.000000
536.000000
242.000000
248.000000
330.000000
246.000000
245.000000
1750.000000
485.000000
444.000000
551.000000
304.000000
303.000000
154.000000
204.000000
319.000000
158.000000
368.000000
220.000000
304.000000
718.000000
4357.000000
378.000000
597.000000
92.000000
692.000000
204.000000
301.000000
1919.000000
97.000000
436.000000
112.000000
1091.000000
249.000000
919.000000
111.000000
127.000000
400.000000
505.000000
98.000000
331.000000
260.000000
957.000000
329.000000
177.000000
282.000000
2224.000000
49.000000
619.000000
52.000000
491.000000
2189.000000
299.000000
316.000000
699.000000
1211.000000
241.000000
854.000000
1012.000000
157.000000
257.000000
1176.000000
107.000000
741.000000
382.000000
1309.000000
951.000000
224.000000
61.000000
844.000000
315.000000
143.000000
197.000000
207.000000
958.000000
283.000000
321.000000
134.000000
311.000000
412.000000
205.000000
332.000000
355.000000
61.000000
83.000000
329.000000
587.000000
121.000000
554.000000
166.000000
36.000000
880.000000
106.000000
209.000000
311.000000
194.000000
804.000000
681.000000
29.000000
51.000000
446.000000
271.000000
191.000000
297.000000
159.000000
299.000000
393.000000
918.000000
198.000000
232.000000
1503.000000
902.000000
876.000000
698.000000
1080.000000
519.000000
253.000000
239.000000
154.000000
435.000000
629.000000
110.000000
307.000000
88.000000
488.000000
123.000000
59.000000
29.000000
241.000000
1358.000000
289.000000
334.000000
1612.000000
512.000000
998.000000
440.000000
401.000000
161.000000
12.000000
63.000000
1255.000000
237.000000
129.000000
156.000000
260.000000
418.000000
230.000000
530.000000
43.000000
138.000000
360.000000
151.000000
938.000000
62.000000
462.000000
486.000000
997.000000
339.000000
108.000000
897.000000
881.000000
305.000000
231.000000
445.000000
1324.000000
647.000000
294.000000
645.000000
506.000000
241.000000
217.000000
129.000000
157.000000
83.000000
640.000000
110.000000
934.000000
334.000000
461.000000
567.000000
348.000000
358.000000
260.000000
1041.000000
1372.000000
898.000000
2819.000000
462.000000
165.000000
2931.000000
511.000000
1118.000000
1025.000000
198.000000
1128.000000
653.000000
591.000000
123.000000
1728.000000
426.000000
9278.000000
349.000000
448.000000
2402.000000
181.000000
474.000000
322.000000
468.000000
588.000000
162.000000
661.000000
1709.000000
135.000000
1473.000000
329.000000
625.000000
1987.000000
42.000000
299.000000
462.000000
550.000000
661.000000
2232.000000
169.000000
877.000000
518.000000
452.000000
197.000000
429.000000
725.000000
1053.000000
896.000000
3609.000000
200.000000
38.000000
339.000000
169.000000
427.000000
500.000000
120.000000
2240.000000
567.000000
423.000000
65.000000
4041.000000
255.000000
269.000000
229.000000
883.000000
310.000000
2814.000000
544.000000
2731.000000
160.000000
411.000000
612.000000
81.000000
252.000000
759.000000
1187.000000
123.000000
177.000000
654.000000
752.000000
500.000000
474.000000
309.000000
278.000000
669.000000
3144.000000
478.000000
179.000000
102.000000
1597.000000
67.000000
77.000000
108.000000
262.000000
181.000000
895.000000
608.000000
405.000000
1370.000000
249.000000
4908.000000
350.000000
1019.000000
541.000000
339.000000
262.000000
588.000000
396.000000
3022.000000
104.000000
255.000000
285.000000
1286.000000
1236.000000
348.000000
917.000000
397.000000
485.000000
186.000000
485.000000
110.000000
42.000000
1139.000000
401.000000
65.000000
1785.000000
2155.000000
359.000000
138.000000
1532.000000
284.000000
3691.000000
492.000000
1069.000000
221.000000
382.000000
488.000000
2026.000000
332.000000
169.000000
183.000000
105.000000
536.000000
363.000000
591.000000
129.000000
414.000000
1901.000000
305.000000
334.000000
375.000000
165.000000
1824.000000
225.000000
1865.000000
51.000000
73.000000
3252.000000
1094.000000
112.000000
1125.000000
506.000000
530.000000
150.000000
256.000000
389.000000
350.000000
710.000000
2842.000000
215.000000
1315.000000
385.000000
757.000000
782.000000
189.000000
148.000000
224.000000
248.000000
242.000000
514.000000
2888.000000
281.000000
1554.000000
175.000000
242.000000
205.000000
559.000000
265.000000
1888.000000
349.000000
455.000000
128.000000
1383.000000
178.000000
127.000000
642.000000
2437.000000
372.000000
378.000000
271.000000
775.000000
152.000000
1036.000000
240.000000
224.000000
1861.000000
416.000000
347.000000
388.000000
5330.000000
700.000000
314.000000
426.000000
1425.000000
67.000000
195.000000
201.000000
284.000000
374.000000
766.000000
118.000000
478.000000
454.000000
447.000000
81.000000
1735.000000
567.000000
142.000000
308.000000
580.000000
761.000000
177.000000
422.000000
372.000000
396.000000
399.000000
186.000000
456.000000
79.000000
279.000000
128.000000
676.000000
189.000000
623.000000
162.000000
35.000000
659.000000
124.000000
550.000000
97.000000
710.000000
1004.000000
1311.000000
252.000000
184.000000
211.000000
1374.000000
574.000000
198.000000
1386.000000
162.000000
962.000000
735.000000
1052.000000
257.000000
1158.000000
286.000000
243.000000
217.000000
168.000000
787.000000
109.000000
150.000000
606.000000
793.000000
449.000000
275.000000
1788.000000
1286.000000
199.000000
182.000000
486.000000
2000.000000
2243.000000
193.000000
250.000000
497.000000
1644.000000
911.000000
286.000000
745.000000
154.000000
1070.000000
2018.000000
1505.000000
1331.000000
1102.000000
459.000000
920.000000
917.000000
332.000000
