466.000000
195.000000
1082.000000
500.000000
657.000000
185.000000
819.000000
324.000000
307.000000
1460.000000
99.000000
407.000000
49.000000
467.000000
260.000000
366.000000
427.000000
194.000000
152.000000
200.000000
379.000000
265.000000
518.000000
116.000000
400.000000
115.000000
52.000000
203.000000
181.000000
123.000000
1561.000000
201.000000
155.000000
105.000000
118.000000
1680.000000
480.000000
113.000000
595.000000
190.000000
283.000000
1265.000000
419.000000
310.000000
1501.000000
210.000000
1103.000000
245.000000
49.000000
400.000000
20.000000
412.000000
222.000000
327.000000
963.000000
720.000000
375.000000
93.000000
767.000000
1416.000000
334.000000
378.000000
683.000000
120.000000
692.000000
796.000000
802.000000
699.000000
827.000000
338.000000
119.000000
241.000000
1861.000000
667.000000
484.000000
142.000000
8541.000000
332.000000
233.000000
198.000000
155.000000
648.000000
559.000000
219.000000
30.000000
587.000000
204.000000
353.000000
6283.000000
50.000000
271.000000
1328.000000
30.000000
408.000000
49.000000
3258.000000
729.000000
1170.000000
238.000000
126.000000
59.000000
284.000000
1697.000000
472.000000
64.000000
255.000000
410.000000
1115.000000
425.000000
1379.000000
633.000000
1113.000000
227.000000
948.000000
588.000000
3256.000000
6111.000000
169.000000
527.000000
102.000000
104.000000
2066.000000
35.000000
86.000000
1665.000000
353.000000
440.000000
157.000000
71.000000
648.000000
787.000000
811.000000
1569.000000
320.000000
75.000000
283.000000
845.000000
1404.000000
105.000000
319.000000
522.000000
1090.000000
2630.000000
1376.000000
333.000000
591.000000
145.000000
1172.000000
1535.000000
959.000000
375.000000
8514.000000
2537.000000
179.000000
200.000000
231.000000
328.000000
888.000000
427.000000
653.000000
442.000000
97.000000
548.000000
266.000000
101.000000
494.000000
407.000000
515.000000
976.000000
622.000000
1194.000000
175.000000
118.000000
383.000000
288.000000
333.000000
291.000000
52.000000
117.000000
205.000000
585.000000
237.000000
445.000000
495.000000
162.000000
316.000000
228.000000
107.000000
1037.000000
241.000000
322.000000
440.000000
438.000000
1393.000000
515.000000
82.000000
196.000000
4129.000000
589.000000
183.000000
315.000000
18.000000
2238.000000
22.000000
160.000000
347.000000
411.000000
746.000000
305.000000
75.000000
1485.000000
286.000000
178.000000
1685.000000
392.000000
333.000000
1164.000000
47.000000
255.000000
143.000000
523.000000
288.000000
1015.000000
337.000000
275.000000
171.000000
1379.000000
220.000000
2479.000000
379.000000
377.000000
248.000000
280.000000
122.000000
1024.000000
1935.000000
196.000000
385.000000
575.000000
187.000000
1712.000000
2180.000000
175.000000
552.000000
2386.000000
138.000000
202.000000
541.000000
64.000000
237.000000
422.000000
185.000000
1353.000000
347.000000
385.000000
2302.000000
615.000000
68.000000
770.000000
957.000000
128.000000
163.000000
1472.000000
761.000000
32.000000
194.000000
73.000000
433.000000
335.000000
1476.000000
67.000000
489.000000
1861.000000
285.000000
1480.000000
297.000000
1141.000000
189.000000
849.000000
682.000000
133.000000
307.000000
209.000000
473.000000
887.000000
1503.000000
1884.000000
97.000000
391.000000
1681.000000
631.000000
316.000000
473.000000
264.000000
140.000000
230.000000
399.000000
395.000000
138.000000
935.000000
431.000000
499.000000
266.000000
801.000000
62.000000
91.000000
698.000000
526.000000
643.000000
1548.000000
1640.000000
1396.000000
703.000000
810.000000
280.000000
312.000000
1981.000000
484.000000
333.000000
197.000000
172.000000
314.000000
1386.000000
884.000000
197.000000
1359.000000
1298.000000
186.000000
146.000000
1037.000000
683.000000
1038.000000
966.000000
2533.000000
1454.000000
258.000000
460.000000
73.000000
542.000000
812.000000
173.000000
75.000000
316.000000
200.000000
1275.000000
514.000000
508.000000
87.000000
156.000000
601.000000
636.000000
759.000000
109.000000
135.000000
332.000000
55.000000
5304.000000
510.000000
226.000000
180.000000
302.000000
88.000000
1648.000000
254.000000
1634.000000
312.000000
2943.000000
456.000000
311.000000
122.000000
673.000000
370.000000
172.000000
2203.000000
1044.000000
1115.000000
128.000000
444.000000
456.000000
192.000000
140.000000
614.000000
909.000000
1483.000000
4732.000000
304.000000
21.000000
381.000000
665.000000
780.000000
476.000000
64.000000
589.000000
48.000000
267.000000
283.000000
910.000000
330.000000
67.000000
223.000000
847.000000
284.000000
932.000000
1412.000000
1527.000000
715.000000
296.000000
4349.000000
362.000000
199.000000
528.000000
1303.000000
95.000000
507.000000
205.000000
609.000000
1207.000000
386.000000
1516.000000
189.000000
345.000000
237.000000
131.000000
2334.000000
453.000000
333.000000
1602.000000
922.000000
459.000000
486.000000
414.000000
406.000000
604.000000
740.000000
90.000000
154.000000
649.000000
3111.000000
199.000000
229.000000
157.000000
442.000000
107.000000
1153.000000
186.000000
209.000000
91.000000
596.000000
1936.000000
2350.000000
2195.000000
316.000000
1014.000000
317.000000
476.000000
235.000000
452.000000
261.000000
1942.000000
341.000000
225.000000
918.000000
162.000000
579.000000
317.000000
888.000000
283.000000
1317.000000
119.000000
353.000000
1917.000000
489.000000
364.000000
123.000000
495.000000
225.000000
124.000000
492.000000
759.000000
263.000000
540.000000
491.000000
50.000000
872.000000
313.000000
1694.000000
926.000000
39.000000
621.000000
244.000000
96.000000
514.000000
60.000000
195.000000
397.000000
181.000000
276.000000
165.000000
90.000000
209.000000
829.000000
3426.000000
2803.000000
451.000000
1038.000000
731.000000
298.000000
249.000000
580.000000
462.000000
444.000000
96.000000
1408.000000
70.000000
212.000000
183.000000
309.000000
1603.000000
152.000000
1168.000000
415.000000
757.000000
434.000000
586.000000
187.000000
260.000000
64.000000
291.000000
487.000000
1976.000000
60.000000
1012.000000
1190.000000
34.000000
172.000000
947.000000
400.000000
1084.000000
228.000000
117.000000
424.000000
303.000000
1611.000000
1010.000000
159.000000
289.000000
164.000000
515.000000
4371.000000
146.000000
193.000000
202.000000
140.000000
66.000000
234.000000
324.000000
1090.000000
758.000000
102.000000
359.000000
759.000000
856.000000
1284.000000
1447.000000
2061.000000
71.000000
246.000000
420.000000
126.000000
824.000000
286.000000
1784.000000
682.000000
139.000000
279.000000
540.000000
907.000000
2206.000000
1345.000000
217.000000
1425.000000
364.000000
597.000000
127.000000
608.000000
191.000000
636.000000
333.000000
424.000000
718.000000
1742.000000
161.000000
2708.000000
271.000000
227.000000
1099.000000
1065.000000
277.000000
1729.000000
113.000000
253.000000
373.000000
2036.000000
1003.000000
208.000000
407.000000
490.000000
280.000000
342.000000
276.000000
1572.000000
240.000000
775.000000
621.000000
1036.000000
823.000000
360.000000
359.000000
175.000000
408.000000
460.000000
597.000000
798.000000
125.000000
67.000000
809.000000
568.000000
904.000000
398.000000
584.000000
142.000000
1035.000000
101.000000
342.000000
296.000000
315.000000
1104.000000
490.000000
1130.000000
163.000000
1365.000000
120.000000
412.000000
519.000000
209.000000
629.000000
77.000000
47.000000
274.000000
489.000000
249.000000
2559.000000
591.000000
1341.000000
474.000000
226.000000
277.000000
227.000000
255.000000
458.000000
649.000000
3448.000000
1156.000000
1728.000000
135.000000
68.000000
153.000000
516.000000
105.000000
650.000000
6484.000000
141.000000
433.000000
484.000000
807.000000
314.000000
157.000000
3509.000000
313.000000
189.000000
476.000000
795.000000
1634.000000
199.000000
819.000000
1394.000000
466.000000
51.000000
103.000000
1335.000000
82.000000
79.000000
63.000000
302.000000
809.000000
310.000000
653.000000
276.000000
267.000000
523.000000
496.000000
913.000000
1451.000000
643.000000
948.000000
730.000000
1049.000000
303.000000
382.000000
335.000000
105.000000
221.000000
1389.000000
645.000000
798.000000
193.000000
60.000000
451.000000
95.000000
661.000000
82.000000
214.000000
75.000000
656.000000
458.000000
470.000000
192.000000
310.000000
480.000000
1795.000000
39.000000
455.000000
1258.000000
108.000000
1432.000000
304.000000
274.000000
470.000000
1539.000000
122.000000
727.000000
47.000000
403.000000
860.000000
485.000000
1176.000000
1478.000000
143.000000
257.000000
239.000000
80.000000
4555.000000
87.000000
259.000000
850.000000
37.000000
331.000000
311.000000
376.000000
621.000000
89.000000
756.000000
73.000000
717.000000
473.000000
253.000000
420.000000
2967.000000
234.000000
367.000000
2101.000000
518.000000
208.000000
2602.000000
1007.000000
795.000000
767.000000
297.000000
43.000000
360.000000
195.000000
270.000000
451.000000
424.000000
385.000000
23.000000
941.000000
673.000000
424.000000
413.000000
61.000000
2480.000000
279.000000
110.000000
372.000000
1065.000000
1161.000000
254.000000
767.000000
370.000000
2319.000000
164.000000
46.000000
364.000000
825.000000
249.000000
174.000000
124.000000
1290.000000
236.000000
793.000000
292.000000
2003.000000
661.000000
927.000000
193.000000
781.000000
221.000000
1716.000000
762.000000
2957.000000
121.000000
476.000000
465.000000
396.000000
2097.000000
1995.000000
878.000000
1710.000000
1726.000000
274.000000
527.000000
406.000000
192.000000
1009.000000
431.000000
1164.000000
48.000000
639.000000
439.000000
174.000000
1486.000000
1089.000000
23.000000
409.000000
253.000000
419.000000
627.000000
188.000000
88.000000
640.000000
1138.000000
132.000000
167.000000
2963.000000
1257.000000
198.000000
87.000000
301.000000
321.000000
336.000000
1165.000000
671.000000
154.000000
597.000000
180.000000
895.000000
1181.000000
37.000000
991.000000
2403.000000
692.000000
639.000000
580.000000
640.000000
354.000000
347.000000
52.000000
263.000000
558.000000
218.000000
442.000000
270.000000
331.000000
706.000000
140.000000
765.000000
2417.000000
4299.000000
2084.000000
454.000000
296.000000
190.000000
1861.000000
374.000000
313.000000
163.000000
2710.000000
153.000000
266.000000
79.000000
414.000000
163.000000
431.000000
351.000000
1332.000000
138.000000
1524.000000
1754.000000
386.000000
179.000000
180.000000
268.000000
41.000000
543.000000
133.000000
293.000000
698.000000
543.000000
353.000000
116.000000
149.000000
186.000000
118.000000
160.000000
337.000000
34.000000
82.000000
183.000000
633.000000
1021.000000
1591.000000
422.000000
65.000000
570.000000
373.000000
1219.000000
368.000000
546.000000
353.000000
126.000000
1053.000000
2279.000000
880.000000
1614.000000
265.000000
102.000000
1580.000000
3164.000000
508.000000
1420.000000
220.000000
505.000000
354.000000
1047.000000
351.000000
90.000000
655.000000
645.000000
142.000000
412.000000
664.000000
163.000000
287.000000
79.000000
301.000000
581.000000
132.000000
236.000000
882.000000
2436.000000
1623.000000
1489.000000
280.000000
1227.000000
376.000000
1907.000000
1264.000000
314.000000
178.000000
1026.000000
421.000000
692.000000
281.000000
521.000000
640.000000
407.000000
567.000000
155.000000
743.000000
56.000000
104.000000
269.000000
1924.000000
720.000000
393.000000
127.000000
781.000000
171.000000
118.000000
