325.000000
529.000000
558.000000
120.000000
338.000000
161.000000
941.000000
788.000000
148.000000
1056.000000
172.000000
266.000000
1141.000000
1106.000000
534.000000
67.000000
21.000000
180.000000
1614.000000
323.000000
625.000000
313.000000
951.000000
235.000000
995.000000
83.000000
339.000000
1190.000000
342.000000
214.000000
107.000000
245.000000
186.000000
547.000000
6949.000000
1953.000000
964.000000
518.000000
230.000000
1282.000000
382.000000
330.000000
177.000000
542.000000
1629.000000
3062.000000
2011.000000
65.000000
389.000000
681.000000
396.000000
907.000000
92.000000
56.000000
1374.000000
317.000000
1620.000000
389.000000
548.000000
89.000000
259.000000
656.000000
810.000000
482.000000
139.000000
107.000000
959.000000
221.000000
144.000000
1236.000000
673.000000
1728.000000
2062.000000
422.000000
507.000000
125.000000
1858.000000
933.000000
130.000000
493.000000
272.000000
1242.000000
1356.000000
843.000000
71.000000
274.000000
76.000000
990.000000
1076.000000
360.000000
816.000000
380.000000
43.000000
2022.000000
125.000000
334.000000
89.000000
377.000000
342.000000
167.000000
568.000000
308.000000
2709.000000
361.000000
115.000000
104.000000
264.000000
452.000000
1379.000000
1389.000000
141.000000
1131.000000
492.000000
618.000000
400.000000
365.000000
487.000000
85.000000
97.000000
215.000000
729.000000
128.000000
295.000000
327.000000
366.000000
1259.000000
184.000000
332.000000
224.000000
433.000000
483.000000
164.000000
1480.000000
757.000000
883.000000
95.000000
260.000000
605.000000
222.000000
1041.000000
205.000000
387.000000
1732.000000
368.000000
1146.000000
1522.000000
1154.000000
152.000000
416.000000
362.000000
376.000000
432.000000
645.000000
174.000000
451.000000
168.000000
66.000000
941.000000
482.000000
687.000000
473.000000
2423.000000
374.000000
241.000000
789.000000
408.000000
187.000000
365.000000
425.000000
767.000000
242.000000
3502.000000
207.000000
612.000000
345.000000
474.000000
293.000000
175.000000
1698.000000
230.000000
202.000000
894.000000
192.000000
432.000000
830.000000
1075.000000
1918.000000
1275.000000
549.000000
279.000000
882.000000
218.000000
94.000000
390.000000
215.000000
642.000000
531.000000
560.000000
187.000000
448.000000
406.000000
277.000000
2626.000000
308.000000
561.000000
1030.000000
154.000000
944.000000
925.000000
2707.000000
378.000000
187.000000
465.000000
385.000000
183.000000
1214.000000
587.000000
488.000000
616.000000
531.000000
340.000000
547.000000
359.000000
685.000000
29.000000
835.000000
1338.000000
34.000000
1320.000000
216.000000
682.000000
911.000000
125.000000
258.000000
242.000000
175.000000
77.000000
271.000000
650.000000
527.000000
277.000000
260.000000
494.000000
3734.000000
241.000000
632.000000
217.000000
119.000000
39.000000
601.000000
152.000000
1759.000000
412.000000
281.000000
248.000000
376.000000
633.000000
1447.000000
501.000000
107.000000
396.000000
183.000000
262.000000
354.000000
317.000000
745.000000
487.000000
613.000000
375.000000
1236.000000
2383.000000
305.000000
147.000000
862.000000
364.000000
2749.000000
159.000000
1054.000000
420.000000
1326.000000
717.000000
385.000000
521.000000
1844.000000
728.000000
284.000000
395.000000
339.000000
403.000000
455.000000
245.000000
223.000000
2160.000000
120.000000
2366.000000
287.000000
2710.000000
820.000000
174.000000
236.000000
23.000000
258.000000
346.000000
3436.000000
846.000000
2336.000000
461.000000
444.000000
959.000000
246.000000
361.000000
330.000000
1525.000000
231.000000
815.000000
590.000000
198.000000
107.000000
303.000000
212.000000
105.000000
208.000000
226.000000
103.000000
616.000000
248.000000
871.000000
322.000000
84.000000
2327.000000
5116.000000
155.000000
1546.000000
303.000000
1106.000000
154.000000
629.000000
407.000000
590.000000
180.000000
1189.000000
473.000000
1138.000000
349.000000
212.000000
104.000000
588.000000
3299.000000
253.000000
641.000000
219.000000
969.000000
465.000000
379.000000
387.000000
363.000000
1810.000000
689.000000
807.000000
1004.000000
579.000000
1249.000000
524.000000
736.000000
232.000000
208.000000
805.000000
906.000000
853.000000
723.000000
2042.000000
130.000000
185.000000
1325.000000
936.000000
1184.000000
215.000000
177.000000
451.000000
194.000000
242.000000
184.000000
345.000000
555.000000
837.000000
178.000000
111.000000
609.000000
115.000000
355.000000
380.000000
58.000000
247.000000
183.000000
397.000000
256.000000
826.000000
850.000000
1051.000000
2550.000000
820.000000
184.000000
470.000000
359.000000
126.000000
91.000000
248.000000
1003.000000
757.000000
469.000000
1535.000000
295.000000
335.000000
336.000000
228.000000
112.000000
1684.000000
566.000000
784.000000
1326.000000
99.000000
355.000000
859.000000
178.000000
783.000000
204.000000
399.000000
135.000000
233.000000
1549.000000
212.000000
1461.000000
1726.000000
56.000000
117.000000
2111.000000
378.000000
112.000000
321.000000
167.000000
316.000000
200.000000
1200.000000
900.000000
1262.000000
253.000000
76.000000
206.000000
302.000000
1702.000000
276.000000
215.000000
603.000000
95.000000
410.000000
1424.000000
354.000000
4105.000000
1092.000000
405.000000
111.000000
102.000000
4413.000000
132.000000
1365.000000
944.000000
353.000000
104.000000
67.000000
1468.000000
790.000000
1491.000000
518.000000
503.000000
1193.000000
512.000000
329.000000
271.000000
236.000000
600.000000
452.000000
357.000000
1686.000000
419.000000
344.000000
1076.000000
107.000000
308.000000
264.000000
1595.000000
35.000000
87.000000
97.000000
129.000000
704.000000
523.000000
131.000000
627.000000
185.000000
323.000000
826.000000
123.000000
671.000000
244.000000
1872.000000
818.000000
85.000000
497.000000
33.000000
91.000000
568.000000
789.000000
1236.000000
252.000000
2977.000000
1223.000000
105.000000
1073.000000
146.000000
509.000000
336.000000
1024.000000
335.000000
6.000000
772.000000
655.000000
105.000000
428.000000
1371.000000
888.000000
2099.000000
252.000000
893.000000
566.000000
1197.000000
86.000000
154.000000
382.000000
201.000000
776.000000
156.000000
2416.000000
340.000000
354.000000
90.000000
269.000000
170.000000
237.000000
2696.000000
1022.000000
284.000000
109.000000
2153.000000
83.000000
2487.000000
122.000000
2083.000000
156.000000
297.000000
231.000000
228.000000
139.000000
878.000000
1243.000000
160.000000
22.000000
196.000000
105.000000
126.000000
40.000000
223.000000
502.000000
185.000000
94.000000
169.000000
1771.000000
234.000000
585.000000
603.000000
750.000000
252.000000
693.000000
720.000000
1065.000000
437.000000
4081.000000
1394.000000
331.000000
717.000000
201.000000
629.000000
443.000000
1568.000000
301.000000
631.000000
298.000000
331.000000
249.000000
1502.000000
552.000000
422.000000
138.000000
811.000000
126.000000
512.000000
182.000000
507.000000
243.000000
379.000000
69.000000
2498.000000
1049.000000
107.000000
808.000000
691.000000
1484.000000
92.000000
1129.000000
662.000000
171.000000
242.000000
337.000000
177.000000
172.000000
271.000000
408.000000
1485.000000
129.000000
1080.000000
301.000000
143.000000
128.000000
272.000000
240.000000
887.000000
53.000000
404.000000
398.000000
974.000000
288.000000
1787.000000
295.000000
689.000000
706.000000
3103.000000
2274.000000
170.000000
316.000000
316.000000
592.000000
269.000000
264.000000
538.000000
782.000000
134.000000
136.000000
701.000000
265.000000
558.000000
890.000000
2866.000000
697.000000
817.000000
1343.000000
685.000000
672.000000
2435.000000
126.000000
34.000000
167.000000
405.000000
564.000000
202.000000
213.000000
525.000000
409.000000
193.000000
85.000000
814.000000
134.000000
1355.000000
185.000000
260.000000
767.000000
132.000000
361.000000
88.000000
158.000000
387.000000
118.000000
136.000000
40.000000
602.000000
65.000000
348.000000
53.000000
166.000000
728.000000
531.000000
120.000000
848.000000
1173.000000
595.000000
186.000000
309.000000
242.000000
809.000000
189.000000
296.000000
144.000000
495.000000
260.000000
444.000000
264.000000
267.000000
407.000000
1561.000000
1342.000000
1117.000000
248.000000
374.000000
178.000000
1079.000000
1324.000000
277.000000
1120.000000
260.000000
424.000000
365.000000
249.000000
433.000000
1333.000000
266.000000
397.000000
144.000000
368.000000
403.000000
1178.000000
259.000000
199.000000
1085.000000
569.000000
278.000000
217.000000
3207.000000
687.000000
116.000000
319.000000
371.000000
1278.000000
1066.000000
982.000000
659.000000
175.000000
640.000000
578.000000
133.000000
433.000000
586.000000
1083.000000
297.000000
75.000000
311.000000
700.000000
447.000000
116.000000
470.000000
275.000000
154.000000
508.000000
800.000000
1011.000000
302.000000
1181.000000
82.000000
1314.000000
451.000000
191.000000
441.000000
837.000000
41.000000
147.000000
725.000000
400.000000
325.000000
156.000000
668.000000
876.000000
742.000000
337.000000
746.000000
239.000000
2708.000000
358.000000
1991.000000
135.000000
506.000000
70.000000
689.000000
853.000000
249.000000
1349.000000
1013.000000
1121.000000
829.000000
203.000000
363.000000
769.000000
188.000000
322.000000
107.000000
296.000000
812.000000
120.000000
79.000000
232.000000
410.000000
634.000000
140.000000
137.000000
147.000000
717.000000
1312.000000
247.000000
902.000000
665.000000
188.000000
665.000000
109.000000
1379.000000
403.000000
271.000000
244.000000
89.000000
105.000000
490.000000
80.000000
1809.000000
1209.000000
74.000000
98.000000
930.000000
1525.000000
1157.000000
206.000000
740.000000
197.000000
1766.000000
1756.000000
137.000000
110.000000
292.000000
196.000000
305.000000
488.000000
326.000000
621.000000
2217.000000
470.000000
1366.000000
515.000000
664.000000
1123.000000
883.000000
177.000000
40.000000
3235.000000
1257.000000
489.000000
1018.000000
531.000000
155.000000
3718.000000
377.000000
431.000000
152.000000
128.000000
1337.000000
1529.000000
249.000000
153.000000
198.000000
329.000000
451.000000
1594.000000
654.000000
1060.000000
1234.000000
138.000000
347.000000
140.000000
529.000000
3437.000000
263.000000
384.000000
90.000000
718.000000
734.000000
404.000000
431.000000
162.000000
82.000000
548.000000
269.000000
574.000000
791.000000
698.000000
552.000000
246.000000
331.000000
524.000000
1166.000000
314.000000
1526.000000
381.000000
512.000000
192.000000
203.000000
322.000000
204.000000
225.000000
337.000000
1240.000000
975.000000
1596.000000
323.000000
448.000000
132.000000
1503.000000
144.000000
376.000000
5608.000000
316.000000
213.000000
157.000000
525.000000
181.000000
837.000000
790.000000
246.000000
184.000000
512.000000
227.000000
660.000000
496.000000
1146.000000
235.000000
129.000000
1360.000000
339.000000
660.000000
132.000000
986.000000
1074.000000
485.000000
760.000000
241.000000
818.000000
129.000000
1643.000000
109.000000
1171.000000
498.000000
923.000000
334.000000
361.000000
1160.000000
866.000000
374.000000
351.000000
739.000000
292.000000
1244.000000
324.000000
732.000000
223.000000
568.000000
89.000000
524.000000
313.000000
762.000000
638.000000
146.000000
23.000000
159.000000
194.000000
302.000000
195.000000
185.000000
405.000000
209.000000
176.000000
408.000000
477.000000
667.000000
180.000000
102.000000
740.000000
799.000000
49.000000
