494.000000
761.000000
277.000000
29.000000
701.000000
230.000000
215.000000
534.000000
144.000000
255.000000
380.000000
597.000000
314.000000
1101.000000
199.000000
140.000000
956.000000
3375.000000
863.000000
398.000000
186.000000
2376.000000
390.000000
477.000000
972.000000
208.000000
179.000000
422.000000
200.000000
510.000000
170.000000
699.000000
186.000000
339.000000
1035.000000
444.000000
107.000000
174.000000
177.000000
613.000000
2185.000000
406.000000
765.000000
866.000000
364.000000
1789.000000
763.000000
177.000000
344.000000
299.000000
1947.000000
759.000000
269.000000
642.000000
1159.000000
372.000000
329.000000
51.000000
88.000000
602.000000
238.000000
201.000000
423.000000
280.000000
190.000000
2861.000000
648.000000
394.000000
315.000000
1791.000000
285.000000
702.000000
858.000000
1023.000000
350.000000
468.000000
56.000000
604.000000
343.000000
1624.000000
262.000000
113.000000
768.000000
368.000000
761.000000
412.000000
606.000000
2226.000000
210.000000
78.000000
639.000000
1959.000000
120.000000
3078.000000
717.000000
163.000000
283.000000
144.000000
269.000000
179.000000
1972.000000
1930.000000
1169.000000
217.000000
375.000000
735.000000
980.000000
144.000000
202.000000
540.000000
1171.000000
578.000000
826.000000
126.000000
572.000000
292.000000
374.000000
69.000000
123.000000
1171.000000
889.000000
245.000000
58.000000
138.000000
160.000000
153.000000
160.000000
220.000000
850.000000
1013.000000
209.000000
148.000000
233.000000
130.000000
1249.000000
82.000000
2021.000000
986.000000
284.000000
1150.000000
142.000000
142.000000
34.000000
524.000000
770.000000
296.000000
250.000000
677.000000
241.000000
236.000000
261.000000
1304.000000
620.000000
1706.000000
999.000000
516.000000
584.000000
373.000000
547.000000
540.000000
432.000000
146.000000
719.000000
46.000000
320.000000
1063.000000
426.000000
613.000000
352.000000
849.000000
532.000000
446.000000
498.000000
972.000000
188.000000
5342.000000
955.000000
1038.000000
550.000000
225.000000
201.000000
274.000000
174.000000
2024.000000
295.000000
1013.000000
139.000000
969.000000
486.000000
280.000000
923.000000
202.000000
428.000000
1690.000000
115.000000
2248.000000
132.000000
1759.000000
380.000000
157.000000
810.000000
44.000000
242.000000
341.000000
2973.000000
160.000000
491.000000
337.000000
1246.000000
327.000000
132.000000
484.000000
156.000000
969.000000
347.000000
669.000000
105.000000
138.000000
176.000000
877.000000
1144.000000
904.000000
928.000000
88.000000
757.000000
167.000000
243.000000
104.000000
780.000000
232.000000
671.000000
273.000000
273.000000
752.000000
3447.000000
644.000000
434.000000
167.000000
91.000000
950.000000
4990.000000
387.000000
436.000000
208.000000
794.000000
605.000000
163.000000
176.000000
282.000000
469.000000
244.000000
434.000000
673.000000
58.000000
808.000000
589.000000
611.000000
281.000000
1951.000000
199.000000
1344.000000
133.000000
742.000000
797.000000
200.000000
436.000000
534.000000
1343.000000
77.000000
310.000000
3881.000000
733.000000
149.000000
152.000000
265.000000
2458.000000
342.000000
991.000000
422.000000
186.000000
336.000000
2175.000000
111.000000
372.000000
318.000000
1134.000000
590.000000
1000.000000
1118.000000
42.000000
304.000000
251.000000
3141.000000
148.000000
110.000000
91.000000
713.000000
344.000000
172.000000
71.000000
1840.000000
619.000000
663.000000
569.000000
1293.000000
693.000000
491.000000
819.000000
1029.000000
438.000000
731.000000
83.000000
71.000000
1481.000000
561.000000
252.000000
1601.000000
1803.000000
262.000000
254.000000
417.000000
628.000000
299.000000
408.000000
151.000000
317.000000
1624.000000
833.000000
28.000000
78.000000
561.000000
50.000000
1323.000000
184.000000
95.000000
1903.000000
208.000000
253.000000
108.000000
299.000000
2310.000000
407.000000
397.000000
206.000000
1188.000000
905.000000
354.000000
1150.000000
227.000000
494.000000
313.000000
1969.000000
367.000000
71.000000
218.000000
200.000000
116.000000
116.000000
232.000000
380.000000
130.000000
80.000000
378.000000
255.000000
790.000000
713.000000
315.000000
402.000000
4514.000000
586.000000
344.000000
998.000000
980.000000
4605.000000
187.000000
2373.000000
102.000000
1700.000000
524.000000
249.000000
366.000000
171.000000
1964.000000
114.000000
191.000000
2839.000000
754.000000
1695.000000
752.000000
165.000000
600.000000
997.000000
510.000000
318.000000
53.000000
2120.000000
643.000000
539.000000
1569.000000
489.000000
554.000000
253.000000
83.000000
1248.000000
1657.000000
1283.000000
132.000000
59.000000
422.000000
567.000000
42.000000
1778.000000
310.000000
1075.000000
220.000000
473.000000
818.000000
452.000000
543.000000
464.000000
116.000000
588.000000
71.000000
388.000000
358.000000
19.000000
482.000000
559.000000
282.000000
869.000000
722.000000
337.000000
233.000000
910.000000
415.000000
208.000000
118.000000
436.000000
454.000000
667.000000
729.000000
620.000000
1459.000000
1635.000000
207.000000
195.000000
1010.000000
46.000000
145.000000
1049.000000
219.000000
521.000000
104.000000
798.000000
358.000000
93.000000
714.000000
269.000000
1463.000000
140.000000
938.000000
234.000000
201.000000
419.000000
53.000000
420.000000
333.000000
327.000000
301.000000
1742.000000
439.000000
428.000000
1221.000000
347.000000
1291.000000
44.000000
562.000000
1408.000000
450.000000
368.000000
332.000000
688.000000
37.000000
97.000000
4008.000000
666.000000
82.000000
113.000000
367.000000
1772.000000
1239.000000
3555.000000
98.000000
1554.000000
1452.000000
1040.000000
2632.000000
152.000000
468.000000
300.000000
500.000000
152.000000
58.000000
140.000000
1474.000000
1488.000000
198.000000
303.000000
427.000000
232.000000
377.000000
388.000000
893.000000
194.000000
2070.000000
154.000000
477.000000
395.000000
258.000000
53.000000
250.000000
121.000000
171.000000
1093.000000
623.000000
273.000000
3995.000000
383.000000
294.000000
317.000000
258.000000
396.000000
553.000000
480.000000
208.000000
628.000000
1226.000000
46.000000
562.000000
261.000000
235.000000
587.000000
274.000000
412.000000
106.000000
351.000000
356.000000
1604.000000
110.000000
708.000000
182.000000
1579.000000
302.000000
181.000000
352.000000
255.000000
1032.000000
212.000000
1401.000000
88.000000
452.000000
236.000000
33.000000
136.000000
126.000000
105.000000
311.000000
1101.000000
185.000000
388.000000
221.000000
116.000000
291.000000
299.000000
54.000000
268.000000
342.000000
611.000000
15.000000
1181.000000
83.000000
402.000000
2731.000000
221.000000
1273.000000
242.000000
263.000000
217.000000
447.000000
162.000000
111.000000
539.000000
676.000000
139.000000
421.000000
776.000000
154.000000
748.000000
875.000000
435.000000
369.000000
66.000000
1465.000000
1065.000000
999.000000
689.000000
130.000000
258.000000
94.000000
158.000000
53.000000
821.000000
1139.000000
539.000000
1142.000000
543.000000
321.000000
248.000000
486.000000
180.000000
103.000000
437.000000
519.000000
642.000000
344.000000
183.000000
163.000000
491.000000
349.000000
394.000000
248.000000
230.000000
220.000000
2449.000000
259.000000
10.000000
559.000000
314.000000
13425.000000
840.000000
720.000000
333.000000
197.000000
720.000000
386.000000
241.000000
304.000000
227.000000
522.000000
183.000000
160.000000
303.000000
281.000000
2136.000000
330.000000
213.000000
693.000000
552.000000
237.000000
64.000000
531.000000
191.000000
536.000000
457.000000
58.000000
259.000000
275.000000
41.000000
247.000000
525.000000
270.000000
198.000000
245.000000
332.000000
6411.000000
46.000000
1173.000000
989.000000
207.000000
125.000000
204.000000
733.000000
388.000000
4737.000000
214.000000
268.000000
225.000000
267.000000
986.000000
77.000000
471.000000
668.000000
429.000000
4471.000000
103.000000
859.000000
634.000000
264.000000
324.000000
536.000000
394.000000
628.000000
28.000000
350.000000
447.000000
594.000000
281.000000
82.000000
164.000000
75.000000
333.000000
383.000000
118.000000
261.000000
1780.000000
773.000000
160.000000
846.000000
101.000000
39.000000
722.000000
294.000000
25.000000
430.000000
117.000000
1870.000000
594.000000
630.000000
608.000000
129.000000
855.000000
201.000000
295.000000
773.000000
1089.000000
2590.000000
312.000000
531.000000
737.000000
241.000000
129.000000
290.000000
168.000000
275.000000
359.000000
466.000000
425.000000
174.000000
1112.000000
1183.000000
80.000000
1025.000000
250.000000
223.000000
39.000000
742.000000
967.000000
1710.000000
611.000000
995.000000
253.000000
171.000000
3056.000000
122.000000
629.000000
110.000000
2786.000000
403.000000
2717.000000
134.000000
411.000000
1254.000000
84.000000
789.000000
470.000000
2314.000000
211.000000
237.000000
387.000000
280.000000
795.000000
396.000000
187.000000
507.000000
130.000000
145.000000
380.000000
78.000000
522.000000
78.000000
3604.000000
124.000000
139.000000
475.000000
244.000000
297.000000
119.000000
1009.000000
456.000000
1683.000000
315.000000
720.000000
999.000000
303.000000
355.000000
3618.000000
502.000000
259.000000
376.000000
1126.000000
102.000000
946.000000
305.000000
383.000000
350.000000
642.000000
203.000000
196.000000
1094.000000
2577.000000
168.000000
1531.000000
529.000000
4684.000000
3896.000000
60.000000
680.000000
3137.000000
150.000000
5910.000000
197.000000
390.000000
1771.000000
1294.000000
74.000000
1188.000000
240.000000
366.000000
196.000000
542.000000
951.000000
35.000000
611.000000
435.000000
2279.000000
1793.000000
229.000000
291.000000
150.000000
712.000000
1560.000000
2027.000000
837.000000
108.000000
106.000000
407.000000
79.000000
610.000000
88.000000
271.000000
41.000000
163.000000
955.000000
69.000000
420.000000
253.000000
367.000000
860.000000
1883.000000
77.000000
285.000000
29.000000
139.000000
630.000000
833.000000
18213.000000
279.000000
558.000000
66.000000
1180.000000
120.000000
1853.000000
583.000000
175.000000
118.000000
1131.000000
488.000000
113.000000
133.000000
115.000000
411.000000
1222.000000
1989.000000
89.000000
906.000000
26.000000
1006.000000
425.000000
310.000000
186.000000
268.000000
203.000000
67.000000
156.000000
286.000000
374.000000
707.000000
5163.000000
377.000000
403.000000
400.000000
566.000000
308.000000
245.000000
210.000000
161.000000
260.000000
227.000000
236.000000
641.000000
896.000000
512.000000
494.000000
248.000000
329.000000
106.000000
186.000000
602.000000
1285.000000
729.000000
538.000000
284.000000
385.000000
561.000000
449.000000
738.000000
676.000000
230.000000
294.000000
2481.000000
101.000000
269.000000
94.000000
628.000000
1614.000000
784.000000
176.000000
141.000000
1233.000000
1804.000000
2574.000000
304.000000
40.000000
729.000000
803.000000
7161.000000
713.000000
129.000000
493.000000
885.000000
704.000000
222.000000
413.000000
171.000000
73.000000
230.000000
770.000000
205.000000
42.000000
825.000000
1030.000000
1209.000000
309.000000
271.000000
1068.000000
137.000000
237.000000
1492.000000
67.000000
4758.000000
294.000000
779.000000
64.000000
2039.000000
361.000000
373.000000
2043.000000
2476.000000
188.000000
103.000000
41.000000
693.000000
164.000000
270.000000
728.000000
231.000000
2856.000000
238.000000
2709.000000
553.000000
