450.000000
622.000000
1333.000000
2270.000000
189.000000
1317.000000
2800.000000
136.000000
153.000000
796.000000
384.000000
471.000000
521.000000
506.000000
165.000000
748.000000
542.000000
169.000000
33.000000
635.000000
185.000000
145.000000
531.000000
1310.000000
218.000000
2120.000000
759.000000
203.000000
965.000000
587.000000
874.000000
284.000000
1127.000000
66.000000
34.000000
494.000000
257.000000
180.000000
171.000000
170.000000
607.000000
897.000000
361.000000
142.000000
97.000000
1465.000000
687.000000
155.000000
265.000000
64.000000
305.000000
59.000000
1221.000000
506.000000
335.000000
1444.000000
332.000000
613.000000
791.000000
664.000000
521.000000
198.000000
1168.000000
626.000000
1102.000000
344.000000
208.000000
214.000000
216.000000
967.000000
404.000000
1993.000000
457.000000
418.000000
227.000000
128.000000
355.000000
391.000000
544.000000
153.000000
579.000000
519.000000
496.000000
514.000000
265.000000
900.000000
338.000000
804.000000
1586.000000
605.000000
493.000000
412.000000
6303.000000
304.000000
371.000000
982.000000
325.000000
42.000000
646.000000
585.000000
6070.000000
5705.000000
195.000000
919.000000
114.000000
273.000000
390.000000
1351.000000
281.000000
1208.000000
3743.000000
20.000000
2018.000000
146.000000
128.000000
75.000000
1112.000000
492.000000
502.000000
492.000000
94.000000
50.000000
199.000000
243.000000
46.000000
294.000000
971.000000
1703.000000
251.000000
247.000000
335.000000
1012.000000
136.000000
1821.000000
350.000000
375.000000
634.000000
214.000000
59.000000
642.000000
463.000000
546.000000
695.000000
332.000000
123.000000
422.000000
961.000000
648.000000
343.000000
639.000000
475.000000
1229.000000
802.000000
1517.000000
492.000000
88.000000
348.000000
1219.000000
325.000000
716.000000
347.000000
1254.000000
825.000000
156.000000
452.000000
100.000000
358.000000
303.000000
302.000000
289.000000
508.000000
1314.000000
308.000000
348.000000
101.000000
459.000000
331.000000
569.000000
502.000000
2801.000000
244.000000
153.000000
371.000000
171.000000
115.000000
487.000000
349.000000
1026.000000
129.000000
279.000000
476.000000
257.000000
1493.000000
309.000000
1379.000000
160.000000
432.000000
70.000000
619.000000
960.000000
1175.000000
166.000000
487.000000
1366.000000
61.000000
432.000000
67.000000
484.000000
535.000000
310.000000
274.000000
2448.000000
88.000000
240.000000
1065.000000
134.000000
337.000000
255.000000
237.000000
130.000000
132.000000
41.000000
752.000000
1836.000000
227.000000
522.000000
351.000000
384.000000
170.000000
232.000000
817.000000
970.000000
518.000000
283.000000
1032.000000
360.000000
2567.000000
179.000000
873.000000
686.000000
157.000000
178.000000
1312.000000
701.000000
259.000000
601.000000
817.000000
46.000000
341.000000
190.000000
77.000000
619.000000
641.000000
3366.000000
179.000000
905.000000
113.000000
801.000000
486.000000
216.000000
1756.000000
151.000000
858.000000
228.000000
260.000000
610.000000
738.000000
115.000000
287.000000
3202.000000
1471.000000
258.000000
154.000000
289.000000
216.000000
217.000000
452.000000
758.000000
403.000000
1481.000000
214.000000
1041.000000
1820.000000
176.000000
373.000000
171.000000
1202.000000
2308.000000
37.000000
1498.000000
197.000000
872.000000
183.000000
169.000000
213.000000
682.000000
1432.000000
250.000000
94.000000
1118.000000
416.000000
147.000000
177.000000
422.000000
572.000000
101.000000
647.000000
186.000000
290.000000
1456.000000
375.000000
1173.000000
421.000000
297.000000
510.000000
449.000000
860.000000
633.000000
205.000000
57.000000
216.000000
103.000000
1666.000000
512.000000
135.000000
518.000000
982.000000
1366.000000
3412.000000
1426.000000
244.000000
225.000000
167.000000
1349.000000
289.000000
121.000000
294.000000
1012.000000
3354.000000
709.000000
148.000000
1269.000000
357.000000
120.000000
629.000000
603.000000
703.000000
363.000000
239.000000
5354.000000
138.000000
321.000000
213.000000
2656.000000
232.000000
483.000000
56.000000
154.000000
781.000000
259.000000
151.000000
80.000000
376.000000
1421.000000
1463.000000
217.000000
1087.000000
256.000000
513.000000
471.000000
642.000000
378.000000
391.000000
562.000000
1143.000000
178.000000
356.000000
163.000000
924.000000
1110.000000
290.000000
1328.000000
2299.000000
976.000000
673.000000
344.000000
758.000000
448.000000
299.000000
1755.000000
496.000000
685.000000
239.000000
5179.000000
707.000000
798.000000
92.000000
298.000000
1063.000000
245.000000
731.000000
659.000000
429.000000
1359.000000
88.000000
302.000000
390.000000
1133.000000
1468.000000
515.000000
1232.000000
261.000000
522.000000
411.000000
637.000000
629.000000
225.000000
477.000000
472.000000
171.000000
346.000000
1100.000000
73.000000
95.000000
103.000000
252.000000
457.000000
346.000000
261.000000
724.000000
593.000000
1322.000000
256.000000
182.000000
668.000000
1405.000000
706.000000
149.000000
706.000000
1632.000000
767.000000
808.000000
418.000000
477.000000
360.000000
220.000000
760.000000
638.000000
200.000000
740.000000
138.000000
374.000000
925.000000
123.000000
2542.000000
4522.000000
580.000000
177.000000
79.000000
561.000000
1575.000000
378.000000
262.000000
820.000000
239.000000
66.000000
1013.000000
88.000000
211.000000
1551.000000
91.000000
221.000000
895.000000
648.000000
125.000000
126.000000
152.000000
182.000000
341.000000
509.000000
85.000000
174.000000
121.000000
1571.000000
331.000000
319.000000
563.000000
534.000000
728.000000
263.000000
144.000000
60.000000
825.000000
212.000000
59.000000
207.000000
100.000000
1356.000000
365.000000
253.000000
957.000000
1446.000000
118.000000
3027.000000
193.000000
468.000000
682.000000
100.000000
137.000000
589.000000
120.000000
1783.000000
370.000000
296.000000
816.000000
211.000000
156.000000
247.000000
398.000000
521.000000
374.000000
90.000000
497.000000
336.000000
1376.000000
1595.000000
197.000000
63.000000
360.000000
100.000000
488.000000
45.000000
354.000000
103.000000
276.000000
396.000000
285.000000
144.000000
53.000000
469.000000
168.000000
463.000000
530.000000
511.000000
1273.000000
189.000000
1691.000000
457.000000
181.000000
245.000000
198.000000
457.000000
870.000000
5260.000000
373.000000
119.000000
428.000000
601.000000
100.000000
771.000000
594.000000
1078.000000
765.000000
52.000000
427.000000
3986.000000
518.000000
937.000000
1181.000000
105.000000
504.000000
504.000000
341.000000
428.000000
1113.000000
535.000000
206.000000
260.000000
246.000000
540.000000
239.000000
1070.000000
617.000000
241.000000
3146.000000
507.000000
332.000000
1098.000000
240.000000
469.000000
937.000000
266.000000
254.000000
790.000000
125.000000
618.000000
603.000000
700.000000
788.000000
851.000000
2509.000000
483.000000
61.000000
545.000000
173.000000
30.000000
159.000000
437.000000
218.000000
486.000000
221.000000
191.000000
155.000000
1566.000000
678.000000
4794.000000
221.000000
1063.000000
209.000000
164.000000
385.000000
614.000000
89.000000
244.000000
51.000000
35.000000
54.000000
415.000000
237.000000
275.000000
358.000000
151.000000
350.000000
399.000000
3197.000000
1084.000000
770.000000
687.000000
5972.000000
464.000000
370.000000
297.000000
1333.000000
315.000000
150.000000
2823.000000
90.000000
169.000000
280.000000
178.000000
272.000000
1109.000000
584.000000
475.000000
1473.000000
274.000000
61.000000
797.000000
449.000000
365.000000
1265.000000
3898.000000
232.000000
1064.000000
1350.000000
266.000000
2082.000000
41.000000
621.000000
1328.000000
98.000000
180.000000
113.000000
136.000000
585.000000
484.000000
1254.000000
334.000000
202.000000
151.000000
166.000000
465.000000
149.000000
959.000000
442.000000
2510.000000
261.000000
1948.000000
175.000000
96.000000
300.000000
46.000000
3348.000000
294.000000
340.000000
972.000000
953.000000
163.000000
383.000000
151.000000
1094.000000
524.000000
40.000000
878.000000
868.000000
335.000000
167.000000
134.000000
935.000000
2108.000000
479.000000
63.000000
80.000000
271.000000
368.000000
608.000000
2358.000000
8729.000000
256.000000
200.000000
1461.000000
211.000000
238.000000
96.000000
1662.000000
105.000000
335.000000
119.000000
183.000000
1211.000000
496.000000
723.000000
183.000000
1391.000000
1123.000000
133.000000
463.000000
344.000000
163.000000
198.000000
389.000000
535.000000
298.000000
355.000000
628.000000
654.000000
900.000000
921.000000
3506.000000
134.000000
460.000000
300.000000
2125.000000
162.000000
220.000000
655.000000
299.000000
59.000000
164.000000
484.000000
890.000000
609.000000
365.000000
503.000000
518.000000
1579.000000
750.000000
301.000000
1431.000000
278.000000
297.000000
935.000000
102.000000
1222.000000
151.000000
909.000000
192.000000
432.000000
854.000000
2275.000000
494.000000
1473.000000
1988.000000
83.000000
2369.000000
672.000000
446.000000
372.000000
702.000000
250.000000
291.000000
166.000000
1649.000000
337.000000
705.000000
771.000000
142.000000
842.000000
832.000000
131.000000
193.000000
39.000000
1879.000000
349.000000
250.000000
85.000000
275.000000
362.000000
262.000000
129.000000
509.000000
1168.000000
1088.000000
109.000000
410.000000
331.000000
961.000000
563.000000
835.000000
2154.000000
1628.000000
470.000000
421.000000
319.000000
147.000000
528.000000
98.000000
126.000000
67.000000
360.000000
804.000000
593.000000
408.000000
464.000000
718.000000
517.000000
84.000000
98.000000
477.000000
301.000000
107.000000
339.000000
938.000000
271.000000
162.000000
1054.000000
1365.000000
120.000000
2581.000000
679.000000
75.000000
377.000000
456.000000
310.000000
500.000000
616.000000
224.000000
284.000000
61.000000
439.000000
1443.000000
876.000000
517.000000
957.000000
1932.000000
84.000000
352.000000
245.000000
196.000000
382.000000
654.000000
524.000000
597.000000
63.000000
389.000000
857.000000
192.000000
752.000000
299.000000
680.000000
348.000000
972.000000
369.000000
412.000000
59.000000
85.000000
600.000000
1221.000000
206.000000
2465.000000
427.000000
187.000000
3612.000000
262.000000
426.000000
2022.000000
73.000000
331.000000
192.000000
731.000000
395.000000
329.000000
1899.000000
91.000000
245.000000
94.000000
349.000000
118.000000
617.000000
134.000000
346.000000
2963.000000
157.000000
345.000000
1463.000000
490.000000
44.000000
331.000000
583.000000
6581.000000
1260.000000
587.000000
230.000000
146.000000
1422.000000
936.000000
1389.000000
142.000000
1033.000000
443.000000
7030.000000
795.000000
1293.000000
513.000000
289.000000
105.000000
311.000000
226.000000
531.000000
64.000000
393.000000
1964.000000
505.000000
382.000000
1185.000000
1036.000000
1849.000000
267.000000
367.000000
624.000000
3238.000000
177.000000
1357.000000
219.000000
632.000000
295.000000
4186.000000
333.000000
759.000000
365.000000
2240.000000
464.000000
267.000000
47.000000
175.000000
134.000000
80.000000
62.000000
107.000000
1363.000000
91.000000
350.000000
64.000000
227.000000
1193.000000
1582.000000
333.000000
430.000000
219.000000
287.000000
344.000000
555.000000
337.000000
794.000000
529.000000
587.000000
753.000000
6877.000000
350.000000
192.000000
79.000000
74.000000
103.000000
924.000000
459.000000
250.000000
1368.000000
75.000000
388.000000
404.000000
