360.000000
606.000000
210.000000
231.000000
1495.000000
306.000000
170.000000
728.000000
928.000000
338.000000
288.000000
2068.000000
57.000000
150.000000
1100.000000
1302.000000
154.000000
22.000000
508.000000
54.000000
605.000000
266.000000
1149.000000
57.000000
1051.000000
289.000000
388.000000
160.000000
43.000000
1345.000000
259.000000
1398.000000
123.000000
104.000000
194.000000
85.000000
261.000000
115.000000
4064.000000
2082.000000
258.000000
248.000000
520.000000
261.000000
403.000000
133.000000
127.000000
851.000000
177.000000
227.000000
87.000000
259.000000
794.000000
1173.000000
369.000000
199.000000
234.000000
315.000000
59.000000
1002.000000
701.000000
710.000000
2179.000000
196.000000
167.000000
82.000000
199.000000
831.000000
162.000000
196.000000
782.000000
251.000000
595.000000
204.000000
213.000000
348.000000
146.000000
230.000000
83.000000
660.000000
377.000000
690.000000
336.000000
249.000000
123.000000
1689.000000
532.000000
281.000000
1727.000000
969.000000
97.000000
1430.000000
301.000000
155.000000
770.000000
1297.000000
503.000000
117.000000
184.000000
142.000000
350.000000
108.000000
487.000000
1488.000000
260.000000
452.000000
115.000000
42.000000
989.000000
3840.000000
1615.000000
93.000000
617.000000
1851.000000
489.000000
751.000000
285.000000
192.000000
259.000000
306.000000
323.000000
634.000000
554.000000
524.000000
618.000000
94.000000
288.000000
840.000000
393.000000
156.000000
118.000000
530.000000
997.000000
110.000000
188.000000
148.000000
502.000000
1228.000000
66.000000
1428.000000
514.000000
292.000000
470.000000
103.000000
471.000000
484.000000
407.000000
682.000000
226.000000
257.000000
548.000000
281.000000
71.000000
3931.000000
179.000000
218.000000
711.000000
642.000000
1013.000000
344.000000
69.000000
119.000000
307.000000
560.000000
27.000000
289.000000
4860.000000
717.000000
170.000000
1431.000000
215.000000
696.000000
1253.000000
375.000000
2568.000000
637.000000
1678.000000
133.000000
1775.000000
127.000000
153.000000
518.000000
59.000000
496.000000
467.000000
280.000000
113.000000
184.000000
166.000000
489.000000
94.000000
923.000000
272.000000
162.000000
3580.000000
264.000000
58.000000
30.000000
1375.000000
780.000000
326.000000
105.000000
619.000000
539.000000
256.000000
324.000000
476.000000
3105.000000
578.000000
75.000000
333.000000
374.000000
1416.000000
6397.000000
501.000000
240.000000
524.000000
860.000000
149.000000
705.000000
109.000000
416.000000
601.000000
48.000000
341.000000
1173.000000
110.000000
436.000000
300.000000
179.000000
1515.000000
206.000000
2454.000000
401.000000
247.000000
1897.000000
807.000000
1232.000000
180.000000
109.000000
154.000000
681.000000
400.000000
88.000000
326.000000
3986.000000
594.000000
1087.000000
299.000000
486.000000
266.000000
249.000000
1074.000000
423.000000
1208.000000
258.000000
341.000000
52.000000
441.000000
54.000000
222.000000
1234.000000
262.000000
94.000000
721.000000
197.000000
186.000000
46.000000
768.000000
320.000000
794.000000
47.000000
1792.000000
2148.000000
352.000000
116.000000
422.000000
219.000000
822.000000
940.000000
113.000000
379.000000
2187.000000
628.000000
184.000000
1703.000000
262.000000
321.000000
190.000000
1444.000000
886.000000
377.000000
221.000000
1895.000000
2394.000000
158.000000
161.000000
311.000000
849.000000
171.000000
714.000000
267.000000
84.000000
223.000000
761.000000
358.000000
655.000000
528.000000
467.000000
375.000000
119.000000
45.000000
854.000000
1308.000000
424.000000
260.000000
121.000000
547.000000
299.000000
148.000000
193.000000
393.000000
59.000000
552.000000
39.000000
42.000000
2475.000000
1774.000000
2092.000000
2970.000000
458.000000
1501.000000
250.000000
306.000000
104.000000
155.000000
2396.000000
129.000000
431.000000
942.000000
1323.000000
539.000000
170.000000
622.000000
472.000000
70.000000
1309.000000
750.000000
484.000000
1083.000000
367.000000
1322.000000
144.000000
222.000000
47.000000
1176.000000
124.000000
749.000000
989.000000
2026.000000
2085.000000
595.000000
59.000000
118.000000
197.000000
117.000000
246.000000
574.000000
370.000000
41.000000
1115.000000
37.000000
255.000000
736.000000
714.000000
125.000000
909.000000
295.000000
305.000000
3549.000000
105.000000
57.000000
1196.000000
1947.000000
494.000000
743.000000
2951.000000
857.000000
1186.000000
2661.000000
213.000000
911.000000
1930.000000
229.000000
135.000000
613.000000
320.000000
283.000000
73.000000
205.000000
1328.000000
588.000000
967.000000
722.000000
209.000000
358.000000
344.000000
1676.000000
198.000000
686.000000
247.000000
783.000000
305.000000
2106.000000
198.000000
396.000000
157.000000
515.000000
18.000000
411.000000
442.000000
636.000000
3329.000000
227.000000
194.000000
441.000000
454.000000
863.000000
1459.000000
351.000000
239.000000
539.000000
4225.000000
124.000000
176.000000
1155.000000
482.000000
726.000000
280.000000
2334.000000
186.000000
1699.000000
290.000000
579.000000
521.000000
837.000000
440.000000
312.000000
444.000000
666.000000
3305.000000
1378.000000
167.000000
332.000000
987.000000
284.000000
8652.000000
130.000000
1067.000000
958.000000
125.000000
699.000000
292.000000
210.000000
964.000000
1977.000000
3456.000000
401.000000
1205.000000
2462.000000
575.000000
2813.000000
119.000000
284.000000
488.000000
314.000000
450.000000
567.000000
342.000000
398.000000
1418.000000
174.000000
260.000000
289.000000
227.000000
292.000000
1241.000000
606.000000
2736.000000
1130.000000
1312.000000
358.000000
513.000000
1063.000000
248.000000
178.000000
725.000000
381.000000
1393.000000
394.000000
100.000000
727.000000
291.000000
568.000000
64.000000
342.000000
64.000000
530.000000
237.000000
562.000000
146.000000
113.000000
66.000000
716.000000
381.000000
163.000000
168.000000
217.000000
5524.000000
467.000000
828.000000
525.000000
287.000000
57.000000
144.000000
709.000000
1261.000000
76.000000
458.000000
294.000000
104.000000
171.000000
618.000000
159.000000
439.000000
767.000000
249.000000
168.000000
373.000000
107.000000
1996.000000
638.000000
80.000000
148.000000
601.000000
748.000000
1245.000000
162.000000
781.000000
262.000000
1099.000000
2816.000000
220.000000
1445.000000
428.000000
275.000000
662.000000
497.000000
835.000000
378.000000
197.000000
738.000000
53.000000
1955.000000
619.000000
587.000000
125.000000
1463.000000
132.000000
245.000000
1257.000000
1860.000000
414.000000
76.000000
267.000000
73.000000
28.000000
531.000000
1076.000000
562.000000
21.000000
667.000000
632.000000
1737.000000
457.000000
428.000000
519.000000
839.000000
216.000000
115.000000
2639.000000
806.000000
128.000000
1469.000000
133.000000
1821.000000
451.000000
2435.000000
4745.000000
454.000000
429.000000
621.000000
1077.000000
184.000000
1057.000000
115.000000
1443.000000
338.000000
600.000000
198.000000
438.000000
244.000000
1253.000000
660.000000
56.000000
177.000000
363.000000
868.000000
2979.000000
145.000000
170.000000
1228.000000
178.000000
133.000000
1513.000000
944.000000
424.000000
3240.000000
227.000000
164.000000
3039.000000
133.000000
935.000000
384.000000
1729.000000
152.000000
592.000000
1936.000000
483.000000
349.000000
386.000000
491.000000
173.000000
1780.000000
112.000000
270.000000
552.000000
188.000000
657.000000
398.000000
250.000000
532.000000
520.000000
1248.000000
274.000000
167.000000
309.000000
653.000000
173.000000
580.000000
243.000000
1340.000000
82.000000
514.000000
207.000000
359.000000
1493.000000
85.000000
676.000000
1588.000000
556.000000
237.000000
85.000000
1165.000000
466.000000
275.000000
54.000000
526.000000
313.000000
802.000000
1118.000000
821.000000
1479.000000
215.000000
203.000000
82.000000
457.000000
245.000000
148.000000
2462.000000
373.000000
268.000000
439.000000
413.000000
367.000000
59.000000
623.000000
221.000000
994.000000
2086.000000
1108.000000
342.000000
251.000000
283.000000
105.000000
159.000000
108.000000
68.000000
116.000000
960.000000
561.000000
601.000000
504.000000
2452.000000
1306.000000
196.000000
709.000000
455.000000
291.000000
425.000000
190.000000
101.000000
134.000000
3035.000000
1037.000000
301.000000
306.000000
304.000000
405.000000
290.000000
1284.000000
513.000000
256.000000
229.000000
416.000000
411.000000
644.000000
1851.000000
328.000000
267.000000
636.000000
98.000000
342.000000
233.000000
1000.000000
430.000000
88.000000
195.000000
419.000000
268.000000
176.000000
705.000000
119.000000
1131.000000
919.000000
212.000000
922.000000
462.000000
822.000000
2169.000000
1182.000000
289.000000
464.000000
688.000000
394.000000
988.000000
392.000000
880.000000
144.000000
27.000000
369.000000
263.000000
1318.000000
351.000000
249.000000
131.000000
398.000000
255.000000
545.000000
1872.000000
141.000000
134.000000
309.000000
826.000000
360.000000
296.000000
1473.000000
108.000000
393.000000
416.000000
280.000000
75.000000
1001.000000
1255.000000
320.000000
101.000000
348.000000
167.000000
624.000000
159.000000
345.000000
342.000000
147.000000
794.000000
1038.000000
712.000000
225.000000
1772.000000
985.000000
220.000000
685.000000
181.000000
550.000000
1426.000000
383.000000
105.000000
138.000000
645.000000
83.000000
592.000000
245.000000
558.000000
1198.000000
343.000000
149.000000
845.000000
1336.000000
407.000000
335.000000
244.000000
1967.000000
95.000000
866.000000
324.000000
206.000000
127.000000
1318.000000
715.000000
330.000000
1485.000000
329.000000
433.000000
562.000000
591.000000
222.000000
205.000000
201.000000
292.000000
221.000000
169.000000
700.000000
667.000000
250.000000
162.000000
1498.000000
2593.000000
146.000000
242.000000
754.000000
388.000000
243.000000
69.000000
113.000000
166.000000
385.000000
1300.000000
577.000000
1713.000000
7214.000000
283.000000
590.000000
35.000000
153.000000
234.000000
370.000000
227.000000
1897.000000
1431.000000
241.000000
918.000000
195.000000
577.000000
1491.000000
2416.000000
219.000000
2430.000000
323.000000
675.000000
278.000000
153.000000
1278.000000
155.000000
90.000000
1172.000000
3120.000000
364.000000
68.000000
245.000000
138.000000
272.000000
88.000000
285.000000
349.000000
272.000000
700.000000
690.000000
650.000000
158.000000
38.000000
601.000000
1235.000000
2114.000000
2900.000000
2401.000000
4261.000000
306.000000
113.000000
583.000000
594.000000
546.000000
248.000000
246.000000
167.000000
125.000000
998.000000
718.000000
1198.000000
673.000000
950.000000
189.000000
188.000000
151.000000
903.000000
1196.000000
397.000000
91.000000
6617.000000
253.000000
232.000000
1699.000000
1606.000000
199.000000
184.000000
693.000000
1128.000000
216.000000
511.000000
223.000000
923.000000
65.000000
69.000000
187.000000
1781.000000
259.000000
358.000000
608.000000
2312.000000
214.000000
268.000000
243.000000
852.000000
333.000000
211.000000
622.000000
141.000000
110.000000
242.000000
1898.000000
532.000000
187.000000
643.000000
564.000000
623.000000
265.000000
146.000000
580.000000
1533.000000
894.000000
414.000000
1781.000000
141.000000
486.000000
1070.000000
334.000000
186.000000
102.000000
157.000000
163.000000
187.000000
1054.000000
1178.000000
981.000000
363.000000
167.000000
781.000000
743.000000
132.000000
2075.000000
259.000000
1560.000000
