685.000000
249.000000
187.000000
260.000000
708.000000
216.000000
124.000000
614.000000
62.000000
253.000000
124.000000
268.000000
86.000000
515.000000
226.000000
4040.000000
598.000000
200.000000
218.000000
1008.000000
740.000000
1488.000000
498.000000
470.000000
342.000000
156.000000
756.000000
29.000000
132.000000
347.000000
253.000000
356.000000
1167.000000
2363.000000
321.000000
405.000000
2164.000000
711.000000
1215.000000
520.000000
96.000000
124.000000
954.000000
487.000000
368.000000
330.000000
840.000000
1289.000000
466.000000
1075.000000
2324.000000
1569.000000
511.000000
50.000000
1035.000000
370.000000
481.000000
526.000000
96.000000
613.000000
129.000000
110.000000
191.000000
165.000000
1018.000000
482.000000
73.000000
146.000000
5104.000000
601.000000
282.000000
281.000000
231.000000
1582.000000
191.000000
169.000000
670.000000
316.000000
189.000000
261.000000
1145.000000
524.000000
480.000000
771.000000
186.000000
29.000000
101.000000
544.000000
225.000000
360.000000
189.000000
497.000000
169.000000
406.000000
123.000000
1618.000000
293.000000
344.000000
89.000000
510.000000
349.000000
331.000000
536.000000
378.000000
279.000000
438.000000
374.000000
2844.000000
308.000000
1319.000000
149.000000
480.000000
2613.000000
505.000000
815.000000
250.000000
1147.000000
442.000000
1207.000000
84.000000
214.000000
1562.000000
387.000000
2222.000000
498.000000
192.000000
499.000000
1135.000000
371.000000
578.000000
270.000000
46.000000
1167.000000
155.000000
116.000000
1023.000000
107.000000
422.000000
315.000000
191.000000
263.000000
207.000000
129.000000
1218.000000
72.000000
641.000000
990.000000
118.000000
421.000000
605.000000
843.000000
1393.000000
449.000000
558.000000
259.000000
378.000000
1157.000000
355.000000
163.000000
276.000000
505.000000
151.000000
132.000000
1319.000000
184.000000
698.000000
171.000000
285.000000
3996.000000
345.000000
312.000000
127.000000
49.000000
197.000000
391.000000
1148.000000
703.000000
19.000000
182.000000
1468.000000
400.000000
1204.000000
372.000000
413.000000
214.000000
484.000000
224.000000
721.000000
1303.000000
607.000000
302.000000
246.000000
508.000000
327.000000
252.000000
1455.000000
198.000000
313.000000
992.000000
171.000000
1601.000000
405.000000
1870.000000
1098.000000
1106.000000
858.000000
293.000000
346.000000
261.000000
2234.000000
1424.000000
122.000000
88.000000
431.000000
803.000000
1471.000000
193.000000
289.000000
774.000000
352.000000
417.000000
107.000000
407.000000
780.000000
722.000000
418.000000
558.000000
246.000000
632.000000
485.000000
72.000000
266.000000
230.000000
1059.000000
1036.000000
2429.000000
582.000000
102.000000
1368.000000
248.000000
157.000000
165.000000
515.000000
770.000000
1222.000000
40.000000
467.000000
105.000000
7421.000000
4099.000000
339.000000
585.000000
1174.000000
962.000000
2379.000000
447.000000
683.000000
3879.000000
987.000000
85.000000
380.000000
1217.000000
449.000000
391.000000
2037.000000
368.000000
1473.000000
253.000000
54.000000
52.000000
377.000000
31.000000
723.000000
166.000000
690.000000
953.000000
1781.000000
573.000000
1166.000000
1615.000000
186.000000
95.000000
1659.000000
1156.000000
599.000000
376.000000
706.000000
1163.000000
639.000000
582.000000
444.000000
240.000000
149.000000
715.000000
62.000000
260.000000
2427.000000
224.000000
479.000000
3751.000000
214.000000
698.000000
578.000000
279.000000
236.000000
845.000000
161.000000
512.000000
399.000000
415.000000
645.000000
319.000000
542.000000
1515.000000
737.000000
1156.000000
387.000000
433.000000
1334.000000
613.000000
61.000000
407.000000
328.000000
463.000000
13200.000000
1092.000000
619.000000
371.000000
1132.000000
185.000000
471.000000
589.000000
2050.000000
205.000000
1656.000000
927.000000
3572.000000
74.000000
97.000000
184.000000
555.000000
307.000000
425.000000
178.000000
590.000000
765.000000
504.000000
849.000000
370.000000
555.000000
357.000000
114.000000
954.000000
195.000000
1270.000000
68.000000
117.000000
393.000000
59.000000
224.000000
301.000000
374.000000
665.000000
339.000000
342.000000
524.000000
625.000000
888.000000
314.000000
322.000000
309.000000
241.000000
1340.000000
244.000000
158.000000
123.000000
416.000000
186.000000
1682.000000
80.000000
906.000000
705.000000
448.000000
479.000000
356.000000
735.000000
374.000000
177.000000
23.000000
153.000000
202.000000
1273.000000
653.000000
711.000000
2099.000000
126.000000
264.000000
315.000000
339.000000
1281.000000
456.000000
1390.000000
287.000000
2118.000000
215.000000
1679.000000
188.000000
521.000000
587.000000
316.000000
429.000000
235.000000
192.000000
253.000000
187.000000
291.000000
252.000000
583.000000
1451.000000
824.000000
210.000000
553.000000
224.000000
1075.000000
300.000000
1227.000000
1111.000000
150.000000
960.000000
320.000000
1074.000000
67.000000
968.000000
669.000000
137.000000
659.000000
2283.000000
1375.000000
652.000000
661.000000
447.000000
118.000000
187.000000
363.000000
230.000000
1290.000000
184.000000
587.000000
129.000000
48.000000
1803.000000
809.000000
379.000000
2129.000000
122.000000
2006.000000
27.000000
227.000000
139.000000
330.000000
44.000000
421.000000
427.000000
529.000000
258.000000
340.000000
49.000000
484.000000
2007.000000
835.000000
480.000000
353.000000
831.000000
722.000000
763.000000
852.000000
369.000000
607.000000
261.000000
409.000000
282.000000
1626.000000
782.000000
196.000000
347.000000
518.000000
1374.000000
63.000000
56.000000
106.000000
1854.000000
308.000000
259.000000
493.000000
141.000000
1310.000000
940.000000
389.000000
877.000000
76.000000
1123.000000
537.000000
158.000000
895.000000
594.000000
257.000000
22.000000
729.000000
141.000000
1231.000000
338.000000
1950.000000
355.000000
720.000000
1577.000000
903.000000
2181.000000
54.000000
225.000000
235.000000
270.000000
318.000000
1207.000000
425.000000
392.000000
40.000000
663.000000
1116.000000
404.000000
245.000000
409.000000
175.000000
76.000000
2334.000000
456.000000
727.000000
1482.000000
1450.000000
321.000000
117.000000
526.000000
754.000000
128.000000
202.000000
246.000000
201.000000
649.000000
1205.000000
1880.000000
124.000000
441.000000
1256.000000
292.000000
344.000000
242.000000
170.000000
231.000000
92.000000
322.000000
397.000000
197.000000
157.000000
181.000000
605.000000
965.000000
327.000000
243.000000
165.000000
128.000000
219.000000
160.000000
942.000000
755.000000
485.000000
703.000000
66.000000
4934.000000
108.000000
989.000000
229.000000
111.000000
1832.000000
442.000000
433.000000
931.000000
263.000000
265.000000
817.000000
113.000000
130.000000
67.000000
168.000000
5122.000000
922.000000
241.000000
709.000000
177.000000
940.000000
426.000000
624.000000
103.000000
740.000000
128.000000
2378.000000
300.000000
478.000000
1079.000000
230.000000
735.000000
157.000000
251.000000
106.000000
218.000000
74.000000
134.000000
1468.000000
244.000000
191.000000
1097.000000
1025.000000
192.000000
587.000000
475.000000
203.000000
49.000000
761.000000
78.000000
323.000000
367.000000
148.000000
969.000000
903.000000
505.000000
267.000000
122.000000
490.000000
1454.000000
202.000000
1097.000000
156.000000
442.000000
308.000000
670.000000
541.000000
102.000000
536.000000
84.000000
774.000000
1954.000000
130.000000
402.000000
202.000000
544.000000
72.000000
587.000000
214.000000
1163.000000
2014.000000
1753.000000
610.000000
233.000000
244.000000
1585.000000
1488.000000
1295.000000
1142.000000
1206.000000
119.000000
345.000000
2938.000000
329.000000
657.000000
908.000000
721.000000
1485.000000
729.000000
347.000000
144.000000
220.000000
376.000000
254.000000
626.000000
321.000000
585.000000
92.000000
170.000000
2162.000000
1224.000000
3525.000000
334.000000
490.000000
1818.000000
932.000000
496.000000
178.000000
395.000000
555.000000
1407.000000
187.000000
114.000000
632.000000
2269.000000
196.000000
2098.000000
469.000000
1178.000000
728.000000
181.000000
740.000000
651.000000
805.000000
1160.000000
458.000000
317.000000
1856.000000
268.000000
445.000000
1847.000000
463.000000
517.000000
181.000000
984.000000
457.000000
191.000000
111.000000
318.000000
155.000000
2243.000000
372.000000
295.000000
174.000000
1203.000000
131.000000
471.000000
305.000000
1378.000000
616.000000
621.000000
403.000000
1471.000000
430.000000
1080.000000
328.000000
188.000000
73.000000
2680.000000
491.000000
619.000000
128.000000
652.000000
3969.000000
132.000000
314.000000
1989.000000
512.000000
418.000000
291.000000
20.000000
878.000000
1235.000000
275.000000
153.000000
1562.000000
165.000000
779.000000
1768.000000
2793.000000
371.000000
738.000000
486.000000
148.000000
827.000000
118.000000
181.000000
294.000000
269.000000
597.000000
577.000000
2118.000000
275.000000
387.000000
941.000000
895.000000
415.000000
871.000000
744.000000
320.000000
1220.000000
407.000000
140.000000
1121.000000
208.000000
315.000000
737.000000
58.000000
142.000000
300.000000
199.000000
859.000000
1361.000000
843.000000
1551.000000
722.000000
200.000000
206.000000
139.000000
404.000000
392.000000
250.000000
326.000000
101.000000
640.000000
239.000000
969.000000
368.000000
460.000000
136.000000
224.000000
506.000000
1628.000000
1938.000000
559.000000
724.000000
256.000000
2818.000000
286.000000
639.000000
3317.000000
299.000000
230.000000
724.000000
203.000000
4346.000000
1889.000000
159.000000
194.000000
296.000000
502.000000
35.000000
1414.000000
6728.000000
278.000000
400.000000
461.000000
291.000000
482.000000
942.000000
294.000000
136.000000
189.000000
144.000000
444.000000
494.000000
186.000000
442.000000
140.000000
1514.000000
1636.000000
189.000000
2581.000000
183.000000
829.000000
485.000000
606.000000
338.000000
413.000000
923.000000
1180.000000
369.000000
1562.000000
812.000000
1245.000000
184.000000
226.000000
910.000000
148.000000
87.000000
226.000000
276.000000
75.000000
90.000000
2846.000000
3368.000000
122.000000
223.000000
223.000000
118.000000
466.000000
150.000000
207.000000
495.000000
199.000000
333.000000
420.000000
464.000000
702.000000
496.000000
1068.000000
297.000000
298.000000
85.000000
834.000000
2477.000000
252.000000
620.000000
578.000000
685.000000
351.000000
3376.000000
29.000000
317.000000
340.000000
137.000000
65.000000
332.000000
177.000000
333.000000
695.000000
637.000000
389.000000
200.000000
283.000000
2353.000000
292.000000
52.000000
1081.000000
1022.000000
596.000000
158.000000
412.000000
458.000000
409.000000
165.000000
310.000000
42.000000
67.000000
654.000000
501.000000
540.000000
306.000000
217.000000
47.000000
1342.000000
765.000000
326.000000
342.000000
641.000000
86.000000
102.000000
82.000000
501.000000
537.000000
485.000000
705.000000
308.000000
128.000000
35.000000
211.000000
783.000000
297.000000
239.000000
517.000000
96.000000
35.000000
2426.000000
480.000000
240.000000
856.000000
895.000000
97.000000
268.000000
546.000000
87.000000
276.000000
621.000000
72.000000
384.000000
132.000000
164.000000
708.000000
59.000000
423.000000
28.000000
89.000000
154.000000
212.000000
1004.000000
124.000000
1086.000000
844.000000
277.000000
1275.000000
134.000000
218.000000
966.000000
378.000000
98.000000
386.000000
302.000000
267.000000
