450.000000
777.000000
694.000000
197.000000
375.000000
526.000000
2672.000000
1160.000000
1544.000000
4193.000000
906.000000
128.000000
1443.000000
298.000000
419.000000
278.000000
1080.000000
3026.000000
313.000000
146.000000
924.000000
222.000000
225.000000
231.000000
87.000000
85.000000
479.000000
1251.000000
997.000000
721.000000
990.000000
134.000000
2698.000000
233.000000
409.000000
104.000000
177.000000
997.000000
660.000000
769.000000
206.000000
1361.000000
205.000000
328.000000
715.000000
888.000000
359.000000
108.000000
896.000000
442.000000
283.000000
1164.000000
197.000000
1139.000000
219.000000
3875.000000
439.000000
1146.000000
96.000000
956.000000
230.000000
230.000000
643.000000
249.000000
244.000000
183.000000
417.000000
633.000000
191.000000
338.000000
145.000000
347.000000
233.000000
298.000000
301.000000
69.000000
438.000000
327.000000
324.000000
329.000000
1883.000000
537.000000
308.000000
902.000000
567.000000
252.000000
27.000000
581.000000
844.000000
270.000000
229.000000
168.000000
368.000000
320.000000
154.000000
1045.000000
1253.000000
255.000000
86.000000
232.000000
408.000000
332.000000
609.000000
1169.000000
593.000000
591.000000
200.000000
277.000000
745.000000
380.000000
418.000000
255.000000
68.000000
74.000000
63.000000
229.000000
165.000000
1647.000000
839.000000
507.000000
179.000000
116.000000
121.000000
252.000000
182.000000
421.000000
1406.000000
136.000000
243.000000
152.000000
309.000000
154.000000
498.000000
136.000000
88.000000
1193.000000
753.000000
63.000000
499.000000
390.000000
1085.000000
712.000000
634.000000
642.000000
1500.000000
593.000000
961.000000
948.000000
537.000000
280.000000
350.000000
139.000000
2117.000000
141.000000
1689.000000
51.000000
288.000000
363.000000
129.000000
397.000000
853.000000
849.000000
154.000000
4779.000000
682.000000
606.000000
224.000000
596.000000
51.000000
257.000000
300.000000
2161.000000
55.000000
783.000000
520.000000
354.000000
519.000000
216.000000
117.000000
165.000000
531.000000
210.000000
796.000000
325.000000
5937.000000
253.000000
890.000000
342.000000
184.000000
287.000000
589.000000
221.000000
60.000000
1802.000000
232.000000
198.000000
172.000000
776.000000
185.000000
668.000000
479.000000
239.000000
339.000000
982.000000
734.000000
1258.000000
588.000000
506.000000
654.000000
519.000000
154.000000
369.000000
1723.000000
104.000000
723.000000
486.000000
421.000000
882.000000
170.000000
560.000000
215.000000
2286.000000
265.000000
67.000000
2786.000000
381.000000
45.000000
1360.000000
795.000000
115.000000
328.000000
340.000000
2057.000000
418.000000
693.000000
349.000000
1049.000000
2564.000000
337.000000
585.000000
380.000000
2859.000000
322.000000
233.000000
257.000000
259.000000
192.000000
361.000000
1042.000000
542.000000
538.000000
96.000000
249.000000
57.000000
306.000000
555.000000
206.000000
281.000000
1574.000000
796.000000
407.000000
2271.000000
387.000000
198.000000
293.000000
875.000000
750.000000
126.000000
2984.000000
152.000000
852.000000
1873.000000
2891.000000
262.000000
96.000000
64.000000
223.000000
213.000000
316.000000
125.000000
491.000000
1405.000000
940.000000
194.000000
556.000000
452.000000
882.000000
1682.000000
93.000000
203.000000
240.000000
902.000000
360.000000
389.000000
124.000000
110.000000
108.000000
2624.000000
1173.000000
492.000000
65.000000
358.000000
384.000000
430.000000
611.000000
712.000000
865.000000
179.000000
56.000000
143.000000
1029.000000
143.000000
708.000000
180.000000
1335.000000
919.000000
935.000000
793.000000
266.000000
748.000000
1125.000000
670.000000
179.000000
635.000000
131.000000
329.000000
419.000000
160.000000
214.000000
148.000000
206.000000
5007.000000
2903.000000
854.000000
898.000000
114.000000
1858.000000
93.000000
28.000000
1146.000000
259.000000
525.000000
618.000000
192.000000
478.000000
106.000000
129.000000
1025.000000
969.000000
482.000000
319.000000
3922.000000
1075.000000
1815.000000
731.000000
441.000000
453.000000
125.000000
506.000000
398.000000
386.000000
493.000000
538.000000
153.000000
642.000000
55.000000
460.000000
861.000000
244.000000
447.000000
389.000000
157.000000
633.000000
5748.000000
90.000000
637.000000
397.000000
231.000000
360.000000
61.000000
123.000000
77.000000
46.000000
1737.000000
130.000000
250.000000
279.000000
87.000000
295.000000
516.000000
1496.000000
195.000000
693.000000
136.000000
354.000000
166.000000
321.000000
807.000000
262.000000
509.000000
1059.000000
898.000000
299.000000
1000.000000
201.000000
594.000000
3319.000000
183.000000
274.000000
71.000000
429.000000
1468.000000
647.000000
89.000000
368.000000
1524.000000
1259.000000
2636.000000
386.000000
218.000000
406.000000
2246.000000
782.000000
330.000000
170.000000
238.000000
165.000000
199.000000
560.000000
247.000000
468.000000
123.000000
545.000000
236.000000
649.000000
194.000000
260.000000
719.000000
3227.000000
290.000000
199.000000
589.000000
218.000000
360.000000
2285.000000
472.000000
527.000000
324.000000
166.000000
142.000000
497.000000
324.000000
58.000000
113.000000
2468.000000
850.000000
271.000000
330.000000
882.000000
1142.000000
238.000000
150.000000
858.000000
146.000000
475.000000
590.000000
261.000000
293.000000
425.000000
1435.000000
228.000000
430.000000
1023.000000
82.000000
135.000000
702.000000
4002.000000
3126.000000
338.000000
264.000000
2244.000000
174.000000
884.000000
190.000000
107.000000
410.000000
2305.000000
164.000000
1452.000000
1230.000000
449.000000
241.000000
5504.000000
342.000000
178.000000
186.000000
101.000000
335.000000
593.000000
1380.000000
1205.000000
2100.000000
467.000000
218.000000
599.000000
672.000000
1251.000000
423.000000
109.000000
6905.000000
2602.000000
200.000000
517.000000
416.000000
724.000000
241.000000
141.000000
193.000000
446.000000
706.000000
269.000000
427.000000
445.000000
233.000000
632.000000
254.000000
512.000000
1751.000000
138.000000
1428.000000
624.000000
175.000000
2029.000000
326.000000
533.000000
911.000000
170.000000
396.000000
753.000000
255.000000
166.000000
1305.000000
132.000000
134.000000
56.000000
98.000000
233.000000
314.000000
2006.000000
130.000000
177.000000
170.000000
363.000000
551.000000
357.000000
158.000000
101.000000
185.000000
935.000000
84.000000
227.000000
498.000000
1491.000000
822.000000
495.000000
163.000000
241.000000
527.000000
819.000000
2692.000000
38.000000
289.000000
595.000000
317.000000
1394.000000
302.000000
142.000000
1911.000000
1275.000000
116.000000
320.000000
208.000000
116.000000
341.000000
675.000000
241.000000
545.000000
154.000000
308.000000
160.000000
463.000000
333.000000
587.000000
52.000000
276.000000
207.000000
635.000000
5390.000000
2072.000000
702.000000
1733.000000
420.000000
448.000000
692.000000
2322.000000
292.000000
293.000000
223.000000
404.000000
828.000000
126.000000
198.000000
443.000000
802.000000
28.000000
588.000000
625.000000
546.000000
650.000000
51.000000
91.000000
188.000000
501.000000
1967.000000
547.000000
905.000000
172.000000
715.000000
802.000000
1364.000000
138.000000
233.000000
273.000000
344.000000
311.000000
155.000000
629.000000
761.000000
2936.000000
272.000000
93.000000
906.000000
511.000000
731.000000
490.000000
154.000000
321.000000
264.000000
85.000000
52.000000
147.000000
514.000000
1030.000000
91.000000
412.000000
125.000000
388.000000
58.000000
637.000000
349.000000
2809.000000
237.000000
755.000000
124.000000
611.000000
273.000000
485.000000
134.000000
511.000000
149.000000
188.000000
2978.000000
872.000000
929.000000
3930.000000
150.000000
58.000000
99.000000
189.000000
63.000000
1297.000000
256.000000
278.000000
138.000000
1973.000000
576.000000
83.000000
155.000000
206.000000
286.000000
391.000000
237.000000
2368.000000
552.000000
269.000000
416.000000
552.000000
418.000000
89.000000
375.000000
2741.000000
144.000000
181.000000
1868.000000
541.000000
157.000000
639.000000
288.000000
293.000000
105.000000
1085.000000
747.000000
153.000000
1152.000000
1054.000000
184.000000
385.000000
237.000000
819.000000
440.000000
345.000000
218.000000
312.000000
64.000000
117.000000
565.000000
1779.000000
1355.000000
522.000000
191.000000
1093.000000
171.000000
276.000000
353.000000
601.000000
258.000000
364.000000
642.000000
50.000000
285.000000
1803.000000
849.000000
401.000000
742.000000
329.000000
601.000000
646.000000
2651.000000
1510.000000
291.000000
615.000000
490.000000
90.000000
43.000000
183.000000
221.000000
699.000000
114.000000
226.000000
653.000000
247.000000
148.000000
548.000000
173.000000
683.000000
2707.000000
121.000000
928.000000
462.000000
108.000000
534.000000
125.000000
696.000000
116.000000
476.000000
114.000000
93.000000
278.000000
150.000000
678.000000
445.000000
448.000000
344.000000
561.000000
99.000000
665.000000
122.000000
575.000000
1178.000000
356.000000
112.000000
392.000000
992.000000
71.000000
397.000000
290.000000
140.000000
567.000000
92.000000
101.000000
3054.000000
90.000000
379.000000
486.000000
395.000000
1423.000000
193.000000
298.000000
1181.000000
141.000000
463.000000
166.000000
87.000000
209.000000
184.000000
1328.000000
238.000000
181.000000
406.000000
139.000000
227.000000
2474.000000
814.000000
462.000000
684.000000
590.000000
399.000000
526.000000
265.000000
153.000000
2752.000000
993.000000
148.000000
11.000000
3017.000000
1008.000000
56.000000
417.000000
16.000000
783.000000
1839.000000
450.000000
459.000000
703.000000
250.000000
1383.000000
413.000000
1749.000000
183.000000
92.000000
299.000000
123.000000
365.000000
193.000000
1739.000000
530.000000
38.000000
285.000000
524.000000
524.000000
226.000000
416.000000
351.000000
918.000000
295.000000
4533.000000
221.000000
299.000000
556.000000
955.000000
78.000000
1219.000000
191.000000
939.000000
364.000000
178.000000
212.000000
110.000000
164.000000
367.000000
166.000000
2619.000000
411.000000
534.000000
407.000000
289.000000
132.000000
149.000000
153.000000
323.000000
155.000000
440.000000
654.000000
61.000000
702.000000
132.000000
77.000000
260.000000
260.000000
82.000000
829.000000
604.000000
113.000000
1271.000000
26.000000
219.000000
506.000000
125.000000
524.000000
327.000000
2155.000000
595.000000
295.000000
137.000000
1305.000000
718.000000
55.000000
64.000000
1559.000000
401.000000
1247.000000
309.000000
365.000000
58.000000
1024.000000
232.000000
171.000000
2403.000000
612.000000
554.000000
125.000000
697.000000
682.000000
38.000000
558.000000
557.000000
110.000000
262.000000
248.000000
192.000000
294.000000
2661.000000
4571.000000
265.000000
1664.000000
649.000000
306.000000
958.000000
213.000000
125.000000
2141.000000
683.000000
277.000000
146.000000
114.000000
607.000000
1180.000000
574.000000
42.000000
271.000000
240.000000
366.000000
211.000000
205.000000
162.000000
365.000000
668.000000
238.000000
196.000000
460.000000
212.000000
378.000000
837.000000
145.000000
306.000000
86.000000
92.000000
426.000000
184.000000
796.000000
224.000000
1064.000000
445.000000
652.000000
134.000000
714.000000
855.000000
140.000000
939.000000
532.000000
115.000000
97.000000
2278.000000
566.000000
2479.000000
876.000000
241.000000
987.000000
93.000000
761.000000
