192.000000
571.000000
1400.000000
279.000000
197.000000
149.000000
1257.000000
2716.000000
903.000000
411.000000
353.000000
411.000000
168.000000
1138.000000
577.000000
396.000000
53.000000
142.000000
899.000000
789.000000
359.000000
1144.000000
1071.000000
61.000000
511.000000
60.000000
87.000000
1672.000000
157.000000
238.000000
75.000000
56.000000
315.000000
222.000000
107.000000
804.000000
144.000000
31.000000
816.000000
511.000000
1144.000000
738.000000
52.000000
53.000000
1028.000000
77.000000
234.000000
40.000000
1250.000000
340.000000
1215.000000
344.000000
136.000000
203.000000
279.000000
1437.000000
103.000000
103.000000
678.000000
421.000000
58.000000
581.000000
194.000000
444.000000
37.000000
254.000000
238.000000
89.000000
230.000000
186.000000
148.000000
268.000000
606.000000
1259.000000
401.000000
1591.000000
181.000000
913.000000
241.000000
974.000000
552.000000
877.000000
883.000000
119.000000
89.000000
121.000000
212.000000
383.000000
116.000000
180.000000
415.000000
129.000000
1134.000000
863.000000
46.000000
313.000000
430.000000
216.000000
637.000000
66.000000
217.000000
334.000000
1865.000000
176.000000
847.000000
631.000000
331.000000
590.000000
274.000000
273.000000
201.000000
969.000000
607.000000
37.000000
584.000000
181.000000
172.000000
296.000000
1174.000000
752.000000
313.000000
219.000000
2208.000000
548.000000
126.000000
212.000000
1153.000000
311.000000
371.000000
167.000000
797.000000
2167.000000
862.000000
201.000000
275.000000
735.000000
2484.000000
536.000000
1157.000000
2528.000000
165.000000
264.000000
1180.000000
71.000000
292.000000
68.000000
81.000000
3419.000000
493.000000
120.000000
648.000000
671.000000
83.000000
740.000000
537.000000
677.000000
641.000000
416.000000
650.000000
444.000000
1022.000000
221.000000
98.000000
326.000000
1726.000000
50.000000
94.000000
109.000000
492.000000
102.000000
898.000000
191.000000
5404.000000
614.000000
260.000000
502.000000
1670.000000
401.000000
637.000000
133.000000
623.000000
101.000000
346.000000
147.000000
324.000000
695.000000
657.000000
575.000000
1320.000000
123.000000
444.000000
975.000000
594.000000
804.000000
6046.000000
38.000000
319.000000
845.000000
594.000000
448.000000
562.000000
271.000000
620.000000
290.000000
142.000000
955.000000
760.000000
2167.000000
30.000000
144.000000
296.000000
732.000000
762.000000
250.000000
348.000000
845.000000
644.000000
132.000000
291.000000
514.000000
374.000000
431.000000
206.000000
198.000000
957.000000
53.000000
417.000000
241.000000
144.000000
813.000000
1218.000000
342.000000
1807.000000
189.000000
209.000000
521.000000
655.000000
473.000000
672.000000
600.000000
53.000000
159.000000
1611.000000
298.000000
341.000000
292.000000
710.000000
176.000000
63.000000
379.000000
174.000000
643.000000
357.000000
277.000000
174.000000
267.000000
620.000000
620.000000
1821.000000
263.000000
216.000000
608.000000
934.000000
174.000000
1327.000000
374.000000
165.000000
1008.000000
561.000000
596.000000
94.000000
105.000000
696.000000
189.000000
107.000000
1685.000000
281.000000
297.000000
445.000000
1092.000000
449.000000
418.000000
302.000000
604.000000
595.000000
519.000000
399.000000
276.000000
483.000000
173.000000
1477.000000
39.000000
220.000000
1180.000000
793.000000
2714.000000
600.000000
374.000000
141.000000
377.000000
230.000000
96.000000
570.000000
178.000000
116.000000
1330.000000
251.000000
112.000000
252.000000
315.000000
1546.000000
345.000000
700.000000
644.000000
450.000000
839.000000
853.000000
222.000000
180.000000
353.000000
424.000000
188.000000
273.000000
370.000000
169.000000
1782.000000
4585.000000
950.000000
351.000000
596.000000
245.000000
53.000000
228.000000
537.000000
174.000000
445.000000
338.000000
130.000000
165.000000
706.000000
181.000000
3477.000000
1695.000000
248.000000
648.000000
310.000000
605.000000
974.000000
2817.000000
401.000000
196.000000
271.000000
231.000000
564.000000
419.000000
117.000000
984.000000
871.000000
660.000000
179.000000
757.000000
672.000000
816.000000
127.000000
101.000000
696.000000
120.000000
166.000000
500.000000
798.000000
878.000000
138.000000
749.000000
1025.000000
753.000000
4062.000000
312.000000
272.000000
331.000000
393.000000
79.000000
1370.000000
1433.000000
186.000000
561.000000
166.000000
1236.000000
1405.000000
1074.000000
3950.000000
330.000000
65.000000
143.000000
518.000000
528.000000
49.000000
171.000000
239.000000
888.000000
814.000000
882.000000
861.000000
451.000000
289.000000
188.000000
54.000000
490.000000
401.000000
197.000000
344.000000
450.000000
742.000000
178.000000
1398.000000
1540.000000
167.000000
617.000000
961.000000
282.000000
1098.000000
82.000000
966.000000
708.000000
149.000000
1881.000000
1064.000000
2270.000000
353.000000
193.000000
128.000000
259.000000
276.000000
2023.000000
336.000000
675.000000
401.000000
190.000000
368.000000
446.000000
515.000000
234.000000
343.000000
421.000000
834.000000
232.000000
1099.000000
199.000000
851.000000
1638.000000
98.000000
395.000000
114.000000
201.000000
221.000000
165.000000
39.000000
122.000000
301.000000
713.000000
396.000000
261.000000
247.000000
244.000000
298.000000
449.000000
47.000000
378.000000
1767.000000
474.000000
1010.000000
2597.000000
1232.000000
255.000000
1832.000000
384.000000
940.000000
560.000000
575.000000
260.000000
522.000000
299.000000
523.000000
148.000000
457.000000
461.000000
1790.000000
566.000000
1032.000000
384.000000
650.000000
75.000000
117.000000
135.000000
1047.000000
114.000000
438.000000
162.000000
270.000000
592.000000
380.000000
212.000000
409.000000
485.000000
1222.000000
465.000000
527.000000
832.000000
477.000000
370.000000
231.000000
407.000000
353.000000
366.000000
188.000000
606.000000
111.000000
1430.000000
204.000000
124.000000
378.000000
383.000000
83.000000
1333.000000
544.000000
1211.000000
689.000000
195.000000
254.000000
145.000000
581.000000
156.000000
810.000000
1287.000000
117.000000
192.000000
360.000000
492.000000
393.000000
678.000000
241.000000
132.000000
170.000000
932.000000
88.000000
342.000000
320.000000
234.000000
311.000000
235.000000
270.000000
356.000000
92.000000
549.000000
269.000000
367.000000
128.000000
351.000000
96.000000
685.000000
212.000000
1280.000000
81.000000
523.000000
78.000000
360.000000
405.000000
243.000000
223.000000
441.000000
346.000000
134.000000
621.000000
146.000000
60.000000
574.000000
1962.000000
668.000000
26.000000
79.000000
559.000000
4278.000000
129.000000
307.000000
1411.000000
366.000000
73.000000
32.000000
920.000000
266.000000
492.000000
321.000000
10.000000
74.000000
341.000000
316.000000
245.000000
3060.000000
186.000000
477.000000
687.000000
917.000000
170.000000
138.000000
539.000000
142.000000
138.000000
181.000000
1673.000000
522.000000
462.000000
438.000000
216.000000
612.000000
147.000000
445.000000
783.000000
624.000000
208.000000
1007.000000
408.000000
347.000000
405.000000
3853.000000
1956.000000
217.000000
552.000000
817.000000
274.000000
1053.000000
608.000000
297.000000
461.000000
302.000000
732.000000
126.000000
157.000000
199.000000
126.000000
1999.000000
193.000000
2284.000000
1533.000000
1636.000000
110.000000
229.000000
539.000000
444.000000
389.000000
121.000000
229.000000
598.000000
357.000000
496.000000
289.000000
114.000000
451.000000
239.000000
590.000000
692.000000
47.000000
232.000000
125.000000
553.000000
282.000000
386.000000
1067.000000
2311.000000
174.000000
3467.000000
441.000000
108.000000
350.000000
202.000000
1251.000000
1097.000000
524.000000
516.000000
1916.000000
347.000000
131.000000
230.000000
245.000000
2080.000000
137.000000
2965.000000
264.000000
196.000000
230.000000
57.000000
487.000000
1062.000000
621.000000
570.000000
1250.000000
1215.000000
167.000000
456.000000
731.000000
1054.000000
171.000000
87.000000
424.000000
85.000000
361.000000
191.000000
140.000000
2776.000000
1144.000000
409.000000
385.000000
1245.000000
1113.000000
268.000000
634.000000
256.000000
272.000000
198.000000
119.000000
141.000000
532.000000
254.000000
600.000000
260.000000
420.000000
116.000000
526.000000
178.000000
1159.000000
92.000000
1803.000000
325.000000
596.000000
228.000000
1413.000000
419.000000
915.000000
318.000000
112.000000
5680.000000
159.000000
133.000000
636.000000
236.000000
720.000000
776.000000
1406.000000
1097.000000
942.000000
401.000000
183.000000
669.000000
50.000000
562.000000
1794.000000
481.000000
813.000000
670.000000
296.000000
79.000000
422.000000
2143.000000
1259.000000
373.000000
1222.000000
410.000000
268.000000
667.000000
1617.000000
263.000000
488.000000
173.000000
347.000000
2840.000000
183.000000
260.000000
1028.000000
419.000000
272.000000
276.000000
181.000000
471.000000
398.000000
1203.000000
654.000000
539.000000
189.000000
2219.000000
182.000000
263.000000
924.000000
55.000000
77.000000
431.000000
80.000000
233.000000
452.000000
430.000000
64.000000
307.000000
539.000000
2674.000000
565.000000
1329.000000
148.000000
40.000000
425.000000
192.000000
53.000000
225.000000
551.000000
1320.000000
1421.000000
181.000000
214.000000
431.000000
908.000000
2723.000000
129.000000
459.000000
318.000000
1019.000000
57.000000
133.000000
476.000000
112.000000
1109.000000
444.000000
88.000000
88.000000
369.000000
76.000000
1119.000000
703.000000
853.000000
992.000000
155.000000
584.000000
154.000000
252.000000
282.000000
257.000000
109.000000
310.000000
1466.000000
1026.000000
146.000000
292.000000
452.000000
1281.000000
1076.000000
315.000000
761.000000
299.000000
506.000000
276.000000
539.000000
614.000000
675.000000
116.000000
266.000000
401.000000
2115.000000
437.000000
225.000000
337.000000
197.000000
194.000000
1316.000000
45.000000
158.000000
621.000000
552.000000
67.000000
249.000000
1199.000000
844.000000
940.000000
79.000000
539.000000
519.000000
617.000000
577.000000
849.000000
238.000000
974.000000
462.000000
151.000000
461.000000
549.000000
308.000000
54.000000
312.000000
478.000000
296.000000
909.000000
759.000000
178.000000
374.000000
24.000000
457.000000
609.000000
723.000000
1180.000000
187.000000
76.000000
967.000000
1104.000000
2739.000000
249.000000
703.000000
638.000000
670.000000
235.000000
4569.000000
318.000000
1357.000000
373.000000
211.000000
975.000000
650.000000
123.000000
319.000000
239.000000
161.000000
216.000000
608.000000
210.000000
964.000000
204.000000
216.000000
498.000000
323.000000
428.000000
236.000000
245.000000
323.000000
898.000000
168.000000
122.000000
197.000000
273.000000
2848.000000
122.000000
1173.000000
201.000000
451.000000
287.000000
58.000000
859.000000
1256.000000
471.000000
116.000000
72.000000
186.000000
356.000000
1173.000000
583.000000
783.000000
1523.000000
1632.000000
224.000000
79.000000
1731.000000
701.000000
481.000000
1016.000000
1503.000000
940.000000
215.000000
114.000000
379.000000
840.000000
680.000000
211.000000
964.000000
79.000000
195.000000
381.000000
3212.000000
1111.000000
777.000000
848.000000
167.000000
297.000000
379.000000
381.000000
836.000000
105.000000
316.000000
89.000000
213.000000
393.000000
2846.000000
3802.000000
567.000000
1567.000000
386.000000
1688.000000
112.000000
173.000000
