644.000000
257.000000
636.000000
120.000000
570.000000
110.000000
339.000000
759.000000
318.000000
342.000000
552.000000
1581.000000
197.000000
1631.000000
57.000000
945.000000
837.000000
592.000000
674.000000
516.000000
712.000000
295.000000
1193.000000
1129.000000
168.000000
630.000000
92.000000
165.000000
315.000000
2207.000000
400.000000
198.000000
509.000000
874.000000
146.000000
137.000000
554.000000
416.000000
143.000000
295.000000
639.000000
3217.000000
192.000000
117.000000
223.000000
331.000000
822.000000
464.000000
405.000000
235.000000
122.000000
930.000000
428.000000
699.000000
237.000000
169.000000
434.000000
709.000000
170.000000
456.000000
666.000000
467.000000
306.000000
735.000000
910.000000
113.000000
2783.000000
118.000000
727.000000
597.000000
170.000000
676.000000
170.000000
5206.000000
275.000000
546.000000
6208.000000
385.000000
294.000000
94.000000
90.000000
336.000000
657.000000
541.000000
432.000000
250.000000
1159.000000
153.000000
261.000000
93.000000
1094.000000
2276.000000
287.000000
285.000000
314.000000
127.000000
462.000000
38.000000
89.000000
440.000000
489.000000
1974.000000
105.000000
1071.000000
390.000000
208.000000
374.000000
520.000000
2543.000000
596.000000
748.000000
408.000000
2247.000000
409.000000
844.000000
85.000000
487.000000
560.000000
2896.000000
655.000000
243.000000
36.000000
528.000000
1447.000000
403.000000
787.000000
104.000000
1066.000000
3890.000000
332.000000
378.000000
689.000000
661.000000
2079.000000
354.000000
375.000000
325.000000
804.000000
1149.000000
705.000000
795.000000
411.000000
450.000000
208.000000
218.000000
327.000000
289.000000
39.000000
304.000000
1203.000000
34.000000
189.000000
225.000000
275.000000
1791.000000
167.000000
152.000000
132.000000
246.000000
305.000000
891.000000
205.000000
370.000000
266.000000
352.000000
270.000000
660.000000
207.000000
163.000000
244.000000
78.000000
239.000000
284.000000
363.000000
431.000000
193.000000
1364.000000
1967.000000
686.000000
885.000000
250.000000
1110.000000
729.000000
29.000000
181.000000
1113.000000
102.000000
276.000000
628.000000
261.000000
176.000000
202.000000
249.000000
629.000000
663.000000
119.000000
701.000000
251.000000
261.000000
433.000000
152.000000
113.000000
327.000000
283.000000
1502.000000
87.000000
182.000000
16384.000000
89.000000
479.000000
230.000000
360.000000
912.000000
1531.000000
127.000000
1035.000000
191.000000
1259.000000
792.000000
331.000000
3705.000000
276.000000
684.000000
351.000000
1070.000000
1167.000000
140.000000
216.000000
1114.000000
1076.000000
470.000000
265.000000
621.000000
145.000000
172.000000
2838.000000
378.000000
853.000000
3680.000000
402.000000
11102.000000
34.000000
291.000000
848.000000
235.000000
370.000000
49.000000
300.000000
2337.000000
525.000000
1449.000000
105.000000
346.000000
2364.000000
326.000000
1575.000000
597.000000
73.000000
632.000000
916.000000
137.000000
1048.000000
916.000000
947.000000
812.000000
163.000000
653.000000
502.000000
1316.000000
214.000000
501.000000
607.000000
169.000000
121.000000
345.000000
296.000000
214.000000
1916.000000
43.000000
897.000000
663.000000
174.000000
172.000000
299.000000
172.000000
3881.000000
157.000000
252.000000
454.000000
279.000000
636.000000
254.000000
1000.000000
489.000000
197.000000
726.000000
544.000000
756.000000
147.000000
61.000000
194.000000
522.000000
1683.000000
8317.000000
61.000000
187.000000
549.000000
4005.000000
109.000000
605.000000
392.000000
117.000000
2621.000000
97.000000
1704.000000
134.000000
709.000000
282.000000
96.000000
587.000000
465.000000
426.000000
267.000000
406.000000
364.000000
293.000000
162.000000
1002.000000
86.000000
136.000000
818.000000
488.000000
372.000000
416.000000
400.000000
210.000000
407.000000
639.000000
471.000000
834.000000
531.000000
1518.000000
517.000000
1775.000000
1086.000000
187.000000
232.000000
700.000000
1646.000000
530.000000
1039.000000
786.000000
132.000000
576.000000
102.000000
2093.000000
397.000000
291.000000
508.000000
228.000000
2217.000000
177.000000
464.000000
499.000000
346.000000
1776.000000
991.000000
265.000000
1146.000000
341.000000
403.000000
243.000000
1428.000000
514.000000
289.000000
154.000000
231.000000
144.000000
267.000000
396.000000
1403.000000
292.000000
347.000000
682.000000
438.000000
378.000000
168.000000
359.000000
295.000000
165.000000
484.000000
102.000000
590.000000
1006.000000
629.000000
2796.000000
2699.000000
1161.000000
301.000000
971.000000
503.000000
170.000000
184.000000
66.000000
661.000000
700.000000
426.000000
83.000000
63.000000
1170.000000
162.000000
851.000000
491.000000
1086.000000
79.000000
310.000000
153.000000
413.000000
627.000000
469.000000
641.000000
32.000000
920.000000
1519.000000
137.000000
2000.000000
486.000000
416.000000
1624.000000
154.000000
54.000000
291.000000
332.000000
646.000000
78.000000
1461.000000
1517.000000
598.000000
1750.000000
273.000000
206.000000
763.000000
877.000000
1168.000000
74.000000
323.000000
993.000000
252.000000
184.000000
466.000000
123.000000
346.000000
305.000000
145.000000
4498.000000
1362.000000
212.000000
566.000000
501.000000
831.000000
323.000000
758.000000
225.000000
339.000000
47.000000
5651.000000
864.000000
577.000000
353.000000
291.000000
355.000000
69.000000
603.000000
822.000000
338.000000
708.000000
252.000000
349.000000
2816.000000
150.000000
31.000000
106.000000
494.000000
231.000000
548.000000
580.000000
79.000000
247.000000
227.000000
297.000000
2772.000000
732.000000
301.000000
101.000000
1855.000000
149.000000
544.000000
24.000000
100.000000
451.000000
714.000000
314.000000
1108.000000
1163.000000
1044.000000
158.000000
1947.000000
54.000000
501.000000
922.000000
107.000000
267.000000
1037.000000
629.000000
326.000000
135.000000
181.000000
551.000000
352.000000
132.000000
172.000000
355.000000
489.000000
710.000000
373.000000
945.000000
205.000000
2996.000000
203.000000
359.000000
1024.000000
133.000000
177.000000
236.000000
285.000000
430.000000
685.000000
89.000000
1151.000000
390.000000
291.000000
48.000000
432.000000
329.000000
225.000000
128.000000
38.000000
535.000000
572.000000
167.000000
440.000000
225.000000
1102.000000
125.000000
2503.000000
127.000000
44.000000
374.000000
1200.000000
66.000000
277.000000
597.000000
1270.000000
612.000000
101.000000
33.000000
458.000000
1630.000000
603.000000
935.000000
773.000000
1203.000000
731.000000
559.000000
550.000000
128.000000
1153.000000
466.000000
596.000000
616.000000
359.000000
1274.000000
609.000000
1094.000000
1242.000000
43.000000
198.000000
306.000000
777.000000
573.000000
754.000000
108.000000
295.000000
68.000000
731.000000
595.000000
510.000000
131.000000
377.000000
840.000000
2484.000000
533.000000
442.000000
198.000000
1049.000000
1825.000000
852.000000
327.000000
293.000000
908.000000
1396.000000
791.000000
200.000000
1518.000000
17.000000
157.000000
242.000000
796.000000
379.000000
979.000000
61.000000
1468.000000
906.000000
527.000000
486.000000
57.000000
156.000000
574.000000
1131.000000
1581.000000
166.000000
168.000000
122.000000
926.000000
2291.000000
1457.000000
220.000000
2838.000000
305.000000
229.000000
440.000000
282.000000
1619.000000
1275.000000
342.000000
772.000000
218.000000
414.000000
140.000000
271.000000
409.000000
657.000000
301.000000
719.000000
438.000000
216.000000
89.000000
310.000000
443.000000
16.000000
121.000000
603.000000
167.000000
143.000000
462.000000
873.000000
426.000000
257.000000
840.000000
1819.000000
252.000000
1379.000000
164.000000
339.000000
216.000000
230.000000
775.000000
254.000000
817.000000
67.000000
658.000000
288.000000
528.000000
663.000000
56.000000
90.000000
97.000000
304.000000
809.000000
766.000000
167.000000
140.000000
111.000000
1953.000000
1223.000000
65.000000
131.000000
703.000000
269.000000
509.000000
180.000000
225.000000
419.000000
1106.000000
404.000000
441.000000
116.000000
366.000000
178.000000
984.000000
597.000000
342.000000
473.000000
156.000000
165.000000
83.000000
65.000000
319.000000
871.000000
664.000000
462.000000
1317.000000
5066.000000
251.000000
427.000000
177.000000
181.000000
549.000000
2837.000000
674.000000
329.000000
282.000000
152.000000
1391.000000
706.000000
294.000000
588.000000
834.000000
732.000000
92.000000
1554.000000
493.000000
442.000000
730.000000
323.000000
98.000000
700.000000
124.000000
91.000000
192.000000
626.000000
1186.000000
761.000000
1101.000000
51.000000
310.000000
279.000000
925.000000
414.000000
352.000000
89.000000
266.000000
142.000000
205.000000
384.000000
843.000000
102.000000
62.000000
2416.000000
327.000000
710.000000
321.000000
846.000000
183.000000
646.000000
702.000000
203.000000
429.000000
435.000000
1657.000000
276.000000
174.000000
1579.000000
154.000000
182.000000
1129.000000
5069.000000
194.000000
323.000000
1145.000000
157.000000
223.000000
587.000000
859.000000
223.000000
493.000000
603.000000
1611.000000
193.000000
732.000000
310.000000
414.000000
487.000000
238.000000
168.000000
243.000000
191.000000
2373.000000
296.000000
2029.000000
146.000000
251.000000
141.000000
124.000000
403.000000
1115.000000
481.000000
383.000000
601.000000
327.000000
420.000000
77.000000
2043.000000
196.000000
259.000000
2174.000000
890.000000
2858.000000
362.000000
586.000000
333.000000
70.000000
571.000000
177.000000
195.000000
291.000000
256.000000
35.000000
913.000000
281.000000
748.000000
179.000000
1271.000000
736.000000
404.000000
1092.000000
84.000000
198.000000
774.000000
487.000000
194.000000
257.000000
382.000000
224.000000
718.000000
322.000000
161.000000
1353.000000
801.000000
125.000000
222.000000
779.000000
1570.000000
780.000000
78.000000
284.000000
1171.000000
171.000000
234.000000
391.000000
600.000000
831.000000
443.000000
2376.000000
60.000000
851.000000
1196.000000
1409.000000
158.000000
751.000000
396.000000
419.000000
416.000000
881.000000
1094.000000
648.000000
138.000000
697.000000
126.000000
546.000000
1108.000000
624.000000
1574.000000
253.000000
201.000000
310.000000
607.000000
80.000000
423.000000
720.000000
609.000000
297.000000
250.000000
743.000000
122.000000
861.000000
608.000000
145.000000
581.000000
319.000000
140.000000
201.000000
908.000000
416.000000
403.000000
1344.000000
1599.000000
4155.000000
240.000000
128.000000
95.000000
178.000000
323.000000
532.000000
84.000000
187.000000
485.000000
271.000000
829.000000
130.000000
649.000000
719.000000
387.000000
2663.000000
326.000000
555.000000
171.000000
155.000000
1016.000000
599.000000
154.000000
1642.000000
268.000000
170.000000
96.000000
859.000000
96.000000
273.000000
1358.000000
155.000000
883.000000
813.000000
670.000000
581.000000
274.000000
816.000000
67.000000
402.000000
120.000000
159.000000
470.000000
482.000000
114.000000
46.000000
363.000000
136.000000
324.000000
522.000000
610.000000
577.000000
1318.000000
105.000000
484.000000
475.000000
94.000000
561.000000
574.000000
225.000000
1228.000000
103.000000
319.000000
124.000000
162.000000
133.000000
250.000000
658.000000
410.000000
554.000000
3307.000000
169.000000
328.000000
380.000000
677.000000
193.000000
495.000000
836.000000
8830.000000
266.000000
577.000000
1164.000000
