176.000000
363.000000
134.000000
72.000000
244.000000
1624.000000
74.000000
790.000000
475.000000
131.000000
602.000000
231.000000
218.000000
750.000000
104.000000
1528.000000
268.000000
384.000000
276.000000
6560.000000
208.000000
53.000000
81.000000
223.000000
256.000000
1568.000000
6305.000000
795.000000
636.000000
261.000000
161.000000
125.000000
296.000000
1816.000000
132.000000
178.000000
148.000000
1679.000000
696.000000
440.000000
692.000000
825.000000
349.000000
122.000000
141.000000
215.000000
108.000000
2845.000000
313.000000
684.000000
3114.000000
101.000000
218.000000
131.000000
2089.000000
146.000000
419.000000
260.000000
5479.000000
96.000000
176.000000
282.000000
508.000000
120.000000
996.000000
811.000000
77.000000
90.000000
117.000000
175.000000
2824.000000
413.000000
776.000000
979.000000
1063.000000
131.000000
119.000000
366.000000
311.000000
602.000000
239.000000
420.000000
947.000000
611.000000
251.000000
1566.000000
154.000000
134.000000
160.000000
719.000000
145.000000
1311.000000
1727.000000
339.000000
212.000000
82.000000
370.000000
541.000000
1438.000000
1648.000000
412.000000
520.000000
131.000000
171.000000
336.000000
613.000000
857.000000
1014.000000
1539.000000
1396.000000
2380.000000
69.000000
384.000000
402.000000
347.000000
1385.000000
1275.000000
1114.000000
395.000000
221.000000
1884.000000
1241.000000
356.000000
234.000000
848.000000
396.000000
2882.000000
132.000000
833.000000
779.000000
321.000000
338.000000
355.000000
304.000000
403.000000
545.000000
386.000000
1853.000000
644.000000
1754.000000
394.000000
317.000000
2934.000000
346.000000
802.000000
325.000000
98.000000
779.000000
659.000000
105.000000
151.000000
919.000000
236.000000
151.000000
132.000000
140.000000
247.000000
313.000000
329.000000
459.000000
898.000000
331.000000
127.000000
1015.000000
268.000000
636.000000
1520.000000
1692.000000
139.000000
897.000000
114.000000
254.000000
653.000000
771.000000
136.000000
482.000000
493.000000
2900.000000
316.000000
541.000000
89.000000
243.000000
837.000000
142.000000
585.000000
660.000000
680.000000
1144.000000
278.000000
155.000000
161.000000
464.000000
892.000000
519.000000
456.000000
918.000000
849.000000
266.000000
623.000000
48.000000
234.000000
383.000000
116.000000
219.000000
447.000000
1373.000000
835.000000
239.000000
249.000000
153.000000
1243.000000
192.000000
157.000000
146.000000
160.000000
417.000000
155.000000
187.000000
330.000000
112.000000
682.000000
1202.000000
238.000000
747.000000
712.000000
713.000000
2638.000000
1219.000000
1723.000000
2340.000000
200.000000
829.000000
306.000000
344.000000
307.000000
349.000000
949.000000
42.000000
68.000000
857.000000
99.000000
411.000000
96.000000
294.000000
84.000000
1062.000000
223.000000
576.000000
285.000000
217.000000
530.000000
230.000000
540.000000
203.000000
218.000000
929.000000
680.000000
238.000000
1150.000000
1194.000000
569.000000
659.000000
260.000000
39.000000
889.000000
757.000000
165.000000
271.000000
725.000000
915.000000
194.000000
372.000000
1283.000000
1407.000000
52.000000
938.000000
421.000000
151.000000
189.000000
652.000000
62.000000
267.000000
1062.000000
2024.000000
1125.000000
321.000000
776.000000
162.000000
50.000000
321.000000
304.000000
25.000000
359.000000
191.000000
228.000000
889.000000
80.000000
39.000000
382.000000
381.000000
65.000000
183.000000
1160.000000
354.000000
184.000000
90.000000
172.000000
92.000000
267.000000
69.000000
207.000000
193.000000
1346.000000
100.000000
697.000000
182.000000
197.000000
2109.000000
2189.000000
1463.000000
643.000000
86.000000
287.000000
185.000000
1579.000000
450.000000
939.000000
461.000000
310.000000
805.000000
1797.000000
937.000000
651.000000
417.000000
637.000000
251.000000
872.000000
552.000000
2329.000000
273.000000
180.000000
113.000000
520.000000
95.000000
366.000000
328.000000
128.000000
254.000000
535.000000
1042.000000
658.000000
292.000000
483.000000
245.000000
309.000000
974.000000
412.000000
1099.000000
115.000000
226.000000
295.000000
472.000000
3480.000000
310.000000
199.000000
3179.000000
619.000000
1217.000000
271.000000
768.000000
352.000000
168.000000
216.000000
2917.000000
164.000000
857.000000
516.000000
333.000000
1040.000000
490.000000
236.000000
223.000000
1161.000000
900.000000
408.000000
420.000000
177.000000
173.000000
228.000000
338.000000
484.000000
168.000000
1395.000000
477.000000
1350.000000
978.000000
307.000000
362.000000
160.000000
460.000000
138.000000
170.000000
457.000000
186.000000
45.000000
147.000000
101.000000
334.000000
163.000000
2177.000000
1101.000000
234.000000
1134.000000
138.000000
866.000000
1551.000000
1292.000000
130.000000
940.000000
324.000000
378.000000
252.000000
521.000000
1398.000000
106.000000
83.000000
1702.000000
451.000000
469.000000
874.000000
439.000000
835.000000
215.000000
1873.000000
127.000000
665.000000
1082.000000
125.000000
336.000000
1203.000000
726.000000
1108.000000
647.000000
189.000000
632.000000
100.000000
313.000000
547.000000
10505.000000
361.000000
121.000000
514.000000
327.000000
528.000000
258.000000
1052.000000
1163.000000
631.000000
534.000000
199.000000
2043.000000
1105.000000
48.000000
381.000000
117.000000
731.000000
319.000000
1687.000000
1439.000000
655.000000
154.000000
230.000000
331.000000
128.000000
249.000000
382.000000
875.000000
139.000000
700.000000
149.000000
442.000000
559.000000
282.000000
4173.000000
574.000000
131.000000
206.000000
2871.000000
1519.000000
893.000000
559.000000
180.000000
252.000000
2133.000000
78.000000
270.000000
677.000000
77.000000
213.000000
379.000000
586.000000
916.000000
292.000000
1250.000000
231.000000
591.000000
422.000000
1604.000000
399.000000
1112.000000
1049.000000
815.000000
1660.000000
629.000000
393.000000
257.000000
37.000000
1326.000000
907.000000
398.000000
393.000000
186.000000
499.000000
331.000000
875.000000
87.000000
111.000000
2166.000000
565.000000
69.000000
374.000000
3151.000000
200.000000
269.000000
716.000000
79.000000
559.000000
135.000000
1295.000000
698.000000
289.000000
561.000000
582.000000
330.000000
2528.000000
47.000000
233.000000
180.000000
240.000000
886.000000
111.000000
1222.000000
1639.000000
1447.000000
865.000000
618.000000
57.000000
1318.000000
396.000000
88.000000
693.000000
293.000000
2119.000000
365.000000
1120.000000
671.000000
834.000000
145.000000
88.000000
916.000000
296.000000
1154.000000
101.000000
121.000000
2004.000000
1437.000000
239.000000
86.000000
1089.000000
97.000000
278.000000
1153.000000
135.000000
804.000000
172.000000
217.000000
319.000000
1362.000000
446.000000
186.000000
528.000000
1149.000000
187.000000
120.000000
381.000000
269.000000
453.000000
554.000000
100.000000
688.000000
131.000000
234.000000
245.000000
539.000000
629.000000
392.000000
359.000000
182.000000
82.000000
1120.000000
61.000000
935.000000
123.000000
132.000000
180.000000
259.000000
368.000000
243.000000
56.000000
188.000000
1798.000000
173.000000
901.000000
147.000000
555.000000
152.000000
228.000000
97.000000
209.000000
589.000000
2335.000000
76.000000
2502.000000
113.000000
90.000000
104.000000
404.000000
205.000000
620.000000
238.000000
232.000000
3083.000000
592.000000
671.000000
284.000000
325.000000
211.000000
221.000000
551.000000
100.000000
304.000000
4551.000000
531.000000
567.000000
580.000000
264.000000
236.000000
223.000000
3845.000000
321.000000
1181.000000
878.000000
31.000000
258.000000
285.000000
122.000000
979.000000
396.000000
198.000000
188.000000
776.000000
272.000000
174.000000
200.000000
873.000000
1225.000000
182.000000
479.000000
3037.000000
1596.000000
331.000000
1781.000000
357.000000
408.000000
142.000000
440.000000
422.000000
338.000000
1102.000000
1138.000000
315.000000
200.000000
1264.000000
236.000000
210.000000
288.000000
582.000000
103.000000
164.000000
609.000000
289.000000
125.000000
623.000000
935.000000
104.000000
435.000000
726.000000
396.000000
2197.000000
325.000000
945.000000
647.000000
324.000000
263.000000
358.000000
319.000000
4190.000000
133.000000
1398.000000
270.000000
227.000000
868.000000
389.000000
1453.000000
8012.000000
1151.000000
116.000000
811.000000
543.000000
827.000000
735.000000
994.000000
161.000000
874.000000
96.000000
3070.000000
536.000000
775.000000
83.000000
143.000000
118.000000
484.000000
251.000000
115.000000
615.000000
59.000000
417.000000
319.000000
820.000000
2530.000000
1307.000000
387.000000
805.000000
246.000000
431.000000
1222.000000
308.000000
191.000000
825.000000
917.000000
587.000000
352.000000
63.000000
343.000000
70.000000
998.000000
815.000000
42.000000
358.000000
818.000000
263.000000
54.000000
301.000000
81.000000
1613.000000
237.000000
188.000000
321.000000
909.000000
293.000000
328.000000
487.000000
194.000000
491.000000
102.000000
285.000000
1726.000000
730.000000
80.000000
102.000000
951.000000
107.000000
308.000000
1249.000000
114.000000
671.000000
349.000000
148.000000
548.000000
64.000000
431.000000
156.000000
231.000000
809.000000
445.000000
589.000000
1668.000000
304.000000
1698.000000
176.000000
351.000000
496.000000
103.000000
452.000000
381.000000
220.000000
623.000000
347.000000
445.000000
553.000000
496.000000
164.000000
86.000000
127.000000
608.000000
168.000000
301.000000
108.000000
254.000000
1161.000000
519.000000
484.000000
238.000000
1257.000000
161.000000
868.000000
3550.000000
747.000000
125.000000
444.000000
138.000000
376.000000
193.000000
979.000000
379.000000
74.000000
73.000000
579.000000
119.000000
168.000000
217.000000
3134.000000
215.000000
605.000000
658.000000
356.000000
1171.000000
2153.000000
412.000000
1342.000000
1581.000000
197.000000
62.000000
101.000000
522.000000
95.000000
164.000000
128.000000
3247.000000
137.000000
226.000000
44.000000
400.000000
331.000000
2614.000000
182.000000
139.000000
206.000000
615.000000
364.000000
159.000000
2459.000000
205.000000
595.000000
1815.000000
268.000000
191.000000
378.000000
219.000000
431.000000
686.000000
368.000000
1156.000000
352.000000
574.000000
226.000000
5396.000000
202.000000
1671.000000
651.000000
1161.000000
151.000000
170.000000
1489.000000
74.000000
1065.000000
286.000000
368.000000
208.000000
229.000000
189.000000
170.000000
305.000000
413.000000
464.000000
1296.000000
158.000000
264.000000
1578.000000
181.000000
70.000000
643.000000
359.000000
535.000000
225.000000
76.000000
277.000000
933.000000
224.000000
547.000000
861.000000
598.000000
1192.000000
929.000000
176.000000
207.000000
175.000000
1351.000000
252.000000
1502.000000
2880.000000
732.000000
2076.000000
264.000000
445.000000
333.000000
428.000000
127.000000
176.000000
275.000000
556.000000
1589.000000
1058.000000
199.000000
100.000000
321.000000
2268.000000
418.000000
202.000000
943.000000
111.000000
518.000000
821.000000
518.000000
1143.000000
81.000000
164.000000
148.000000
1442.000000
912.000000
328.000000
2308.000000
308.000000
978.000000
311.000000
386.000000
164.000000
28.000000
485.000000
283.000000
1388.000000
737.000000
308.000000
631.000000
888.000000
31.000000
849.000000
988.000000
571.000000
1945.000000
53.000000
258.000000
441.000000
592.000000
190.000000
174.000000
89.000000
341.000000
339.000000
510.000000
