321.000000
268.000000
633.000000
62.000000
405.000000
1251.000000
269.000000
767.000000
158.000000
781.000000
696.000000
224.000000
272.000000
736.000000
243.000000
165.000000
1167.000000
199.000000
188.000000
507.000000
161.000000
907.000000
2272.000000
224.000000
395.000000
945.000000
1780.000000
316.000000
1474.000000
1150.000000
577.000000
114.000000
633.000000
228.000000
212.000000
962.000000
1560.000000
394.000000
1100.000000
463.000000
63.000000
767.000000
731.000000
1872.000000
1089.000000
1280.000000
508.000000
1383.000000
304.000000
115.000000
130.000000
468.000000
316.000000
511.000000
333.000000
346.000000
912.000000
54.000000
182.000000
80.000000
1277.000000
269.000000
409.000000
121.000000
296.000000
681.000000
967.000000
314.000000
440.000000
1925.000000
193.000000
1122.000000
232.000000
1161.000000
1569.000000
642.000000
88.000000
359.000000
353.000000
192.000000
335.000000
534.000000
649.000000
368.000000
437.000000
532.000000
1347.000000
508.000000
411.000000
409.000000
246.000000
148.000000
790.000000
84.000000
472.000000
238.000000
354.000000
18.000000
482.000000
640.000000
395.000000
747.000000
216.000000
194.000000
178.000000
185.000000
585.000000
887.000000
454.000000
264.000000
1614.000000
146.000000
335.000000
362.000000
1620.000000
317.000000
81.000000
174.000000
294.000000
3783.000000
159.000000
1023.000000
576.000000
300.000000
93.000000
463.000000
148.000000
847.000000
2033.000000
160.000000
464.000000
315.000000
651.000000
558.000000
81.000000
328.000000
213.000000
83.000000
375.000000
1996.000000
372.000000
444.000000
1046.000000
69.000000
627.000000
1718.000000
212.000000
441.000000
141.000000
831.000000
1615.000000
411.000000
168.000000
54.000000
103.000000
120.000000
293.000000
78.000000
93.000000
350.000000
1251.000000
130.000000
331.000000
399.000000
73.000000
690.000000
1199.000000
195.000000
1735.000000
1349.000000
250.000000
1347.000000
71.000000
358.000000
326.000000
220.000000
607.000000
534.000000
3266.000000
298.000000
812.000000
177.000000
1892.000000
255.000000
2384.000000
370.000000
839.000000
1767.000000
330.000000
553.000000
113.000000
411.000000
981.000000
368.000000
1571.000000
251.000000
352.000000
64.000000
139.000000
283.000000
4829.000000
264.000000
414.000000
872.000000
505.000000
1577.000000
578.000000
274.000000
2373.000000
112.000000
459.000000
1074.000000
894.000000
575.000000
508.000000
741.000000
6781.000000
660.000000
332.000000
797.000000
87.000000
133.000000
1335.000000
239.000000
125.000000
332.000000
164.000000
86.000000
474.000000
849.000000
530.000000
892.000000
967.000000
1084.000000
174.000000
2389.000000
79.000000
671.000000
108.000000
621.000000
1702.000000
1702.000000
407.000000
699.000000
421.000000
177.000000
1582.000000
166.000000
3191.000000
1334.000000
1028.000000
114.000000
100.000000
327.000000
63.000000
251.000000
107.000000
479.000000
460.000000
150.000000
668.000000
2785.000000
401.000000
1984.000000
229.000000
710.000000
993.000000
3706.000000
132.000000
1507.000000
1217.000000
2507.000000
582.000000
38.000000
2450.000000
656.000000
282.000000
209.000000
357.000000
833.000000
158.000000
651.000000
295.000000
4747.000000
566.000000
363.000000
1231.000000
2308.000000
476.000000
499.000000
1275.000000
69.000000
106.000000
197.000000
834.000000
25.000000
3997.000000
719.000000
256.000000
3096.000000
533.000000
186.000000
545.000000
160.000000
683.000000
596.000000
357.000000
474.000000
299.000000
910.000000
134.000000
1101.000000
190.000000
407.000000
391.000000
77.000000
580.000000
199.000000
403.000000
491.000000
646.000000
241.000000
129.000000
452.000000
644.000000
215.000000
505.000000
276.000000
443.000000
2056.000000
300.000000
239.000000
303.000000
1072.000000
117.000000
75.000000
2066.000000
362.000000
234.000000
421.000000
477.000000
592.000000
534.000000
606.000000
286.000000
138.000000
173.000000
1013.000000
1368.000000
2277.000000
410.000000
133.000000
121.000000
1164.000000
76.000000
211.000000
859.000000
105.000000
204.000000
463.000000
138.000000
239.000000
258.000000
190.000000
224.000000
237.000000
2223.000000
850.000000
350.000000
427.000000
33.000000
2062.000000
391.000000
98.000000
124.000000
740.000000
706.000000
524.000000
915.000000
281.000000
308.000000
223.000000
172.000000
105.000000
636.000000
1860.000000
503.000000
528.000000
51.000000
449.000000
424.000000
1300.000000
203.000000
288.000000
864.000000
1320.000000
77.000000
811.000000
239.000000
337.000000
453.000000
315.000000
670.000000
1147.000000
957.000000
836.000000
168.000000
332.000000
539.000000
559.000000
886.000000
404.000000
1428.000000
233.000000
168.000000
179.000000
399.000000
662.000000
664.000000
868.000000
390.000000
604.000000
515.000000
413.000000
1938.000000
389.000000
478.000000
931.000000
847.000000
1200.000000
85.000000
49.000000
145.000000
537.000000
1421.000000
75.000000
377.000000
57.000000
177.000000
538.000000
285.000000
133.000000
17.000000
208.000000
104.000000
446.000000
150.000000
509.000000
1272.000000
850.000000
732.000000
989.000000
213.000000
3718.000000
548.000000
480.000000
173.000000
796.000000
722.000000
668.000000
794.000000
220.000000
440.000000
282.000000
55.000000
1961.000000
273.000000
763.000000
309.000000
95.000000
907.000000
550.000000
662.000000
24.000000
199.000000
208.000000
180.000000
496.000000
348.000000
771.000000
638.000000
69.000000
200.000000
197.000000
466.000000
3031.000000
287.000000
372.000000
3819.000000
190.000000
447.000000
238.000000
27.000000
45.000000
758.000000
345.000000
1235.000000
754.000000
123.000000
90.000000
308.000000
604.000000
151.000000
187.000000
495.000000
122.000000
480.000000
52.000000
463.000000
1668.000000
47.000000
680.000000
699.000000
335.000000
477.000000
663.000000
198.000000
750.000000
234.000000
1247.000000
428.000000
262.000000
346.000000
2370.000000
149.000000
749.000000
151.000000
533.000000
473.000000
66.000000
32.000000
226.000000
301.000000
1939.000000
1096.000000
1765.000000
327.000000
161.000000
681.000000
143.000000
494.000000
144.000000
160.000000
391.000000
939.000000
561.000000
1264.000000
70.000000
561.000000
318.000000
839.000000
785.000000
89.000000
431.000000
603.000000
396.000000
251.000000
60.000000
298.000000
488.000000
1312.000000
483.000000
641.000000
201.000000
159.000000
538.000000
1384.000000
1113.000000
301.000000
64.000000
782.000000
244.000000
1323.000000
208.000000
373.000000
73.000000
957.000000
173.000000
947.000000
156.000000
485.000000
106.000000
717.000000
820.000000
319.000000
59.000000
283.000000
335.000000
660.000000
208.000000
501.000000
553.000000
602.000000
3650.000000
95.000000
290.000000
2166.000000
149.000000
33.000000
48.000000
168.000000
414.000000
4208.000000
733.000000
566.000000
290.000000
250.000000
943.000000
265.000000
694.000000
807.000000
1129.000000
521.000000
634.000000
317.000000
3760.000000
1334.000000
234.000000
749.000000
113.000000
239.000000
141.000000
570.000000
621.000000
109.000000
189.000000
197.000000
94.000000
1148.000000
126.000000
459.000000
110.000000
855.000000
178.000000
2014.000000
363.000000
336.000000
665.000000
959.000000
1527.000000
3074.000000
749.000000
1378.000000
516.000000
1095.000000
921.000000
571.000000
472.000000
1027.000000
520.000000
257.000000
486.000000
566.000000
311.000000
312.000000
979.000000
16.000000
106.000000
259.000000
340.000000
122.000000
355.000000
1104.000000
948.000000
190.000000
352.000000
251.000000
276.000000
415.000000
1396.000000
481.000000
117.000000
640.000000
404.000000
1041.000000
136.000000
357.000000
557.000000
483.000000
835.000000
542.000000
178.000000
300.000000
137.000000
186.000000
182.000000
407.000000
430.000000
312.000000
404.000000
243.000000
353.000000
598.000000
1957.000000
369.000000
266.000000
155.000000
224.000000
166.000000
292.000000
144.000000
407.000000
83.000000
135.000000
579.000000
193.000000
532.000000
747.000000
956.000000
362.000000
275.000000
857.000000
460.000000
472.000000
1511.000000
316.000000
855.000000
454.000000
461.000000
190.000000
147.000000
305.000000
865.000000
379.000000
6537.000000
66.000000
49.000000
467.000000
360.000000
58.000000
82.000000
243.000000
267.000000
121.000000
165.000000
664.000000
189.000000
979.000000
1542.000000
520.000000
236.000000
203.000000
258.000000
685.000000
136.000000
528.000000
582.000000
112.000000
1497.000000
303.000000
325.000000
348.000000
529.000000
691.000000
1121.000000
244.000000
351.000000
519.000000
463.000000
165.000000
45.000000
235.000000
71.000000
401.000000
173.000000
92.000000
148.000000
200.000000
43.000000
438.000000
840.000000
3415.000000
161.000000
135.000000
5643.000000
629.000000
477.000000
100.000000
817.000000
794.000000
461.000000
333.000000
733.000000
807.000000
453.000000
542.000000
798.000000
127.000000
68.000000
243.000000
170.000000
555.000000
422.000000
175.000000
99.000000
91.000000
176.000000
295.000000
141.000000
174.000000
109.000000
142.000000
1304.000000
325.000000
537.000000
697.000000
312.000000
145.000000
1576.000000
483.000000
368.000000
469.000000
1496.000000
1746.000000
399.000000
319.000000
190.000000
101.000000
1642.000000
971.000000
288.000000
365.000000
71.000000
300.000000
1233.000000
576.000000
575.000000
180.000000
139.000000
78.000000
149.000000
544.000000
348.000000
122.000000
852.000000
93.000000
520.000000
203.000000
116.000000
199.000000
562.000000
137.000000
927.000000
183.000000
136.000000
335.000000
1664.000000
198.000000
996.000000
1662.000000
400.000000
133.000000
638.000000
295.000000
187.000000
387.000000
3339.000000
1139.000000
1466.000000
1213.000000
469.000000
901.000000
205.000000
106.000000
370.000000
455.000000
1212.000000
717.000000
193.000000
545.000000
719.000000
1295.000000
117.000000
1414.000000
3209.000000
586.000000
174.000000
71.000000
170.000000
374.000000
144.000000
93.000000
307.000000
147.000000
339.000000
165.000000
684.000000
1374.000000
138.000000
465.000000
417.000000
133.000000
746.000000
2398.000000
416.000000
1115.000000
675.000000
408.000000
180.000000
305.000000
2637.000000
2377.000000
621.000000
308.000000
637.000000
140.000000
959.000000
174.000000
870.000000
363.000000
1764.000000
369.000000
2413.000000
665.000000
82.000000
1051.000000
240.000000
928.000000
738.000000
1342.000000
369.000000
147.000000
1494.000000
417.000000
263.000000
131.000000
396.000000
182.000000
857.000000
1072.000000
246.000000
117.000000
111.000000
263.000000
364.000000
171.000000
1170.000000
609.000000
567.000000
235.000000
172.000000
2798.000000
420.000000
417.000000
528.000000
77.000000
85.000000
385.000000
413.000000
444.000000
82.000000
74.000000
951.000000
1549.000000
519.000000
161.000000
425.000000
120.000000
72.000000
713.000000
870.000000
595.000000
706.000000
544.000000
695.000000
416.000000
253.000000
214.000000
172.000000
154.000000
78.000000
49.000000
322.000000
120.000000
2186.000000
538.000000
496.000000
2143.000000
233.000000
876.000000
361.000000
88.000000
164.000000
463.000000
2310.000000
514.000000
388.000000
113.000000
825.000000
512.000000
497.000000
404.000000
116.000000
1103.000000
803.000000
129.000000
981.000000
789.000000
1111.000000
511.000000
