150.000000
745.000000
1522.000000
165.000000
576.000000
322.000000
447.000000
274.000000
2308.000000
867.000000
227.000000
717.000000
526.000000
76.000000
859.000000
797.000000
1029.000000
516.000000
206.000000
143.000000
1081.000000
1036.000000
3541.000000
478.000000
3342.000000
534.000000
81.000000
1265.000000
1431.000000
553.000000
128.000000
143.000000
633.000000
172.000000
1493.000000
254.000000
161.000000
245.000000
451.000000
1115.000000
730.000000
412.000000
588.000000
473.000000
953.000000
620.000000
49.000000
442.000000
68.000000
253.000000
387.000000
4635.000000
441.000000
1633.000000
244.000000
88.000000
1332.000000
63.000000
2019.000000
1295.000000
248.000000
228.000000
696.000000
733.000000
46.000000
1163.000000
150.000000
385.000000
34.000000
1250.000000
148.000000
404.000000
361.000000
546.000000
1505.000000
416.000000
408.000000
829.000000
485.000000
151.000000
353.000000
328.000000
539.000000
75.000000
120.000000
1384.000000
118.000000
998.000000
207.000000
597.000000
29.000000
1478.000000
1143.000000
250.000000
257.000000
540.000000
479.000000
318.000000
1028.000000
878.000000
114.000000
1692.000000
276.000000
663.000000
1506.000000
256.000000
196.000000
105.000000
94.000000
366.000000
149.000000
241.000000
1459.000000
153.000000
305.000000
541.000000
478.000000
1494.000000
780.000000
97.000000
272.000000
398.000000
2422.000000
634.000000
55.000000
804.000000
945.000000
374.000000
287.000000
1917.000000
256.000000
138.000000
371.000000
1207.000000
1430.000000
119.000000
1031.000000
266.000000
711.000000
717.000000
189.000000
145.000000
617.000000
718.000000
140.000000
3324.000000
433.000000
1962.000000
559.000000
435.000000
1208.000000
288.000000
1107.000000
52.000000
104.000000
235.000000
374.000000
142.000000
5884.000000
101.000000
396.000000
268.000000
649.000000
350.000000
454.000000
175.000000
1417.000000
235.000000
789.000000
172.000000
486.000000
187.000000
526.000000
157.000000
371.000000
85.000000
1084.000000
263.000000
261.000000
378.000000
1843.000000
351.000000
1370.000000
1022.000000
184.000000
1020.000000
393.000000
68.000000
1145.000000
1329.000000
142.000000
459.000000
102.000000
681.000000
250.000000
194.000000
3023.000000
241.000000
45.000000
2988.000000
513.000000
215.000000
664.000000
173.000000
1428.000000
173.000000
2167.000000
1666.000000
135.000000
392.000000
84.000000
622.000000
272.000000
87.000000
556.000000
296.000000
1863.000000
507.000000
349.000000
729.000000
2091.000000
533.000000
1969.000000
364.000000
645.000000
1152.000000
96.000000
479.000000
235.000000
910.000000
261.000000
161.000000
489.000000
564.000000
142.000000
327.000000
61.000000
121.000000
514.000000
820.000000
226.000000
26.000000
299.000000
828.000000
1783.000000
310.000000
2836.000000
847.000000
96.000000
62.000000
122.000000
696.000000
92.000000
617.000000
326.000000
162.000000
347.000000
81.000000
210.000000
422.000000
617.000000
857.000000
1616.000000
413.000000
175.000000
1389.000000
315.000000
271.000000
54.000000
266.000000
380.000000
698.000000
197.000000
273.000000
1178.000000
306.000000
867.000000
349.000000
552.000000
108.000000
821.000000
42.000000
666.000000
300.000000
2369.000000
106.000000
296.000000
518.000000
406.000000
65.000000
2494.000000
298.000000
187.000000
207.000000
240.000000
269.000000
1012.000000
1104.000000
641.000000
178.000000
345.000000
588.000000
671.000000
671.000000
80.000000
566.000000
144.000000
3233.000000
1302.000000
487.000000
452.000000
207.000000
717.000000
290.000000
936.000000
485.000000
1981.000000
494.000000
214.000000
1168.000000
133.000000
443.000000
1100.000000
1114.000000
280.000000
934.000000
546.000000
447.000000
315.000000
234.000000
1467.000000
134.000000
98.000000
115.000000
658.000000
326.000000
481.000000
1643.000000
432.000000
316.000000
616.000000
592.000000
1129.000000
806.000000
249.000000
1011.000000
503.000000
235.000000
421.000000
473.000000
183.000000
581.000000
44.000000
102.000000
1756.000000
806.000000
222.000000
496.000000
116.000000
301.000000
339.000000
505.000000
338.000000
316.000000
506.000000
2563.000000
94.000000
238.000000
213.000000
490.000000
565.000000
1054.000000
117.000000
411.000000
226.000000
801.000000
219.000000
736.000000
115.000000
241.000000
97.000000
577.000000
991.000000
130.000000
34.000000
36.000000
57.000000
257.000000
1725.000000
276.000000
203.000000
583.000000
482.000000
1217.000000
389.000000
189.000000
577.000000
1015.000000
195.000000
103.000000
398.000000
613.000000
443.000000
7636.000000
1929.000000
368.000000
379.000000
762.000000
523.000000
697.000000
155.000000
666.000000
187.000000
217.000000
60.000000
228.000000
278.000000
274.000000
876.000000
354.000000
476.000000
270.000000
352.000000
921.000000
97.000000
1857.000000
454.000000
526.000000
718.000000
309.000000
562.000000
129.000000
744.000000
2815.000000
200.000000
221.000000
581.000000
1409.000000
957.000000
613.000000
64.000000
271.000000
1755.000000
34.000000
227.000000
89.000000
76.000000
302.000000
1243.000000
340.000000
427.000000
192.000000
37.000000
1034.000000
474.000000
867.000000
101.000000
157.000000
496.000000
342.000000
550.000000
394.000000
70.000000
1207.000000
996.000000
1036.000000
5893.000000
484.000000
238.000000
793.000000
1134.000000
131.000000
143.000000
330.000000
1676.000000
529.000000
360.000000
153.000000
396.000000
735.000000
1107.000000
119.000000
153.000000
2745.000000
1675.000000
802.000000
3051.000000
106.000000
1668.000000
239.000000
387.000000
645.000000
272.000000
640.000000
238.000000
425.000000
123.000000
352.000000
607.000000
1373.000000
2552.000000
252.000000
1016.000000
697.000000
425.000000
334.000000
770.000000
68.000000
112.000000
3191.000000
214.000000
895.000000
187.000000
234.000000
2792.000000
2003.000000
1012.000000
180.000000
1248.000000
422.000000
1189.000000
1658.000000
257.000000
279.000000
709.000000
3170.000000
366.000000
794.000000
548.000000
165.000000
135.000000
890.000000
626.000000
1840.000000
673.000000
225.000000
178.000000
607.000000
301.000000
679.000000
796.000000
242.000000
2249.000000
522.000000
364.000000
1004.000000
308.000000
907.000000
518.000000
106.000000
169.000000
58.000000
1339.000000
2759.000000
184.000000
512.000000
281.000000
774.000000
916.000000
503.000000
147.000000
81.000000
468.000000
126.000000
106.000000
327.000000
842.000000
265.000000
1370.000000
465.000000
71.000000
636.000000
159.000000
134.000000
175.000000
480.000000
348.000000
165.000000
147.000000
557.000000
303.000000
627.000000
428.000000
554.000000
96.000000
47.000000
531.000000
194.000000
1431.000000
608.000000
265.000000
198.000000
119.000000
68.000000
481.000000
865.000000
327.000000
245.000000
506.000000
1119.000000
1020.000000
339.000000
291.000000
304.000000
625.000000
217.000000
1074.000000
2970.000000
404.000000
977.000000
174.000000
865.000000
89.000000
124.000000
491.000000
1009.000000
393.000000
284.000000
144.000000
399.000000
778.000000
228.000000
331.000000
475.000000
155.000000
283.000000
191.000000
968.000000
445.000000
549.000000
1357.000000
2822.000000
56.000000
174.000000
583.000000
134.000000
234.000000
1216.000000
185.000000
273.000000
480.000000
179.000000
1819.000000
548.000000
1795.000000
284.000000
683.000000
1547.000000
1700.000000
1126.000000
78.000000
430.000000
2522.000000
725.000000
366.000000
1470.000000
203.000000
364.000000
437.000000
391.000000
1044.000000
524.000000
633.000000
337.000000
221.000000
113.000000
592.000000
327.000000
633.000000
706.000000
207.000000
459.000000
91.000000
906.000000
416.000000
1397.000000
695.000000
305.000000
817.000000
106.000000
414.000000
1044.000000
283.000000
456.000000
485.000000
142.000000
508.000000
394.000000
284.000000
244.000000
1304.000000
46.000000
243.000000
621.000000
129.000000
195.000000
212.000000
1248.000000
64.000000
551.000000
168.000000
355.000000
143.000000
592.000000
1674.000000
246.000000
1578.000000
197.000000
1354.000000
2213.000000
734.000000
593.000000
752.000000
807.000000
132.000000
157.000000
223.000000
829.000000
263.000000
420.000000
399.000000
3448.000000
863.000000
253.000000
583.000000
164.000000
390.000000
686.000000
872.000000
366.000000
102.000000
434.000000
519.000000
59.000000
278.000000
1339.000000
789.000000
753.000000
564.000000
444.000000
167.000000
416.000000
240.000000
426.000000
66.000000
507.000000
353.000000
270.000000
274.000000
546.000000
1584.000000
106.000000
1568.000000
1112.000000
485.000000
280.000000
178.000000
194.000000
95.000000
454.000000
426.000000
937.000000
142.000000
164.000000
205.000000
180.000000
1401.000000
210.000000
139.000000
760.000000
251.000000
865.000000
1674.000000
740.000000
333.000000
1846.000000
280.000000
95.000000
927.000000
133.000000
373.000000
478.000000
101.000000
676.000000
592.000000
684.000000
142.000000
517.000000
966.000000
827.000000
380.000000
512.000000
158.000000
848.000000
3939.000000
283.000000
1320.000000
843.000000
1657.000000
703.000000
306.000000
374.000000
125.000000
244.000000
291.000000
84.000000
444.000000
90.000000
133.000000
662.000000
426.000000
2942.000000
398.000000
1667.000000
180.000000
191.000000
196.000000
1293.000000
559.000000
1790.000000
135.000000
250.000000
2754.000000
558.000000
944.000000
360.000000
1168.000000
1204.000000
650.000000
99.000000
1181.000000
279.000000
25.000000
173.000000
180.000000
536.000000
456.000000
188.000000
2813.000000
316.000000
413.000000
558.000000
106.000000
2668.000000
637.000000
1468.000000
138.000000
997.000000
457.000000
305.000000
114.000000
857.000000
1585.000000
114.000000
1116.000000
93.000000
305.000000
1359.000000
284.000000
51.000000
449.000000
547.000000
71.000000
309.000000
1262.000000
457.000000
247.000000
1516.000000
164.000000
910.000000
521.000000
977.000000
267.000000
398.000000
578.000000
1624.000000
457.000000
759.000000
594.000000
142.000000
1451.000000
287.000000
2521.000000
3901.000000
589.000000
293.000000
2042.000000
95.000000
453.000000
84.000000
260.000000
196.000000
802.000000
628.000000
502.000000
140.000000
718.000000
2288.000000
168.000000
522.000000
161.000000
119.000000
920.000000
1089.000000
293.000000
1373.000000
296.000000
293.000000
162.000000
90.000000
505.000000
63.000000
569.000000
741.000000
4675.000000
355.000000
138.000000
624.000000
442.000000
758.000000
289.000000
180.000000
127.000000
286.000000
904.000000
182.000000
418.000000
308.000000
1105.000000
75.000000
236.000000
2269.000000
493.000000
584.000000
1497.000000
5630.000000
676.000000
562.000000
358.000000
139.000000
102.000000
292.000000
1872.000000
308.000000
175.000000
73.000000
1268.000000
47.000000
225.000000
520.000000
5039.000000
120.000000
5305.000000
49.000000
1940.000000
625.000000
38.000000
168.000000
2791.000000
1225.000000
25.000000
315.000000
1287.000000
116.000000
967.000000
148.000000
289.000000
301.000000
231.000000
1024.000000
415.000000
335.000000
79.000000
75.000000
1427.000000
205.000000
44.000000
755.000000
355.000000
222.000000
754.000000
228.000000
75.000000
1469.000000
339.000000
409.000000
585.000000
129.000000
715.000000
1973.000000
254.000000
235.000000
970.000000
383.000000
1360.000000
885.000000
70.000000
467.000000
712.000000
2176.000000
