147.000000
51.000000
178.000000
1717.000000
1559.000000
87.000000
6487.000000
797.000000
170.000000
275.000000
1100.000000
1298.000000
337.000000
845.000000
171.000000
215.000000
406.000000
205.000000
636.000000
2162.000000
1369.000000
260.000000
198.000000
190.000000
333.000000
797.000000
634.000000
90.000000
440.000000
356.000000
237.000000
1209.000000
203.000000
221.000000
276.000000
344.000000
1114.000000
158.000000
328.000000
580.000000
410.000000
437.000000
331.000000
1108.000000
266.000000
558.000000
648.000000
104.000000
1552.000000
479.000000
560.000000
179.000000
2266.000000
581.000000
543.000000
223.000000
221.000000
426.000000
356.000000
1421.000000
3662.000000
112.000000
58.000000
1442.000000
135.000000
277.000000
762.000000
437.000000
172.000000
1032.000000
276.000000
726.000000
454.000000
10.000000
185.000000
1284.000000
112.000000
352.000000
409.000000
460.000000
294.000000
229.000000
814.000000
109.000000
471.000000
221.000000
7453.000000
946.000000
1450.000000
337.000000
317.000000
474.000000
577.000000
795.000000
563.000000
3066.000000
291.000000
318.000000
145.000000
376.000000
513.000000
99.000000
224.000000
47.000000
132.000000
323.000000
87.000000
412.000000
266.000000
105.000000
1001.000000
2046.000000
1817.000000
1638.000000
480.000000
1269.000000
14.000000
787.000000
898.000000
1395.000000
1247.000000
928.000000
753.000000
77.000000
537.000000
3155.000000
941.000000
121.000000
465.000000
250.000000
257.000000
414.000000
2253.000000
221.000000
939.000000
416.000000
89.000000
81.000000
1720.000000
1833.000000
74.000000
150.000000
1803.000000
601.000000
653.000000
181.000000
318.000000
654.000000
2492.000000
106.000000
284.000000
429.000000
287.000000
492.000000
150.000000
138.000000
628.000000
644.000000
256.000000
304.000000
262.000000
533.000000
82.000000
196.000000
973.000000
271.000000
361.000000
265.000000
362.000000
1248.000000
81.000000
83.000000
669.000000
637.000000
1028.000000
975.000000
910.000000
894.000000
1315.000000
823.000000
1093.000000
239.000000
2916.000000
404.000000
1623.000000
99.000000
885.000000
644.000000
680.000000
763.000000
692.000000
306.000000
489.000000
424.000000
1692.000000
683.000000
62.000000
566.000000
220.000000
120.000000
83.000000
69.000000
267.000000
859.000000
500.000000
388.000000
94.000000
1160.000000
734.000000
380.000000
243.000000
1707.000000
549.000000
249.000000
1029.000000
176.000000
812.000000
188.000000
184.000000
593.000000
96.000000
410.000000
440.000000
1907.000000
352.000000
2862.000000
386.000000
635.000000
1883.000000
3526.000000
792.000000
403.000000
860.000000
702.000000
123.000000
722.000000
707.000000
100.000000
122.000000
430.000000
729.000000
312.000000
165.000000
325.000000
978.000000
1158.000000
925.000000
250.000000
1259.000000
242.000000
170.000000
147.000000
2088.000000
284.000000
76.000000
1592.000000
668.000000
1392.000000
793.000000
56.000000
1535.000000
693.000000
111.000000
979.000000
161.000000
658.000000
1194.000000
100.000000
431.000000
915.000000
247.000000
1023.000000
405.000000
740.000000
1124.000000
310.000000
82.000000
488.000000
1240.000000
616.000000
1160.000000
219.000000
526.000000
230.000000
66.000000
463.000000
299.000000
389.000000
104.000000
448.000000
284.000000
1240.000000
2077.000000
76.000000
475.000000
172.000000
554.000000
734.000000
290.000000
211.000000
251.000000
479.000000
235.000000
862.000000
724.000000
363.000000
2243.000000
919.000000
543.000000
982.000000
1257.000000
707.000000
108.000000
476.000000
350.000000
1028.000000
148.000000
136.000000
169.000000
506.000000
714.000000
162.000000
83.000000
1037.000000
73.000000
185.000000
838.000000
703.000000
83.000000
539.000000
4559.000000
2633.000000
180.000000
202.000000
2418.000000
624.000000
1666.000000
223.000000
1591.000000
196.000000
300.000000
232.000000
194.000000
1277.000000
178.000000
973.000000
456.000000
148.000000
81.000000
358.000000
187.000000
850.000000
688.000000
161.000000
870.000000
631.000000
525.000000
121.000000
172.000000
709.000000
103.000000
168.000000
1047.000000
365.000000
489.000000
415.000000
737.000000
81.000000
3606.000000
207.000000
558.000000
500.000000
70.000000
1536.000000
270.000000
338.000000
618.000000
231.000000
351.000000
34.000000
70.000000
197.000000
105.000000
1682.000000
394.000000
1455.000000
152.000000
532.000000
323.000000
143.000000
409.000000
117.000000
703.000000
601.000000
342.000000
337.000000
64.000000
108.000000
287.000000
279.000000
216.000000
1041.000000
312.000000
679.000000
338.000000
264.000000
559.000000
102.000000
260.000000
392.000000
409.000000
1912.000000
81.000000
1897.000000
68.000000
107.000000
2933.000000
1165.000000
299.000000
618.000000
1206.000000
634.000000
478.000000
898.000000
90.000000
201.000000
1662.000000
3501.000000
956.000000
64.000000
1006.000000
662.000000
735.000000
685.000000
75.000000
123.000000
318.000000
351.000000
478.000000
3908.000000
120.000000
1924.000000
1100.000000
793.000000
1947.000000
545.000000
577.000000
343.000000
697.000000
136.000000
2662.000000
426.000000
3430.000000
3942.000000
2749.000000
246.000000
323.000000
576.000000
666.000000
263.000000
441.000000
112.000000
105.000000
761.000000
364.000000
207.000000
551.000000
502.000000
203.000000
607.000000
110.000000
358.000000
962.000000
87.000000
431.000000
477.000000
169.000000
126.000000
1035.000000
483.000000
457.000000
272.000000
312.000000
715.000000
149.000000
2004.000000
533.000000
605.000000
528.000000
1671.000000
391.000000
27.000000
187.000000
458.000000
1441.000000
964.000000
2161.000000
518.000000
371.000000
649.000000
507.000000
326.000000
233.000000
454.000000
229.000000
487.000000
416.000000
208.000000
107.000000
273.000000
76.000000
1123.000000
493.000000
697.000000
1897.000000
864.000000
315.000000
136.000000
242.000000
549.000000
118.000000
1065.000000
477.000000
1089.000000
580.000000
237.000000
348.000000
327.000000
376.000000
3127.000000
1327.000000
912.000000
189.000000
417.000000
589.000000
674.000000
323.000000
55.000000
422.000000
317.000000
3180.000000
287.000000
72.000000
120.000000
1379.000000
36.000000
972.000000
87.000000
466.000000
918.000000
367.000000
271.000000
1002.000000
984.000000
2534.000000
449.000000
534.000000
189.000000
1159.000000
799.000000
225.000000
64.000000
320.000000
1855.000000
174.000000
897.000000
778.000000
119.000000
979.000000
55.000000
385.000000
279.000000
504.000000
899.000000
633.000000
4272.000000
220.000000
102.000000
272.000000
828.000000
370.000000
1289.000000
338.000000
117.000000
80.000000
325.000000
168.000000
119.000000
157.000000
339.000000
1218.000000
487.000000
417.000000
128.000000
1643.000000
448.000000
856.000000
525.000000
2670.000000
625.000000
1096.000000
130.000000
253.000000
340.000000
589.000000
306.000000
129.000000
6713.000000
91.000000
511.000000
145.000000
139.000000
158.000000
359.000000
224.000000
299.000000
334.000000
2445.000000
815.000000
75.000000
364.000000
466.000000
299.000000
103.000000
232.000000
148.000000
86.000000
329.000000
1449.000000
680.000000
140.000000
607.000000
120.000000
1774.000000
298.000000
437.000000
162.000000
301.000000
256.000000
147.000000
598.000000
751.000000
196.000000
222.000000
134.000000
215.000000
336.000000
676.000000
53.000000
266.000000
351.000000
1446.000000
538.000000
799.000000
925.000000
135.000000
856.000000
122.000000
113.000000
1062.000000
375.000000
302.000000
945.000000
692.000000
2838.000000
347.000000
460.000000
1158.000000
701.000000
69.000000
308.000000
326.000000
698.000000
411.000000
864.000000
229.000000
953.000000
1692.000000
374.000000
440.000000
1871.000000
315.000000
434.000000
168.000000
552.000000
207.000000
149.000000
111.000000
534.000000
651.000000
79.000000
99.000000
171.000000
28.000000
858.000000
340.000000
1260.000000
200.000000
133.000000
281.000000
208.000000
246.000000
245.000000
320.000000
63.000000
363.000000
197.000000
208.000000
355.000000
157.000000
877.000000
1424.000000
525.000000
172.000000
202.000000
589.000000
183.000000
844.000000
476.000000
123.000000
2360.000000
601.000000
1472.000000
111.000000
613.000000
216.000000
2502.000000
573.000000
970.000000
248.000000
466.000000
237.000000
120.000000
3249.000000
755.000000
524.000000
535.000000
110.000000
58.000000
190.000000
161.000000
1135.000000
164.000000
924.000000
190.000000
644.000000
111.000000
404.000000
615.000000
463.000000
1668.000000
350.000000
244.000000
1792.000000
225.000000
1821.000000
118.000000
191.000000
161.000000
112.000000
614.000000
435.000000
915.000000
1257.000000
108.000000
147.000000
952.000000
48.000000
139.000000
615.000000
259.000000
2584.000000
180.000000
954.000000
189.000000
819.000000
279.000000
1686.000000
1840.000000
1141.000000
130.000000
749.000000
339.000000
48.000000
90.000000
673.000000
723.000000
822.000000
140.000000
255.000000
219.000000
272.000000
179.000000
405.000000
521.000000
1276.000000
1387.000000
537.000000
227.000000
561.000000
1669.000000
322.000000
1016.000000
1451.000000
672.000000
220.000000
216.000000
418.000000
75.000000
98.000000
616.000000
1149.000000
510.000000
385.000000
2108.000000
303.000000
438.000000
226.000000
340.000000
60.000000
75.000000
492.000000
942.000000
377.000000
50.000000
157.000000
121.000000
322.000000
1724.000000
327.000000
238.000000
1001.000000
775.000000
367.000000
1243.000000
198.000000
530.000000
472.000000
1886.000000
57.000000
333.000000
331.000000
125.000000
286.000000
1393.000000
1096.000000
1333.000000
148.000000
410.000000
506.000000
944.000000
897.000000
1083.000000
954.000000
92.000000
406.000000
722.000000
137.000000
741.000000
3037.000000
919.000000
125.000000
1861.000000
465.000000
1066.000000
93.000000
707.000000
821.000000
177.000000
501.000000
212.000000
338.000000
247.000000
158.000000
839.000000
25.000000
85.000000
947.000000
423.000000
521.000000
81.000000
237.000000
279.000000
1048.000000
155.000000
398.000000
1335.000000
1350.000000
411.000000
229.000000
558.000000
134.000000
159.000000
159.000000
1212.000000
1012.000000
290.000000
668.000000
455.000000
1058.000000
3859.000000
478.000000
717.000000
167.000000
409.000000
1175.000000
185.000000
1822.000000
354.000000
848.000000
290.000000
650.000000
1051.000000
1124.000000
359.000000
196.000000
125.000000
150.000000
174.000000
940.000000
549.000000
398.000000
504.000000
819.000000
319.000000
454.000000
617.000000
632.000000
568.000000
1006.000000
1311.000000
126.000000
102.000000
404.000000
580.000000
573.000000
8417.000000
206.000000
985.000000
647.000000
13.000000
535.000000
267.000000
157.000000
213.000000
952.000000
53.000000
528.000000
363.000000
455.000000
2274.000000
614.000000
63.000000
224.000000
485.000000
2966.000000
1153.000000
202.000000
180.000000
302.000000
1982.000000
734.000000
798.000000
176.000000
447.000000
201.000000
1624.000000
400.000000
556.000000
329.000000
383.000000
1971.000000
612.000000
169.000000
855.000000
259.000000
196.000000
183.000000
2174.000000
231.000000
567.000000
574.000000
1192.000000
5122.000000
482.000000
46.000000
84.000000
615.000000
92.000000
152.000000
523.000000
617.000000
966.000000
31.000000
2784.000000
147.000000
142.000000
264.000000
500.000000
443.000000
