114.000000
218.000000
751.000000
983.000000
1672.000000
921.000000
114.000000
257.000000
368.000000
541.000000
533.000000
506.000000
4370.000000
1264.000000
508.000000
321.000000
1133.000000
1290.000000
403.000000
116.000000
1993.000000
433.000000
2022.000000
195.000000
228.000000
124.000000
308.000000
178.000000
482.000000
393.000000
776.000000
403.000000
2022.000000
178.000000
1230.000000
290.000000
37.000000
619.000000
186.000000
617.000000
637.000000
690.000000
147.000000
671.000000
2504.000000
362.000000
1645.000000
1386.000000
818.000000
419.000000
1018.000000
767.000000
351.000000
254.000000
253.000000
169.000000
285.000000
134.000000
1227.000000
489.000000
1162.000000
475.000000
1263.000000
242.000000
349.000000
1512.000000
538.000000
724.000000
383.000000
620.000000
317.000000
75.000000
138.000000
443.000000
247.000000
272.000000
48.000000
79.000000
233.000000
2397.000000
1106.000000
293.000000
36.000000
382.000000
463.000000
185.000000
163.000000
455.000000
78.000000
52.000000
251.000000
257.000000
316.000000
474.000000
374.000000
1138.000000
562.000000
214.000000
511.000000
1044.000000
766.000000
956.000000
943.000000
50.000000
203.000000
1079.000000
325.000000
108.000000
307.000000
97.000000
2164.000000
45.000000
114.000000
78.000000
491.000000
239.000000
189.000000
466.000000
227.000000
4058.000000
511.000000
1806.000000
577.000000
645.000000
1187.000000
1497.000000
496.000000
95.000000
200.000000
1285.000000
426.000000
186.000000
1208.000000
433.000000
781.000000
739.000000
155.000000
172.000000
777.000000
1335.000000
289.000000
1190.000000
146.000000
1381.000000
499.000000
119.000000
106.000000
115.000000
60.000000
237.000000
403.000000
997.000000
219.000000
982.000000
330.000000
420.000000
171.000000
212.000000
224.000000
185.000000
240.000000
673.000000
649.000000
402.000000
396.000000
425.000000
497.000000
414.000000
1236.000000
1175.000000
1891.000000
406.000000
1666.000000
233.000000
162.000000
1906.000000
179.000000
112.000000
669.000000
2765.000000
460.000000
235.000000
85.000000
245.000000
584.000000
651.000000
615.000000
331.000000
93.000000
74.000000
184.000000
160.000000
820.000000
1940.000000
251.000000
464.000000
23.000000
339.000000
58.000000
63.000000
345.000000
89.000000
481.000000
235.000000
907.000000
214.000000
3243.000000
388.000000
83.000000
348.000000
478.000000
708.000000
770.000000
369.000000
328.000000
296.000000
171.000000
273.000000
266.000000
120.000000
968.000000
339.000000
3641.000000
131.000000
345.000000
95.000000
497.000000
255.000000
285.000000
67.000000
96.000000
89.000000
2760.000000
320.000000
219.000000
273.000000
1465.000000
260.000000
578.000000
498.000000
4631.000000
465.000000
429.000000
85.000000
57.000000
278.000000
816.000000
371.000000
313.000000
366.000000
91.000000
2272.000000
747.000000
84.000000
854.000000
253.000000
294.000000
1647.000000
1854.000000
1689.000000
602.000000
376.000000
966.000000
491.000000
538.000000
717.000000
1566.000000
227.000000
173.000000
143.000000
773.000000
1051.000000
1873.000000
512.000000
191.000000
355.000000
1248.000000
1174.000000
401.000000
681.000000
281.000000
56.000000
1004.000000
534.000000
1656.000000
184.000000
718.000000
2319.000000
531.000000
593.000000
211.000000
794.000000
226.000000
425.000000
156.000000
307.000000
50.000000
295.000000
372.000000
509.000000
274.000000
299.000000
130.000000
2000.000000
748.000000
1354.000000
321.000000
542.000000
986.000000
314.000000
489.000000
346.000000
1143.000000
646.000000
2581.000000
316.000000
308.000000
399.000000
1319.000000
798.000000
680.000000
579.000000
127.000000
596.000000
238.000000
356.000000
457.000000
716.000000
23.000000
513.000000
1453.000000
614.000000
530.000000
544.000000
124.000000
709.000000
336.000000
235.000000
203.000000
292.000000
362.000000
318.000000
421.000000
212.000000
333.000000
552.000000
648.000000
94.000000
118.000000
106.000000
746.000000
1807.000000
3814.000000
269.000000
138.000000
983.000000
513.000000
112.000000
127.000000
330.000000
1285.000000
423.000000
267.000000
56.000000
1948.000000
1137.000000
634.000000
512.000000
72.000000
183.000000
969.000000
167.000000
429.000000
249.000000
639.000000
1009.000000
121.000000
435.000000
76.000000
675.000000
137.000000
307.000000
416.000000
1051.000000
2486.000000
376.000000
188.000000
97.000000
250.000000
219.000000
991.000000
604.000000
288.000000
221.000000
936.000000
445.000000
415.000000
145.000000
177.000000
168.000000
871.000000
1793.000000
92.000000
179.000000
410.000000
374.000000
835.000000
993.000000
1097.000000
3692.000000
549.000000
270.000000
136.000000
177.000000
359.000000
197.000000
268.000000
61.000000
140.000000
220.000000
190.000000
486.000000
460.000000
248.000000
233.000000
161.000000
2594.000000
184.000000
785.000000
2078.000000
463.000000
967.000000
1195.000000
321.000000
1531.000000
280.000000
90.000000
478.000000
1371.000000
313.000000
400.000000
311.000000
121.000000
1380.000000
717.000000
1350.000000
287.000000
28.000000
99.000000
2423.000000
1085.000000
1089.000000
246.000000
133.000000
1439.000000
444.000000
175.000000
397.000000
342.000000
214.000000
620.000000
137.000000
464.000000
31.000000
257.000000
1555.000000
221.000000
527.000000
284.000000
370.000000
110.000000
905.000000
1242.000000
884.000000
272.000000
263.000000
265.000000
350.000000
3310.000000
341.000000
210.000000
761.000000
384.000000
696.000000
144.000000
1570.000000
548.000000
496.000000
979.000000
591.000000
556.000000
4265.000000
276.000000
1271.000000
173.000000
625.000000
50.000000
1035.000000
614.000000
649.000000
853.000000
834.000000
49.000000
4082.000000
83.000000
677.000000
637.000000
730.000000
45.000000
836.000000
174.000000
421.000000
1251.000000
1036.000000
687.000000
1637.000000
1770.000000
205.000000
643.000000
228.000000
1664.000000
525.000000
152.000000
143.000000
487.000000
406.000000
80.000000
299.000000
1447.000000
772.000000
319.000000
457.000000
542.000000
1349.000000
2056.000000
314.000000
290.000000
188.000000
453.000000
751.000000
3632.000000
221.000000
377.000000
388.000000
438.000000
1106.000000
141.000000
457.000000
545.000000
116.000000
174.000000
286.000000
497.000000
163.000000
1173.000000
434.000000
131.000000
144.000000
1040.000000
637.000000
477.000000
107.000000
214.000000
471.000000
194.000000
1257.000000
159.000000
51.000000
312.000000
4839.000000
2137.000000
388.000000
543.000000
166.000000
698.000000
366.000000
340.000000
335.000000
932.000000
500.000000
902.000000
295.000000
655.000000
2627.000000
52.000000
450.000000
1327.000000
412.000000
1254.000000
22.000000
136.000000
1206.000000
84.000000
321.000000
2490.000000
357.000000
1530.000000
256.000000
474.000000
637.000000
2148.000000
534.000000
435.000000
765.000000
582.000000
134.000000
150.000000
2525.000000
653.000000
487.000000
1988.000000
539.000000
804.000000
240.000000
214.000000
2795.000000
1086.000000
818.000000
572.000000
618.000000
897.000000
554.000000
147.000000
1699.000000
545.000000
316.000000
575.000000
703.000000
333.000000
191.000000
251.000000
217.000000
301.000000
458.000000
60.000000
437.000000
2313.000000
804.000000
220.000000
146.000000
493.000000
757.000000
116.000000
76.000000
325.000000
288.000000
1390.000000
426.000000
84.000000
2387.000000
202.000000
333.000000
252.000000
37.000000
465.000000
320.000000
482.000000
987.000000
50.000000
2914.000000
275.000000
230.000000
119.000000
408.000000
857.000000
260.000000
131.000000
83.000000
5252.000000
539.000000
372.000000
244.000000
974.000000
232.000000
2178.000000
113.000000
373.000000
648.000000
424.000000
649.000000
345.000000
147.000000
384.000000
165.000000
36.000000
288.000000
596.000000
132.000000
540.000000
100.000000
876.000000
138.000000
489.000000
431.000000
720.000000
443.000000
159.000000
207.000000
1181.000000
50.000000
588.000000
780.000000
1808.000000
95.000000
349.000000
491.000000
2031.000000
478.000000
606.000000
165.000000
1415.000000
1104.000000
435.000000
868.000000
545.000000
1098.000000
177.000000
1068.000000
164.000000
649.000000
863.000000
231.000000
268.000000
10918.000000
380.000000
396.000000
7901.000000
330.000000
1031.000000
148.000000
29.000000
826.000000
122.000000
551.000000
749.000000
1333.000000
279.000000
1990.000000
571.000000
783.000000
206.000000
651.000000
879.000000
517.000000
268.000000
592.000000
137.000000
305.000000
233.000000
662.000000
236.000000
892.000000
576.000000
852.000000
303.000000
390.000000
6142.000000
2716.000000
259.000000
405.000000
345.000000
129.000000
510.000000
589.000000
348.000000
83.000000
256.000000
118.000000
463.000000
5168.000000
183.000000
853.000000
3392.000000
89.000000
141.000000
955.000000
135.000000
491.000000
716.000000
505.000000
229.000000
111.000000
111.000000
155.000000
250.000000
349.000000
740.000000
70.000000
1183.000000
268.000000
146.000000
309.000000
1848.000000
323.000000
223.000000
173.000000
206.000000
685.000000
117.000000
278.000000
1669.000000
461.000000
350.000000
818.000000
66.000000
571.000000
547.000000
191.000000
1120.000000
237.000000
293.000000
1514.000000
245.000000
46.000000
1056.000000
3064.000000
160.000000
435.000000
228.000000
1000.000000
332.000000
1561.000000
351.000000
1037.000000
87.000000
225.000000
207.000000
909.000000
243.000000
346.000000
273.000000
216.000000
1475.000000
550.000000
847.000000
676.000000
174.000000
986.000000
145.000000
421.000000
275.000000
1287.000000
308.000000
546.000000
1272.000000
454.000000
1075.000000
228.000000
1113.000000
1819.000000
315.000000
71.000000
147.000000
510.000000
664.000000
476.000000
745.000000
118.000000
282.000000
467.000000
114.000000
1057.000000
394.000000
522.000000
57.000000
132.000000
240.000000
670.000000
966.000000
410.000000
112.000000
757.000000
205.000000
1079.000000
1848.000000
321.000000
149.000000
1595.000000
223.000000
410.000000
576.000000
99.000000
928.000000
1924.000000
163.000000
340.000000
249.000000
894.000000
393.000000
410.000000
510.000000
823.000000
920.000000
251.000000
512.000000
489.000000
556.000000
457.000000
188.000000
77.000000
284.000000
856.000000
164.000000
303.000000
156.000000
251.000000
149.000000
686.000000
975.000000
95.000000
669.000000
452.000000
1042.000000
264.000000
254.000000
244.000000
122.000000
484.000000
5015.000000
8651.000000
762.000000
70.000000
312.000000
796.000000
170.000000
314.000000
648.000000
951.000000
740.000000
547.000000
151.000000
320.000000
301.000000
576.000000
530.000000
159.000000
631.000000
53.000000
109.000000
207.000000
967.000000
38.000000
70.000000
616.000000
723.000000
3568.000000
211.000000
344.000000
229.000000
1005.000000
102.000000
48.000000
984.000000
72.000000
128.000000
332.000000
364.000000
191.000000
746.000000
166.000000
750.000000
1188.000000
124.000000
443.000000
1879.000000
282.000000
369.000000
496.000000
472.000000
168.000000
1018.000000
67.000000
1212.000000
5966.000000
400.000000
551.000000
161.000000
165.000000
228.000000
744.000000
1396.000000
417.000000
487.000000
532.000000
486.000000
543.000000
521.000000
8682.000000
474.000000
839.000000
1298.000000
543.000000
575.000000
694.000000
682.000000
312.000000
2810.000000
686.000000
399.000000
530.000000
