399.000000
172.000000
343.000000
361.000000
146.000000
264.000000
579.000000
267.000000
1274.000000
500.000000
8329.000000
828.000000
2816.000000
365.000000
441.000000
41.000000
144.000000
257.000000
242.000000
131.000000
267.000000
156.000000
642.000000
336.000000
100.000000
116.000000
102.000000
233.000000
575.000000
1362.000000
355.000000
356.000000
141.000000
695.000000
1021.000000
460.000000
481.000000
651.000000
291.000000
463.000000
106.000000
136.000000
430.000000
3303.000000
1290.000000
253.000000
88.000000
73.000000
221.000000
754.000000
2576.000000
85.000000
35.000000
396.000000
60.000000
531.000000
1421.000000
414.000000
306.000000
159.000000
453.000000
180.000000
1003.000000
166.000000
86.000000
1095.000000
224.000000
132.000000
325.000000
665.000000
106.000000
315.000000
943.000000
1376.000000
913.000000
1072.000000
362.000000
1029.000000
218.000000
393.000000
1164.000000
2540.000000
796.000000
1203.000000
280.000000
404.000000
193.000000
2653.000000
182.000000
441.000000
1914.000000
755.000000
292.000000
223.000000
1009.000000
707.000000
685.000000
312.000000
325.000000
169.000000
546.000000
169.000000
318.000000
3003.000000
2469.000000
97.000000
285.000000
270.000000
347.000000
138.000000
720.000000
622.000000
317.000000
831.000000
409.000000
600.000000
548.000000
106.000000
287.000000
575.000000
406.000000
675.000000
108.000000
214.000000
635.000000
340.000000
1513.000000
207.000000
251.000000
87.000000
501.000000
872.000000
606.000000
497.000000
72.000000
83.000000
221.000000
538.000000
112.000000
305.000000
540.000000
1930.000000
862.000000
981.000000
145.000000
240.000000
87.000000
1357.000000
658.000000
94.000000
1721.000000
2213.000000
1911.000000
322.000000
51.000000
175.000000
1839.000000
100.000000
358.000000
682.000000
41.000000
387.000000
216.000000
505.000000
478.000000
358.000000
147.000000
328.000000
123.000000
107.000000
108.000000
174.000000
592.000000
1193.000000
692.000000
1098.000000
622.000000
366.000000
1630.000000
121.000000
314.000000
136.000000
404.000000
2480.000000
701.000000
4211.000000
312.000000
276.000000
386.000000
1583.000000
513.000000
554.000000
179.000000
450.000000
214.000000
367.000000
207.000000
136.000000
1263.000000
360.000000
275.000000
64.000000
1363.000000
173.000000
2567.000000
787.000000
382.000000
1041.000000
823.000000
59.000000
1921.000000
83.000000
68.000000
1387.000000
283.000000
100.000000
870.000000
875.000000
464.000000
302.000000
119.000000
200.000000
614.000000
48.000000
197.000000
413.000000
297.000000
391.000000
832.000000
761.000000
809.000000
1436.000000
234.000000
480.000000
332.000000
62.000000
241.000000
383.000000
1683.000000
792.000000
199.000000
1511.000000
75.000000
39.000000
480.000000
142.000000
385.000000
285.000000
132.000000
997.000000
471.000000
52.000000
335.000000
241.000000
1029.000000
711.000000
1834.000000
776.000000
356.000000
273.000000
140.000000
57.000000
142.000000
584.000000
1067.000000
663.000000
230.000000
1444.000000
773.000000
1668.000000
2525.000000
628.000000
295.000000
417.000000
469.000000
405.000000
210.000000
1190.000000
85.000000
175.000000
271.000000
186.000000
248.000000
330.000000
482.000000
1681.000000
81.000000
1807.000000
72.000000
275.000000
91.000000
366.000000
2659.000000
492.000000
267.000000
228.000000
1577.000000
525.000000
728.000000
437.000000
1413.000000
141.000000
1351.000000
166.000000
555.000000
213.000000
266.000000
150.000000
852.000000
137.000000
324.000000
693.000000
79.000000
376.000000
406.000000
1432.000000
284.000000
554.000000
266.000000
628.000000
335.000000
1331.000000
481.000000
494.000000
416.000000
88.000000
153.000000
583.000000
97.000000
1812.000000
1456.000000
222.000000
228.000000
160.000000
563.000000
60.000000
211.000000
542.000000
344.000000
165.000000
76.000000
1134.000000
182.000000
186.000000
126.000000
651.000000
438.000000
29.000000
517.000000
749.000000
407.000000
1296.000000
185.000000
108.000000
505.000000
1671.000000
1364.000000
113.000000
579.000000
317.000000
105.000000
195.000000
868.000000
1073.000000
187.000000
1501.000000
993.000000
394.000000
441.000000
570.000000
243.000000
1326.000000
1480.000000
159.000000
51.000000
746.000000
1276.000000
168.000000
3204.000000
169.000000
227.000000
1840.000000
68.000000
155.000000
1728.000000
247.000000
362.000000
2016.000000
426.000000
2140.000000
61.000000
228.000000
1059.000000
210.000000
2889.000000
678.000000
314.000000
140.000000
614.000000
119.000000
1018.000000
1336.000000
234.000000
1681.000000
1479.000000
383.000000
155.000000
1011.000000
522.000000
1218.000000
974.000000
368.000000
824.000000
641.000000
627.000000
94.000000
470.000000
1118.000000
163.000000
296.000000
175.000000
48.000000
487.000000
214.000000
3755.000000
416.000000
703.000000
238.000000
384.000000
327.000000
82.000000
733.000000
471.000000
1566.000000
221.000000
1002.000000
1923.000000
1606.000000
203.000000
407.000000
1144.000000
1463.000000
599.000000
544.000000
66.000000
908.000000
57.000000
435.000000
1331.000000
510.000000
170.000000
117.000000
983.000000
1169.000000
20.000000
329.000000
2116.000000
345.000000
153.000000
134.000000
119.000000
1087.000000
1240.000000
621.000000
1075.000000
353.000000
105.000000
466.000000
132.000000
398.000000
525.000000
111.000000
680.000000
1025.000000
236.000000
75.000000
1391.000000
645.000000
396.000000
227.000000
210.000000
1774.000000
1575.000000
3315.000000
219.000000
325.000000
167.000000
234.000000
744.000000
71.000000
2002.000000
1363.000000
88.000000
99.000000
579.000000
399.000000
1469.000000
1964.000000
933.000000
272.000000
268.000000
767.000000
370.000000
735.000000
950.000000
414.000000
408.000000
170.000000
4342.000000
272.000000
243.000000
636.000000
396.000000
435.000000
430.000000
138.000000
164.000000
1092.000000
1349.000000
1798.000000
244.000000
138.000000
455.000000
173.000000
292.000000
331.000000
242.000000
869.000000
148.000000
499.000000
1592.000000
172.000000
246.000000
62.000000
1636.000000
434.000000
169.000000
227.000000
87.000000
337.000000
323.000000
479.000000
65.000000
307.000000
135.000000
1573.000000
105.000000
938.000000
27.000000
970.000000
1337.000000
936.000000
128.000000
2738.000000
218.000000
112.000000
455.000000
445.000000
106.000000
86.000000
251.000000
793.000000
593.000000
447.000000
94.000000
1100.000000
1710.000000
45.000000
1241.000000
172.000000
160.000000
528.000000
866.000000
368.000000
1455.000000
117.000000
642.000000
936.000000
353.000000
394.000000
224.000000
2684.000000
404.000000
501.000000
706.000000
317.000000
354.000000
737.000000
2654.000000
182.000000
173.000000
649.000000
620.000000
251.000000
119.000000
93.000000
102.000000
204.000000
154.000000
2502.000000
372.000000
377.000000
100.000000
58.000000
245.000000
1438.000000
321.000000
338.000000
81.000000
371.000000
368.000000
119.000000
163.000000
509.000000
359.000000
197.000000
650.000000
771.000000
1381.000000
84.000000
1356.000000
873.000000
882.000000
224.000000
889.000000
229.000000
317.000000
1610.000000
1159.000000
804.000000
198.000000
776.000000
501.000000
547.000000
581.000000
120.000000
768.000000
1048.000000
668.000000
404.000000
1114.000000
501.000000
144.000000
311.000000
267.000000
228.000000
75.000000
579.000000
392.000000
362.000000
1571.000000
636.000000
331.000000
1663.000000
336.000000
1752.000000
436.000000
1337.000000
212.000000
183.000000
560.000000
1391.000000
1030.000000
160.000000
410.000000
172.000000
554.000000
627.000000
373.000000
103.000000
644.000000
688.000000
848.000000
134.000000
240.000000
334.000000
260.000000
1345.000000
2609.000000
2441.000000
183.000000
360.000000
730.000000
818.000000
1567.000000
1093.000000
77.000000
1644.000000
853.000000
349.000000
278.000000
1247.000000
254.000000
1442.000000
131.000000
1765.000000
314.000000
367.000000
77.000000
56.000000
1332.000000
92.000000
937.000000
130.000000
752.000000
369.000000
531.000000
209.000000
160.000000
201.000000
300.000000
234.000000
319.000000
737.000000
247.000000
528.000000
113.000000
130.000000
100.000000
582.000000
124.000000
937.000000
503.000000
435.000000
1502.000000
1005.000000
112.000000
1481.000000
889.000000
112.000000
710.000000
351.000000
1669.000000
732.000000
446.000000
497.000000
251.000000
323.000000
1260.000000
292.000000
1231.000000
1362.000000
2049.000000
242.000000
288.000000
718.000000
189.000000
280.000000
278.000000
227.000000
318.000000
82.000000
638.000000
426.000000
1094.000000
1190.000000
166.000000
55.000000
491.000000
123.000000
486.000000
391.000000
132.000000
628.000000
807.000000
696.000000
110.000000
242.000000
740.000000
121.000000
86.000000
49.000000
447.000000
1816.000000
40.000000
575.000000
455.000000
1688.000000
2994.000000
530.000000
141.000000
488.000000
568.000000
226.000000
256.000000
392.000000
302.000000
364.000000
1209.000000
1026.000000
195.000000
468.000000
1474.000000
546.000000
91.000000
205.000000
650.000000
220.000000
258.000000
291.000000
2413.000000
446.000000
176.000000
147.000000
1886.000000
3055.000000
569.000000
2620.000000
1027.000000
867.000000
1526.000000
444.000000
415.000000
197.000000
304.000000
934.000000
182.000000
883.000000
489.000000
268.000000
1531.000000
750.000000
193.000000
846.000000
199.000000
326.000000
128.000000
1526.000000
199.000000
192.000000
96.000000
1119.000000
2837.000000
694.000000
157.000000
639.000000
210.000000
83.000000
445.000000
200.000000
71.000000
782.000000
427.000000
290.000000
315.000000
618.000000
215.000000
48.000000
507.000000
1247.000000
405.000000
277.000000
1008.000000
606.000000
1463.000000
676.000000
231.000000
359.000000
1054.000000
157.000000
142.000000
675.000000
273.000000
326.000000
108.000000
159.000000
43.000000
246.000000
594.000000
737.000000
293.000000
405.000000
89.000000
7367.000000
238.000000
751.000000
348.000000
964.000000
1083.000000
593.000000
529.000000
1207.000000
82.000000
55.000000
810.000000
325.000000
262.000000
498.000000
86.000000
288.000000
558.000000
875.000000
241.000000
324.000000
1546.000000
538.000000
743.000000
744.000000
355.000000
1313.000000
788.000000
102.000000
538.000000
1089.000000
238.000000
260.000000
176.000000
791.000000
392.000000
561.000000
42.000000
525.000000
262.000000
228.000000
282.000000
595.000000
1220.000000
516.000000
265.000000
4054.000000
45.000000
163.000000
64.000000
322.000000
701.000000
672.000000
438.000000
195.000000
289.000000
390.000000
150.000000
399.000000
649.000000
1340.000000
110.000000
774.000000
243.000000
373.000000
397.000000
254.000000
360.000000
418.000000
180.000000
197.000000
657.000000
1105.000000
6771.000000
464.000000
255.000000
237.000000
308.000000
245.000000
1507.000000
162.000000
178.000000
523.000000
583.000000
71.000000
1676.000000
70.000000
217.000000
1146.000000
417.000000
73.000000
597.000000
526.000000
141.000000
370.000000
506.000000
832.000000
360.000000
359.000000
1275.000000
84.000000
551.000000
141.000000
526.000000
383.000000
335.000000
90.000000
389.000000
163.000000
614.000000
150.000000
1554.000000
724.000000
105.000000
687.000000
133.000000
643.000000
71.000000
486.000000
834.000000
609.000000
284.000000
198.000000
1846.000000
75.000000
465.000000
2391.000000
