155.000000
174.000000
142.000000
470.000000
234.000000
491.000000
168.000000
2708.000000
370.000000
969.000000
151.000000
773.000000
558.000000
2184.000000
192.000000
382.000000
272.000000
305.000000
276.000000
1282.000000
547.000000
611.000000
3310.000000
1056.000000
210.000000
335.000000
131.000000
428.000000
1100.000000
1207.000000
409.000000
230.000000
1118.000000
479.000000
353.000000
1007.000000
130.000000
1250.000000
1251.000000
110.000000
600.000000
260.000000
136.000000
131.000000
168.000000
345.000000
274.000000
305.000000
2063.000000
228.000000
579.000000
1701.000000
185.000000
740.000000
64.000000
940.000000
1487.000000
1170.000000
1323.000000
193.000000
988.000000
1098.000000
357.000000
622.000000
351.000000
396.000000
230.000000
764.000000
116.000000
635.000000
340.000000
2298.000000
1524.000000
180.000000
1245.000000
138.000000
326.000000
396.000000
349.000000
1149.000000
2194.000000
491.000000
4362.000000
972.000000
541.000000
205.000000
1116.000000
1114.000000
68.000000
20.000000
85.000000
520.000000
2762.000000
287.000000
118.000000
685.000000
163.000000
282.000000
981.000000
251.000000
467.000000
675.000000
191.000000
423.000000
1929.000000
125.000000
1536.000000
146.000000
178.000000
476.000000
764.000000
1254.000000
509.000000
206.000000
450.000000
1891.000000
694.000000
3092.000000
911.000000
80.000000
2921.000000
2221.000000
456.000000
1102.000000
363.000000
277.000000
130.000000
3864.000000
658.000000
587.000000
445.000000
429.000000
777.000000
323.000000
224.000000
136.000000
99.000000
1774.000000
408.000000
681.000000
233.000000
178.000000
239.000000
975.000000
449.000000
463.000000
480.000000
315.000000
621.000000
1604.000000
901.000000
662.000000
694.000000
958.000000
125.000000
280.000000
269.000000
267.000000
98.000000
348.000000
1453.000000
496.000000
521.000000
365.000000
81.000000
366.000000
322.000000
210.000000
1795.000000
202.000000
579.000000
2104.000000
1751.000000
494.000000
511.000000
340.000000
521.000000
299.000000
191.000000
747.000000
489.000000
369.000000
594.000000
203.000000
279.000000
115.000000
119.000000
1960.000000
1317.000000
79.000000
344.000000
55.000000
1172.000000
542.000000
1270.000000
758.000000
2336.000000
1587.000000
2474.000000
406.000000
986.000000
92.000000
201.000000
233.000000
460.000000
226.000000
542.000000
340.000000
619.000000
662.000000
176.000000
104.000000
136.000000
1416.000000
599.000000
1445.000000
832.000000
547.000000
803.000000
738.000000
915.000000
213.000000
307.000000
494.000000
541.000000
685.000000
228.000000
577.000000
2308.000000
291.000000
99.000000
128.000000
447.000000
241.000000
2219.000000
387.000000
228.000000
850.000000
457.000000
15.000000
27.000000
191.000000
485.000000
634.000000
800.000000
1876.000000
530.000000
107.000000
182.000000
2553.000000
380.000000
46.000000
2577.000000
28.000000
1268.000000
601.000000
143.000000
171.000000
348.000000
1019.000000
384.000000
278.000000
239.000000
253.000000
74.000000
1041.000000
304.000000
268.000000
1419.000000
96.000000
615.000000
253.000000
296.000000
424.000000
518.000000
767.000000
1294.000000
567.000000
501.000000
188.000000
227.000000
2165.000000
226.000000
1605.000000
102.000000
140.000000
1778.000000
182.000000
87.000000
256.000000
719.000000
2152.000000
1158.000000
72.000000
648.000000
3836.000000
362.000000
138.000000
87.000000
157.000000
25.000000
252.000000
529.000000
2997.000000
367.000000
464.000000
1472.000000
1770.000000
1657.000000
1154.000000
185.000000
693.000000
52.000000
237.000000
1380.000000
55.000000
791.000000
674.000000
165.000000
288.000000
309.000000
1240.000000
898.000000
1893.000000
171.000000
177.000000
146.000000
924.000000
185.000000
637.000000
1313.000000
288.000000
1042.000000
290.000000
65.000000
430.000000
1492.000000
119.000000
68.000000
720.000000
215.000000
1212.000000
3313.000000
582.000000
2594.000000
436.000000
748.000000
139.000000
383.000000
259.000000
585.000000
1703.000000
96.000000
396.000000
311.000000
528.000000
1070.000000
444.000000
728.000000
83.000000
210.000000
6372.000000
281.000000
83.000000
131.000000
136.000000
428.000000
2260.000000
150.000000
153.000000
473.000000
254.000000
200.000000
306.000000
151.000000
185.000000
241.000000
78.000000
689.000000
317.000000
128.000000
1363.000000
137.000000
952.000000
159.000000
948.000000
165.000000
234.000000
658.000000
535.000000
92.000000
804.000000
732.000000
342.000000
487.000000
396.000000
1077.000000
1601.000000
838.000000
1677.000000
232.000000
65.000000
796.000000
320.000000
985.000000
325.000000
61.000000
631.000000
382.000000
1765.000000
253.000000
73.000000
3503.000000
2787.000000
86.000000
393.000000
286.000000
262.000000
283.000000
2121.000000
984.000000
1779.000000
155.000000
559.000000
190.000000
1005.000000
967.000000
214.000000
148.000000
298.000000
37.000000
322.000000
1831.000000
99.000000
445.000000
847.000000
177.000000
413.000000
404.000000
483.000000
340.000000
1217.000000
594.000000
358.000000
370.000000
255.000000
199.000000
473.000000
495.000000
430.000000
319.000000
585.000000
302.000000
491.000000
102.000000
812.000000
746.000000
1581.000000
180.000000
391.000000
124.000000
511.000000
797.000000
1586.000000
374.000000
785.000000
147.000000
478.000000
163.000000
302.000000
307.000000
652.000000
655.000000
371.000000
194.000000
1248.000000
196.000000
70.000000
408.000000
1540.000000
2324.000000
675.000000
4068.000000
216.000000
1999.000000
1509.000000
1095.000000
260.000000
388.000000
257.000000
2394.000000
762.000000
477.000000
270.000000
92.000000
547.000000
625.000000
1203.000000
1636.000000
602.000000
465.000000
177.000000
329.000000
77.000000
249.000000
1268.000000
351.000000
104.000000
175.000000
708.000000
132.000000
2338.000000
245.000000
667.000000
251.000000
352.000000
207.000000
404.000000
372.000000
526.000000
302.000000
625.000000
203.000000
546.000000
221.000000
1598.000000
1810.000000
233.000000
80.000000
557.000000
57.000000
1057.000000
627.000000
117.000000
77.000000
571.000000
433.000000
711.000000
382.000000
1434.000000
1285.000000
65.000000
1148.000000
676.000000
482.000000
809.000000
963.000000
321.000000
475.000000
283.000000
196.000000
846.000000
381.000000
1527.000000
157.000000
1481.000000
337.000000
415.000000
165.000000
855.000000
919.000000
191.000000
84.000000
90.000000
285.000000
948.000000
154.000000
115.000000
296.000000
1016.000000
2424.000000
296.000000
130.000000
663.000000
119.000000
328.000000
1113.000000
425.000000
79.000000
221.000000
3099.000000
224.000000
335.000000
292.000000
3685.000000
285.000000
471.000000
277.000000
770.000000
538.000000
67.000000
1441.000000
134.000000
623.000000
115.000000
28.000000
148.000000
517.000000
1045.000000
130.000000
91.000000
1788.000000
279.000000
762.000000
721.000000
341.000000
1745.000000
488.000000
692.000000
780.000000
416.000000
319.000000
94.000000
1305.000000
118.000000
405.000000
724.000000
1048.000000
59.000000
363.000000
1367.000000
254.000000
104.000000
103.000000
267.000000
4133.000000
1150.000000
1044.000000
1984.000000
167.000000
1633.000000
141.000000
640.000000
1721.000000
207.000000
114.000000
928.000000
1118.000000
690.000000
264.000000
313.000000
417.000000
229.000000
651.000000
553.000000
233.000000
987.000000
382.000000
138.000000
67.000000
471.000000
713.000000
277.000000
843.000000
185.000000
1073.000000
83.000000
355.000000
153.000000
110.000000
1592.000000
980.000000
104.000000
212.000000
402.000000
1198.000000
668.000000
38.000000
1105.000000
506.000000
3976.000000
269.000000
152.000000
903.000000
112.000000
984.000000
189.000000
508.000000
360.000000
474.000000
272.000000
126.000000
138.000000
345.000000
3258.000000
220.000000
522.000000
639.000000
5484.000000
741.000000
178.000000
669.000000
563.000000
63.000000
211.000000
138.000000
454.000000
218.000000
667.000000
1427.000000
293.000000
287.000000
73.000000
352.000000
250.000000
120.000000
503.000000
182.000000
691.000000
615.000000
571.000000
101.000000
378.000000
3180.000000
847.000000
529.000000
543.000000
77.000000
472.000000
84.000000
486.000000
427.000000
402.000000
444.000000
754.000000
3820.000000
847.000000
703.000000
111.000000
1912.000000
1088.000000
65.000000
284.000000
747.000000
339.000000
208.000000
178.000000
343.000000
618.000000
154.000000
371.000000
1230.000000
256.000000
1054.000000
1213.000000
267.000000
708.000000
903.000000
465.000000
34.000000
142.000000
155.000000
550.000000
263.000000
79.000000
127.000000
535.000000
805.000000
599.000000
192.000000
892.000000
472.000000
1622.000000
494.000000
191.000000
132.000000
535.000000
269.000000
740.000000
237.000000
289.000000
309.000000
146.000000
316.000000
1288.000000
1148.000000
339.000000
696.000000
464.000000
3229.000000
619.000000
474.000000
2659.000000
675.000000
3537.000000
630.000000
1042.000000
66.000000
590.000000
77.000000
446.000000
388.000000
83.000000
182.000000
72.000000
578.000000
1631.000000
354.000000
70.000000
314.000000
320.000000
666.000000
439.000000
61.000000
696.000000
595.000000
225.000000
178.000000
217.000000
215.000000
650.000000
235.000000
344.000000
438.000000
381.000000
72.000000
601.000000
600.000000
215.000000
498.000000
216.000000
76.000000
346.000000
724.000000
1015.000000
231.000000
515.000000
300.000000
328.000000
696.000000
33.000000
926.000000
422.000000
208.000000
167.000000
590.000000
129.000000
178.000000
1036.000000
683.000000
514.000000
128.000000
2868.000000
791.000000
1122.000000
244.000000
2026.000000
411.000000
407.000000
642.000000
193.000000
499.000000
57.000000
877.000000
639.000000
99.000000
366.000000
519.000000
1014.000000
2045.000000
167.000000
132.000000
1680.000000
1213.000000
902.000000
175.000000
139.000000
137.000000
77.000000
454.000000
1020.000000
223.000000
282.000000
155.000000
247.000000
1686.000000
344.000000
54.000000
560.000000
224.000000
5214.000000
7844.000000
836.000000
53.000000
38.000000
208.000000
824.000000
435.000000
64.000000
128.000000
542.000000
388.000000
414.000000
553.000000
52.000000
556.000000
230.000000
317.000000
675.000000
178.000000
291.000000
188.000000
351.000000
60.000000
722.000000
1937.000000
316.000000
861.000000
431.000000
614.000000
166.000000
436.000000
1250.000000
179.000000
56.000000
1734.000000
948.000000
564.000000
314.000000
242.000000
1303.000000
434.000000
336.000000
163.000000
1156.000000
241.000000
1081.000000
360.000000
1034.000000
276.000000
831.000000
1767.000000
106.000000
413.000000
123.000000
511.000000
707.000000
149.000000
177.000000
72.000000
353.000000
182.000000
447.000000
4097.000000
267.000000
142.000000
127.000000
443.000000
958.000000
479.000000
400.000000
542.000000
449.000000
349.000000
1563.000000
344.000000
449.000000
119.000000
1848.000000
133.000000
424.000000
533.000000
215.000000
153.000000
638.000000
609.000000
297.000000
2067.000000
1559.000000
485.000000
2010.000000
459.000000
140.000000
1634.000000
439.000000
123.000000
103.000000
1848.000000
615.000000
622.000000
1348.000000
500.000000
479.000000
412.000000
457.000000
30.000000
380.000000
459.000000
873.000000
721.000000
574.000000
687.000000
48.000000
680.000000
38.000000
689.000000
1321.000000
427.000000
2211.000000
412.000000
