94.000000
419.000000
297.000000
968.000000
138.000000
147.000000
1051.000000
1250.000000
925.000000
607.000000
141.000000
163.000000
222.000000
908.000000
75.000000
1959.000000
105.000000
62.000000
314.000000
1443.000000
64.000000
253.000000
170.000000
572.000000
2091.000000
99.000000
131.000000
375.000000
303.000000
389.000000
846.000000
309.000000
1658.000000
271.000000
269.000000
1132.000000
1362.000000
360.000000
273.000000
43.000000
163.000000
242.000000
752.000000
857.000000
317.000000
794.000000
1251.000000
721.000000
854.000000
124.000000
315.000000
368.000000
595.000000
167.000000
2223.000000
790.000000
529.000000
97.000000
766.000000
57.000000
202.000000
1130.000000
190.000000
33.000000
678.000000
670.000000
821.000000
320.000000
360.000000
149.000000
127.000000
250.000000
358.000000
94.000000
258.000000
570.000000
745.000000
2940.000000
60.000000
548.000000
557.000000
240.000000
545.000000
539.000000
610.000000
455.000000
68.000000
172.000000
458.000000
453.000000
201.000000
604.000000
265.000000
3451.000000
969.000000
2399.000000
82.000000
734.000000
688.000000
3750.000000
157.000000
250.000000
622.000000
134.000000
112.000000
183.000000
274.000000
2433.000000
685.000000
475.000000
67.000000
190.000000
338.000000
106.000000
78.000000
103.000000
713.000000
229.000000
201.000000
352.000000
276.000000
3991.000000
737.000000
150.000000
574.000000
246.000000
1087.000000
316.000000
1429.000000
572.000000
441.000000
407.000000
159.000000
153.000000
248.000000
808.000000
297.000000
297.000000
973.000000
560.000000
248.000000
807.000000
371.000000
565.000000
264.000000
250.000000
422.000000
390.000000
96.000000
2211.000000
107.000000
222.000000
606.000000
1759.000000
779.000000
46.000000
750.000000
187.000000
282.000000
352.000000
674.000000
3117.000000
806.000000
176.000000
168.000000
793.000000
805.000000
355.000000
424.000000
513.000000
99.000000
802.000000
276.000000
190.000000
711.000000
1864.000000
10979.000000
781.000000
141.000000
239.000000
133.000000
245.000000
120.000000
78.000000
458.000000
710.000000
407.000000
2014.000000
362.000000
157.000000
535.000000
463.000000
156.000000
770.000000
748.000000
327.000000
224.000000
167.000000
684.000000
160.000000
135.000000
626.000000
815.000000
114.000000
164.000000
517.000000
656.000000
229.000000
473.000000
136.000000
100.000000
1971.000000
3913.000000
552.000000
473.000000
591.000000
428.000000
207.000000
2004.000000
1603.000000
126.000000
332.000000
973.000000
647.000000
107.000000
778.000000
1879.000000
408.000000
286.000000
1834.000000
284.000000
3053.000000
86.000000
4054.000000
418.000000
62.000000
2045.000000
1248.000000
255.000000
171.000000
274.000000
111.000000
1183.000000
346.000000
287.000000
684.000000
2400.000000
207.000000
1386.000000
217.000000
550.000000
975.000000
356.000000
105.000000
239.000000
1104.000000
421.000000
996.000000
94.000000
1372.000000
322.000000
521.000000
444.000000
1642.000000
320.000000
230.000000
321.000000
215.000000
297.000000
509.000000
373.000000
207.000000
475.000000
228.000000
1088.000000
600.000000
254.000000
86.000000
962.000000
646.000000
563.000000
534.000000
91.000000
698.000000
235.000000
409.000000
3109.000000
382.000000
384.000000
473.000000
1199.000000
298.000000
367.000000
78.000000
1373.000000
2898.000000
249.000000
83.000000
349.000000
949.000000
593.000000
10455.000000
158.000000
378.000000
240.000000
500.000000
3191.000000
563.000000
336.000000
271.000000
352.000000
263.000000
1638.000000
1103.000000
708.000000
343.000000
373.000000
1352.000000
285.000000
1294.000000
1514.000000
232.000000
239.000000
129.000000
349.000000
693.000000
181.000000
248.000000
166.000000
2706.000000
781.000000
1064.000000
224.000000
783.000000
255.000000
575.000000
396.000000
106.000000
236.000000
2099.000000
217.000000
327.000000
107.000000
208.000000
444.000000
464.000000
80.000000
457.000000
253.000000
2540.000000
291.000000
154.000000
53.000000
1829.000000
432.000000
109.000000
384.000000
4914.000000
541.000000
311.000000
1855.000000
179.000000
384.000000
294.000000
415.000000
734.000000
493.000000
129.000000
461.000000
221.000000
182.000000
1951.000000
156.000000
2116.000000
526.000000
89.000000
349.000000
123.000000
57.000000
1115.000000
1091.000000
357.000000
182.000000
180.000000
541.000000
434.000000
1677.000000
442.000000
634.000000
563.000000
270.000000
1287.000000
344.000000
63.000000
244.000000
492.000000
700.000000
303.000000
1213.000000
3125.000000
123.000000
869.000000
1239.000000
1591.000000
128.000000
56.000000
190.000000
338.000000
720.000000
1847.000000
461.000000
384.000000
262.000000
623.000000
972.000000
3341.000000
238.000000
1392.000000
731.000000
326.000000
1170.000000
549.000000
152.000000
906.000000
83.000000
1207.000000
325.000000
247.000000
361.000000
697.000000
663.000000
239.000000
171.000000
106.000000
226.000000
552.000000
211.000000
355.000000
124.000000
384.000000
142.000000
74.000000
177.000000
119.000000
494.000000
339.000000
64.000000
517.000000
141.000000
265.000000
35.000000
219.000000
51.000000
674.000000
1064.000000
306.000000
1079.000000
672.000000
74.000000
3923.000000
1282.000000
257.000000
577.000000
63.000000
205.000000
748.000000
1049.000000
972.000000
165.000000
109.000000
335.000000
348.000000
624.000000
1051.000000
644.000000
1114.000000
803.000000
320.000000
2192.000000
1137.000000
215.000000
652.000000
998.000000
261.000000
104.000000
169.000000
225.000000
6085.000000
116.000000
684.000000
263.000000
77.000000
2705.000000
497.000000
497.000000
143.000000
1226.000000
336.000000
649.000000
386.000000
128.000000
404.000000
434.000000
425.000000
191.000000
587.000000
576.000000
371.000000
695.000000
310.000000
452.000000
378.000000
389.000000
395.000000
454.000000
233.000000
94.000000
507.000000
316.000000
480.000000
142.000000
122.000000
935.000000
760.000000
723.000000
88.000000
201.000000
798.000000
482.000000
1012.000000
2705.000000
174.000000
1944.000000
220.000000
733.000000
1140.000000
2471.000000
787.000000
1032.000000
518.000000
858.000000
282.000000
243.000000
680.000000
1419.000000
222.000000
712.000000
416.000000
145.000000
260.000000
433.000000
231.000000
124.000000
144.000000
320.000000
308.000000
310.000000
155.000000
2493.000000
118.000000
93.000000
170.000000
3678.000000
399.000000
732.000000
766.000000
659.000000
160.000000
235.000000
1514.000000
444.000000
290.000000
168.000000
644.000000
631.000000
330.000000
913.000000
321.000000
225.000000
210.000000
244.000000
323.000000
187.000000
1226.000000
860.000000
364.000000
239.000000
562.000000
105.000000
714.000000
774.000000
656.000000
1710.000000
178.000000
1314.000000
459.000000
557.000000
136.000000
12.000000
309.000000
428.000000
366.000000
715.000000
730.000000
228.000000
476.000000
56.000000
264.000000
470.000000
142.000000
214.000000
396.000000
1655.000000
895.000000
1619.000000
204.000000
395.000000
551.000000
504.000000
875.000000
1439.000000
292.000000
1365.000000
210.000000
1722.000000
188.000000
770.000000
578.000000
765.000000
92.000000
2023.000000
3276.000000
505.000000
196.000000
92.000000
902.000000
1149.000000
394.000000
1135.000000
117.000000
335.000000
89.000000
559.000000
655.000000
2161.000000
489.000000
437.000000
416.000000
293.000000
1036.000000
218.000000
1115.000000
185.000000
112.000000
211.000000
1757.000000
74.000000
80.000000
135.000000
2300.000000
450.000000
176.000000
1126.000000
715.000000
357.000000
87.000000
19.000000
1311.000000
2026.000000
581.000000
628.000000
272.000000
109.000000
1463.000000
3912.000000
294.000000
47.000000
945.000000
331.000000
455.000000
178.000000
394.000000
166.000000
21.000000
50.000000
291.000000
1036.000000
128.000000
169.000000
752.000000
257.000000
339.000000
298.000000
448.000000
2380.000000
331.000000
222.000000
198.000000
233.000000
453.000000
226.000000
825.000000
441.000000
926.000000
1344.000000
252.000000
2355.000000
249.000000
621.000000
173.000000
177.000000
537.000000
150.000000
231.000000
392.000000
792.000000
98.000000
1414.000000
32.000000
487.000000
563.000000
1692.000000
2468.000000
367.000000
297.000000
353.000000
552.000000
413.000000
2655.000000
901.000000
176.000000
736.000000
2941.000000
679.000000
106.000000
2141.000000
394.000000
135.000000
1373.000000
443.000000
585.000000
626.000000
152.000000
582.000000
189.000000
827.000000
150.000000
144.000000
1519.000000
261.000000
111.000000
828.000000
220.000000
299.000000
695.000000
804.000000
1070.000000
582.000000
182.000000
973.000000
523.000000
318.000000
855.000000
208.000000
891.000000
240.000000
2069.000000
24.000000
1470.000000
825.000000
273.000000
879.000000
538.000000
519.000000
598.000000
526.000000
288.000000
2075.000000
1145.000000
3516.000000
1460.000000
264.000000
479.000000
1476.000000
34.000000
800.000000
1199.000000
316.000000
180.000000
98.000000
482.000000
328.000000
52.000000
978.000000
595.000000
318.000000
481.000000
643.000000
146.000000
174.000000
222.000000
410.000000
423.000000
721.000000
167.000000
197.000000
1190.000000
854.000000
1460.000000
355.000000
907.000000
1509.000000
1114.000000
74.000000
520.000000
65.000000
443.000000
993.000000
1678.000000
531.000000
102.000000
224.000000
1077.000000
721.000000
138.000000
163.000000
290.000000
1860.000000
2002.000000
2039.000000
247.000000
590.000000
1364.000000
1760.000000
499.000000
1279.000000
213.000000
3903.000000
91.000000
1341.000000
73.000000
590.000000
1567.000000
324.000000
384.000000
363.000000
573.000000
483.000000
637.000000
260.000000
120.000000
463.000000
419.000000
151.000000
2263.000000
360.000000
167.000000
845.000000
180.000000
133.000000
282.000000
220.000000
66.000000
57.000000
842.000000
669.000000
819.000000
339.000000
390.000000
4325.000000
2129.000000
1378.000000
291.000000
465.000000
552.000000
403.000000
577.000000
363.000000
890.000000
2016.000000
342.000000
116.000000
241.000000
1121.000000
767.000000
3647.000000
420.000000
649.000000
1022.000000
185.000000
194.000000
229.000000
882.000000
86.000000
1152.000000
967.000000
227.000000
757.000000
1032.000000
165.000000
133.000000
124.000000
840.000000
819.000000
792.000000
657.000000
571.000000
1717.000000
1063.000000
223.000000
411.000000
72.000000
2338.000000
84.000000
285.000000
427.000000
530.000000
141.000000
391.000000
109.000000
1570.000000
176.000000
396.000000
635.000000
506.000000
245.000000
2088.000000
241.000000
207.000000
1325.000000
213.000000
197.000000
131.000000
175.000000
1040.000000
178.000000
469.000000
146.000000
246.000000
116.000000
125.000000
400.000000
1273.000000
1008.000000
253.000000
442.000000
64.000000
243.000000
3330.000000
715.000000
472.000000
420.000000
105.000000
59.000000
101.000000
182.000000
126.000000
1347.000000
430.000000
906.000000
221.000000
730.000000
2482.000000
141.000000
1755.000000
355.000000
292.000000
197.000000
827.000000
278.000000
1134.000000
587.000000
212.000000
602.000000
633.000000
791.000000
271.000000
374.000000
2714.000000
436.000000
220.000000
991.000000
351.000000
123.000000
1894.000000
142.000000
756.000000
166.000000
55.000000
74.000000
136.000000
119.000000
213.000000
2173.000000
431.000000
2801.000000
87.000000
1506.000000
310.000000
201.000000
