97.000000
1095.000000
106.000000
91.000000
748.000000
576.000000
273.000000
248.000000
2599.000000
1251.000000
610.000000
326.000000
1145.000000
891.000000
892.000000
468.000000
366.000000
1229.000000
472.000000
124.000000
95.000000
256.000000
1213.000000
323.000000
668.000000
973.000000
197.000000
508.000000
389.000000
1081.000000
590.000000
341.000000
139.000000
704.000000
102.000000
1275.000000
53.000000
490.000000
354.000000
139.000000
74.000000
160.000000
1616.000000
583.000000
277.000000
473.000000
540.000000
1000.000000
166.000000
911.000000
626.000000
541.000000
245.000000
182.000000
7109.000000
352.000000
2494.000000
1412.000000
105.000000
127.000000
451.000000
471.000000
1427.000000
345.000000
327.000000
119.000000
307.000000
557.000000
99.000000
1579.000000
260.000000
731.000000
989.000000
2370.000000
705.000000
2022.000000
164.000000
5158.000000
183.000000
149.000000
89.000000
665.000000
103.000000
364.000000
93.000000
4163.000000
470.000000
116.000000
1327.000000
279.000000
2032.000000
186.000000
851.000000
174.000000
98.000000
194.000000
2252.000000
2304.000000
577.000000
1369.000000
284.000000
790.000000
2275.000000
584.000000
198.000000
194.000000
165.000000
873.000000
511.000000
172.000000
786.000000
505.000000
869.000000
339.000000
643.000000
666.000000
139.000000
890.000000
1266.000000
95.000000
455.000000
469.000000
2091.000000
692.000000
696.000000
200.000000
2714.000000
932.000000
55.000000
2187.000000
290.000000
762.000000
1131.000000
151.000000
357.000000
170.000000
2089.000000
1563.000000
385.000000
67.000000
71.000000
2909.000000
731.000000
103.000000
6889.000000
330.000000
426.000000
151.000000
356.000000
458.000000
1441.000000
243.000000
534.000000
2658.000000
330.000000
92.000000
513.000000
823.000000
3065.000000
350.000000
561.000000
416.000000
619.000000
1244.000000
258.000000
321.000000
1311.000000
388.000000
324.000000
2086.000000
360.000000
151.000000
781.000000
1122.000000
922.000000
239.000000
298.000000
268.000000
2794.000000
345.000000
361.000000
214.000000
129.000000
114.000000
69.000000
752.000000
650.000000
5074.000000
1805.000000
120.000000
947.000000
286.000000
107.000000
108.000000
435.000000
61.000000
46.000000
169.000000
490.000000
768.000000
1399.000000
415.000000
561.000000
381.000000
657.000000
774.000000
484.000000
486.000000
76.000000
702.000000
189.000000
1283.000000
282.000000
230.000000
62.000000
249.000000
459.000000
1240.000000
124.000000
385.000000
70.000000
2166.000000
828.000000
174.000000
75.000000
422.000000
215.000000
790.000000
107.000000
490.000000
2593.000000
571.000000
545.000000
314.000000
162.000000
96.000000
2043.000000
714.000000
833.000000
3009.000000
98.000000
1044.000000
978.000000
395.000000
495.000000
396.000000
248.000000
795.000000
507.000000
202.000000
634.000000
173.000000
248.000000
1397.000000
306.000000
406.000000
3034.000000
1482.000000
3404.000000
62.000000
318.000000
3084.000000
580.000000
314.000000
215.000000
451.000000
1049.000000
499.000000
56.000000
85.000000
1002.000000
379.000000
1188.000000
194.000000
298.000000
588.000000
352.000000
57.000000
1783.000000
320.000000
940.000000
145.000000
244.000000
130.000000
412.000000
555.000000
162.000000
505.000000
540.000000
2463.000000
586.000000
597.000000
11938.000000
2228.000000
1493.000000
312.000000
24.000000
238.000000
365.000000
389.000000
161.000000
1568.000000
353.000000
211.000000
786.000000
1347.000000
1624.000000
935.000000
242.000000
840.000000
1360.000000
425.000000
1031.000000
423.000000
1014.000000
126.000000
439.000000
411.000000
73.000000
934.000000
192.000000
253.000000
1211.000000
1053.000000
815.000000
739.000000
327.000000
70.000000
2360.000000
697.000000
95.000000
147.000000
1222.000000
721.000000
757.000000
294.000000
888.000000
414.000000
312.000000
1048.000000
1036.000000
841.000000
89.000000
1249.000000
379.000000
481.000000
599.000000
3279.000000
1118.000000
302.000000
363.000000
575.000000
70.000000
76.000000
441.000000
2164.000000
85.000000
289.000000
1243.000000
642.000000
606.000000
4178.000000
949.000000
290.000000
794.000000
1424.000000
494.000000
199.000000
996.000000
238.000000
96.000000
425.000000
1175.000000
1278.000000
366.000000
281.000000
141.000000
536.000000
272.000000
18635.000000
238.000000
1330.000000
716.000000
527.000000
236.000000
494.000000
700.000000
270.000000
229.000000
1149.000000
626.000000
564.000000
102.000000
621.000000
718.000000
50.000000
117.000000
303.000000
170.000000
135.000000
1351.000000
148.000000
362.000000
64.000000
15.000000
690.000000
63.000000
184.000000
2190.000000
773.000000
288.000000
352.000000
153.000000
242.000000
560.000000
74.000000
168.000000
204.000000
463.000000
448.000000
242.000000
185.000000
1296.000000
1985.000000
337.000000
1243.000000
50.000000
235.000000
125.000000
518.000000
155.000000
169.000000
1864.000000
1270.000000
404.000000
694.000000
307.000000
490.000000
81.000000
194.000000
1275.000000
510.000000
405.000000
169.000000
542.000000
249.000000
226.000000
786.000000
813.000000
359.000000
2922.000000
203.000000
736.000000
552.000000
2263.000000
56.000000
155.000000
932.000000
1028.000000
2379.000000
218.000000
1023.000000
422.000000
927.000000
555.000000
494.000000
911.000000
554.000000
831.000000
159.000000
467.000000
321.000000
256.000000
413.000000
1182.000000
369.000000
261.000000
106.000000
1738.000000
667.000000
37.000000
54.000000
294.000000
367.000000
80.000000
254.000000
902.000000
488.000000
113.000000
367.000000
585.000000
133.000000
590.000000
169.000000
507.000000
538.000000
835.000000
987.000000
299.000000
1276.000000
805.000000
475.000000
4934.000000
925.000000
295.000000
451.000000
370.000000
747.000000
367.000000
1843.000000
501.000000
394.000000
1596.000000
99.000000
419.000000
2640.000000
1268.000000
357.000000
140.000000
4456.000000
120.000000
1115.000000
1603.000000
96.000000
435.000000
1118.000000
290.000000
262.000000
187.000000
418.000000
696.000000
322.000000
855.000000
553.000000
646.000000
1107.000000
40.000000
1669.000000
596.000000
733.000000
296.000000
759.000000
157.000000
650.000000
1278.000000
460.000000
334.000000
343.000000
250.000000
151.000000
267.000000
1641.000000
419.000000
2980.000000
217.000000
276.000000
1818.000000
205.000000
1137.000000
545.000000
155.000000
250.000000
384.000000
60.000000
398.000000
634.000000
1030.000000
943.000000
159.000000
623.000000
361.000000
898.000000
35.000000
785.000000
1982.000000
1300.000000
495.000000
4775.000000
913.000000
1235.000000
2223.000000
588.000000
143.000000
42.000000
570.000000
124.000000
387.000000
745.000000
204.000000
188.000000
747.000000
403.000000
720.000000
228.000000
1004.000000
130.000000
2790.000000
291.000000
2032.000000
362.000000
145.000000
1684.000000
627.000000
345.000000
688.000000
250.000000
199.000000
936.000000
1880.000000
795.000000
184.000000
1182.000000
92.000000
649.000000
802.000000
516.000000
495.000000
211.000000
667.000000
408.000000
101.000000
160.000000
557.000000
718.000000
112.000000
1396.000000
91.000000
4338.000000
89.000000
607.000000
1383.000000
67.000000
1281.000000
1728.000000
341.000000
775.000000
2250.000000
494.000000
251.000000
424.000000
337.000000
359.000000
1073.000000
933.000000
202.000000
91.000000
134.000000
120.000000
158.000000
463.000000
2176.000000
642.000000
45.000000
229.000000
480.000000
524.000000
275.000000
274.000000
318.000000
1122.000000
345.000000
232.000000
1341.000000
843.000000
132.000000
815.000000
1478.000000
168.000000
189.000000
221.000000
409.000000
698.000000
193.000000
315.000000
1285.000000
256.000000
255.000000
108.000000
652.000000
159.000000
279.000000
151.000000
252.000000
594.000000
906.000000
1130.000000
239.000000
365.000000
523.000000
597.000000
1556.000000
349.000000
385.000000
968.000000
93.000000
1664.000000
146.000000
343.000000
269.000000
341.000000
35.000000
655.000000
146.000000
114.000000
173.000000
353.000000
1767.000000
591.000000
182.000000
1518.000000
327.000000
89.000000
647.000000
439.000000
1314.000000
229.000000
324.000000
523.000000
181.000000
352.000000
828.000000
1504.000000
545.000000
693.000000
1039.000000
691.000000
623.000000
461.000000
550.000000
584.000000
329.000000
58.000000
1241.000000
304.000000
634.000000
124.000000
473.000000
253.000000
1046.000000
915.000000
242.000000
271.000000
280.000000
918.000000
188.000000
901.000000
589.000000
281.000000
210.000000
256.000000
454.000000
78.000000
164.000000
204.000000
1111.000000
1496.000000
113.000000
385.000000
265.000000
376.000000
64.000000
952.000000
151.000000
525.000000
3617.000000
670.000000
1125.000000
68.000000
400.000000
374.000000
119.000000
820.000000
149.000000
125.000000
832.000000
425.000000
462.000000
255.000000
480.000000
63.000000
1059.000000
710.000000
420.000000
177.000000
1889.000000
117.000000
403.000000
160.000000
638.000000
230.000000
303.000000
221.000000
299.000000
147.000000
4269.000000
800.000000
322.000000
262.000000
80.000000
299.000000
7302.000000
58.000000
994.000000
569.000000
280.000000
210.000000
1695.000000
299.000000
565.000000
134.000000
121.000000
676.000000
604.000000
78.000000
2514.000000
379.000000
100.000000
2166.000000
412.000000
429.000000
100.000000
803.000000
427.000000
1480.000000
33.000000
292.000000
210.000000
547.000000
1449.000000
425.000000
423.000000
101.000000
479.000000
281.000000
115.000000
527.000000
753.000000
169.000000
111.000000
607.000000
112.000000
188.000000
104.000000
1987.000000
262.000000
132.000000
397.000000
865.000000
676.000000
326.000000
306.000000
205.000000
166.000000
194.000000
168.000000
3609.000000
597.000000
333.000000
1420.000000
574.000000
252.000000
143.000000
248.000000
279.000000
818.000000
244.000000
198.000000
945.000000
127.000000
1095.000000
301.000000
1882.000000
1153.000000
1779.000000
219.000000
535.000000
408.000000
1654.000000
209.000000
1591.000000
490.000000
284.000000
48.000000
1381.000000
440.000000
1304.000000
428.000000
402.000000
351.000000
315.000000
327.000000
168.000000
137.000000
586.000000
479.000000
957.000000
481.000000
287.000000
158.000000
146.000000
339.000000
84.000000
283.000000
2519.000000
592.000000
1012.000000
1250.000000
174.000000
288.000000
167.000000
117.000000
2208.000000
3674.000000
103.000000
335.000000
423.000000
93.000000
626.000000
448.000000
298.000000
1012.000000
262.000000
310.000000
691.000000
1677.000000
339.000000
895.000000
581.000000
645.000000
973.000000
66.000000
394.000000
1319.000000
207.000000
203.000000
1550.000000
514.000000
90.000000
247.000000
747.000000
209.000000
297.000000
101.000000
702.000000
1019.000000
771.000000
207.000000
356.000000
166.000000
250.000000
269.000000
4160.000000
217.000000
564.000000
523.000000
398.000000
69.000000
817.000000
1139.000000
504.000000
235.000000
429.000000
458.000000
625.000000
588.000000
708.000000
1090.000000
342.000000
562.000000
820.000000
2051.000000
134.000000
671.000000
1025.000000
2117.000000
164.000000
589.000000
197.000000
589.000000
882.000000
180.000000
1428.000000
301.000000
633.000000
1004.000000
109.000000
543.000000
231.000000
1353.000000
2379.000000
434.000000
821.000000
351.000000
398.000000
731.000000
1880.000000
115.000000
1120.000000
258.000000
955.000000
