145.000000
485.000000
150.000000
409.000000
248.000000
1176.000000
346.000000
298.000000
634.000000
149.000000
500.000000
663.000000
91.000000
260.000000
293.000000
94.000000
153.000000
29.000000
540.000000
697.000000
344.000000
677.000000
963.000000
424.000000
412.000000
180.000000
183.000000
1775.000000
206.000000
555.000000
913.000000
330.000000
84.000000
287.000000
862.000000
152.000000
736.000000
263.000000
885.000000
1145.000000
378.000000
326.000000
249.000000
977.000000
225.000000
342.000000
564.000000
362.000000
143.000000
878.000000
802.000000
820.000000
81.000000
997.000000
296.000000
709.000000
432.000000
563.000000
307.000000
152.000000
685.000000
559.000000
588.000000
252.000000
644.000000
334.000000
1195.000000
3706.000000
916.000000
264.000000
103.000000
600.000000
1243.000000
64.000000
51.000000
780.000000
55.000000
60.000000
205.000000
162.000000
172.000000
192.000000
219.000000
1334.000000
762.000000
882.000000
270.000000
110.000000
1384.000000
407.000000
1550.000000
934.000000
809.000000
334.000000
451.000000
1229.000000
433.000000
1696.000000
638.000000
500.000000
14.000000
505.000000
163.000000
1090.000000
666.000000
283.000000
209.000000
471.000000
264.000000
53.000000
424.000000
3680.000000
761.000000
810.000000
157.000000
3449.000000
984.000000
212.000000
186.000000
3738.000000
927.000000
39.000000
822.000000
391.000000
433.000000
355.000000
1509.000000
1961.000000
320.000000
133.000000
220.000000
1014.000000
164.000000
234.000000
532.000000
79.000000
467.000000
957.000000
955.000000
144.000000
235.000000
297.000000
532.000000
1000.000000
1107.000000
160.000000
290.000000
170.000000
408.000000
289.000000
1412.000000
84.000000
172.000000
118.000000
342.000000
605.000000
1122.000000
694.000000
262.000000
471.000000
87.000000
163.000000
31.000000
291.000000
1266.000000
1449.000000
1221.000000
293.000000
247.000000
238.000000
711.000000
220.000000
120.000000
295.000000
701.000000
439.000000
788.000000
316.000000
354.000000
54.000000
394.000000
700.000000
237.000000
91.000000
46.000000
2632.000000
2637.000000
411.000000
145.000000
14.000000
391.000000
193.000000
90.000000
150.000000
760.000000
271.000000
617.000000
146.000000
12.000000
730.000000
192.000000
216.000000
74.000000
658.000000
832.000000
68.000000
1308.000000
90.000000
160.000000
571.000000
798.000000
175.000000
924.000000
1462.000000
557.000000
1017.000000
206.000000
626.000000
2001.000000
78.000000
279.000000
43.000000
3040.000000
257.000000
222.000000
3945.000000
218.000000
1572.000000
504.000000
129.000000
1235.000000
375.000000
105.000000
1313.000000
741.000000
805.000000
806.000000
310.000000
936.000000
511.000000
185.000000
1978.000000
1080.000000
2299.000000
1615.000000
736.000000
1613.000000
4321.000000
1896.000000
128.000000
153.000000
1019.000000
164.000000
532.000000
411.000000
352.000000
2453.000000
104.000000
414.000000
1025.000000
139.000000
140.000000
1524.000000
138.000000
915.000000
4478.000000
86.000000
433.000000
550.000000
73.000000
84.000000
40.000000
450.000000
213.000000
114.000000
517.000000
59.000000
791.000000
1493.000000
759.000000
50.000000
222.000000
602.000000
1090.000000
198.000000
1987.000000
721.000000
179.000000
832.000000
101.000000
101.000000
486.000000
324.000000
644.000000
98.000000
1582.000000
3935.000000
110.000000
120.000000
196.000000
1727.000000
244.000000
44.000000
785.000000
744.000000
907.000000
762.000000
1318.000000
791.000000
852.000000
1133.000000
451.000000
257.000000
77.000000
1595.000000
930.000000
111.000000
3718.000000
639.000000
161.000000
815.000000
76.000000
164.000000
97.000000
179.000000
1668.000000
371.000000
297.000000
301.000000
240.000000
145.000000
124.000000
826.000000
506.000000
257.000000
480.000000
868.000000
781.000000
1300.000000
791.000000
76.000000
446.000000
80.000000
474.000000
401.000000
92.000000
168.000000
364.000000
1633.000000
425.000000
1546.000000
316.000000
822.000000
1299.000000
596.000000
1034.000000
959.000000
131.000000
133.000000
290.000000
433.000000
346.000000
583.000000
285.000000
698.000000
141.000000
1365.000000
54.000000
1233.000000
843.000000
270.000000
79.000000
810.000000
341.000000
454.000000
59.000000
670.000000
229.000000
253.000000
434.000000
646.000000
838.000000
1441.000000
2043.000000
244.000000
282.000000
313.000000
219.000000
269.000000
1631.000000
1186.000000
314.000000
116.000000
145.000000
389.000000
474.000000
88.000000
158.000000
333.000000
3877.000000
1602.000000
953.000000
1044.000000
516.000000
93.000000
316.000000
769.000000
254.000000
491.000000
607.000000
403.000000
1322.000000
2736.000000
439.000000
134.000000
73.000000
1074.000000
334.000000
1117.000000
151.000000
314.000000
537.000000
181.000000
596.000000
564.000000
130.000000
993.000000
1249.000000
337.000000
456.000000
573.000000
274.000000
472.000000
1090.000000
478.000000
272.000000
831.000000
1023.000000
996.000000
72.000000
90.000000
87.000000
189.000000
348.000000
445.000000
202.000000
541.000000
206.000000
991.000000
901.000000
80.000000
228.000000
556.000000
78.000000
176.000000
945.000000
513.000000
362.000000
60.000000
150.000000
165.000000
973.000000
27.000000
3099.000000
170.000000
407.000000
1857.000000
165.000000
2011.000000
126.000000
562.000000
483.000000
78.000000
461.000000
95.000000
95.000000
231.000000
207.000000
1023.000000
231.000000
1155.000000
5850.000000
914.000000
339.000000
300.000000
494.000000
964.000000
385.000000
75.000000
92.000000
631.000000
266.000000
873.000000
337.000000
240.000000
111.000000
430.000000
517.000000
456.000000
390.000000
498.000000
373.000000
106.000000
2545.000000
741.000000
826.000000
971.000000
292.000000
703.000000
214.000000
70.000000
866.000000
1472.000000
585.000000
332.000000
199.000000
318.000000
1036.000000
1588.000000
91.000000
361.000000
178.000000
719.000000
438.000000
636.000000
92.000000
1043.000000
56.000000
58.000000
3143.000000
650.000000
89.000000
6250.000000
135.000000
494.000000
135.000000
350.000000
54.000000
1052.000000
281.000000
943.000000
317.000000
99.000000
374.000000
650.000000
760.000000
3345.000000
237.000000
381.000000
358.000000
197.000000
229.000000
92.000000
111.000000
683.000000
975.000000
111.000000
810.000000
175.000000
332.000000
888.000000
251.000000
270.000000
273.000000
376.000000
664.000000
2464.000000
1582.000000
224.000000
433.000000
269.000000
572.000000
499.000000
112.000000
283.000000
341.000000
839.000000
2258.000000
1220.000000
139.000000
175.000000
2957.000000
551.000000
288.000000
240.000000
505.000000
282.000000
21.000000
183.000000
1262.000000
528.000000
253.000000
121.000000
7607.000000
529.000000
292.000000
584.000000
163.000000
743.000000
505.000000
118.000000
467.000000
1345.000000
852.000000
484.000000
1002.000000
99.000000
246.000000
538.000000
334.000000
677.000000
649.000000
103.000000
475.000000
386.000000
151.000000
143.000000
133.000000
282.000000
516.000000
404.000000
80.000000
417.000000
421.000000
1023.000000
726.000000
1430.000000
351.000000
1261.000000
263.000000
4106.000000
446.000000
225.000000
189.000000
73.000000
1431.000000
267.000000
644.000000
195.000000
258.000000
83.000000
159.000000
185.000000
383.000000
182.000000
596.000000
329.000000
639.000000
395.000000
154.000000
541.000000
460.000000
1462.000000
134.000000
330.000000
390.000000
248.000000
320.000000
455.000000
277.000000
169.000000
611.000000
131.000000
546.000000
381.000000
1008.000000
90.000000
649.000000
129.000000
329.000000
7271.000000
289.000000
586.000000
1789.000000
187.000000
209.000000
135.000000
215.000000
760.000000
145.000000
1321.000000
207.000000
749.000000
468.000000
577.000000
996.000000
978.000000
80.000000
291.000000
167.000000
1433.000000
329.000000
945.000000
166.000000
495.000000
700.000000
571.000000
1855.000000
283.000000
1361.000000
604.000000
344.000000
339.000000
784.000000
51.000000
134.000000
226.000000
619.000000
50.000000
691.000000
591.000000
239.000000
110.000000
1622.000000
198.000000
2403.000000
1757.000000
17.000000
173.000000
780.000000
295.000000
114.000000
1500.000000
498.000000
39.000000
444.000000
184.000000
241.000000
670.000000
347.000000
282.000000
1470.000000
3188.000000
620.000000
274.000000
340.000000
68.000000
422.000000
313.000000
251.000000
710.000000
535.000000
1110.000000
237.000000
968.000000
700.000000
173.000000
1347.000000
85.000000
790.000000
552.000000
852.000000
356.000000
494.000000
257.000000
1612.000000
895.000000
924.000000
536.000000
642.000000
762.000000
208.000000
978.000000
1123.000000
565.000000
1299.000000
193.000000
2001.000000
201.000000
201.000000
155.000000
65.000000
1059.000000
523.000000
156.000000
623.000000
351.000000
1642.000000
165.000000
152.000000
261.000000
461.000000
170.000000
170.000000
614.000000
324.000000
195.000000
988.000000
775.000000
306.000000
1742.000000
1527.000000
1188.000000
1706.000000
490.000000
125.000000
277.000000
279.000000
997.000000
228.000000
198.000000
821.000000
651.000000
399.000000
108.000000
481.000000
1207.000000
183.000000
1054.000000
617.000000
649.000000
474.000000
1122.000000
256.000000
829.000000
179.000000
109.000000
140.000000
624.000000
381.000000
63.000000
222.000000
560.000000
262.000000
922.000000
332.000000
727.000000
363.000000
566.000000
610.000000
1103.000000
437.000000
1663.000000
2660.000000
1815.000000
262.000000
248.000000
2952.000000
454.000000
713.000000
655.000000
275.000000
2815.000000
307.000000
280.000000
65.000000
340.000000
290.000000
358.000000
162.000000
248.000000
1465.000000
872.000000
2167.000000
351.000000
468.000000
1706.000000
754.000000
647.000000
144.000000
245.000000
1212.000000
141.000000
703.000000
207.000000
22.000000
2225.000000
270.000000
1863.000000
70.000000
160.000000
437.000000
792.000000
89.000000
568.000000
520.000000
504.000000
424.000000
601.000000
537.000000
2637.000000
677.000000
503.000000
856.000000
393.000000
211.000000
1206.000000
464.000000
121.000000
864.000000
570.000000
156.000000
153.000000
200.000000
915.000000
250.000000
660.000000
284.000000
2386.000000
780.000000
152.000000
90.000000
875.000000
1184.000000
168.000000
211.000000
1761.000000
2877.000000
553.000000
597.000000
670.000000
138.000000
594.000000
402.000000
1129.000000
151.000000
1153.000000
232.000000
899.000000
221.000000
265.000000
496.000000
412.000000
1341.000000
1147.000000
478.000000
1097.000000
340.000000
268.000000
200.000000
483.000000
613.000000
522.000000
242.000000
796.000000
262.000000
408.000000
785.000000
858.000000
122.000000
392.000000
512.000000
418.000000
294.000000
89.000000
538.000000
373.000000
794.000000
230.000000
841.000000
1595.000000
108.000000
182.000000
619.000000
3557.000000
602.000000
2675.000000
241.000000
919.000000
49.000000
645.000000
564.000000
399.000000
100.000000
181.000000
1528.000000
121.000000
653.000000
105.000000
168.000000
508.000000
712.000000
657.000000
1596.000000
299.000000
520.000000
3674.000000
804.000000
193.000000
584.000000
395.000000
1846.000000
176.000000
309.000000
203.000000
619.000000
187.000000
493.000000
629.000000
824.000000
1299.000000
1016.000000
319.000000
101.000000
9584.000000
441.000000
508.000000
3038.000000
471.000000
417.000000
