142.000000
66.000000
2395.000000
7018.000000
202.000000
678.000000
244.000000
281.000000
194.000000
713.000000
102.000000
648.000000
804.000000
691.000000
1054.000000
387.000000
1886.000000
2559.000000
280.000000
103.000000
294.000000
300.000000
632.000000
161.000000
1164.000000
1449.000000
995.000000
498.000000
1074.000000
207.000000
170.000000
245.000000
87.000000
238.000000
734.000000
1184.000000
1020.000000
252.000000
612.000000
83.000000
1787.000000
232.000000
340.000000
165.000000
722.000000
58.000000
508.000000
71.000000
739.000000
440.000000
1278.000000
431.000000
505.000000
659.000000
315.000000
100.000000
360.000000
478.000000
926.000000
277.000000
145.000000
213.000000
358.000000
701.000000
745.000000
283.000000
597.000000
80.000000
222.000000
368.000000
425.000000
314.000000
650.000000
388.000000
119.000000
364.000000
1881.000000
666.000000
1666.000000
1039.000000
1297.000000
1462.000000
718.000000
135.000000
663.000000
105.000000
146.000000
470.000000
433.000000
176.000000
495.000000
263.000000
146.000000
564.000000
1033.000000
793.000000
544.000000
94.000000
377.000000
74.000000
384.000000
72.000000
710.000000
15.000000
122.000000
598.000000
1817.000000
483.000000
171.000000
1924.000000
350.000000
1300.000000
602.000000
241.000000
336.000000
587.000000
1520.000000
92.000000
229.000000
504.000000
712.000000
736.000000
796.000000
367.000000
347.000000
124.000000
236.000000
1783.000000
2811.000000
611.000000
1065.000000
282.000000
194.000000
200.000000
221.000000
476.000000
540.000000
814.000000
211.000000
440.000000
1562.000000
421.000000
652.000000
484.000000
618.000000
1959.000000
497.000000
424.000000
288.000000
208.000000
154.000000
353.000000
276.000000
2481.000000
360.000000
1127.000000
320.000000
247.000000
353.000000
384.000000
461.000000
1100.000000
801.000000
689.000000
739.000000
156.000000
309.000000
402.000000
1420.000000
747.000000
71.000000
442.000000
253.000000
1613.000000
1122.000000
282.000000
254.000000
125.000000
24.000000
1417.000000
399.000000
206.000000
1756.000000
297.000000
456.000000
555.000000
1587.000000
318.000000
214.000000
219.000000
216.000000
178.000000
1277.000000
2367.000000
650.000000
2912.000000
1992.000000
649.000000
106.000000
192.000000
415.000000
325.000000
383.000000
268.000000
204.000000
1826.000000
579.000000
1166.000000
295.000000
561.000000
216.000000
458.000000
129.000000
742.000000
108.000000
144.000000
94.000000
179.000000
173.000000
926.000000
2461.000000
2164.000000
139.000000
275.000000
62.000000
542.000000
328.000000
398.000000
100.000000
787.000000
135.000000
202.000000
822.000000
709.000000
266.000000
170.000000
756.000000
348.000000
2199.000000
50.000000
367.000000
553.000000
948.000000
557.000000
139.000000
145.000000
350.000000
1072.000000
726.000000
317.000000
601.000000
84.000000
766.000000
291.000000
662.000000
71.000000
616.000000
296.000000
127.000000
972.000000
605.000000
696.000000
517.000000
433.000000
148.000000
80.000000
280.000000
56.000000
213.000000
161.000000
93.000000
899.000000
283.000000
893.000000
483.000000
1460.000000
336.000000
368.000000
516.000000
387.000000
330.000000
1008.000000
602.000000
45.000000
166.000000
80.000000
647.000000
158.000000
51.000000
80.000000
576.000000
54.000000
1742.000000
1394.000000
310.000000
4989.000000
248.000000
617.000000
521.000000
73.000000
103.000000
1348.000000
342.000000
227.000000
496.000000
470.000000
790.000000
123.000000
363.000000
572.000000
475.000000
228.000000
332.000000
1190.000000
1281.000000
224.000000
1046.000000
56.000000
460.000000
815.000000
487.000000
86.000000
145.000000
1069.000000
130.000000
1179.000000
211.000000
47.000000
883.000000
363.000000
79.000000
636.000000
566.000000
617.000000
387.000000
312.000000
288.000000
317.000000
122.000000
2799.000000
377.000000
83.000000
138.000000
287.000000
353.000000
220.000000
658.000000
542.000000
1177.000000
1088.000000
384.000000
1083.000000
283.000000
288.000000
339.000000
135.000000
327.000000
310.000000
918.000000
688.000000
1263.000000
106.000000
400.000000
359.000000
1380.000000
560.000000
73.000000
222.000000
3014.000000
109.000000
1827.000000
999.000000
245.000000
192.000000
165.000000
217.000000
793.000000
2597.000000
1099.000000
1544.000000
166.000000
104.000000
1406.000000
1869.000000
1230.000000
149.000000
1453.000000
982.000000
873.000000
1270.000000
321.000000
116.000000
115.000000
195.000000
359.000000
107.000000
527.000000
224.000000
5416.000000
38.000000
345.000000
544.000000
279.000000
1664.000000
2142.000000
291.000000
595.000000
84.000000
251.000000
409.000000
220.000000
2675.000000
876.000000
158.000000
252.000000
1841.000000
149.000000
439.000000
527.000000
736.000000
625.000000
2113.000000
815.000000
449.000000
168.000000
163.000000
93.000000
2416.000000
518.000000
54.000000
912.000000
455.000000
77.000000
17323.000000
208.000000
512.000000
377.000000
117.000000
98.000000
3183.000000
396.000000
817.000000
341.000000
1472.000000
600.000000
867.000000
205.000000
669.000000
473.000000
158.000000
153.000000
373.000000
134.000000
451.000000
821.000000
108.000000
1160.000000
761.000000
1115.000000
1014.000000
63.000000
344.000000
773.000000
1596.000000
395.000000
163.000000
272.000000
331.000000
244.000000
483.000000
1075.000000
144.000000
92.000000
298.000000
1205.000000
851.000000
739.000000
120.000000
387.000000
951.000000
1026.000000
209.000000
350.000000
559.000000
1055.000000
245.000000
664.000000
164.000000
4483.000000
224.000000
1947.000000
159.000000
218.000000
220.000000
493.000000
298.000000
343.000000
1081.000000
1524.000000
243.000000
126.000000
103.000000
706.000000
424.000000
292.000000
2071.000000
200.000000
128.000000
247.000000
1253.000000
699.000000
393.000000
1006.000000
3283.000000
202.000000
134.000000
84.000000
680.000000
715.000000
315.000000
209.000000
54.000000
1399.000000
282.000000
186.000000
403.000000
2071.000000
525.000000
218.000000
554.000000
586.000000
111.000000
488.000000
302.000000
234.000000
568.000000
862.000000
556.000000
124.000000
476.000000
397.000000
209.000000
271.000000
4423.000000
272.000000
1101.000000
1129.000000
656.000000
864.000000
302.000000
285.000000
961.000000
76.000000
186.000000
640.000000
349.000000
297.000000
244.000000
108.000000
636.000000
390.000000
1766.000000
297.000000
418.000000
182.000000
657.000000
200.000000
875.000000
960.000000
1013.000000
64.000000
526.000000
908.000000
279.000000
1653.000000
966.000000
356.000000
187.000000
302.000000
169.000000
443.000000
1559.000000
982.000000
1469.000000
1706.000000
521.000000
294.000000
136.000000
2462.000000
419.000000
3031.000000
581.000000
136.000000
505.000000
321.000000
279.000000
494.000000
287.000000
24.000000
330.000000
629.000000
598.000000
1070.000000
377.000000
710.000000
183.000000
820.000000
248.000000
592.000000
193.000000
665.000000
257.000000
445.000000
1606.000000
2431.000000
290.000000
247.000000
208.000000
207.000000
1983.000000
580.000000
108.000000
517.000000
518.000000
431.000000
189.000000
248.000000
273.000000
951.000000
68.000000
1073.000000
331.000000
69.000000
4023.000000
236.000000
240.000000
597.000000
529.000000
826.000000
317.000000
674.000000
393.000000
406.000000
1873.000000
176.000000
211.000000
863.000000
1011.000000
113.000000
230.000000
413.000000
179.000000
554.000000
680.000000
840.000000
307.000000
356.000000
381.000000
1032.000000
160.000000
184.000000
1124.000000
69.000000
739.000000
199.000000
319.000000
25.000000
170.000000
185.000000
6992.000000
256.000000
707.000000
1064.000000
450.000000
259.000000
179.000000
362.000000
369.000000
45.000000
2792.000000
1863.000000
1809.000000
100.000000
1033.000000
316.000000
97.000000
344.000000
217.000000
1135.000000
165.000000
364.000000
197.000000
643.000000
1658.000000
697.000000
1232.000000
467.000000
2613.000000
1960.000000
661.000000
736.000000
789.000000
236.000000
932.000000
661.000000
4202.000000
4410.000000
127.000000
452.000000
54.000000
492.000000
329.000000
268.000000
416.000000
1217.000000
1642.000000
5239.000000
2200.000000
34.000000
231.000000
121.000000
554.000000
571.000000
277.000000
762.000000
325.000000
654.000000
355.000000
932.000000
863.000000
161.000000
480.000000
38.000000
1151.000000
295.000000
666.000000
202.000000
719.000000
924.000000
353.000000
565.000000
134.000000
69.000000
158.000000
433.000000
239.000000
648.000000
168.000000
1006.000000
147.000000
441.000000
400.000000
1105.000000
592.000000
78.000000
213.000000
268.000000
1430.000000
330.000000
393.000000
200.000000
389.000000
928.000000
1031.000000
363.000000
956.000000
223.000000
444.000000
3224.000000
282.000000
244.000000
96.000000
290.000000
300.000000
927.000000
217.000000
100.000000
207.000000
373.000000
160.000000
109.000000
2094.000000
182.000000
162.000000
718.000000
142.000000
907.000000
506.000000
71.000000
1665.000000
497.000000
117.000000
262.000000
381.000000
812.000000
1566.000000
410.000000
333.000000
248.000000
817.000000
360.000000
776.000000
1390.000000
220.000000
135.000000
1421.000000
368.000000
380.000000
225.000000
111.000000
154.000000
84.000000
2111.000000
2549.000000
381.000000
176.000000
315.000000
489.000000
548.000000
84.000000
544.000000
105.000000
149.000000
1505.000000
167.000000
617.000000
142.000000
369.000000
979.000000
1113.000000
159.000000
643.000000
141.000000
168.000000
3669.000000
869.000000
271.000000
455.000000
620.000000
1088.000000
152.000000
428.000000
213.000000
106.000000
191.000000
79.000000
71.000000
1076.000000
167.000000
552.000000
423.000000
90.000000
1454.000000
446.000000
96.000000
886.000000
159.000000
210.000000
375.000000
73.000000
625.000000
205.000000
326.000000
906.000000
512.000000
179.000000
688.000000
1696.000000
553.000000
138.000000
137.000000
37.000000
612.000000
329.000000
249.000000
215.000000
91.000000
689.000000
152.000000
836.000000
144.000000
493.000000
657.000000
3811.000000
135.000000
86.000000
143.000000
540.000000
426.000000
306.000000
142.000000
919.000000
3630.000000
317.000000
132.000000
342.000000
90.000000
188.000000
1785.000000
193.000000
170.000000
140.000000
603.000000
2446.000000
977.000000
163.000000
201.000000
215.000000
761.000000
384.000000
154.000000
458.000000
265.000000
91.000000
1135.000000
194.000000
208.000000
814.000000
664.000000
93.000000
131.000000
2647.000000
231.000000
54.000000
382.000000
2240.000000
944.000000
370.000000
623.000000
673.000000
1507.000000
2272.000000
123.000000
1228.000000
126.000000
564.000000
3206.000000
347.000000
440.000000
823.000000
606.000000
213.000000
646.000000
1448.000000
163.000000
822.000000
1602.000000
32.000000
402.000000
463.000000
272.000000
1778.000000
373.000000
47.000000
592.000000
427.000000
573.000000
213.000000
273.000000
130.000000
366.000000
538.000000
2288.000000
852.000000
104.000000
389.000000
412.000000
1103.000000
1133.000000
639.000000
400.000000
447.000000
407.000000
634.000000
662.000000
320.000000
957.000000
878.000000
1037.000000
294.000000
1184.000000
22.000000
2312.000000
375.000000
38.000000
1167.000000
392.000000
123.000000
267.000000
634.000000
563.000000
1067.000000
1409.000000
202.000000
728.000000
1002.000000
240.000000
305.000000
347.000000
236.000000
