772.000000
1638.000000
772.000000
47.000000
22.000000
290.000000
700.000000
598.000000
890.000000
85.000000
195.000000
947.000000
57.000000
439.000000
309.000000
158.000000
132.000000
1019.000000
755.000000
294.000000
380.000000
1323.000000
232.000000
210.000000
487.000000
410.000000
1431.000000
1109.000000
341.000000
534.000000
1329.000000
1455.000000
533.000000
1463.000000
5499.000000
184.000000
1685.000000
111.000000
113.000000
82.000000
328.000000
131.000000
1362.000000
1469.000000
163.000000
52.000000
1053.000000
2197.000000
58.000000
1225.000000
108.000000
340.000000
1002.000000
550.000000
955.000000
603.000000
480.000000
325.000000
124.000000
378.000000
454.000000
235.000000
606.000000
363.000000
261.000000
668.000000
501.000000
254.000000
710.000000
1284.000000
1018.000000
1044.000000
183.000000
1049.000000
41.000000
185.000000
104.000000
696.000000
914.000000
378.000000
603.000000
214.000000
136.000000
364.000000
1341.000000
165.000000
491.000000
170.000000
731.000000
809.000000
1415.000000
79.000000
149.000000
482.000000
464.000000
1005.000000
511.000000
578.000000
85.000000
755.000000
231.000000
527.000000
533.000000
312.000000
211.000000
298.000000
872.000000
76.000000
907.000000
609.000000
108.000000
609.000000
192.000000
464.000000
39.000000
119.000000
1712.000000
447.000000
1744.000000
346.000000
483.000000
383.000000
430.000000
110.000000
196.000000
111.000000
545.000000
560.000000
136.000000
2380.000000
57.000000
218.000000
319.000000
770.000000
365.000000
502.000000
286.000000
259.000000
731.000000
201.000000
249.000000
294.000000
1075.000000
132.000000
953.000000
332.000000
553.000000
319.000000
1434.000000
71.000000
358.000000
3867.000000
266.000000
779.000000
217.000000
45.000000
449.000000
256.000000
241.000000
869.000000
587.000000
5344.000000
477.000000
443.000000
690.000000
532.000000
198.000000
98.000000
1236.000000
3636.000000
201.000000
136.000000
292.000000
420.000000
516.000000
545.000000
49.000000
308.000000
1045.000000
2219.000000
242.000000
113.000000
312.000000
140.000000
175.000000
500.000000
1203.000000
1292.000000
2054.000000
196.000000
1697.000000
459.000000
837.000000
778.000000
440.000000
525.000000
126.000000
201.000000
345.000000
348.000000
1481.000000
465.000000
57.000000
167.000000
68.000000
1564.000000
218.000000
145.000000
223.000000
380.000000
170.000000
964.000000
283.000000
189.000000
172.000000
666.000000
259.000000
982.000000
316.000000
690.000000
76.000000
281.000000
152.000000
700.000000
291.000000
151.000000
68.000000
790.000000
2349.000000
665.000000
513.000000
2202.000000
94.000000
526.000000
173.000000
342.000000
95.000000
43.000000
521.000000
824.000000
665.000000
178.000000
1227.000000
257.000000
356.000000
374.000000
260.000000
610.000000
274.000000
741.000000
434.000000
66.000000
564.000000
688.000000
516.000000
1591.000000
419.000000
405.000000
561.000000
1306.000000
440.000000
188.000000
365.000000
1240.000000
160.000000
393.000000
333.000000
511.000000
74.000000
2813.000000
178.000000
156.000000
384.000000
1252.000000
753.000000
99.000000
1580.000000
834.000000
1711.000000
250.000000
391.000000
176.000000
1304.000000
2245.000000
2571.000000
216.000000
211.000000
785.000000
484.000000
103.000000
1182.000000
764.000000
186.000000
133.000000
213.000000
170.000000
252.000000
635.000000
299.000000
222.000000
2401.000000
227.000000
193.000000
2658.000000
79.000000
62.000000
650.000000
91.000000
670.000000
337.000000
247.000000
215.000000
142.000000
47.000000
1248.000000
2178.000000
693.000000
2931.000000
168.000000
51.000000
107.000000
1286.000000
190.000000
1001.000000
59.000000
148.000000
969.000000
1078.000000
1578.000000
141.000000
165.000000
104.000000
280.000000
527.000000
43.000000
748.000000
1148.000000
265.000000
333.000000
301.000000
42.000000
305.000000
465.000000
369.000000
2104.000000
129.000000
207.000000
2222.000000
164.000000
498.000000
174.000000
185.000000
501.000000
898.000000
400.000000
357.000000
1398.000000
346.000000
319.000000
69.000000
164.000000
2201.000000
117.000000
100.000000
74.000000
214.000000
90.000000
316.000000
384.000000
2097.000000
1077.000000
1063.000000
781.000000
1297.000000
1027.000000
281.000000
819.000000
281.000000
515.000000
473.000000
636.000000
124.000000
761.000000
454.000000
379.000000
466.000000
282.000000
221.000000
186.000000
336.000000
205.000000
641.000000
256.000000
27.000000
224.000000
792.000000
261.000000
253.000000
980.000000
261.000000
262.000000
1869.000000
336.000000
468.000000
236.000000
339.000000
771.000000
417.000000
234.000000
122.000000
1304.000000
1203.000000
106.000000
375.000000
972.000000
55.000000
570.000000
252.000000
1515.000000
53.000000
352.000000
240.000000
534.000000
165.000000
6644.000000
614.000000
442.000000
511.000000
190.000000
731.000000
803.000000
300.000000
409.000000
495.000000
414.000000
58.000000
653.000000
1605.000000
833.000000
52.000000
853.000000
235.000000
593.000000
346.000000
1146.000000
28.000000
516.000000
448.000000
519.000000
160.000000
74.000000
501.000000
164.000000
176.000000
529.000000
1910.000000
924.000000
782.000000
589.000000
385.000000
22.000000
678.000000
609.000000
379.000000
3597.000000
573.000000
226.000000
298.000000
2228.000000
91.000000
404.000000
254.000000
202.000000
828.000000
255.000000
215.000000
412.000000
554.000000
921.000000
145.000000
651.000000
135.000000
51.000000
295.000000
932.000000
382.000000
943.000000
364.000000
395.000000
76.000000
292.000000
360.000000
347.000000
587.000000
1538.000000
1437.000000
1256.000000
270.000000
687.000000
2375.000000
4693.000000
306.000000
148.000000
3480.000000
828.000000
542.000000
241.000000
882.000000
327.000000
71.000000
262.000000
1168.000000
171.000000
493.000000
160.000000
468.000000
776.000000
550.000000
1480.000000
859.000000
210.000000
554.000000
4624.000000
106.000000
350.000000
570.000000
1210.000000
388.000000
564.000000
341.000000
201.000000
436.000000
222.000000
738.000000
768.000000
587.000000
127.000000
154.000000
196.000000
319.000000
264.000000
626.000000
280.000000
736.000000
386.000000
914.000000
251.000000
288.000000
949.000000
61.000000
462.000000
939.000000
415.000000
422.000000
1232.000000
301.000000
175.000000
39.000000
155.000000
220.000000
284.000000
49.000000
75.000000
77.000000
103.000000
464.000000
340.000000
145.000000
633.000000
251.000000
651.000000
97.000000
163.000000
372.000000
86.000000
802.000000
178.000000
3314.000000
261.000000
903.000000
1075.000000
846.000000
221.000000
597.000000
127.000000
321.000000
49.000000
311.000000
529.000000
1334.000000
1175.000000
1242.000000
219.000000
228.000000
913.000000
149.000000
410.000000
499.000000
728.000000
264.000000
290.000000
869.000000
490.000000
564.000000
713.000000
80.000000
1035.000000
533.000000
317.000000
316.000000
464.000000
810.000000
1195.000000
3736.000000
331.000000
423.000000
626.000000
406.000000
513.000000
389.000000
166.000000
345.000000
264.000000
21.000000
288.000000
489.000000
207.000000
272.000000
278.000000
420.000000
132.000000
492.000000
434.000000
203.000000
751.000000
478.000000
3431.000000
5163.000000
173.000000
662.000000
239.000000
993.000000
93.000000
173.000000
415.000000
687.000000
595.000000
277.000000
158.000000
187.000000
121.000000
367.000000
335.000000
493.000000
722.000000
2573.000000
259.000000
693.000000
172.000000
669.000000
808.000000
212.000000
145.000000
5600.000000
2773.000000
257.000000
228.000000
261.000000
377.000000
2020.000000
72.000000
170.000000
330.000000
244.000000
136.000000
612.000000
1611.000000
97.000000
2363.000000
119.000000
485.000000
534.000000
1009.000000
696.000000
168.000000
351.000000
988.000000
389.000000
423.000000
306.000000
800.000000
193.000000
365.000000
268.000000
1626.000000
56.000000
88.000000
164.000000
4218.000000
432.000000
828.000000
78.000000
156.000000
686.000000
312.000000
403.000000
340.000000
780.000000
679.000000
1789.000000
2950.000000
967.000000
176.000000
160.000000
192.000000
1447.000000
4019.000000
271.000000
413.000000
1217.000000
441.000000
1009.000000
60.000000
95.000000
5078.000000
308.000000
793.000000
3864.000000
305.000000
242.000000
84.000000
1213.000000
213.000000
1050.000000
453.000000
380.000000
415.000000
130.000000
541.000000
1992.000000
315.000000
165.000000
832.000000
227.000000
2032.000000
2071.000000
161.000000
245.000000
3074.000000
468.000000
622.000000
87.000000
137.000000
106.000000
849.000000
24.000000
1619.000000
1479.000000
228.000000
323.000000
736.000000
394.000000
436.000000
391.000000
92.000000
1081.000000
135.000000
820.000000
123.000000
172.000000
156.000000
144.000000
151.000000
144.000000
137.000000
1538.000000
315.000000
39.000000
103.000000
275.000000
88.000000
323.000000
2275.000000
72.000000
164.000000
1902.000000
496.000000
111.000000
1084.000000
667.000000
857.000000
3863.000000
1053.000000
152.000000
520.000000
425.000000
423.000000
106.000000
282.000000
364.000000
2026.000000
1077.000000
107.000000
146.000000
946.000000
584.000000
1684.000000
65.000000
103.000000
108.000000
534.000000
384.000000
321.000000
63.000000
470.000000
181.000000
112.000000
111.000000
996.000000
316.000000
444.000000
791.000000
642.000000
117.000000
1168.000000
1471.000000
650.000000
537.000000
183.000000
153.000000
287.000000
1294.000000
99.000000
224.000000
82.000000
195.000000
196.000000
451.000000
310.000000
509.000000
903.000000
368.000000
157.000000
162.000000
498.000000
580.000000
283.000000
375.000000
418.000000
1112.000000
204.000000
904.000000
314.000000
265.000000
437.000000
224.000000
248.000000
2438.000000
350.000000
67.000000
251.000000
317.000000
149.000000
778.000000
599.000000
159.000000
468.000000
1284.000000
388.000000
1069.000000
784.000000
208.000000
406.000000
125.000000
163.000000
163.000000
279.000000
192.000000
149.000000
104.000000
1424.000000
874.000000
677.000000
548.000000
969.000000
174.000000
597.000000
120.000000
630.000000
328.000000
211.000000
576.000000
663.000000
804.000000
147.000000
580.000000
138.000000
1218.000000
561.000000
177.000000
383.000000
1256.000000
273.000000
144.000000
1147.000000
197.000000
381.000000
24.000000
181.000000
3291.000000
192.000000
50.000000
523.000000
281.000000
96.000000
151.000000
117.000000
3036.000000
173.000000
104.000000
323.000000
171.000000
103.000000
324.000000
541.000000
75.000000
1966.000000
5475.000000
616.000000
1008.000000
1652.000000
5068.000000
601.000000
274.000000
70.000000
336.000000
946.000000
78.000000
236.000000
421.000000
214.000000
1253.000000
611.000000
213.000000
142.000000
705.000000
1777.000000
210.000000
1129.000000
2011.000000
513.000000
1689.000000
2529.000000
210.000000
386.000000
166.000000
361.000000
153.000000
719.000000
1104.000000
131.000000
663.000000
877.000000
615.000000
2093.000000
134.000000
862.000000
1097.000000
211.000000
214.000000
127.000000
478.000000
1197.000000
492.000000
214.000000
192.000000
286.000000
589.000000
166.000000
486.000000
202.000000
207.000000
332.000000
49.000000
262.000000
594.000000
1243.000000
23.000000
264.000000
138.000000
592.000000
603.000000
81.000000
292.000000
1518.000000
614.000000
683.000000
431.000000
277.000000
407.000000
