1657.000000
692.000000
200.000000
61.000000
713.000000
1013.000000
802.000000
330.000000
241.000000
459.000000
151.000000
272.000000
4065.000000
1160.000000
2361.000000
3894.000000
1104.000000
181.000000
76.000000
272.000000
1059.000000
389.000000
440.000000
2430.000000
244.000000
73.000000
228.000000
396.000000
1850.000000
122.000000
1465.000000
369.000000
32.000000
677.000000
85.000000
317.000000
336.000000
599.000000
396.000000
363.000000
20.000000
1252.000000
147.000000
367.000000
153.000000
449.000000
69.000000
628.000000
61.000000
2205.000000
959.000000
1584.000000
1831.000000
1095.000000
361.000000
393.000000
374.000000
551.000000
443.000000
2376.000000
712.000000
440.000000
108.000000
350.000000
1004.000000
559.000000
560.000000
3518.000000
82.000000
940.000000
414.000000
840.000000
259.000000
678.000000
662.000000
245.000000
403.000000
1293.000000
35.000000
87.000000
424.000000
92.000000
339.000000
6427.000000
306.000000
92.000000
178.000000
781.000000
271.000000
221.000000
78.000000
181.000000
102.000000
26.000000
335.000000
539.000000
801.000000
150.000000
279.000000
1672.000000
459.000000
694.000000
169.000000
53.000000
111.000000
346.000000
306.000000
683.000000
1425.000000
716.000000
313.000000
197.000000
51.000000
1210.000000
647.000000
101.000000
265.000000
322.000000
1648.000000
744.000000
455.000000
169.000000
95.000000
325.000000
125.000000
18.000000
423.000000
404.000000
937.000000
1982.000000
142.000000
84.000000
44.000000
1160.000000
681.000000
954.000000
178.000000
188.000000
393.000000
1330.000000
231.000000
203.000000
676.000000
1035.000000
459.000000
1105.000000
114.000000
126.000000
829.000000
1364.000000
890.000000
1671.000000
172.000000
629.000000
309.000000
208.000000
244.000000
117.000000
1246.000000
271.000000
410.000000
809.000000
408.000000
110.000000
139.000000
552.000000
84.000000
1247.000000
782.000000
143.000000
344.000000
236.000000
664.000000
482.000000
212.000000
671.000000
146.000000
516.000000
334.000000
1156.000000
1344.000000
721.000000
107.000000
90.000000
1525.000000
158.000000
1073.000000
1021.000000
1014.000000
200.000000
79.000000
257.000000
406.000000
1258.000000
2402.000000
177.000000
177.000000
682.000000
798.000000
102.000000
144.000000
229.000000
673.000000
489.000000
383.000000
128.000000
79.000000
341.000000
170.000000
774.000000
656.000000
4737.000000
43.000000
43.000000
1090.000000
44.000000
162.000000
119.000000
330.000000
359.000000
176.000000
207.000000
392.000000
1998.000000
506.000000
1541.000000
197.000000
241.000000
24.000000
1607.000000
320.000000
498.000000
398.000000
444.000000
181.000000
157.000000
1199.000000
1704.000000
1056.000000
215.000000
55.000000
700.000000
185.000000
279.000000
611.000000
114.000000
199.000000
1146.000000
303.000000
411.000000
1090.000000
306.000000
99.000000
1178.000000
169.000000
542.000000
471.000000
277.000000
1106.000000
590.000000
325.000000
1092.000000
1058.000000
347.000000
420.000000
349.000000
5608.000000
327.000000
1049.000000
1220.000000
410.000000
2381.000000
142.000000
181.000000
171.000000
328.000000
682.000000
521.000000
396.000000
321.000000
374.000000
166.000000
301.000000
80.000000
410.000000
936.000000
357.000000
142.000000
198.000000
389.000000
2008.000000
168.000000
150.000000
476.000000
292.000000
3929.000000
821.000000
2081.000000
727.000000
2088.000000
1307.000000
170.000000
305.000000
20.000000
224.000000
635.000000
702.000000
269.000000
467.000000
1265.000000
1874.000000
577.000000
92.000000
74.000000
410.000000
101.000000
196.000000
203.000000
779.000000
1911.000000
2408.000000
1292.000000
1819.000000
198.000000
256.000000
637.000000
1337.000000
183.000000
418.000000
577.000000
182.000000
1350.000000
454.000000
344.000000
178.000000
782.000000
57.000000
186.000000
403.000000
146.000000
1153.000000
293.000000
321.000000
1395.000000
1102.000000
782.000000
499.000000
442.000000
2772.000000
551.000000
66.000000
812.000000
116.000000
1207.000000
1608.000000
328.000000
252.000000
855.000000
697.000000
495.000000
72.000000
45.000000
353.000000
148.000000
1551.000000
348.000000
368.000000
412.000000
354.000000
567.000000
399.000000
1969.000000
472.000000
52.000000
159.000000
2508.000000
548.000000
783.000000
224.000000
127.000000
133.000000
575.000000
599.000000
177.000000
116.000000
1169.000000
1226.000000
268.000000
223.000000
1507.000000
540.000000
524.000000
1085.000000
205.000000
53.000000
970.000000
218.000000
134.000000
172.000000
511.000000
1504.000000
326.000000
1165.000000
195.000000
136.000000
37.000000
121.000000
139.000000
515.000000
235.000000
281.000000
1364.000000
186.000000
562.000000
1284.000000
287.000000
2451.000000
1312.000000
273.000000
279.000000
2857.000000
340.000000
506.000000
581.000000
3530.000000
578.000000
246.000000
64.000000
531.000000
470.000000
33.000000
652.000000
303.000000
650.000000
172.000000
600.000000
2100.000000
161.000000
1774.000000
2061.000000
241.000000
775.000000
429.000000
516.000000
1484.000000
206.000000
1425.000000
415.000000
1104.000000
313.000000
653.000000
163.000000
841.000000
278.000000
354.000000
416.000000
670.000000
250.000000
2364.000000
20.000000
715.000000
262.000000
1153.000000
123.000000
531.000000
146.000000
1134.000000
157.000000
89.000000
123.000000
245.000000
517.000000
359.000000
317.000000
474.000000
725.000000
557.000000
103.000000
1394.000000
228.000000
266.000000
409.000000
720.000000
736.000000
383.000000
396.000000
273.000000
105.000000
134.000000
337.000000
209.000000
612.000000
634.000000
333.000000
638.000000
1110.000000
994.000000
859.000000
607.000000
475.000000
360.000000
121.000000
1892.000000
1608.000000
178.000000
1930.000000
382.000000
1451.000000
899.000000
1287.000000
75.000000
1149.000000
697.000000
533.000000
240.000000
1172.000000
147.000000
518.000000
1525.000000
670.000000
266.000000
777.000000
1082.000000
489.000000
488.000000
121.000000
208.000000
144.000000
533.000000
306.000000
690.000000
1525.000000
877.000000
1945.000000
1341.000000
959.000000
503.000000
4464.000000
118.000000
54.000000
1769.000000
746.000000
277.000000
497.000000
875.000000
531.000000
207.000000
115.000000
102.000000
280.000000
49.000000
1150.000000
103.000000
125.000000
121.000000
1548.000000
2256.000000
865.000000
1625.000000
1601.000000
78.000000
1751.000000
299.000000
192.000000
978.000000
618.000000
268.000000
1227.000000
137.000000
292.000000
529.000000
842.000000
1090.000000
911.000000
733.000000
1924.000000
913.000000
107.000000
122.000000
1047.000000
1062.000000
761.000000
135.000000
28.000000
283.000000
599.000000
442.000000
640.000000
107.000000
379.000000
472.000000
528.000000
167.000000
997.000000
1246.000000
884.000000
1407.000000
559.000000
576.000000
246.000000
26.000000
141.000000
789.000000
51.000000
385.000000
725.000000
402.000000
433.000000
153.000000
669.000000
320.000000
874.000000
58.000000
209.000000
108.000000
362.000000
459.000000
87.000000
727.000000
252.000000
259.000000
265.000000
283.000000
194.000000
306.000000
761.000000
197.000000
176.000000
690.000000
195.000000
484.000000
237.000000
223.000000
408.000000
299.000000
2222.000000
189.000000
202.000000
1108.000000
314.000000
362.000000
655.000000
259.000000
928.000000
505.000000
7833.000000
369.000000
135.000000
262.000000
313.000000
628.000000
378.000000
679.000000
1040.000000
1182.000000
1374.000000
254.000000
976.000000
1736.000000
86.000000
765.000000
326.000000
327.000000
446.000000
168.000000
135.000000
653.000000
562.000000
737.000000
423.000000
324.000000
1745.000000
273.000000
842.000000
44.000000
548.000000
66.000000
266.000000
399.000000
726.000000
396.000000
98.000000
163.000000
1378.000000
251.000000
752.000000
617.000000
282.000000
290.000000
191.000000
134.000000
2841.000000
216.000000
716.000000
853.000000
253.000000
58.000000
102.000000
126.000000
5392.000000
414.000000
306.000000
2815.000000
491.000000
96.000000
649.000000
114.000000
533.000000
215.000000
200.000000
183.000000
679.000000
416.000000
129.000000
156.000000
475.000000
1749.000000
47.000000
1664.000000
119.000000
228.000000
140.000000
149.000000
163.000000
54.000000
434.000000
84.000000
771.000000
773.000000
1395.000000
330.000000
1735.000000
947.000000
228.000000
113.000000
175.000000
1507.000000
404.000000
129.000000
154.000000
500.000000
563.000000
199.000000
195.000000
723.000000
1845.000000
183.000000
631.000000
161.000000
186.000000
156.000000
1606.000000
300.000000
138.000000
632.000000
627.000000
224.000000
241.000000
262.000000
279.000000
308.000000
1766.000000
316.000000
120.000000
469.000000
1411.000000
176.000000
79.000000
955.000000
61.000000
970.000000
132.000000
743.000000
370.000000
1447.000000
482.000000
51.000000
203.000000
515.000000
1072.000000
877.000000
1212.000000
618.000000
791.000000
1880.000000
411.000000
799.000000
358.000000
102.000000
1582.000000
370.000000
146.000000
405.000000
450.000000
287.000000
121.000000
96.000000
228.000000
718.000000
713.000000
127.000000
550.000000
143.000000
2419.000000
174.000000
820.000000
126.000000
176.000000
1071.000000
1854.000000
1223.000000
1251.000000
700.000000
1232.000000
165.000000
3908.000000
294.000000
336.000000
335.000000
161.000000
161.000000
811.000000
237.000000
367.000000
104.000000
606.000000
528.000000
185.000000
106.000000
1656.000000
245.000000
255.000000
593.000000
177.000000
887.000000
514.000000
525.000000
208.000000
136.000000
33.000000
939.000000
305.000000
1029.000000
181.000000
265.000000
164.000000
2061.000000
118.000000
123.000000
991.000000
392.000000
133.000000
237.000000
41.000000
183.000000
162.000000
3938.000000
2222.000000
62.000000
384.000000
129.000000
434.000000
5601.000000
1938.000000
602.000000
271.000000
95.000000
1293.000000
871.000000
214.000000
1138.000000
254.000000
680.000000
289.000000
690.000000
1080.000000
617.000000
204.000000
307.000000
275.000000
158.000000
148.000000
212.000000
414.000000
132.000000
458.000000
345.000000
566.000000
799.000000
581.000000
304.000000
1327.000000
155.000000
30.000000
1796.000000
189.000000
1467.000000
473.000000
642.000000
750.000000
147.000000
2022.000000
520.000000
99.000000
1719.000000
697.000000
2325.000000
291.000000
543.000000
1014.000000
239.000000
187.000000
80.000000
659.000000
241.000000
242.000000
281.000000
361.000000
442.000000
1332.000000
759.000000
389.000000
757.000000
475.000000
239.000000
699.000000
153.000000
1793.000000
997.000000
852.000000
822.000000
290.000000
459.000000
182.000000
773.000000
347.000000
473.000000
280.000000
36.000000
140.000000
229.000000
548.000000
191.000000
986.000000
53.000000
874.000000
325.000000
821.000000
98.000000
508.000000
180.000000
452.000000
376.000000
676.000000
95.000000
569.000000
165.000000
412.000000
231.000000
784.000000
499.000000
324.000000
986.000000
1159.000000
357.000000
221.000000
814.000000
305.000000
357.000000
590.000000
376.000000
4123.000000
2119.000000
1870.000000
252.000000
211.000000
180.000000
611.000000
444.000000
739.000000
885.000000
684.000000
3192.000000
339.000000
434.000000
290.000000
441.000000
84.000000
185.000000
149.000000
114.000000
285.000000
197.000000
834.000000
241.000000
495.000000
531.000000
202.000000
435.000000
2803.000000
