111.000000
315.000000
327.000000
80.000000
5545.000000
247.000000
167.000000
7436.000000
449.000000
1410.000000
672.000000
96.000000
193.000000
126.000000
580.000000
1174.000000
2328.000000
122.000000
1242.000000
636.000000
935.000000
741.000000
314.000000
105.000000
476.000000
85.000000
108.000000
122.000000
1412.000000
643.000000
548.000000
384.000000
391.000000
2145.000000
134.000000
447.000000
294.000000
606.000000
1719.000000
2969.000000
1270.000000
1254.000000
488.000000
75.000000
209.000000
2363.000000
906.000000
157.000000
127.000000
934.000000
138.000000
575.000000
532.000000
319.000000
450.000000
171.000000
312.000000
143.000000
392.000000
1027.000000
267.000000
176.000000
464.000000
198.000000
5106.000000
155.000000
684.000000
456.000000
153.000000
1875.000000
229.000000
1755.000000
176.000000
545.000000
64.000000
186.000000
225.000000
306.000000
381.000000
351.000000
427.000000
122.000000
393.000000
480.000000
1771.000000
396.000000
131.000000
2001.000000
238.000000
275.000000
65.000000
1084.000000
1056.000000
406.000000
636.000000
143.000000
1041.000000
647.000000
384.000000
276.000000
338.000000
1240.000000
392.000000
437.000000
316.000000
190.000000
2065.000000
348.000000
243.000000
906.000000
302.000000
687.000000
216.000000
185.000000
263.000000
369.000000
100.000000
734.000000
190.000000
82.000000
119.000000
357.000000
527.000000
2398.000000
688.000000
1021.000000
53.000000
506.000000
454.000000
832.000000
180.000000
469.000000
531.000000
341.000000
769.000000
909.000000
1258.000000
46.000000
472.000000
1423.000000
918.000000
279.000000
552.000000
56.000000
2497.000000
765.000000
643.000000
252.000000
235.000000
413.000000
69.000000
655.000000
290.000000
306.000000
434.000000
330.000000
168.000000
368.000000
1564.000000
126.000000
221.000000
311.000000
959.000000
3164.000000
1296.000000
109.000000
225.000000
306.000000
98.000000
458.000000
150.000000
927.000000
640.000000
1398.000000
181.000000
799.000000
502.000000
124.000000
443.000000
481.000000
1092.000000
581.000000
189.000000
5688.000000
1278.000000
463.000000
82.000000
158.000000
2091.000000
203.000000
256.000000
2473.000000
851.000000
224.000000
320.000000
512.000000
213.000000
246.000000
378.000000
584.000000
1337.000000
816.000000
425.000000
739.000000
475.000000
762.000000
151.000000
264.000000
226.000000
141.000000
449.000000
327.000000
428.000000
293.000000
81.000000
112.000000
203.000000
730.000000
245.000000
374.000000
513.000000
260.000000
218.000000
143.000000
1587.000000
238.000000
163.000000
125.000000
276.000000
2548.000000
721.000000
238.000000
938.000000
118.000000
1056.000000
484.000000
1493.000000
290.000000
2018.000000
5647.000000
103.000000
235.000000
121.000000
119.000000
4589.000000
102.000000
392.000000
81.000000
891.000000
147.000000
738.000000
1623.000000
259.000000
783.000000
629.000000
603.000000
823.000000
417.000000
351.000000
184.000000
253.000000
618.000000
126.000000
934.000000
1834.000000
178.000000
2678.000000
301.000000
566.000000
936.000000
150.000000
285.000000
353.000000
1293.000000
778.000000
3913.000000
1986.000000
243.000000
360.000000
14973.000000
59.000000
258.000000
244.000000
272.000000
608.000000
707.000000
640.000000
734.000000
1432.000000
358.000000
121.000000
330.000000
138.000000
795.000000
1356.000000
241.000000
41.000000
476.000000
1611.000000
320.000000
990.000000
292.000000
418.000000
284.000000
1182.000000
33.000000
72.000000
84.000000
2156.000000
593.000000
589.000000
1039.000000
651.000000
101.000000
766.000000
53.000000
1727.000000
864.000000
206.000000
163.000000
374.000000
528.000000
199.000000
695.000000
65.000000
250.000000
389.000000
1371.000000
718.000000
280.000000
81.000000
1238.000000
254.000000
269.000000
190.000000
1072.000000
79.000000
301.000000
1236.000000
439.000000
2365.000000
775.000000
195.000000
245.000000
698.000000
494.000000
114.000000
177.000000
299.000000
1639.000000
2033.000000
389.000000
569.000000
1651.000000
1638.000000
280.000000
146.000000
261.000000
358.000000
345.000000
200.000000
446.000000
107.000000
836.000000
2507.000000
1420.000000
5909.000000
631.000000
503.000000
1841.000000
232.000000
3592.000000
260.000000
810.000000
366.000000
670.000000
413.000000
265.000000
296.000000
505.000000
130.000000
254.000000
198.000000
221.000000
178.000000
57.000000
1324.000000
198.000000
427.000000
137.000000
909.000000
477.000000
128.000000
959.000000
1510.000000
56.000000
236.000000
228.000000
812.000000
197.000000
510.000000
15764.000000
354.000000
1551.000000
783.000000
666.000000
458.000000
295.000000
356.000000
97.000000
1867.000000
153.000000
39.000000
580.000000
250.000000
2598.000000
112.000000
325.000000
229.000000
246.000000
473.000000
604.000000
299.000000
184.000000
206.000000
347.000000
143.000000
281.000000
229.000000
247.000000
2501.000000
4005.000000
195.000000
279.000000
476.000000
1368.000000
910.000000
363.000000
1045.000000
1133.000000
243.000000
446.000000
358.000000
309.000000
212.000000
651.000000
204.000000
1483.000000
3061.000000
121.000000
743.000000
208.000000
225.000000
837.000000
844.000000
187.000000
245.000000
291.000000
544.000000
2010.000000
466.000000
219.000000
2303.000000
287.000000
577.000000
106.000000
4572.000000
404.000000
132.000000
334.000000
431.000000
236.000000
109.000000
813.000000
973.000000
733.000000
2017.000000
93.000000
1702.000000
965.000000
1104.000000
992.000000
384.000000
334.000000
557.000000
650.000000
604.000000
302.000000
58.000000
440.000000
922.000000
227.000000
950.000000
494.000000
464.000000
968.000000
524.000000
314.000000
186.000000
114.000000
364.000000
243.000000
668.000000
128.000000
1576.000000
1806.000000
448.000000
272.000000
458.000000
1035.000000
3722.000000
524.000000
838.000000
304.000000
385.000000
908.000000
874.000000
240.000000
165.000000
351.000000
1093.000000
660.000000
169.000000
383.000000
1152.000000
774.000000
116.000000
401.000000
535.000000
545.000000
342.000000
2138.000000
318.000000
825.000000
668.000000
106.000000
1420.000000
361.000000
404.000000
376.000000
212.000000
1182.000000
116.000000
62.000000
905.000000
328.000000
1125.000000
444.000000
350.000000
490.000000
54.000000
87.000000
245.000000
642.000000
219.000000
133.000000
1518.000000
1655.000000
198.000000
714.000000
106.000000
1327.000000
472.000000
184.000000
181.000000
108.000000
218.000000
1163.000000
1642.000000
3045.000000
521.000000
68.000000
179.000000
128.000000
60.000000
475.000000
824.000000
242.000000
369.000000
464.000000
162.000000
347.000000
283.000000
94.000000
525.000000
339.000000
442.000000
77.000000
247.000000
133.000000
165.000000
825.000000
2097.000000
116.000000
1817.000000
772.000000
697.000000
399.000000
294.000000
2328.000000
2470.000000
482.000000
580.000000
526.000000
529.000000
1268.000000
545.000000
301.000000
251.000000
49.000000
323.000000
823.000000
401.000000
1331.000000
60.000000
558.000000
699.000000
272.000000
708.000000
967.000000
434.000000
786.000000
192.000000
102.000000
280.000000
38.000000
356.000000
315.000000
278.000000
515.000000
458.000000
54.000000
102.000000
233.000000
298.000000
445.000000
883.000000
2313.000000
533.000000
504.000000
201.000000
925.000000
328.000000
277.000000
215.000000
141.000000
233.000000
452.000000
2863.000000
98.000000
343.000000
248.000000
512.000000
113.000000
915.000000
229.000000
963.000000
449.000000
1392.000000
648.000000
338.000000
274.000000
305.000000
529.000000
149.000000
79.000000
401.000000
432.000000
189.000000
40.000000
108.000000
510.000000
1560.000000
2266.000000
778.000000
246.000000
237.000000
180.000000
97.000000
840.000000
111.000000
368.000000
241.000000
64.000000
134.000000
6375.000000
469.000000
676.000000
267.000000
383.000000
627.000000
328.000000
223.000000
1576.000000
7815.000000
189.000000
744.000000
990.000000
1147.000000
1077.000000
141.000000
430.000000
1311.000000
534.000000
554.000000
536.000000
537.000000
1165.000000
74.000000
247.000000
2179.000000
240.000000
284.000000
1198.000000
236.000000
101.000000
194.000000
296.000000
1001.000000
623.000000
1157.000000
249.000000
492.000000
90.000000
190.000000
1662.000000
1909.000000
517.000000
386.000000
741.000000
1359.000000
171.000000
351.000000
233.000000
550.000000
911.000000
70.000000
268.000000
206.000000
1054.000000
879.000000
475.000000
355.000000
91.000000
2477.000000
1418.000000
222.000000
723.000000
212.000000
1389.000000
733.000000
734.000000
549.000000
337.000000
1210.000000
617.000000
1125.000000
153.000000
4585.000000
79.000000
157.000000
417.000000
1754.000000
40.000000
248.000000
763.000000
120.000000
522.000000
566.000000
468.000000
403.000000
386.000000
93.000000
1244.000000
1081.000000
168.000000
940.000000
532.000000
986.000000
201.000000
149.000000
447.000000
189.000000
278.000000
164.000000
305.000000
143.000000
1779.000000
1440.000000
257.000000
279.000000
374.000000
165.000000
41.000000
3680.000000
990.000000
205.000000
327.000000
927.000000
173.000000
140.000000
110.000000
77.000000
461.000000
219.000000
706.000000
198.000000
122.000000
182.000000
922.000000
371.000000
50.000000
793.000000
229.000000
263.000000
45.000000
7214.000000
707.000000
1094.000000
407.000000
203.000000
819.000000
740.000000
223.000000
153.000000
850.000000
835.000000
194.000000
525.000000
1261.000000
1258.000000
286.000000
227.000000
610.000000
810.000000
5421.000000
1767.000000
843.000000
577.000000
249.000000
455.000000
1664.000000
684.000000
297.000000
279.000000
322.000000
2870.000000
413.000000
76.000000
146.000000
71.000000
211.000000
61.000000
418.000000
2421.000000
300.000000
319.000000
26.000000
244.000000
144.000000
1242.000000
73.000000
2609.000000
242.000000
124.000000
225.000000
444.000000
508.000000
108.000000
118.000000
58.000000
397.000000
1246.000000
424.000000
570.000000
107.000000
3231.000000
391.000000
1819.000000
133.000000
388.000000
1642.000000
456.000000
981.000000
652.000000
477.000000
3182.000000
411.000000
478.000000
535.000000
621.000000
1256.000000
342.000000
625.000000
1429.000000
217.000000
410.000000
318.000000
48.000000
680.000000
409.000000
540.000000
168.000000
408.000000
124.000000
120.000000
205.000000
107.000000
406.000000
208.000000
51.000000
357.000000
576.000000
279.000000
82.000000
442.000000
1909.000000
1032.000000
854.000000
387.000000
1280.000000
327.000000
315.000000
1045.000000
943.000000
640.000000
118.000000
5064.000000
494.000000
543.000000
42.000000
106.000000
773.000000
549.000000
236.000000
825.000000
867.000000
212.000000
51.000000
231.000000
591.000000
102.000000
46.000000
897.000000
260.000000
484.000000
79.000000
600.000000
396.000000
562.000000
122.000000
120.000000
465.000000
7336.000000
1372.000000
142.000000
227.000000
201.000000
1466.000000
1782.000000
4650.000000
501.000000
66.000000
473.000000
273.000000
2063.000000
1041.000000
67.000000
1236.000000
193.000000
482.000000
227.000000
798.000000
138.000000
641.000000
503.000000
251.000000
884.000000
728.000000
675.000000
828.000000
492.000000
302.000000
324.000000
2432.000000
429.000000
1206.000000
102.000000
844.000000
696.000000
241.000000
1307.000000
68.000000
332.000000
169.000000
1341.000000
624.000000
4568.000000
405.000000
626.000000
