1263.000000
354.000000
150.000000
358.000000
44.000000
210.000000
500.000000
298.000000
115.000000
972.000000
179.000000
502.000000
426.000000
66.000000
1639.000000
369.000000
1060.000000
120.000000
709.000000
230.000000
183.000000
101.000000
9.000000
533.000000
143.000000
279.000000
289.000000
633.000000
81.000000
837.000000
1168.000000
606.000000
260.000000
173.000000
457.000000
1894.000000
1383.000000
123.000000
865.000000
838.000000
369.000000
277.000000
1919.000000
668.000000
94.000000
266.000000
192.000000
626.000000
388.000000
267.000000
149.000000
503.000000
841.000000
1298.000000
1542.000000
261.000000
1791.000000
121.000000
602.000000
260.000000
514.000000
494.000000
303.000000
613.000000
225.000000
682.000000
242.000000
171.000000
81.000000
614.000000
1042.000000
293.000000
88.000000
347.000000
169.000000
835.000000
43.000000
340.000000
108.000000
117.000000
54.000000
287.000000
361.000000
672.000000
618.000000
2013.000000
4336.000000
328.000000
188.000000
198.000000
130.000000
439.000000
382.000000
400.000000
103.000000
648.000000
254.000000
154.000000
426.000000
701.000000
329.000000
363.000000
682.000000
1041.000000
822.000000
123.000000
104.000000
552.000000
2536.000000
288.000000
173.000000
217.000000
3598.000000
1813.000000
155.000000
989.000000
101.000000
1289.000000
709.000000
930.000000
1559.000000
565.000000
822.000000
136.000000
554.000000
169.000000
1579.000000
86.000000
396.000000
75.000000
1592.000000
767.000000
4537.000000
287.000000
631.000000
303.000000
584.000000
847.000000
980.000000
156.000000
1183.000000
365.000000
1471.000000
218.000000
390.000000
298.000000
910.000000
465.000000
435.000000
7876.000000
583.000000
821.000000
94.000000
134.000000
365.000000
158.000000
717.000000
293.000000
361.000000
210.000000
260.000000
219.000000
976.000000
149.000000
134.000000
329.000000
574.000000
283.000000
241.000000
143.000000
152.000000
99.000000
719.000000
637.000000
162.000000
475.000000
712.000000
75.000000
368.000000
2380.000000
158.000000
329.000000
218.000000
465.000000
435.000000
647.000000
1094.000000
131.000000
742.000000
277.000000
228.000000
942.000000
210.000000
126.000000
182.000000
544.000000
474.000000
708.000000
999.000000
613.000000
233.000000
561.000000
211.000000
251.000000
145.000000
173.000000
900.000000
431.000000
582.000000
262.000000
236.000000
490.000000
3532.000000
341.000000
573.000000
175.000000
2087.000000
219.000000
458.000000
49.000000
197.000000
907.000000
120.000000
1105.000000
272.000000
205.000000
224.000000
205.000000
683.000000
374.000000
237.000000
134.000000
110.000000
465.000000
608.000000
165.000000
168.000000
95.000000
1011.000000
3718.000000
946.000000
254.000000
731.000000
1380.000000
400.000000
157.000000
412.000000
578.000000
295.000000
125.000000
107.000000
30.000000
466.000000
2032.000000
1437.000000
357.000000
1056.000000
126.000000
696.000000
173.000000
336.000000
158.000000
735.000000
382.000000
214.000000
417.000000
2139.000000
3280.000000
495.000000
357.000000
765.000000
219.000000
289.000000
295.000000
321.000000
2361.000000
6526.000000
629.000000
1075.000000
465.000000
553.000000
653.000000
286.000000
688.000000
223.000000
823.000000
331.000000
464.000000
1032.000000
367.000000
419.000000
1221.000000
703.000000
1445.000000
251.000000
1608.000000
98.000000
180.000000
1855.000000
239.000000
818.000000
218.000000
744.000000
541.000000
1775.000000
239.000000
505.000000
99.000000
448.000000
86.000000
2658.000000
426.000000
149.000000
1211.000000
845.000000
163.000000
686.000000
355.000000
448.000000
4211.000000
234.000000
834.000000
573.000000
129.000000
637.000000
312.000000
323.000000
1338.000000
256.000000
1508.000000
127.000000
137.000000
118.000000
5691.000000
142.000000
625.000000
1034.000000
704.000000
1014.000000
381.000000
426.000000
267.000000
124.000000
267.000000
267.000000
272.000000
420.000000
1123.000000
113.000000
797.000000
188.000000
112.000000
387.000000
215.000000
214.000000
161.000000
1177.000000
190.000000
74.000000
838.000000
150.000000
129.000000
368.000000
3076.000000
1299.000000
343.000000
767.000000
569.000000
191.000000
110.000000
374.000000
170.000000
2008.000000
188.000000
90.000000
76.000000
82.000000
38.000000
3357.000000
236.000000
2884.000000
667.000000
2404.000000
654.000000
592.000000
494.000000
130.000000
386.000000
265.000000
422.000000
312.000000
840.000000
1825.000000
672.000000
1750.000000
648.000000
918.000000
43.000000
52.000000
1295.000000
853.000000
911.000000
864.000000
405.000000
398.000000
2519.000000
1390.000000
778.000000
1115.000000
109.000000
262.000000
714.000000
169.000000
182.000000
31.000000
572.000000
710.000000
362.000000
1273.000000
65.000000
4012.000000
86.000000
232.000000
311.000000
137.000000
1613.000000
342.000000
2042.000000
123.000000
1598.000000
1751.000000
367.000000
2757.000000
781.000000
74.000000
36.000000
198.000000
79.000000
247.000000
220.000000
15.000000
1676.000000
1149.000000
188.000000
409.000000
433.000000
536.000000
249.000000
85.000000
1744.000000
1388.000000
196.000000
311.000000
1620.000000
317.000000
123.000000
187.000000
412.000000
419.000000
96.000000
916.000000
471.000000
81.000000
748.000000
179.000000
502.000000
727.000000
1186.000000
710.000000
309.000000
38.000000
127.000000
306.000000
649.000000
1187.000000
168.000000
387.000000
76.000000
195.000000
267.000000
54.000000
157.000000
271.000000
363.000000
62.000000
50.000000
803.000000
672.000000
279.000000
1780.000000
182.000000
1362.000000
1638.000000
142.000000
151.000000
868.000000
2019.000000
120.000000
34.000000
739.000000
294.000000
180.000000
2593.000000
175.000000
218.000000
269.000000
341.000000
345.000000
419.000000
99.000000
512.000000
62.000000
311.000000
42.000000
80.000000
525.000000
855.000000
736.000000
108.000000
387.000000
473.000000
1340.000000
787.000000
408.000000
1071.000000
178.000000
502.000000
218.000000
218.000000
486.000000
1573.000000
1074.000000
1763.000000
466.000000
649.000000
360.000000
214.000000
256.000000
58.000000
2503.000000
511.000000
566.000000
761.000000
331.000000
577.000000
555.000000
170.000000
132.000000
2411.000000
247.000000
538.000000
231.000000
551.000000
400.000000
1380.000000
194.000000
473.000000
418.000000
647.000000
109.000000
582.000000
180.000000
1082.000000
1041.000000
105.000000
243.000000
385.000000
888.000000
268.000000
282.000000
869.000000
821.000000
1363.000000
460.000000
114.000000
580.000000
1360.000000
2560.000000
358.000000
11940.000000
238.000000
350.000000
167.000000
136.000000
74.000000
278.000000
578.000000
328.000000
476.000000
164.000000
125.000000
229.000000
25.000000
221.000000
113.000000
119.000000
379.000000
238.000000
179.000000
3317.000000
2764.000000
973.000000
413.000000
705.000000
1306.000000
213.000000
1838.000000
49.000000
1443.000000
1289.000000
413.000000
3486.000000
1571.000000
1029.000000
1677.000000
319.000000
647.000000
174.000000
4076.000000
215.000000
208.000000
145.000000
460.000000
72.000000
319.000000
373.000000
264.000000
57.000000
276.000000
223.000000
202.000000
1068.000000
547.000000
893.000000
1753.000000
229.000000
100.000000
4389.000000
495.000000
504.000000
165.000000
114.000000
540.000000
334.000000
900.000000
195.000000
715.000000
291.000000
766.000000
1003.000000
59.000000
449.000000
378.000000
265.000000
1022.000000
455.000000
130.000000
1134.000000
652.000000
167.000000
1062.000000
1217.000000
312.000000
2449.000000
775.000000
1358.000000
190.000000
176.000000
788.000000
380.000000
27.000000
1080.000000
102.000000
767.000000
1814.000000
1013.000000
264.000000
457.000000
320.000000
172.000000
262.000000
539.000000
290.000000
234.000000
7317.000000
591.000000
2291.000000
733.000000
412.000000
253.000000
318.000000
934.000000
99.000000
122.000000
695.000000
444.000000
1267.000000
634.000000
853.000000
1048.000000
1695.000000
119.000000
408.000000
2114.000000
711.000000
2775.000000
450.000000
790.000000
619.000000
948.000000
65.000000
404.000000
327.000000
611.000000
242.000000
540.000000
134.000000
151.000000
299.000000
2051.000000
2518.000000
392.000000
157.000000
105.000000
546.000000
2321.000000
105.000000
302.000000
667.000000
1019.000000
600.000000
470.000000
310.000000
496.000000
814.000000
374.000000
1017.000000
199.000000
344.000000
30.000000
83.000000
452.000000
117.000000
328.000000
1569.000000
1196.000000
304.000000
1582.000000
3371.000000
717.000000
152.000000
153.000000
87.000000
674.000000
97.000000
1241.000000
232.000000
125.000000
1464.000000
689.000000
334.000000
588.000000
3784.000000
402.000000
494.000000
35.000000
518.000000
3423.000000
527.000000
301.000000
338.000000
342.000000
172.000000
314.000000
115.000000
303.000000
1071.000000
147.000000
96.000000
191.000000
1065.000000
783.000000
315.000000
688.000000
376.000000
1043.000000
973.000000
346.000000
2527.000000
550.000000
547.000000
243.000000
271.000000
782.000000
943.000000
2063.000000
1414.000000
733.000000
1954.000000
641.000000
158.000000
136.000000
70.000000
505.000000
1114.000000
378.000000
229.000000
193.000000
2054.000000
1010.000000
3637.000000
5387.000000
97.000000
494.000000
1549.000000
554.000000
142.000000
2044.000000
145.000000
322.000000
437.000000
236.000000
1380.000000
181.000000
921.000000
311.000000
111.000000
349.000000
601.000000
473.000000
1483.000000
339.000000
707.000000
270.000000
234.000000
34.000000
659.000000
111.000000
63.000000
706.000000
147.000000
684.000000
631.000000
378.000000
218.000000
208.000000
1617.000000
215.000000
326.000000
805.000000
154.000000
24.000000
686.000000
574.000000
154.000000
321.000000
168.000000
1100.000000
45.000000
741.000000
965.000000
1396.000000
1297.000000
744.000000
153.000000
93.000000
210.000000
1407.000000
275.000000
1780.000000
136.000000
629.000000
87.000000
91.000000
119.000000
86.000000
1996.000000
328.000000
480.000000
415.000000
672.000000
2181.000000
943.000000
395.000000
250.000000
482.000000
3028.000000
431.000000
751.000000
1147.000000
157.000000
1575.000000
205.000000
1282.000000
710.000000
359.000000
447.000000
129.000000
896.000000
850.000000
242.000000
163.000000
346.000000
497.000000
380.000000
784.000000
792.000000
430.000000
1505.000000
672.000000
243.000000
1098.000000
1000.000000
294.000000
595.000000
824.000000
240.000000
319.000000
98.000000
635.000000
3103.000000
3719.000000
172.000000
120.000000
294.000000
177.000000
298.000000
253.000000
2521.000000
1673.000000
403.000000
176.000000
1066.000000
583.000000
1212.000000
1970.000000
719.000000
1662.000000
223.000000
260.000000
3615.000000
241.000000
473.000000
294.000000
1598.000000
624.000000
430.000000
928.000000
68.000000
114.000000
1170.000000
1143.000000
528.000000
269.000000
557.000000
257.000000
756.000000
484.000000
355.000000
860.000000
921.000000
331.000000
176.000000
180.000000
2266.000000
149.000000
157.000000
3463.000000
470.000000
632.000000
340.000000
273.000000
849.000000
135.000000
310.000000
55.000000
7718.000000
2444.000000
303.000000
570.000000
614.000000
255.000000
165.000000
265.000000
289.000000
553.000000
194.000000
456.000000
648.000000
120.000000
228.000000
267.000000
365.000000
68.000000
162.000000
638.000000
317.000000
3043.000000
239.000000
1760.000000
