50.000000
118.000000
482.000000
167.000000
370.000000
206.000000
800.000000
374.000000
276.000000
80.000000
3125.000000
2535.000000
68.000000
82.000000
262.000000
288.000000
211.000000
65.000000
104.000000
927.000000
215.000000
684.000000
1297.000000
339.000000
228.000000
646.000000
49.000000
505.000000
454.000000
204.000000
216.000000
624.000000
791.000000
439.000000
582.000000
1313.000000
968.000000
813.000000
401.000000
364.000000
2979.000000
2425.000000
246.000000
105.000000
141.000000
1933.000000
1765.000000
132.000000
176.000000
503.000000
84.000000
4331.000000
618.000000
76.000000
227.000000
1202.000000
181.000000
321.000000
477.000000
2107.000000
367.000000
715.000000
447.000000
824.000000
156.000000
185.000000
496.000000
575.000000
268.000000
121.000000
179.000000
308.000000
7959.000000
1002.000000
694.000000
353.000000
1736.000000
3669.000000
124.000000
135.000000
279.000000
195.000000
1350.000000
660.000000
645.000000
798.000000
258.000000
2356.000000
119.000000
683.000000
765.000000
122.000000
1920.000000
170.000000
878.000000
596.000000
293.000000
165.000000
447.000000
236.000000
1005.000000
583.000000
218.000000
156.000000
1707.000000
1712.000000
835.000000
1038.000000
132.000000
272.000000
249.000000
1037.000000
353.000000
194.000000
113.000000
232.000000
285.000000
1000.000000
364.000000
343.000000
191.000000
988.000000
900.000000
162.000000
240.000000
157.000000
463.000000
919.000000
1752.000000
1000.000000
391.000000
2868.000000
453.000000
436.000000
471.000000
144.000000
4096.000000
2181.000000
173.000000
111.000000
305.000000
1045.000000
207.000000
454.000000
859.000000
170.000000
515.000000
276.000000
47.000000
254.000000
876.000000
134.000000
730.000000
218.000000
817.000000
312.000000
290.000000
250.000000
222.000000
417.000000
477.000000
261.000000
574.000000
937.000000
688.000000
1097.000000
284.000000
450.000000
148.000000
584.000000
653.000000
790.000000
300.000000
318.000000
393.000000
600.000000
605.000000
1632.000000
471.000000
681.000000
330.000000
360.000000
220.000000
230.000000
86.000000
958.000000
403.000000
2941.000000
557.000000
2017.000000
1269.000000
875.000000
623.000000
241.000000
140.000000
200.000000
176.000000
390.000000
284.000000
76.000000
123.000000
113.000000
102.000000
531.000000
500.000000
1822.000000
1623.000000
67.000000
103.000000
40.000000
1056.000000
418.000000
286.000000
258.000000
282.000000
1234.000000
331.000000
253.000000
953.000000
174.000000
113.000000
3437.000000
1569.000000
497.000000
439.000000
450.000000
355.000000
4906.000000
1269.000000
1074.000000
256.000000
218.000000
203.000000
365.000000
1478.000000
2144.000000
348.000000
155.000000
235.000000
524.000000
348.000000
505.000000
484.000000
884.000000
8249.000000
1411.000000
110.000000
105.000000
113.000000
64.000000
274.000000
5491.000000
906.000000
551.000000
356.000000
1590.000000
67.000000
292.000000
2769.000000
2014.000000
332.000000
731.000000
412.000000
925.000000
111.000000
621.000000
588.000000
465.000000
821.000000
118.000000
1108.000000
1046.000000
458.000000
459.000000
457.000000
281.000000
207.000000
1425.000000
127.000000
302.000000
431.000000
934.000000
516.000000
60.000000
1008.000000
143.000000
471.000000
178.000000
1998.000000
300.000000
191.000000
1305.000000
348.000000
1242.000000
2753.000000
1404.000000
184.000000
230.000000
708.000000
54.000000
320.000000
205.000000
252.000000
179.000000
333.000000
301.000000
198.000000
274.000000
864.000000
83.000000
501.000000
1896.000000
495.000000
572.000000
362.000000
212.000000
454.000000
190.000000
1083.000000
425.000000
222.000000
456.000000
237.000000
735.000000
502.000000
450.000000
836.000000
1810.000000
843.000000
1658.000000
148.000000
140.000000
260.000000
641.000000
596.000000
1458.000000
88.000000
83.000000
388.000000
526.000000
1223.000000
93.000000
1592.000000
150.000000
291.000000
305.000000
313.000000
390.000000
457.000000
254.000000
1082.000000
389.000000
774.000000
162.000000
299.000000
486.000000
497.000000
365.000000
1802.000000
603.000000
107.000000
631.000000
1504.000000
1146.000000
719.000000
171.000000
1654.000000
404.000000
108.000000
353.000000
742.000000
1005.000000
91.000000
139.000000
980.000000
125.000000
580.000000
1109.000000
176.000000
247.000000
514.000000
453.000000
342.000000
793.000000
488.000000
266.000000
162.000000
453.000000
533.000000
749.000000
521.000000
1268.000000
1095.000000
606.000000
433.000000
1001.000000
906.000000
376.000000
181.000000
493.000000
351.000000
209.000000
583.000000
2381.000000
105.000000
87.000000
359.000000
347.000000
153.000000
607.000000
253.000000
1677.000000
901.000000
4035.000000
186.000000
295.000000
1111.000000
97.000000
157.000000
147.000000
169.000000
92.000000
622.000000
523.000000
221.000000
259.000000
478.000000
2122.000000
243.000000
141.000000
699.000000
1373.000000
545.000000
83.000000
192.000000
1169.000000
82.000000
722.000000
226.000000
432.000000
488.000000
301.000000
516.000000
1170.000000
154.000000
402.000000
582.000000
240.000000
372.000000
987.000000
159.000000
808.000000
1051.000000
587.000000
500.000000
241.000000
1471.000000
1884.000000
298.000000
3379.000000
307.000000
194.000000
369.000000
528.000000
155.000000
115.000000
123.000000
642.000000
289.000000
120.000000
1671.000000
144.000000
630.000000
644.000000
153.000000
686.000000
701.000000
147.000000
71.000000
338.000000
481.000000
175.000000
82.000000
481.000000
274.000000
544.000000
639.000000
855.000000
981.000000
1469.000000
280.000000
1097.000000
576.000000
280.000000
826.000000
378.000000
266.000000
579.000000
970.000000
456.000000
1928.000000
783.000000
1780.000000
150.000000
153.000000
899.000000
495.000000
141.000000
375.000000
93.000000
87.000000
1072.000000
1077.000000
455.000000
711.000000
1591.000000
450.000000
649.000000
306.000000
124.000000
120.000000
59.000000
571.000000
146.000000
3683.000000
109.000000
255.000000
212.000000
588.000000
194.000000
669.000000
933.000000
473.000000
5010.000000
142.000000
296.000000
228.000000
526.000000
189.000000
1180.000000
25.000000
515.000000
478.000000
37.000000
3315.000000
356.000000
310.000000
93.000000
104.000000
813.000000
2493.000000
2429.000000
822.000000
135.000000
64.000000
108.000000
277.000000
183.000000
171.000000
265.000000
413.000000
114.000000
978.000000
426.000000
106.000000
102.000000
393.000000
682.000000
398.000000
304.000000
172.000000
668.000000
130.000000
367.000000
644.000000
65.000000
294.000000
407.000000
358.000000
510.000000
662.000000
316.000000
4081.000000
290.000000
495.000000
296.000000
140.000000
572.000000
620.000000
296.000000
248.000000
1594.000000
379.000000
419.000000
286.000000
111.000000
241.000000
4166.000000
1913.000000
1692.000000
295.000000
849.000000
147.000000
2874.000000
370.000000
568.000000
119.000000
1214.000000
2081.000000
313.000000
172.000000
243.000000
185.000000
1316.000000
114.000000
293.000000
214.000000
235.000000
652.000000
662.000000
209.000000
413.000000
659.000000
969.000000
1211.000000
1086.000000
6744.000000
54.000000
329.000000
831.000000
527.000000
1019.000000
913.000000
355.000000
129.000000
189.000000
225.000000
103.000000
1216.000000
115.000000
143.000000
342.000000
668.000000
63.000000
1400.000000
344.000000
6981.000000
149.000000
378.000000
941.000000
303.000000
217.000000
512.000000
510.000000
521.000000
2639.000000
369.000000
1233.000000
138.000000
323.000000
453.000000
141.000000
471.000000
228.000000
341.000000
692.000000
2865.000000
1337.000000
112.000000
72.000000
491.000000
1757.000000
293.000000
86.000000
274.000000
127.000000
193.000000
116.000000
233.000000
243.000000
141.000000
651.000000
186.000000
1032.000000
313.000000
1301.000000
313.000000
155.000000
1258.000000
347.000000
221.000000
368.000000
1230.000000
1066.000000
169.000000
161.000000
219.000000
578.000000
673.000000
165.000000
985.000000
117.000000
128.000000
42.000000
940.000000
749.000000
577.000000
175.000000
2205.000000
372.000000
1050.000000
358.000000
2356.000000
60.000000
251.000000
601.000000
1577.000000
504.000000
1266.000000
1007.000000
400.000000
194.000000
502.000000
145.000000
1300.000000
512.000000
97.000000
2174.000000
983.000000
158.000000
231.000000
218.000000
509.000000
333.000000
619.000000
318.000000
462.000000
91.000000
108.000000
463.000000
105.000000
327.000000
173.000000
194.000000
449.000000
331.000000
721.000000
340.000000
988.000000
926.000000
2807.000000
203.000000
470.000000
886.000000
360.000000
450.000000
365.000000
592.000000
447.000000
299.000000
35.000000
2358.000000
39.000000
743.000000
50.000000
394.000000
1480.000000
4386.000000
370.000000
185.000000
535.000000
150.000000
1272.000000
3481.000000
1056.000000
73.000000
720.000000
652.000000
660.000000
494.000000
57.000000
267.000000
211.000000
392.000000
1575.000000
582.000000
1009.000000
948.000000
226.000000
426.000000
1897.000000
32.000000
111.000000
1265.000000
353.000000
163.000000
324.000000
198.000000
302.000000
96.000000
76.000000
110.000000
94.000000
297.000000
845.000000
937.000000
449.000000
143.000000
280.000000
2681.000000
285.000000
249.000000
1175.000000
259.000000
1169.000000
230.000000
291.000000
462.000000
139.000000
440.000000
402.000000
527.000000
109.000000
4633.000000
509.000000
465.000000
952.000000
582.000000
2398.000000
12389.000000
2332.000000
321.000000
2107.000000
492.000000
222.000000
468.000000
478.000000
141.000000
1236.000000
1051.000000
47.000000
1676.000000
202.000000
131.000000
83.000000
204.000000
3525.000000
157.000000
136.000000
244.000000
291.000000
2728.000000
234.000000
220.000000
59.000000
600.000000
374.000000
87.000000
470.000000
406.000000
271.000000
121.000000
761.000000
749.000000
914.000000
589.000000
537.000000
739.000000
141.000000
813.000000
1287.000000
470.000000
156.000000
1433.000000
64.000000
271.000000
340.000000
441.000000
177.000000
612.000000
67.000000
179.000000
51.000000
202.000000
286.000000
211.000000
1492.000000
66.000000
233.000000
229.000000
140.000000
94.000000
183.000000
653.000000
376.000000
742.000000
266.000000
98.000000
1886.000000
1074.000000
137.000000
6367.000000
524.000000
97.000000
561.000000
339.000000
736.000000
1983.000000
488.000000
186.000000
94.000000
2026.000000
332.000000
95.000000
497.000000
312.000000
2578.000000
160.000000
100.000000
360.000000
166.000000
74.000000
779.000000
177.000000
150.000000
429.000000
63.000000
174.000000
558.000000
713.000000
1564.000000
692.000000
242.000000
1212.000000
129.000000
368.000000
815.000000
259.000000
840.000000
900.000000
269.000000
1403.000000
97.000000
254.000000
199.000000
407.000000
214.000000
1576.000000
1070.000000
749.000000
321.000000
284.000000
181.000000
371.000000
202.000000
173.000000
33.000000
295.000000
250.000000
216.000000
2283.000000
516.000000
355.000000
164.000000
317.000000
38.000000
444.000000
309.000000
309.000000
664.000000
476.000000
317.000000
130.000000
167.000000
231.000000
453.000000
1792.000000
232.000000
363.000000
1230.000000
773.000000
516.000000
151.000000
341.000000
1429.000000
328.000000
687.000000
1015.000000
763.000000
379.000000
2266.000000
103.000000
266.000000
1013.000000
230.000000
201.000000
862.000000
670.000000
312.000000
256.000000
