381.000000
136.000000
1135.000000
535.000000
171.000000
105.000000
107.000000
407.000000
5162.000000
291.000000
282.000000
119.000000
293.000000
78.000000
633.000000
248.000000
1837.000000
937.000000
297.000000
56.000000
193.000000
548.000000
182.000000
354.000000
128.000000
784.000000
979.000000
219.000000
7081.000000
525.000000
548.000000
317.000000
254.000000
352.000000
888.000000
295.000000
487.000000
90.000000
352.000000
1874.000000
2358.000000
718.000000
449.000000
698.000000
150.000000
2008.000000
1205.000000
603.000000
232.000000
370.000000
278.000000
279.000000
69.000000
739.000000
1616.000000
614.000000
388.000000
2092.000000
267.000000
1882.000000
55.000000
444.000000
373.000000
259.000000
147.000000
1136.000000
1245.000000
681.000000
819.000000
304.000000
241.000000
393.000000
2853.000000
703.000000
571.000000
229.000000
672.000000
210.000000
983.000000
347.000000
1763.000000
75.000000
573.000000
67.000000
1018.000000
484.000000
109.000000
89.000000
1109.000000
932.000000
95.000000
110.000000
160.000000
338.000000
231.000000
693.000000
986.000000
731.000000
67.000000
141.000000
592.000000
208.000000
107.000000
225.000000
70.000000
708.000000
147.000000
171.000000
589.000000
140.000000
755.000000
178.000000
628.000000
1654.000000
136.000000
188.000000
568.000000
982.000000
48.000000
589.000000
531.000000
193.000000
186.000000
2350.000000
753.000000
124.000000
93.000000
56.000000
203.000000
809.000000
1142.000000
112.000000
423.000000
1178.000000
545.000000
232.000000
443.000000
1598.000000
382.000000
196.000000
2733.000000
1675.000000
316.000000
295.000000
281.000000
86.000000
1628.000000
167.000000
564.000000
81.000000
416.000000
64.000000
1254.000000
141.000000
106.000000
101.000000
201.000000
642.000000
1269.000000
600.000000
2594.000000
3033.000000
433.000000
1135.000000
115.000000
3721.000000
1002.000000
206.000000
480.000000
174.000000
1085.000000
370.000000
555.000000
642.000000
375.000000
3144.000000
1960.000000
331.000000
668.000000
250.000000
1044.000000
140.000000
177.000000
959.000000
1682.000000
423.000000
292.000000
201.000000
151.000000
470.000000
597.000000
392.000000
1516.000000
774.000000
239.000000
596.000000
285.000000
1000.000000
338.000000
296.000000
338.000000
67.000000
2809.000000
1575.000000
916.000000
113.000000
48.000000
163.000000
340.000000
139.000000
1500.000000
1265.000000
93.000000
225.000000
255.000000
169.000000
201.000000
143.000000
409.000000
420.000000
49.000000
756.000000
1173.000000
485.000000
356.000000
479.000000
124.000000
889.000000
633.000000
581.000000
515.000000
936.000000
1774.000000
118.000000
3346.000000
228.000000
445.000000
325.000000
1115.000000
1050.000000
357.000000
54.000000
382.000000
729.000000
753.000000
21.000000
143.000000
2582.000000
351.000000
80.000000
178.000000
1795.000000
752.000000
315.000000
139.000000
468.000000
514.000000
1234.000000
760.000000
767.000000
217.000000
920.000000
1282.000000
635.000000
107.000000
175.000000
1329.000000
552.000000
104.000000
715.000000
686.000000
351.000000
2032.000000
190.000000
529.000000
1656.000000
1015.000000
754.000000
876.000000
186.000000
355.000000
247.000000
1095.000000
86.000000
65.000000
73.000000
713.000000
202.000000
48.000000
3574.000000
531.000000
1017.000000
123.000000
57.000000
335.000000
263.000000
263.000000
921.000000
718.000000
1916.000000
609.000000
426.000000
193.000000
354.000000
803.000000
690.000000
789.000000
300.000000
73.000000
3166.000000
334.000000
479.000000
625.000000
143.000000
146.000000
69.000000
384.000000
1123.000000
211.000000
162.000000
67.000000
700.000000
271.000000
1365.000000
784.000000
310.000000
1075.000000
4182.000000
772.000000
207.000000
1515.000000
270.000000
1991.000000
119.000000
99.000000
883.000000
1209.000000
356.000000
834.000000
1381.000000
640.000000
1605.000000
1133.000000
274.000000
1151.000000
323.000000
319.000000
377.000000
68.000000
1384.000000
265.000000
179.000000
1479.000000
624.000000
168.000000
231.000000
1116.000000
2747.000000
316.000000
152.000000
368.000000
708.000000
337.000000
292.000000
322.000000
1029.000000
48.000000
190.000000
294.000000
43.000000
185.000000
2690.000000
1506.000000
1618.000000
228.000000
360.000000
516.000000
152.000000
600.000000
1584.000000
486.000000
686.000000
444.000000
403.000000
1171.000000
554.000000
443.000000
139.000000
133.000000
46.000000
873.000000
794.000000
319.000000
33.000000
1491.000000
503.000000
261.000000
228.000000
652.000000
324.000000
5503.000000
625.000000
1293.000000
184.000000
145.000000
228.000000
2288.000000
235.000000
2451.000000
159.000000
96.000000
781.000000
235.000000
281.000000
73.000000
216.000000
261.000000
66.000000
403.000000
1099.000000
322.000000
424.000000
1018.000000
230.000000
1046.000000
748.000000
387.000000
1317.000000
157.000000
337.000000
1485.000000
104.000000
273.000000
444.000000
271.000000
234.000000
1081.000000
25.000000
471.000000
261.000000
192.000000
188.000000
670.000000
45.000000
1852.000000
238.000000
644.000000
958.000000
261.000000
502.000000
382.000000
121.000000
1088.000000
353.000000
286.000000
186.000000
72.000000
679.000000
374.000000
192.000000
737.000000
136.000000
40.000000
285.000000
213.000000
1803.000000
380.000000
170.000000
182.000000
457.000000
462.000000
337.000000
479.000000
529.000000
67.000000
210.000000
36.000000
797.000000
357.000000
235.000000
815.000000
120.000000
1279.000000
5037.000000
103.000000
190.000000
472.000000
305.000000
818.000000
308.000000
355.000000
75.000000
586.000000
57.000000
526.000000
1298.000000
1084.000000
357.000000
352.000000
154.000000
568.000000
320.000000
579.000000
185.000000
92.000000
351.000000
131.000000
1374.000000
178.000000
556.000000
188.000000
550.000000
1575.000000
535.000000
298.000000
238.000000
766.000000
982.000000
93.000000
964.000000
714.000000
140.000000
473.000000
1384.000000
471.000000
703.000000
97.000000
266.000000
440.000000
351.000000
351.000000
599.000000
111.000000
1896.000000
43.000000
272.000000
573.000000
312.000000
99.000000
1860.000000
391.000000
703.000000
116.000000
330.000000
518.000000
285.000000
824.000000
1475.000000
736.000000
421.000000
114.000000
331.000000
383.000000
331.000000
214.000000
358.000000
228.000000
2341.000000
161.000000
220.000000
1164.000000
142.000000
283.000000
53.000000
207.000000
590.000000
79.000000
131.000000
1239.000000
1359.000000
392.000000
302.000000
311.000000
371.000000
759.000000
401.000000
3227.000000
392.000000
124.000000
386.000000
333.000000
914.000000
778.000000
257.000000
3120.000000
1394.000000
514.000000
211.000000
1629.000000
570.000000
203.000000
632.000000
176.000000
105.000000
131.000000
70.000000
124.000000
566.000000
535.000000
53.000000
588.000000
403.000000
1005.000000
324.000000
1329.000000
325.000000
349.000000
486.000000
231.000000
576.000000
396.000000
3125.000000
578.000000
372.000000
1676.000000
43.000000
393.000000
655.000000
632.000000
344.000000
190.000000
267.000000
252.000000
501.000000
501.000000
1102.000000
1015.000000
671.000000
399.000000
1291.000000
560.000000
484.000000
1340.000000
184.000000
370.000000
997.000000
1225.000000
485.000000
426.000000
1037.000000
173.000000
135.000000
107.000000
119.000000
177.000000
2233.000000
1108.000000
601.000000
331.000000
296.000000
1744.000000
1423.000000
262.000000
452.000000
3389.000000
257.000000
275.000000
229.000000
287.000000
667.000000
1038.000000
499.000000
2302.000000
488.000000
342.000000
121.000000
1101.000000
195.000000
122.000000
1638.000000
377.000000
311.000000
631.000000
2482.000000
357.000000
43.000000
2005.000000
828.000000
1062.000000
60.000000
2522.000000
543.000000
643.000000
533.000000
88.000000
491.000000
1140.000000
381.000000
2131.000000
185.000000
656.000000
403.000000
557.000000
2530.000000
192.000000
324.000000
187.000000
60.000000
374.000000
588.000000
484.000000
1064.000000
2475.000000
271.000000
289.000000
2884.000000
671.000000
249.000000
1636.000000
605.000000
620.000000
673.000000
237.000000
477.000000
1797.000000
330.000000
365.000000
537.000000
115.000000
225.000000
42.000000
193.000000
635.000000
1415.000000
298.000000
334.000000
201.000000
1205.000000
2119.000000
1167.000000
263.000000
295.000000
925.000000
1263.000000
1242.000000
782.000000
3285.000000
611.000000
608.000000
24.000000
159.000000
260.000000
530.000000
1048.000000
818.000000
277.000000
708.000000
331.000000
746.000000
814.000000
796.000000
407.000000
864.000000
227.000000
373.000000
329.000000
1153.000000
150.000000
484.000000
972.000000
1467.000000
468.000000
300.000000
612.000000
1290.000000
994.000000
657.000000
1486.000000
655.000000
702.000000
551.000000
996.000000
274.000000
820.000000
210.000000
1701.000000
664.000000
190.000000
220.000000
152.000000
360.000000
1333.000000
1216.000000
370.000000
1036.000000
736.000000
2461.000000
359.000000
774.000000
1109.000000
116.000000
297.000000
341.000000
57.000000
57.000000
496.000000
181.000000
1105.000000
102.000000
101.000000
188.000000
1187.000000
180.000000
338.000000
135.000000
401.000000
158.000000
786.000000
474.000000
1040.000000
1062.000000
118.000000
706.000000
182.000000
289.000000
201.000000
208.000000
374.000000
358.000000
570.000000
57.000000
199.000000
1110.000000
448.000000
780.000000
168.000000
97.000000
782.000000
287.000000
67.000000
310.000000
1235.000000
214.000000
264.000000
2826.000000
552.000000
111.000000
439.000000
81.000000
3820.000000
314.000000
447.000000
390.000000
253.000000
970.000000
59.000000
158.000000
39.000000
245.000000
485.000000
669.000000
100.000000
234.000000
158.000000
429.000000
618.000000
407.000000
215.000000
431.000000
209.000000
438.000000
1105.000000
843.000000
1402.000000
529.000000
302.000000
713.000000
834.000000
609.000000
708.000000
972.000000
277.000000
325.000000
197.000000
197.000000
351.000000
383.000000
65.000000
224.000000
534.000000
1334.000000
1366.000000
218.000000
201.000000
539.000000
334.000000
92.000000
109.000000
735.000000
2309.000000
481.000000
214.000000
437.000000
1078.000000
380.000000
243.000000
232.000000
454.000000
368.000000
1889.000000
460.000000
2528.000000
226.000000
609.000000
334.000000
952.000000
971.000000
251.000000
731.000000
115.000000
480.000000
57.000000
494.000000
892.000000
1061.000000
223.000000
488.000000
190.000000
104.000000
577.000000
345.000000
457.000000
605.000000
39.000000
1011.000000
909.000000
368.000000
567.000000
185.000000
78.000000
258.000000
151.000000
870.000000
335.000000
161.000000
345.000000
204.000000
1011.000000
330.000000
597.000000
859.000000
133.000000
482.000000
139.000000
1625.000000
752.000000
127.000000
57.000000
67.000000
851.000000
1313.000000
113.000000
912.000000
195.000000
288.000000
2293.000000
379.000000
367.000000
3915.000000
367.000000
3363.000000
167.000000
396.000000
600.000000
499.000000
346.000000
482.000000
193.000000
172.000000
406.000000
405.000000
191.000000
188.000000
412.000000
335.000000
1096.000000
421.000000
733.000000
1169.000000
503.000000
468.000000
185.000000
508.000000
261.000000
448.000000
184.000000
892.000000
207.000000
783.000000
1843.000000
477.000000
980.000000
183.000000
3033.000000
343.000000
687.000000
992.000000
499.000000
301.000000
340.000000
