2320.000000
2607.000000
717.000000
120.000000
609.000000
698.000000
285.000000
331.000000
88.000000
191.000000
999.000000
133.000000
247.000000
152.000000
714.000000
933.000000
432.000000
271.000000
2031.000000
460.000000
182.000000
209.000000
1416.000000
496.000000
378.000000
554.000000
203.000000
68.000000
173.000000
1918.000000
273.000000
362.000000
98.000000
5190.000000
1658.000000
470.000000
399.000000
82.000000
68.000000
1172.000000
442.000000
359.000000
930.000000
321.000000
197.000000
3245.000000
89.000000
238.000000
160.000000
171.000000
896.000000
415.000000
168.000000
402.000000
136.000000
296.000000
3230.000000
1286.000000
1427.000000
213.000000
2010.000000
135.000000
182.000000
816.000000
452.000000
90.000000
857.000000
462.000000
540.000000
133.000000
264.000000
767.000000
114.000000
522.000000
395.000000
450.000000
352.000000
988.000000
5067.000000
1089.000000
159.000000
104.000000
824.000000
204.000000
1788.000000
375.000000
86.000000
750.000000
164.000000
239.000000
673.000000
372.000000
462.000000
314.000000
272.000000
513.000000
343.000000
621.000000
1093.000000
529.000000
452.000000
802.000000
501.000000
389.000000
474.000000
598.000000
105.000000
166.000000
793.000000
383.000000
147.000000
90.000000
791.000000
69.000000
475.000000
663.000000
652.000000
487.000000
699.000000
85.000000
691.000000
219.000000
132.000000
302.000000
360.000000
177.000000
1506.000000
282.000000
209.000000
83.000000
75.000000
90.000000
556.000000
310.000000
213.000000
135.000000
479.000000
297.000000
1458.000000
515.000000
161.000000
329.000000
186.000000
856.000000
51.000000
327.000000
194.000000
911.000000
235.000000
991.000000
714.000000
1299.000000
1451.000000
1437.000000
318.000000
136.000000
440.000000
35.000000
648.000000
302.000000
576.000000
650.000000
177.000000
218.000000
86.000000
43.000000
648.000000
512.000000
1892.000000
301.000000
849.000000
945.000000
1161.000000
145.000000
217.000000
211.000000
354.000000
830.000000
345.000000
1107.000000
118.000000
424.000000
990.000000
806.000000
1047.000000
147.000000
28.000000
455.000000
275.000000
83.000000
296.000000
296.000000
2324.000000
94.000000
508.000000
344.000000
348.000000
3350.000000
250.000000
567.000000
1350.000000
145.000000
519.000000
1504.000000
153.000000
1250.000000
453.000000
43.000000
107.000000
763.000000
182.000000
452.000000
123.000000
201.000000
21.000000
256.000000
849.000000
167.000000
761.000000
120.000000
397.000000
472.000000
703.000000
1667.000000
1606.000000
597.000000
552.000000
357.000000
192.000000
367.000000
1341.000000
206.000000
835.000000
110.000000
588.000000
181.000000
385.000000
1310.000000
825.000000
376.000000
375.000000
20.000000
238.000000
249.000000
141.000000
1197.000000
116.000000
135.000000
2413.000000
264.000000
585.000000
488.000000
307.000000
277.000000
1210.000000
262.000000
1373.000000
78.000000
275.000000
84.000000
210.000000
1324.000000
66.000000
380.000000
25.000000
292.000000
115.000000
262.000000
953.000000
334.000000
170.000000
509.000000
101.000000
300.000000
298.000000
292.000000
717.000000
227.000000
973.000000
644.000000
259.000000
326.000000
479.000000
64.000000
508.000000
312.000000
909.000000
111.000000
1752.000000
2022.000000
355.000000
1203.000000
721.000000
1551.000000
1042.000000
2557.000000
275.000000
206.000000
438.000000
306.000000
259.000000
584.000000
1296.000000
188.000000
449.000000
213.000000
736.000000
1170.000000
446.000000
670.000000
296.000000
326.000000
99.000000
82.000000
827.000000
482.000000
766.000000
65.000000
716.000000
168.000000
3300.000000
427.000000
899.000000
559.000000
104.000000
1416.000000
353.000000
132.000000
464.000000
4918.000000
63.000000
1680.000000
552.000000
584.000000
85.000000
268.000000
1448.000000
2835.000000
516.000000
881.000000
300.000000
2956.000000
266.000000
324.000000
3083.000000
100.000000
231.000000
763.000000
162.000000
768.000000
357.000000
606.000000
4654.000000
315.000000
2283.000000
703.000000
504.000000
302.000000
358.000000
382.000000
131.000000
135.000000
1294.000000
1238.000000
353.000000
343.000000
396.000000
307.000000
223.000000
65.000000
81.000000
1596.000000
1376.000000
211.000000
202.000000
225.000000
359.000000
2956.000000
112.000000
138.000000
698.000000
144.000000
968.000000
264.000000
1410.000000
4102.000000
268.000000
81.000000
787.000000
41.000000
435.000000
890.000000
693.000000
736.000000
862.000000
160.000000
61.000000
441.000000
419.000000
196.000000
1905.000000
771.000000
4455.000000
180.000000
1008.000000
139.000000
520.000000
261.000000
426.000000
1793.000000
182.000000
732.000000
89.000000
133.000000
332.000000
245.000000
367.000000
1287.000000
755.000000
1883.000000
435.000000
708.000000
208.000000
183.000000
649.000000
1320.000000
1343.000000
1484.000000
293.000000
165.000000
122.000000
1268.000000
543.000000
426.000000
236.000000
138.000000
1840.000000
1239.000000
35.000000
396.000000
2227.000000
622.000000
776.000000
25.000000
1408.000000
261.000000
377.000000
1757.000000
907.000000
48.000000
435.000000
175.000000
1531.000000
929.000000
1509.000000
1406.000000
71.000000
3841.000000
1673.000000
246.000000
172.000000
926.000000
434.000000
2163.000000
472.000000
3084.000000
1159.000000
548.000000
1344.000000
1005.000000
112.000000
708.000000
51.000000
664.000000
235.000000
146.000000
530.000000
480.000000
301.000000
882.000000
140.000000
217.000000
371.000000
145.000000
192.000000
299.000000
182.000000
619.000000
101.000000
527.000000
131.000000
1740.000000
83.000000
1359.000000
99.000000
3364.000000
395.000000
409.000000
977.000000
607.000000
321.000000
67.000000
272.000000
149.000000
33.000000
940.000000
940.000000
1236.000000
136.000000
150.000000
128.000000
3974.000000
213.000000
578.000000
97.000000
1066.000000
817.000000
691.000000
1974.000000
171.000000
693.000000
226.000000
1166.000000
297.000000
1924.000000
319.000000
1928.000000
482.000000
184.000000
1864.000000
124.000000
1031.000000
646.000000
636.000000
1406.000000
730.000000
237.000000
187.000000
594.000000
796.000000
184.000000
932.000000
226.000000
1142.000000
267.000000
479.000000
360.000000
98.000000
909.000000
109.000000
1059.000000
613.000000
509.000000
249.000000
1088.000000
377.000000
22.000000
455.000000
1224.000000
1374.000000
1682.000000
719.000000
408.000000
874.000000
426.000000
619.000000
727.000000
883.000000
599.000000
43.000000
93.000000
163.000000
130.000000
363.000000
696.000000
30.000000
2099.000000
680.000000
90.000000
303.000000
431.000000
273.000000
111.000000
503.000000
398.000000
506.000000
2632.000000
336.000000
319.000000
777.000000
378.000000
144.000000
1299.000000
91.000000
336.000000
711.000000
931.000000
3453.000000
72.000000
489.000000
244.000000
62.000000
761.000000
291.000000
295.000000
300.000000
130.000000
2994.000000
469.000000
402.000000
751.000000
2390.000000
300.000000
157.000000
690.000000
524.000000
299.000000
249.000000
949.000000
988.000000
170.000000
92.000000
338.000000
401.000000
1379.000000
968.000000
665.000000
70.000000
530.000000
301.000000
100.000000
512.000000
1166.000000
1332.000000
864.000000
578.000000
416.000000
254.000000
193.000000
80.000000
735.000000
350.000000
7334.000000
105.000000
649.000000
591.000000
1257.000000
340.000000
732.000000
380.000000
591.000000
197.000000
457.000000
131.000000
203.000000
1148.000000
1312.000000
341.000000
93.000000
75.000000
40.000000
308.000000
171.000000
917.000000
1488.000000
93.000000
174.000000
120.000000
457.000000
409.000000
119.000000
1591.000000
1365.000000
102.000000
216.000000
817.000000
1406.000000
703.000000
139.000000
294.000000
176.000000
791.000000
365.000000
1152.000000
245.000000
802.000000
597.000000
344.000000
157.000000
196.000000
729.000000
241.000000
812.000000
147.000000
53.000000
344.000000
62.000000
723.000000
1417.000000
71.000000
123.000000
415.000000
2446.000000
327.000000
740.000000
196.000000
1187.000000
628.000000
349.000000
377.000000
1365.000000
881.000000
833.000000
289.000000
884.000000
175.000000
364.000000
196.000000
230.000000
472.000000
652.000000
721.000000
222.000000
243.000000
667.000000
304.000000
704.000000
310.000000
2880.000000
2060.000000
1410.000000
158.000000
577.000000
464.000000
1131.000000
100.000000
551.000000
401.000000
500.000000
149.000000
1743.000000
1291.000000
1096.000000
209.000000
68.000000
93.000000
849.000000
75.000000
89.000000
495.000000
1478.000000
208.000000
507.000000
49.000000
517.000000
103.000000
234.000000
1511.000000
414.000000
374.000000
384.000000
243.000000
196.000000
372.000000
78.000000
233.000000
515.000000
189.000000
110.000000
249.000000
316.000000
62.000000
855.000000
135.000000
2847.000000
299.000000
4119.000000
147.000000
425.000000
704.000000
1917.000000
298.000000
213.000000
297.000000
1334.000000
562.000000
678.000000
208.000000
134.000000
483.000000
858.000000
639.000000
482.000000
505.000000
68.000000
75.000000
78.000000
345.000000
2965.000000
3087.000000
659.000000
105.000000
666.000000
1145.000000
486.000000
246.000000
857.000000
612.000000
52.000000
775.000000
1299.000000
1208.000000
577.000000
59.000000
130.000000
4300.000000
292.000000
932.000000
753.000000
161.000000
169.000000
808.000000
1827.000000
1185.000000
428.000000
179.000000
503.000000
287.000000
766.000000
883.000000
266.000000
98.000000
693.000000
648.000000
114.000000
76.000000
1576.000000
174.000000
154.000000
982.000000
252.000000
171.000000
403.000000
939.000000
455.000000
1683.000000
77.000000
840.000000
229.000000
108.000000
109.000000
223.000000
62.000000
584.000000
359.000000
98.000000
224.000000
80.000000
347.000000
655.000000
281.000000
740.000000
1058.000000
1036.000000
2046.000000
882.000000
328.000000
680.000000
1023.000000
116.000000
1926.000000
814.000000
1511.000000
290.000000
104.000000
123.000000
88.000000
574.000000
422.000000
415.000000
1012.000000
1875.000000
2217.000000
160.000000
233.000000
878.000000
310.000000
294.000000
169.000000
1307.000000
1477.000000
1125.000000
253.000000
385.000000
355.000000
1561.000000
866.000000
568.000000
361.000000
287.000000
86.000000
52.000000
806.000000
294.000000
149.000000
294.000000
360.000000
449.000000
235.000000
173.000000
339.000000
457.000000
1832.000000
376.000000
419.000000
117.000000
243.000000
689.000000
3482.000000
33.000000
452.000000
668.000000
1005.000000
1897.000000
240.000000
229.000000
268.000000
257.000000
307.000000
306.000000
317.000000
758.000000
488.000000
370.000000
127.000000
259.000000
316.000000
9420.000000
331.000000
1445.000000
226.000000
164.000000
350.000000
691.000000
761.000000
554.000000
171.000000
411.000000
3969.000000
301.000000
109.000000
818.000000
594.000000
1509.000000
200.000000
508.000000
164.000000
701.000000
420.000000
290.000000
121.000000
472.000000
207.000000
129.000000
471.000000
1822.000000
57.000000
804.000000
645.000000
358.000000
647.000000
1928.000000
101.000000
230.000000
539.000000
222.000000
395.000000
629.000000
83.000000
101.000000
777.000000
1085.000000
1429.000000
901.000000
318.000000
1103.000000
606.000000
105.000000
845.000000
86.000000
756.000000
69.000000
80.000000
92.000000
270.000000
440.000000
224.000000
661.000000
2831.000000
140.000000
