907.000000
625.000000
164.000000
46.000000
41.000000
182.000000
7.000000
161.000000
277.000000
203.000000
861.000000
221.000000
951.000000
3703.000000
195.000000
70.000000
142.000000
662.000000
339.000000
217.000000
2145.000000
208.000000
825.000000
141.000000
479.000000
276.000000
185.000000
114.000000
1093.000000
1060.000000
798.000000
781.000000
371.000000
483.000000
610.000000
813.000000
2929.000000
552.000000
1326.000000
765.000000
376.000000
161.000000
101.000000
273.000000
402.000000
697.000000
91.000000
3087.000000
577.000000
80.000000
132.000000
275.000000
2520.000000
1458.000000
119.000000
129.000000
135.000000
458.000000
171.000000
674.000000
347.000000
883.000000
108.000000
387.000000
619.000000
131.000000
213.000000
1190.000000
632.000000
1023.000000
559.000000
713.000000
361.000000
601.000000
364.000000
978.000000
647.000000
201.000000
522.000000
544.000000
333.000000
228.000000
372.000000
204.000000
2482.000000
247.000000
308.000000
98.000000
146.000000
639.000000
2278.000000
523.000000
196.000000
250.000000
167.000000
426.000000
716.000000
56.000000
194.000000
2013.000000
2258.000000
115.000000
706.000000
345.000000
552.000000
38.000000
2746.000000
663.000000
591.000000
1720.000000
347.000000
367.000000
1675.000000
849.000000
694.000000
2384.000000
795.000000
128.000000
1084.000000
790.000000
167.000000
838.000000
4048.000000
383.000000
496.000000
206.000000
94.000000
432.000000
1057.000000
153.000000
1167.000000
93.000000
723.000000
1060.000000
822.000000
1710.000000
496.000000
74.000000
455.000000
4087.000000
116.000000
324.000000
86.000000
738.000000
2668.000000
122.000000
361.000000
43.000000
404.000000
210.000000
455.000000
714.000000
1524.000000
1959.000000
293.000000
186.000000
364.000000
18.000000
296.000000
85.000000
370.000000
422.000000
364.000000
248.000000
2746.000000
519.000000
120.000000
260.000000
289.000000
98.000000
771.000000
348.000000
276.000000
263.000000
138.000000
300.000000
713.000000
386.000000
903.000000
152.000000
157.000000
877.000000
629.000000
685.000000
213.000000
1765.000000
334.000000
3962.000000
1281.000000
498.000000
4490.000000
263.000000
2559.000000
1673.000000
118.000000
178.000000
601.000000
834.000000
87.000000
1140.000000
414.000000
301.000000
612.000000
669.000000
132.000000
207.000000
4545.000000
129.000000
226.000000
263.000000
139.000000
2750.000000
148.000000
100.000000
1149.000000
693.000000
97.000000
48.000000
2892.000000
917.000000
255.000000
280.000000
472.000000
716.000000
1456.000000
85.000000
112.000000
88.000000
1760.000000
366.000000
417.000000
123.000000
1273.000000
142.000000
700.000000
2294.000000
131.000000
138.000000
711.000000
1922.000000
176.000000
509.000000
940.000000
123.000000
388.000000
136.000000
410.000000
97.000000
308.000000
1074.000000
182.000000
213.000000
676.000000
1891.000000
41.000000
141.000000
626.000000
469.000000
280.000000
232.000000
1676.000000
257.000000
799.000000
1462.000000
849.000000
262.000000
451.000000
3476.000000
1196.000000
129.000000
96.000000
371.000000
394.000000
1070.000000
140.000000
1245.000000
1073.000000
149.000000
1817.000000
437.000000
505.000000
906.000000
1238.000000
4068.000000
886.000000
109.000000
278.000000
302.000000
915.000000
113.000000
170.000000
448.000000
245.000000
951.000000
43.000000
328.000000
466.000000
858.000000
291.000000
223.000000
355.000000
70.000000
503.000000
1063.000000
945.000000
70.000000
252.000000
687.000000
274.000000
315.000000
219.000000
1040.000000
1629.000000
76.000000
91.000000
43.000000
585.000000
367.000000
815.000000
205.000000
161.000000
122.000000
303.000000
157.000000
166.000000
81.000000
447.000000
1115.000000
894.000000
99.000000
263.000000
818.000000
110.000000
1455.000000
425.000000
937.000000
5266.000000
1562.000000
403.000000
735.000000
523.000000
308.000000
640.000000
108.000000
203.000000
394.000000
449.000000
488.000000
49.000000
65.000000
2531.000000
477.000000
357.000000
310.000000
1287.000000
503.000000
3200.000000
961.000000
248.000000
2254.000000
397.000000
1003.000000
2205.000000
314.000000
711.000000
291.000000
173.000000
460.000000
537.000000
799.000000
3916.000000
1611.000000
204.000000
1416.000000
343.000000
151.000000
461.000000
145.000000
1242.000000
197.000000
1389.000000
83.000000
236.000000
1054.000000
517.000000
1401.000000
286.000000
335.000000
211.000000
322.000000
220.000000
804.000000
492.000000
908.000000
38.000000
51.000000
567.000000
515.000000
1422.000000
276.000000
1371.000000
722.000000
1028.000000
109.000000
766.000000
285.000000
441.000000
157.000000
112.000000
1255.000000
105.000000
377.000000
197.000000
1774.000000
495.000000
1310.000000
281.000000
38.000000
1002.000000
522.000000
115.000000
330.000000
795.000000
114.000000
729.000000
1040.000000
530.000000
184.000000
185.000000
1108.000000
290.000000
119.000000
531.000000
924.000000
459.000000
111.000000
2393.000000
7980.000000
462.000000
357.000000
81.000000
1041.000000
511.000000
272.000000
690.000000
574.000000
2073.000000
177.000000
280.000000
811.000000
82.000000
81.000000
1127.000000
625.000000
690.000000
113.000000
474.000000
68.000000
703.000000
37.000000
461.000000
356.000000
214.000000
354.000000
292.000000
381.000000
178.000000
728.000000
1478.000000
201.000000
510.000000
1978.000000
2598.000000
690.000000
2238.000000
108.000000
1162.000000
1379.000000
467.000000
744.000000
771.000000
208.000000
448.000000
1298.000000
657.000000
1501.000000
60.000000
379.000000
2247.000000
521.000000
789.000000
472.000000
503.000000
304.000000
274.000000
344.000000
893.000000
367.000000
1027.000000
185.000000
1056.000000
45.000000
582.000000
1637.000000
96.000000
280.000000
710.000000
496.000000
321.000000
348.000000
3277.000000
797.000000
213.000000
353.000000
32.000000
604.000000
831.000000
83.000000
418.000000
1236.000000
571.000000
152.000000
461.000000
377.000000
1034.000000
2389.000000
557.000000
4020.000000
371.000000
459.000000
301.000000
154.000000
599.000000
182.000000
812.000000
121.000000
465.000000
184.000000
1390.000000
1150.000000
247.000000
511.000000
31.000000
446.000000
45.000000
1595.000000
2704.000000
268.000000
134.000000
129.000000
669.000000
1258.000000
387.000000
397.000000
294.000000
311.000000
286.000000
69.000000
82.000000
231.000000
912.000000
1044.000000
477.000000
641.000000
159.000000
698.000000
257.000000
437.000000
576.000000
284.000000
391.000000
146.000000
31.000000
412.000000
4499.000000
104.000000
731.000000
611.000000
358.000000
375.000000
626.000000
392.000000
687.000000
677.000000
461.000000
4196.000000
706.000000
897.000000
621.000000
214.000000
654.000000
198.000000
570.000000
507.000000
835.000000
143.000000
405.000000
369.000000
841.000000
549.000000
160.000000
873.000000
950.000000
326.000000
355.000000
552.000000
236.000000
1019.000000
353.000000
96.000000
468.000000
250.000000
383.000000
1576.000000
367.000000
400.000000
1269.000000
709.000000
159.000000
294.000000
188.000000
251.000000
579.000000
245.000000
236.000000
386.000000
243.000000
1849.000000
362.000000
1152.000000
302.000000
133.000000
606.000000
45.000000
437.000000
1298.000000
242.000000
159.000000
256.000000
1058.000000
1301.000000
837.000000
561.000000
957.000000
150.000000
212.000000
288.000000
296.000000
2196.000000
656.000000
438.000000
1271.000000
6382.000000
335.000000
351.000000
706.000000
567.000000
206.000000
913.000000
860.000000
649.000000
359.000000
126.000000
277.000000
209.000000
287.000000
4009.000000
386.000000
811.000000
393.000000
877.000000
370.000000
866.000000
286.000000
431.000000
187.000000
128.000000
294.000000
393.000000
443.000000
70.000000
406.000000
133.000000
329.000000
170.000000
286.000000
1126.000000
587.000000
3959.000000
1249.000000
465.000000
514.000000
274.000000
385.000000
34.000000
121.000000
165.000000
727.000000
264.000000
604.000000
2109.000000
1122.000000
682.000000
571.000000
1686.000000
575.000000
256.000000
171.000000
767.000000
741.000000
360.000000
133.000000
366.000000
521.000000
970.000000
162.000000
289.000000
771.000000
408.000000
553.000000
465.000000
2069.000000
206.000000
413.000000
626.000000
196.000000
1667.000000
1825.000000
535.000000
326.000000
1446.000000
25.000000
340.000000
86.000000
535.000000
2047.000000
115.000000
84.000000
153.000000
186.000000
513.000000
1705.000000
973.000000
839.000000
367.000000
443.000000
486.000000
124.000000
92.000000
101.000000
710.000000
417.000000
578.000000
113.000000
83.000000
590.000000
72.000000
189.000000
739.000000
1801.000000
1025.000000
229.000000
150.000000
142.000000
86.000000
167.000000
1408.000000
166.000000
72.000000
1049.000000
220.000000
210.000000
230.000000
1177.000000
217.000000
357.000000
126.000000
2868.000000
1846.000000
130.000000
235.000000
236.000000
139.000000
348.000000
49.000000
1315.000000
280.000000
518.000000
152.000000
85.000000
3798.000000
542.000000
441.000000
637.000000
234.000000
1074.000000
197.000000
723.000000
544.000000
358.000000
353.000000
72.000000
290.000000
958.000000
323.000000
356.000000
997.000000
240.000000
76.000000
445.000000
735.000000
78.000000
90.000000
310.000000
198.000000
479.000000
1452.000000
384.000000
333.000000
2937.000000
100.000000
226.000000
591.000000
210.000000
852.000000
184.000000
331.000000
184.000000
878.000000
71.000000
537.000000
189.000000
56.000000
1029.000000
1258.000000
110.000000
1403.000000
268.000000
638.000000
810.000000
1271.000000
3023.000000
362.000000
2107.000000
419.000000
177.000000
2589.000000
951.000000
166.000000
481.000000
344.000000
96.000000
821.000000
99.000000
128.000000
232.000000
323.000000
1345.000000
71.000000
181.000000
762.000000
365.000000
55.000000
296.000000
872.000000
1549.000000
370.000000
1307.000000
418.000000
1506.000000
192.000000
1111.000000
73.000000
378.000000
3563.000000
442.000000
612.000000
245.000000
180.000000
420.000000
97.000000
340.000000
123.000000
367.000000
99.000000
258.000000
1151.000000
229.000000
1386.000000
652.000000
897.000000
73.000000
177.000000
562.000000
225.000000
43.000000
318.000000
180.000000
961.000000
275.000000
346.000000
351.000000
355.000000
139.000000
379.000000
523.000000
244.000000
608.000000
329.000000
248.000000
173.000000
1022.000000
231.000000
512.000000
1325.000000
135.000000
111.000000
839.000000
3330.000000
583.000000
1424.000000
180.000000
154.000000
484.000000
42.000000
342.000000
468.000000
189.000000
4211.000000
669.000000
420.000000
1299.000000
65.000000
399.000000
210.000000
215.000000
359.000000
398.000000
1319.000000
421.000000
310.000000
143.000000
355.000000
52.000000
56.000000
2029.000000
1162.000000
75.000000
104.000000
308.000000
432.000000
276.000000
643.000000
275.000000
850.000000
2304.000000
1384.000000
328.000000
1362.000000
376.000000
149.000000
315.000000
101.000000
297.000000
216.000000
312.000000
3042.000000
1498.000000
1954.000000
223.000000
861.000000
593.000000
572.000000
120.000000
169.000000
697.000000
276.000000
697.000000
154.000000
1003.000000
363.000000
433.000000
2685.000000
209.000000
2076.000000
157.000000
632.000000
681.000000
1342.000000
584.000000
682.000000
1754.000000
1238.000000
476.000000
614.000000
1636.000000
649.000000
404.000000
267.000000
1152.000000
