1487.000000
1131.000000
5135.000000
822.000000
193.000000
429.000000
200.000000
535.000000
194.000000
412.000000
427.000000
744.000000
568.000000
1681.000000
292.000000
583.000000
183.000000
744.000000
169.000000
569.000000
583.000000
298.000000
610.000000
384.000000
155.000000
2162.000000
499.000000
3140.000000
44.000000
1943.000000
623.000000
143.000000
36.000000
609.000000
1327.000000
1961.000000
829.000000
120.000000
322.000000
505.000000
254.000000
412.000000
1314.000000
1054.000000
361.000000
868.000000
153.000000
270.000000
224.000000
1364.000000
536.000000
120.000000
739.000000
189.000000
1593.000000
380.000000
2041.000000
1317.000000
303.000000
416.000000
81.000000
584.000000
984.000000
293.000000
339.000000
287.000000
1226.000000
304.000000
154.000000
120.000000
1160.000000
32.000000
255.000000
159.000000
277.000000
204.000000
1322.000000
176.000000
573.000000
679.000000
313.000000
1420.000000
134.000000
326.000000
1165.000000
284.000000
476.000000
884.000000
1193.000000
688.000000
60.000000
227.000000
3563.000000
259.000000
1364.000000
87.000000
483.000000
586.000000
281.000000
201.000000
510.000000
405.000000
346.000000
216.000000
801.000000
418.000000
284.000000
152.000000
262.000000
404.000000
61.000000
291.000000
78.000000
246.000000
871.000000
787.000000
916.000000
1007.000000
214.000000
263.000000
1414.000000
141.000000
785.000000
321.000000
1093.000000
229.000000
381.000000
306.000000
225.000000
35.000000
891.000000
1026.000000
307.000000
451.000000
164.000000
108.000000
1748.000000
1150.000000
409.000000
8438.000000
1971.000000
2663.000000
93.000000
456.000000
221.000000
203.000000
291.000000
309.000000
410.000000
91.000000
1468.000000
203.000000
419.000000
223.000000
79.000000
329.000000
395.000000
259.000000
193.000000
96.000000
343.000000
44.000000
19.000000
149.000000
84.000000
1302.000000
103.000000
136.000000
123.000000
539.000000
149.000000
385.000000
363.000000
160.000000
964.000000
183.000000
198.000000
51.000000
602.000000
154.000000
518.000000
493.000000
198.000000
440.000000
570.000000
152.000000
346.000000
607.000000
173.000000
159.000000
2220.000000
428.000000
147.000000
699.000000
441.000000
335.000000
108.000000
156.000000
2803.000000
37.000000
771.000000
215.000000
1226.000000
373.000000
1708.000000
186.000000
1147.000000
602.000000
494.000000
818.000000
142.000000
241.000000
1231.000000
1855.000000
355.000000
296.000000
923.000000
1081.000000
374.000000
331.000000
64.000000
184.000000
353.000000
2463.000000
147.000000
162.000000
315.000000
475.000000
377.000000
1076.000000
418.000000
617.000000
215.000000
319.000000
859.000000
867.000000
323.000000
955.000000
297.000000
420.000000
361.000000
169.000000
3839.000000
548.000000
110.000000
744.000000
238.000000
94.000000
591.000000
67.000000
239.000000
618.000000
687.000000
784.000000
411.000000
302.000000
663.000000
769.000000
164.000000
563.000000
414.000000
308.000000
396.000000
497.000000
789.000000
113.000000
550.000000
257.000000
1556.000000
401.000000
510.000000
796.000000
460.000000
529.000000
437.000000
403.000000
361.000000
1519.000000
262.000000
285.000000
476.000000
76.000000
1009.000000
527.000000
109.000000
1558.000000
759.000000
396.000000
4297.000000
556.000000
337.000000
92.000000
400.000000
772.000000
224.000000
162.000000
28.000000
300.000000
2957.000000
38.000000
961.000000
73.000000
343.000000
349.000000
581.000000
757.000000
1468.000000
123.000000
107.000000
162.000000
87.000000
273.000000
593.000000
277.000000
675.000000
3007.000000
54.000000
854.000000
454.000000
536.000000
317.000000
2365.000000
336.000000
2131.000000
1826.000000
327.000000
57.000000
654.000000
100.000000
960.000000
594.000000
189.000000
937.000000
381.000000
640.000000
162.000000
1627.000000
341.000000
178.000000
4601.000000
307.000000
300.000000
219.000000
909.000000
481.000000
859.000000
439.000000
1198.000000
319.000000
936.000000
184.000000
60.000000
136.000000
272.000000
306.000000
1722.000000
516.000000
813.000000
657.000000
1249.000000
514.000000
197.000000
163.000000
619.000000
83.000000
403.000000
159.000000
369.000000
701.000000
513.000000
340.000000
1658.000000
651.000000
83.000000
430.000000
2110.000000
661.000000
901.000000
296.000000
201.000000
478.000000
508.000000
1082.000000
2636.000000
653.000000
1761.000000
472.000000
75.000000
420.000000
676.000000
984.000000
429.000000
438.000000
167.000000
312.000000
140.000000
210.000000
3278.000000
260.000000
486.000000
1512.000000
224.000000
1032.000000
1171.000000
229.000000
983.000000
421.000000
247.000000
634.000000
134.000000
124.000000
59.000000
694.000000
56.000000
693.000000
671.000000
664.000000
119.000000
1557.000000
678.000000
194.000000
340.000000
396.000000
424.000000
238.000000
5141.000000
297.000000
421.000000
387.000000
163.000000
184.000000
3436.000000
504.000000
107.000000
221.000000
5482.000000
1302.000000
1035.000000
411.000000
296.000000
463.000000
637.000000
1553.000000
118.000000
332.000000
1195.000000
1523.000000
353.000000
1275.000000
51.000000
144.000000
148.000000
160.000000
2368.000000
1852.000000
408.000000
60.000000
436.000000
280.000000
2363.000000
465.000000
1199.000000
554.000000
958.000000
84.000000
192.000000
144.000000
259.000000
1002.000000
378.000000
159.000000
194.000000
508.000000
124.000000
238.000000
166.000000
147.000000
650.000000
311.000000
116.000000
268.000000
130.000000
663.000000
383.000000
185.000000
2890.000000
255.000000
208.000000
155.000000
623.000000
1417.000000
492.000000
1021.000000
256.000000
746.000000
1193.000000
1051.000000
427.000000
445.000000
645.000000
123.000000
983.000000
229.000000
335.000000
303.000000
252.000000
320.000000
1411.000000
137.000000
260.000000
130.000000
741.000000
102.000000
291.000000
1739.000000
243.000000
514.000000
38.000000
143.000000
60.000000
113.000000
100.000000
165.000000
183.000000
2313.000000
393.000000
535.000000
281.000000
296.000000
434.000000
270.000000
1906.000000
60.000000
156.000000
379.000000
1440.000000
203.000000
155.000000
150.000000
62.000000
1574.000000
625.000000
370.000000
74.000000
263.000000
479.000000
1030.000000
438.000000
447.000000
496.000000
2485.000000
1162.000000
181.000000
148.000000
243.000000
210.000000
3378.000000
231.000000
730.000000
1844.000000
549.000000
1015.000000
176.000000
495.000000
552.000000
1402.000000
200.000000
370.000000
287.000000
796.000000
82.000000
69.000000
707.000000
600.000000
301.000000
210.000000
350.000000
419.000000
548.000000
337.000000
555.000000
35.000000
311.000000
610.000000
572.000000
498.000000
2785.000000
598.000000
31.000000
838.000000
374.000000
851.000000
345.000000
1118.000000
291.000000
319.000000
298.000000
256.000000
399.000000
1231.000000
116.000000
818.000000
286.000000
709.000000
551.000000
614.000000
789.000000
1117.000000
784.000000
1453.000000
316.000000
273.000000
224.000000
451.000000
562.000000
329.000000
6452.000000
296.000000
214.000000
56.000000
425.000000
925.000000
3476.000000
357.000000
231.000000
208.000000
777.000000
360.000000
311.000000
635.000000
2460.000000
103.000000
127.000000
89.000000
114.000000
712.000000
139.000000
1348.000000
673.000000
337.000000
371.000000
1246.000000
841.000000
136.000000
112.000000
99.000000
909.000000
208.000000
1507.000000
114.000000
257.000000
299.000000
679.000000
2395.000000
267.000000
98.000000
179.000000
179.000000
681.000000
284.000000
4639.000000
353.000000
805.000000
1087.000000
888.000000
205.000000
115.000000
275.000000
2656.000000
849.000000
1382.000000
357.000000
1768.000000
223.000000
101.000000
254.000000
1004.000000
468.000000
832.000000
755.000000
130.000000
1406.000000
602.000000
1292.000000
107.000000
46.000000
768.000000
217.000000
142.000000
327.000000
387.000000
427.000000
652.000000
617.000000
731.000000
308.000000
1640.000000
261.000000
294.000000
238.000000
378.000000
749.000000
133.000000
2257.000000
270.000000
420.000000
1238.000000
1151.000000
459.000000
178.000000
1169.000000
280.000000
507.000000
501.000000
958.000000
353.000000
400.000000
556.000000
200.000000
814.000000
93.000000
383.000000
86.000000
49.000000
363.000000
458.000000
309.000000
1010.000000
264.000000
283.000000
748.000000
624.000000
228.000000
185.000000
3242.000000
303.000000
1635.000000
733.000000
1099.000000
170.000000
434.000000
54.000000
161.000000
174.000000
265.000000
134.000000
1140.000000
35.000000
939.000000
100.000000
130.000000
1121.000000
730.000000
153.000000
644.000000
79.000000
399.000000
288.000000
207.000000
126.000000
92.000000
282.000000
147.000000
150.000000
841.000000
871.000000
188.000000
192.000000
1164.000000
758.000000
138.000000
645.000000
3185.000000
205.000000
211.000000
57.000000
1071.000000
323.000000
813.000000
113.000000
492.000000
1299.000000
106.000000
354.000000
718.000000
790.000000
130.000000
102.000000
353.000000
371.000000
840.000000
661.000000
648.000000
339.000000
345.000000
518.000000
466.000000
3330.000000
228.000000
408.000000
273.000000
370.000000
1028.000000
386.000000
528.000000
277.000000
5167.000000
191.000000
277.000000
5158.000000
217.000000
12909.000000
379.000000
197.000000
454.000000
339.000000
892.000000
566.000000
1403.000000
418.000000
154.000000
157.000000
890.000000
183.000000
249.000000
687.000000
376.000000
728.000000
959.000000
165.000000
353.000000
563.000000
826.000000
163.000000
1007.000000
1496.000000
193.000000
453.000000
695.000000
270.000000
359.000000
486.000000
1090.000000
185.000000
169.000000
155.000000
1012.000000
652.000000
169.000000
108.000000
632.000000
692.000000
1438.000000
101.000000
68.000000
382.000000
520.000000
1128.000000
109.000000
732.000000
310.000000
1920.000000
70.000000
1097.000000
496.000000
401.000000
79.000000
49.000000
459.000000
62.000000
555.000000
682.000000
37.000000
81.000000
159.000000
208.000000
73.000000
128.000000
234.000000
135.000000
1293.000000
224.000000
263.000000
502.000000
624.000000
248.000000
644.000000
502.000000
67.000000
259.000000
202.000000
334.000000
1772.000000
46.000000
379.000000
523.000000
552.000000
191.000000
1859.000000
930.000000
538.000000
334.000000
271.000000
316.000000
236.000000
1193.000000
756.000000
919.000000
1134.000000
273.000000
1909.000000
181.000000
313.000000
1317.000000
510.000000
3440.000000
329.000000
1514.000000
575.000000
736.000000
222.000000
1568.000000
540.000000
1142.000000
453.000000
322.000000
428.000000
1018.000000
3058.000000
303.000000
1122.000000
137.000000
294.000000
3167.000000
137.000000
327.000000
413.000000
313.000000
354.000000
251.000000
3867.000000
912.000000
217.000000
468.000000
271.000000
589.000000
1416.000000
235.000000
988.000000
89.000000
1329.000000
503.000000
57.000000
107.000000
964.000000
153.000000
566.000000
565.000000
552.000000
1261.000000
512.000000
235.000000
195.000000
976.000000
1216.000000
43.000000
142.000000
395.000000
558.000000
1533.000000
478.000000
401.000000
1307.000000
545.000000
435.000000
95.000000
207.000000
459.000000
1241.000000
453.000000
236.000000
2710.000000
2813.000000
208.000000
669.000000
482.000000
678.000000
122.000000
146.000000
584.000000
610.000000
375.000000
2506.000000
276.000000
353.000000
243.000000
176.000000
114.000000
225.000000
726.000000
