1839.000000
2166.000000
496.000000
1074.000000
622.000000
1158.000000
161.000000
404.000000
908.000000
575.000000
266.000000
1326.000000
1586.000000
223.000000
342.000000
731.000000
769.000000
127.000000
265.000000
425.000000
103.000000
182.000000
511.000000
763.000000
747.000000
11458.000000
1119.000000
314.000000
431.000000
253.000000
1682.000000
418.000000
267.000000
197.000000
558.000000
353.000000
40.000000
977.000000
3399.000000
1797.000000
90.000000
985.000000
595.000000
3451.000000
569.000000
441.000000
538.000000
541.000000
235.000000
1706.000000
360.000000
61.000000
296.000000
701.000000
421.000000
284.000000
796.000000
144.000000
539.000000
2031.000000
173.000000
2119.000000
1868.000000
415.000000
279.000000
62.000000
449.000000
507.000000
970.000000
893.000000
526.000000
340.000000
366.000000
1063.000000
161.000000
637.000000
219.000000
377.000000
633.000000
222.000000
1347.000000
924.000000
794.000000
1162.000000
459.000000
1059.000000
283.000000
505.000000
1095.000000
235.000000
416.000000
536.000000
164.000000
4085.000000
201.000000
375.000000
929.000000
1382.000000
408.000000
265.000000
151.000000
264.000000
189.000000
380.000000
575.000000
1670.000000
738.000000
2130.000000
598.000000
144.000000
77.000000
1341.000000
1086.000000
107.000000
544.000000
2464.000000
181.000000
218.000000
1606.000000
314.000000
846.000000
74.000000
523.000000
877.000000
72.000000
183.000000
970.000000
2923.000000
749.000000
352.000000
478.000000
179.000000
110.000000
1583.000000
140.000000
205.000000
135.000000
1660.000000
583.000000
74.000000
142.000000
1904.000000
904.000000
1089.000000
365.000000
1677.000000
965.000000
283.000000
366.000000
609.000000
259.000000
636.000000
184.000000
819.000000
2572.000000
1067.000000
200.000000
254.000000
461.000000
242.000000
545.000000
1779.000000
544.000000
453.000000
639.000000
352.000000
856.000000
277.000000
5109.000000
400.000000
1542.000000
463.000000
2014.000000
638.000000
33.000000
2285.000000
199.000000
2431.000000
1094.000000
440.000000
524.000000
602.000000
677.000000
123.000000
549.000000
1605.000000
500.000000
342.000000
1262.000000
149.000000
170.000000
455.000000
424.000000
679.000000
52.000000
461.000000
111.000000
451.000000
198.000000
235.000000
908.000000
400.000000
349.000000
1591.000000
505.000000
394.000000
1361.000000
207.000000
292.000000
185.000000
300.000000
351.000000
136.000000
606.000000
99.000000
94.000000
119.000000
216.000000
309.000000
2995.000000
310.000000
234.000000
74.000000
525.000000
430.000000
419.000000
609.000000
269.000000
566.000000
263.000000
740.000000
575.000000
567.000000
358.000000
689.000000
82.000000
1183.000000
954.000000
557.000000
760.000000
254.000000
1388.000000
1357.000000
349.000000
75.000000
698.000000
1134.000000
3137.000000
483.000000
61.000000
558.000000
77.000000
778.000000
1404.000000
235.000000
538.000000
144.000000
939.000000
10600.000000
233.000000
345.000000
189.000000
57.000000
1116.000000
339.000000
625.000000
616.000000
254.000000
1521.000000
617.000000
788.000000
2191.000000
175.000000
214.000000
538.000000
1419.000000
179.000000
641.000000
435.000000
1236.000000
179.000000
33.000000
1022.000000
376.000000
313.000000
4161.000000
295.000000
202.000000
1089.000000
52.000000
1401.000000
736.000000
418.000000
663.000000
590.000000
147.000000
250.000000
1600.000000
159.000000
560.000000
361.000000
44.000000
857.000000
938.000000
206.000000
342.000000
512.000000
399.000000
637.000000
577.000000
1127.000000
150.000000
130.000000
365.000000
636.000000
130.000000
371.000000
104.000000
1886.000000
1707.000000
40.000000
234.000000
146.000000
192.000000
581.000000
217.000000
360.000000
1302.000000
213.000000
513.000000
128.000000
266.000000
1175.000000
106.000000
1167.000000
397.000000
370.000000
333.000000
953.000000
616.000000
641.000000
239.000000
516.000000
2000.000000
169.000000
897.000000
93.000000
245.000000
1076.000000
1528.000000
201.000000
119.000000
3171.000000
159.000000
1410.000000
147.000000
71.000000
971.000000
1113.000000
473.000000
494.000000
445.000000
67.000000
177.000000
167.000000
617.000000
225.000000
71.000000
89.000000
104.000000
69.000000
102.000000
842.000000
172.000000
823.000000
320.000000
1055.000000
295.000000
1065.000000
186.000000
105.000000
346.000000
418.000000
504.000000
115.000000
294.000000
446.000000
86.000000
393.000000
258.000000
895.000000
412.000000
169.000000
123.000000
146.000000
338.000000
1002.000000
492.000000
544.000000
235.000000
251.000000
1617.000000
263.000000
346.000000
148.000000
276.000000
134.000000
894.000000
1280.000000
748.000000
398.000000
884.000000
1228.000000
333.000000
512.000000
191.000000
490.000000
411.000000
228.000000
137.000000
371.000000
1034.000000
638.000000
246.000000
1042.000000
587.000000
230.000000
664.000000
174.000000
551.000000
1251.000000
368.000000
529.000000
73.000000
517.000000
323.000000
429.000000
247.000000
253.000000
680.000000
1567.000000
120.000000
202.000000
457.000000
746.000000
861.000000
3428.000000
44.000000
997.000000
23.000000
946.000000
259.000000
169.000000
92.000000
827.000000
422.000000
87.000000
210.000000
465.000000
250.000000
318.000000
380.000000
706.000000
154.000000
374.000000
55.000000
37.000000
542.000000
371.000000
143.000000
316.000000
283.000000
273.000000
403.000000
349.000000
108.000000
192.000000
481.000000
1779.000000
393.000000
116.000000
452.000000
690.000000
589.000000
235.000000
3768.000000
219.000000
2046.000000
565.000000
1865.000000
514.000000
972.000000
394.000000
97.000000
996.000000
1111.000000
712.000000
63.000000
336.000000
262.000000
461.000000
219.000000
1122.000000
277.000000
1680.000000
117.000000
94.000000
143.000000
130.000000
1404.000000
1196.000000
267.000000
229.000000
623.000000
1147.000000
561.000000
641.000000
141.000000
1367.000000
2297.000000
619.000000
876.000000
575.000000
591.000000
1007.000000
229.000000
645.000000
551.000000
164.000000
911.000000
709.000000
62.000000
569.000000
201.000000
640.000000
588.000000
239.000000
1394.000000
1310.000000
72.000000
2271.000000
643.000000
630.000000
388.000000
2924.000000
606.000000
481.000000
478.000000
204.000000
1248.000000
811.000000
430.000000
93.000000
976.000000
688.000000
476.000000
584.000000
433.000000
490.000000
2009.000000
1450.000000
803.000000
1672.000000
2826.000000
884.000000
747.000000
455.000000
18.000000
652.000000
665.000000
302.000000
114.000000
677.000000
399.000000
466.000000
1407.000000
2621.000000
78.000000
231.000000
47.000000
1414.000000
335.000000
1195.000000
73.000000
660.000000
208.000000
1063.000000
931.000000
519.000000
445.000000
171.000000
102.000000
476.000000
925.000000
213.000000
2378.000000
454.000000
145.000000
556.000000
158.000000
784.000000
3176.000000
171.000000
693.000000
304.000000
485.000000
284.000000
794.000000
313.000000
178.000000
289.000000
413.000000
564.000000
656.000000
120.000000
318.000000
292.000000
664.000000
101.000000
696.000000
228.000000
371.000000
316.000000
1296.000000
165.000000
781.000000
1809.000000
2031.000000
417.000000
714.000000
52.000000
660.000000
103.000000
594.000000
350.000000
283.000000
758.000000
1280.000000
889.000000
897.000000
76.000000
462.000000
229.000000
247.000000
1328.000000
268.000000
410.000000
355.000000
1272.000000
174.000000
130.000000
350.000000
1864.000000
125.000000
440.000000
335.000000
788.000000
1749.000000
550.000000
122.000000
99.000000
97.000000
366.000000
2590.000000
976.000000
950.000000
654.000000
849.000000
843.000000
220.000000
870.000000
144.000000
305.000000
79.000000
563.000000
722.000000
1051.000000
336.000000
688.000000
335.000000
325.000000
258.000000
425.000000
690.000000
1505.000000
335.000000
566.000000
158.000000
248.000000
302.000000
413.000000
993.000000
324.000000
724.000000
1491.000000
296.000000
54.000000
474.000000
336.000000
952.000000
2285.000000
611.000000
2651.000000
130.000000
141.000000
2617.000000
981.000000
1945.000000
341.000000
297.000000
372.000000
55.000000
122.000000
169.000000
184.000000
123.000000
450.000000
1546.000000
1325.000000
440.000000
299.000000
464.000000
502.000000
172.000000
1220.000000
814.000000
750.000000
1512.000000
489.000000
654.000000
1024.000000
239.000000
670.000000
373.000000
2758.000000
266.000000
202.000000
1162.000000
347.000000
325.000000
1098.000000
425.000000
1741.000000
246.000000
334.000000
295.000000
608.000000
430.000000
810.000000
302.000000
529.000000
218.000000
567.000000
3300.000000
348.000000
365.000000
982.000000
132.000000
985.000000
724.000000
160.000000
2155.000000
115.000000
54.000000
1230.000000
157.000000
139.000000
502.000000
1387.000000
604.000000
289.000000
2843.000000
833.000000
157.000000
83.000000
88.000000
399.000000
304.000000
229.000000
209.000000
3424.000000
449.000000
168.000000
291.000000
1078.000000
686.000000
2181.000000
539.000000
2224.000000
256.000000
111.000000
443.000000
1814.000000
1649.000000
105.000000
163.000000
1102.000000
144.000000
396.000000
329.000000
279.000000
175.000000
266.000000
612.000000
51.000000
481.000000
336.000000
2111.000000
251.000000
829.000000
549.000000
328.000000
293.000000
256.000000
786.000000
366.000000
2506.000000
51.000000
284.000000
411.000000
575.000000
624.000000
1512.000000
269.000000
527.000000
1194.000000
1335.000000
416.000000
568.000000
240.000000
37.000000
80.000000
307.000000
283.000000
393.000000
605.000000
99.000000
690.000000
1278.000000
553.000000
180.000000
246.000000
902.000000
229.000000
831.000000
3638.000000
111.000000
140.000000
92.000000
448.000000
284.000000
842.000000
1186.000000
260.000000
1086.000000
150.000000
768.000000
240.000000
2310.000000
123.000000
622.000000
309.000000
1192.000000
38.000000
290.000000
104.000000
401.000000
466.000000
465.000000
391.000000
2258.000000
256.000000
455.000000
68.000000
448.000000
162.000000
435.000000
274.000000
132.000000
41.000000
314.000000
449.000000
477.000000
300.000000
444.000000
277.000000
684.000000
128.000000
100.000000
176.000000
360.000000
464.000000
263.000000
72.000000
365.000000
728.000000
1347.000000
1484.000000
1420.000000
754.000000
976.000000
487.000000
37.000000
238.000000
811.000000
496.000000
101.000000
126.000000
786.000000
497.000000
76.000000
861.000000
928.000000
1186.000000
358.000000
76.000000
293.000000
186.000000
1611.000000
414.000000
3395.000000
623.000000
3374.000000
116.000000
694.000000
295.000000
150.000000
254.000000
139.000000
131.000000
725.000000
309.000000
155.000000
948.000000
924.000000
1024.000000
182.000000
104.000000
101.000000
166.000000
327.000000
269.000000
145.000000
585.000000
652.000000
250.000000
250.000000
901.000000
566.000000
83.000000
872.000000
240.000000
297.000000
464.000000
76.000000
342.000000
966.000000
1940.000000
1092.000000
377.000000
169.000000
57.000000
236.000000
757.000000
451.000000
1165.000000
1426.000000
373.000000
1761.000000
1019.000000
1017.000000
386.000000
773.000000
497.000000
1556.000000
60.000000
257.000000
628.000000
1272.000000
94.000000
860.000000
705.000000
326.000000
198.000000
1399.000000
415.000000
314.000000
893.000000
670.000000
531.000000
495.000000
495.000000
4379.000000
2059.000000
282.000000
445.000000
1694.000000
975.000000
1151.000000
58.000000
