60.000000
86.000000
48.000000
498.000000
224.000000
212.000000
2058.000000
295.000000
1709.000000
580.000000
362.000000
2194.000000
2728.000000
1032.000000
148.000000
307.000000
733.000000
2772.000000
838.000000
134.000000
541.000000
214.000000
274.000000
573.000000
3426.000000
990.000000
60.000000
1624.000000
888.000000
831.000000
317.000000
451.000000
205.000000
835.000000
236.000000
1632.000000
879.000000
1952.000000
3019.000000
142.000000
1332.000000
753.000000
1180.000000
396.000000
609.000000
44.000000
403.000000
726.000000
380.000000
345.000000
673.000000
586.000000
568.000000
196.000000
847.000000
464.000000
739.000000
169.000000
339.000000
411.000000
745.000000
107.000000
366.000000
437.000000
58.000000
1391.000000
1060.000000
1118.000000
419.000000
256.000000
467.000000
567.000000
280.000000
74.000000
4101.000000
931.000000
494.000000
1620.000000
628.000000
119.000000
200.000000
290.000000
1945.000000
258.000000
1479.000000
696.000000
157.000000
405.000000
765.000000
433.000000
238.000000
203.000000
1035.000000
93.000000
1034.000000
197.000000
607.000000
284.000000
285.000000
324.000000
341.000000
1143.000000
68.000000
1813.000000
262.000000
130.000000
159.000000
253.000000
798.000000
2586.000000
494.000000
496.000000
58.000000
55.000000
561.000000
1060.000000
394.000000
511.000000
104.000000
3370.000000
86.000000
1438.000000
363.000000
180.000000
638.000000
1080.000000
96.000000
1064.000000
108.000000
231.000000
257.000000
306.000000
50.000000
195.000000
378.000000
509.000000
926.000000
721.000000
985.000000
1323.000000
265.000000
551.000000
215.000000
372.000000
155.000000
567.000000
820.000000
2127.000000
1014.000000
450.000000
385.000000
2312.000000
589.000000
415.000000
2160.000000
366.000000
2647.000000
234.000000
470.000000
435.000000
457.000000
458.000000
160.000000
1871.000000
910.000000
194.000000
1325.000000
429.000000
263.000000
636.000000
131.000000
762.000000
315.000000
853.000000
276.000000
187.000000
62.000000
139.000000
324.000000
636.000000
1379.000000
561.000000
481.000000
272.000000
1120.000000
764.000000
1247.000000
655.000000
375.000000
618.000000
180.000000
1954.000000
508.000000
496.000000
136.000000
418.000000
452.000000
174.000000
97.000000
403.000000
108.000000
475.000000
857.000000
275.000000
3461.000000
1122.000000
939.000000
171.000000
500.000000
490.000000
687.000000
80.000000
884.000000
438.000000
139.000000
255.000000
6067.000000
109.000000
1070.000000
327.000000
137.000000
282.000000
2670.000000
316.000000
1690.000000
860.000000
218.000000
1015.000000
1249.000000
918.000000
793.000000
73.000000
1547.000000
90.000000
706.000000
495.000000
217.000000
628.000000
74.000000
305.000000
343.000000
56.000000
105.000000
1862.000000
1629.000000
300.000000
2418.000000
1124.000000
221.000000
200.000000
691.000000
383.000000
1183.000000
486.000000
856.000000
469.000000
301.000000
2240.000000
184.000000
373.000000
428.000000
329.000000
129.000000
1288.000000
472.000000
90.000000
279.000000
4491.000000
1108.000000
349.000000
678.000000
1250.000000
522.000000
165.000000
1449.000000
182.000000
454.000000
95.000000
359.000000
411.000000
859.000000
1180.000000
206.000000
76.000000
164.000000
256.000000
335.000000
495.000000
876.000000
130.000000
713.000000
99.000000
882.000000
566.000000
1696.000000
1115.000000
177.000000
1040.000000
496.000000
544.000000
500.000000
429.000000
2686.000000
916.000000
321.000000
1327.000000
214.000000
352.000000
1230.000000
740.000000
3364.000000
365.000000
112.000000
330.000000
469.000000
564.000000
420.000000
89.000000
469.000000
303.000000
159.000000
56.000000
320.000000
859.000000
106.000000
418.000000
499.000000
1557.000000
637.000000
1498.000000
1338.000000
167.000000
58.000000
404.000000
79.000000
316.000000
1773.000000
150.000000
563.000000
91.000000
336.000000
2435.000000
1262.000000
190.000000
741.000000
358.000000
2713.000000
318.000000
1391.000000
70.000000
109.000000
135.000000
89.000000
554.000000
741.000000
476.000000
957.000000
95.000000
301.000000
379.000000
700.000000
453.000000
216.000000
1000.000000
826.000000
1532.000000
795.000000
238.000000
360.000000
53.000000
2408.000000
189.000000
438.000000
167.000000
134.000000
234.000000
889.000000
236.000000
357.000000
205.000000
1495.000000
692.000000
125.000000
401.000000
531.000000
595.000000
484.000000
257.000000
1040.000000
720.000000
967.000000
866.000000
2728.000000
233.000000
138.000000
189.000000
88.000000
56.000000
397.000000
51.000000
191.000000
234.000000
913.000000
1294.000000
980.000000
733.000000
1503.000000
266.000000
740.000000
195.000000
304.000000
281.000000
12096.000000
710.000000
123.000000
173.000000
117.000000
880.000000
263.000000
1167.000000
331.000000
315.000000
288.000000
173.000000
447.000000
488.000000
1534.000000
344.000000
1746.000000
576.000000
544.000000
33.000000
220.000000
2599.000000
1356.000000
367.000000
803.000000
504.000000
791.000000
244.000000
67.000000
250.000000
380.000000
1275.000000
307.000000
85.000000
1435.000000
139.000000
292.000000
118.000000
460.000000
368.000000
848.000000
563.000000
582.000000
409.000000
366.000000
232.000000
415.000000
125.000000
741.000000
678.000000
220.000000
1904.000000
1772.000000
936.000000
1223.000000
384.000000
1249.000000
960.000000
429.000000
85.000000
257.000000
478.000000
230.000000
1371.000000
89.000000
150.000000
167.000000
696.000000
228.000000
332.000000
1083.000000
143.000000
320.000000
2999.000000
564.000000
115.000000
167.000000
280.000000
133.000000
334.000000
1503.000000
160.000000
735.000000
591.000000
595.000000
830.000000
1431.000000
1419.000000
926.000000
348.000000
2785.000000
342.000000
178.000000
1280.000000
1603.000000
1467.000000
132.000000
1063.000000
547.000000
152.000000
294.000000
747.000000
51.000000
629.000000
1594.000000
464.000000
131.000000
637.000000
1487.000000
314.000000
882.000000
428.000000
205.000000
729.000000
1459.000000
354.000000
79.000000
254.000000
486.000000
209.000000
231.000000
536.000000
226.000000
799.000000
75.000000
349.000000
84.000000
686.000000
162.000000
986.000000
55.000000
367.000000
2483.000000
859.000000
280.000000
117.000000
335.000000
239.000000
270.000000
69.000000
215.000000
800.000000
275.000000
407.000000
306.000000
1170.000000
726.000000
91.000000
465.000000
713.000000
145.000000
99.000000
66.000000
459.000000
293.000000
304.000000
505.000000
253.000000
222.000000
99.000000
206.000000
1037.000000
587.000000
206.000000
99.000000
839.000000
469.000000
292.000000
745.000000
607.000000
198.000000
1238.000000
60.000000
284.000000
299.000000
4594.000000
192.000000
202.000000
265.000000
411.000000
1148.000000
513.000000
124.000000
264.000000
368.000000
307.000000
1328.000000
305.000000
807.000000
1507.000000
240.000000
491.000000
524.000000
544.000000
697.000000
409.000000
470.000000
1402.000000
273.000000
681.000000
261.000000
329.000000
258.000000
87.000000
324.000000
1855.000000
1186.000000
325.000000
788.000000
709.000000
345.000000
119.000000
875.000000
482.000000
285.000000
592.000000
1217.000000
154.000000
285.000000
271.000000
1238.000000
876.000000
199.000000
541.000000
523.000000
477.000000
294.000000
478.000000
960.000000
164.000000
1588.000000
623.000000
538.000000
2533.000000
220.000000
1467.000000
1719.000000
768.000000
934.000000
184.000000
1773.000000
764.000000
4462.000000
318.000000
458.000000
234.000000
109.000000
651.000000
399.000000
1233.000000
455.000000
273.000000
305.000000
1005.000000
1607.000000
2291.000000
203.000000
632.000000
443.000000
234.000000
281.000000
344.000000
70.000000
327.000000
1016.000000
902.000000
551.000000
193.000000
574.000000
1671.000000
1113.000000
1672.000000
293.000000
305.000000
100.000000
438.000000
588.000000
216.000000
204.000000
742.000000
668.000000
210.000000
781.000000
375.000000
760.000000
490.000000
155.000000
349.000000
701.000000
326.000000
177.000000
848.000000
635.000000
216.000000
272.000000
1032.000000
269.000000
334.000000
133.000000
68.000000
806.000000
1253.000000
113.000000
369.000000
196.000000
320.000000
269.000000
102.000000
623.000000
6680.000000
301.000000
388.000000
690.000000
1776.000000
1083.000000
412.000000
150.000000
1661.000000
425.000000
441.000000
351.000000
56.000000
338.000000
255.000000
1609.000000
290.000000
1157.000000
672.000000
789.000000
192.000000
969.000000
100.000000
70.000000
633.000000
807.000000
68.000000
197.000000
628.000000
501.000000
136.000000
498.000000
307.000000
457.000000
304.000000
421.000000
3953.000000
820.000000
169.000000
70.000000
258.000000
507.000000
150.000000
289.000000
1110.000000
678.000000
181.000000
1108.000000
220.000000
382.000000
1456.000000
292.000000
318.000000
107.000000
3795.000000
316.000000
1292.000000
130.000000
3188.000000
673.000000
119.000000
193.000000
1437.000000
297.000000
134.000000
107.000000
285.000000
153.000000
71.000000
1170.000000
211.000000
138.000000
2933.000000
1110.000000
686.000000
295.000000
370.000000
181.000000
102.000000
381.000000
184.000000
1018.000000
3538.000000
180.000000
313.000000
495.000000
2892.000000
1165.000000
942.000000
487.000000
294.000000
1208.000000
375.000000
251.000000
537.000000
1209.000000
1434.000000
1069.000000
1287.000000
161.000000
68.000000
82.000000
64.000000
285.000000
62.000000
184.000000
11.000000
669.000000
699.000000
63.000000
602.000000
873.000000
4989.000000
384.000000
427.000000
2072.000000
382.000000
62.000000
753.000000
1815.000000
344.000000
220.000000
1896.000000
288.000000
1799.000000
1249.000000
789.000000
526.000000
50.000000
3455.000000
65.000000
1189.000000
992.000000
261.000000
257.000000
122.000000
96.000000
209.000000
160.000000
203.000000
355.000000
401.000000
122.000000
389.000000
268.000000
1722.000000
1086.000000
640.000000
133.000000
86.000000
291.000000
816.000000
37622.000000
367.000000
1710.000000
655.000000
69.000000
131.000000
3782.000000
303.000000
1756.000000
965.000000
454.000000
3545.000000
195.000000
2493.000000
553.000000
160.000000
1420.000000
1014.000000
602.000000
259.000000
1170.000000
172.000000
236.000000
153.000000
373.000000
546.000000
333.000000
206.000000
339.000000
340.000000
488.000000
199.000000
313.000000
2687.000000
569.000000
22.000000
144.000000
936.000000
78.000000
353.000000
194.000000
718.000000
735.000000
316.000000
177.000000
119.000000
1423.000000
98.000000
46.000000
365.000000
207.000000
206.000000
1491.000000
915.000000
1833.000000
1571.000000
665.000000
384.000000
471.000000
633.000000
1363.000000
2768.000000
503.000000
90.000000
874.000000
101.000000
101.000000
169.000000
838.000000
126.000000
248.000000
310.000000
1897.000000
126.000000
494.000000
715.000000
347.000000
716.000000
100.000000
320.000000
477.000000
430.000000
418.000000
687.000000
340.000000
164.000000
84.000000
1771.000000
1137.000000
96.000000
705.000000
240.000000
2136.000000
219.000000
481.000000
390.000000
300.000000
231.000000
49.000000
523.000000
1427.000000
882.000000
336.000000
156.000000
71.000000
2787.000000
728.000000
557.000000
161.000000
1773.000000
106.000000
2877.000000
428.000000
489.000000
1513.000000
372.000000
235.000000
141.000000
620.000000
242.000000
80.000000
260.000000
254.000000
804.000000
1239.000000
268.000000
691.000000
