406.000000
1777.000000
725.000000
80.000000
556.000000
746.000000
474.000000
214.000000
1009.000000
127.000000
237.000000
223.000000
73.000000
996.000000
510.000000
359.000000
190.000000
297.000000
482.000000
822.000000
146.000000
587.000000
496.000000
439.000000
136.000000
786.000000
908.000000
501.000000
1120.000000
410.000000
511.000000
608.000000
3489.000000
339.000000
29.000000
544.000000
1238.000000
1393.000000
56.000000
1571.000000
87.000000
1063.000000
232.000000
173.000000
197.000000
646.000000
125.000000
306.000000
181.000000
493.000000
130.000000
1495.000000
1819.000000
1007.000000
801.000000
411.000000
1320.000000
41.000000
328.000000
247.000000
151.000000
101.000000
89.000000
82.000000
126.000000
184.000000
305.000000
349.000000
490.000000
1081.000000
217.000000
286.000000
72.000000
355.000000
279.000000
763.000000
365.000000
502.000000
1625.000000
1278.000000
151.000000
1021.000000
273.000000
392.000000
914.000000
156.000000
154.000000
361.000000
130.000000
74.000000
505.000000
1220.000000
201.000000
544.000000
535.000000
50.000000
1751.000000
1278.000000
397.000000
4762.000000
903.000000
560.000000
126.000000
3444.000000
111.000000
122.000000
599.000000
341.000000
1904.000000
442.000000
1011.000000
324.000000
74.000000
1017.000000
429.000000
381.000000
460.000000
342.000000
200.000000
1349.000000
375.000000
938.000000
102.000000
375.000000
229.000000
555.000000
121.000000
262.000000
2895.000000
466.000000
636.000000
711.000000
268.000000
1286.000000
107.000000
685.000000
165.000000
169.000000
777.000000
190.000000
623.000000
301.000000
583.000000
997.000000
71.000000
93.000000
274.000000
306.000000
1486.000000
2884.000000
950.000000
737.000000
562.000000
280.000000
398.000000
353.000000
2184.000000
590.000000
348.000000
258.000000
149.000000
3144.000000
1320.000000
1253.000000
435.000000
1266.000000
203.000000
150.000000
134.000000
284.000000
130.000000
314.000000
2297.000000
51.000000
221.000000
219.000000
775.000000
211.000000
163.000000
522.000000
399.000000
252.000000
1230.000000
648.000000
895.000000
191.000000
373.000000
449.000000
32.000000
742.000000
1743.000000
593.000000
186.000000
519.000000
434.000000
139.000000
1243.000000
162.000000
379.000000
71.000000
3551.000000
1026.000000
227.000000
250.000000
719.000000
154.000000
56.000000
531.000000
645.000000
1180.000000
356.000000
257.000000
1383.000000
241.000000
171.000000
340.000000
228.000000
509.000000
175.000000
279.000000
226.000000
165.000000
134.000000
205.000000
268.000000
153.000000
285.000000
384.000000
630.000000
1108.000000
235.000000
661.000000
508.000000
143.000000
665.000000
92.000000
1055.000000
430.000000
257.000000
702.000000
693.000000
2061.000000
409.000000
1206.000000
3638.000000
508.000000
653.000000
85.000000
146.000000
74.000000
459.000000
3888.000000
392.000000
1167.000000
395.000000
673.000000
375.000000
503.000000
124.000000
176.000000
65.000000
777.000000
205.000000
1054.000000
316.000000
361.000000
200.000000
585.000000
199.000000
749.000000
2143.000000
148.000000
112.000000
1196.000000
207.000000
286.000000
164.000000
86.000000
100.000000
429.000000
162.000000
38.000000
442.000000
207.000000
360.000000
385.000000
306.000000
210.000000
547.000000
1481.000000
494.000000
689.000000
501.000000
2064.000000
680.000000
103.000000
262.000000
930.000000
3151.000000
209.000000
217.000000
2244.000000
565.000000
440.000000
137.000000
244.000000
387.000000
247.000000
789.000000
925.000000
396.000000
1448.000000
2830.000000
526.000000
426.000000
218.000000
142.000000
164.000000
917.000000
383.000000
1382.000000
2303.000000
1231.000000
121.000000
785.000000
417.000000
226.000000
148.000000
780.000000
308.000000
1119.000000
621.000000
50.000000
223.000000
772.000000
40.000000
2040.000000
237.000000
1466.000000
476.000000
69.000000
250.000000
472.000000
738.000000
686.000000
456.000000
624.000000
541.000000
384.000000
1066.000000
1027.000000
87.000000
902.000000
422.000000
128.000000
218.000000
149.000000
57.000000
219.000000
510.000000
477.000000
285.000000
1207.000000
270.000000
2088.000000
253.000000
261.000000
364.000000
1371.000000
395.000000
145.000000
777.000000
758.000000
639.000000
411.000000
78.000000
511.000000
120.000000
1360.000000
119.000000
284.000000
446.000000
758.000000
1424.000000
666.000000
88.000000
420.000000
1177.000000
599.000000
1344.000000
373.000000
331.000000
326.000000
441.000000
681.000000
365.000000
634.000000
651.000000
69.000000
131.000000
348.000000
624.000000
146.000000
2096.000000
2104.000000
690.000000
984.000000
1572.000000
373.000000
494.000000
74.000000
686.000000
446.000000
858.000000
2465.000000
473.000000
1094.000000
176.000000
63.000000
1099.000000
586.000000
60.000000
625.000000
195.000000
112.000000
103.000000
427.000000
280.000000
186.000000
204.000000
404.000000
887.000000
229.000000
1158.000000
599.000000
536.000000
192.000000
566.000000
425.000000
556.000000
44.000000
199.000000
242.000000
689.000000
823.000000
140.000000
1582.000000
693.000000
1242.000000
236.000000
291.000000
372.000000
320.000000
95.000000
607.000000
378.000000
1052.000000
573.000000
362.000000
1699.000000
253.000000
1033.000000
207.000000
816.000000
782.000000
4035.000000
402.000000
69.000000
717.000000
66.000000
341.000000
1040.000000
505.000000
989.000000
170.000000
1431.000000
456.000000
156.000000
802.000000
6799.000000
283.000000
3118.000000
285.000000
3435.000000
474.000000
3810.000000
631.000000
219.000000
296.000000
740.000000
141.000000
412.000000
218.000000
694.000000
313.000000
366.000000
262.000000
740.000000
170.000000
236.000000
1831.000000
1065.000000
473.000000
1239.000000
508.000000
756.000000
538.000000
2756.000000
422.000000
1184.000000
827.000000
1594.000000
536.000000
327.000000
1845.000000
2061.000000
155.000000
258.000000
212.000000
95.000000
75.000000
102.000000
110.000000
1650.000000
3113.000000
485.000000
36.000000
118.000000
605.000000
1117.000000
673.000000
982.000000
221.000000
567.000000
263.000000
666.000000
251.000000
381.000000
890.000000
474.000000
679.000000
888.000000
234.000000
731.000000
528.000000
7123.000000
147.000000
548.000000
329.000000
2474.000000
945.000000
287.000000
166.000000
1884.000000
637.000000
123.000000
355.000000
869.000000
933.000000
430.000000
647.000000
1741.000000
376.000000
1463.000000
965.000000
333.000000
652.000000
540.000000
205.000000
528.000000
423.000000
312.000000
320.000000
360.000000
205.000000
239.000000
100.000000
403.000000
60.000000
175.000000
250.000000
167.000000
1131.000000
159.000000
512.000000
165.000000
364.000000
285.000000
348.000000
228.000000
314.000000
238.000000
188.000000
59.000000
92.000000
259.000000
865.000000
1274.000000
438.000000
1552.000000
478.000000
49.000000
90.000000
294.000000
1325.000000
346.000000
1225.000000
608.000000
1521.000000
276.000000
620.000000
369.000000
342.000000
1145.000000
454.000000
789.000000
159.000000
2274.000000
531.000000
417.000000
683.000000
904.000000
636.000000
1105.000000
67.000000
341.000000
164.000000
174.000000
2075.000000
411.000000
393.000000
107.000000
782.000000
202.000000
64.000000
212.000000
655.000000
1199.000000
521.000000
154.000000
323.000000
223.000000
587.000000
946.000000
219.000000
211.000000
57.000000
354.000000
181.000000
590.000000
358.000000
180.000000
527.000000
123.000000
1167.000000
530.000000
54.000000
98.000000
761.000000
229.000000
502.000000
90.000000
111.000000
340.000000
975.000000
749.000000
693.000000
24.000000
1666.000000
687.000000
2551.000000
218.000000
421.000000
575.000000
3051.000000
67.000000
172.000000
980.000000
521.000000
322.000000
218.000000
157.000000
132.000000
2950.000000
2398.000000
611.000000
583.000000
393.000000
485.000000
1302.000000
124.000000
268.000000
343.000000
36.000000
278.000000
486.000000
239.000000
535.000000
370.000000
274.000000
540.000000
828.000000
126.000000
416.000000
100.000000
637.000000
150.000000
114.000000
525.000000
2070.000000
883.000000
346.000000
249.000000
90.000000
355.000000
600.000000
284.000000
216.000000
231.000000
645.000000
155.000000
1069.000000
766.000000
73.000000
142.000000
401.000000
228.000000
238.000000
929.000000
115.000000
336.000000
691.000000
222.000000
3139.000000
600.000000
163.000000
784.000000
443.000000
472.000000
475.000000
1000.000000
1125.000000
443.000000
1449.000000
572.000000
166.000000
572.000000
252.000000
863.000000
590.000000
379.000000
964.000000
336.000000
2140.000000
806.000000
2322.000000
87.000000
265.000000
94.000000
1119.000000
1077.000000
87.000000
266.000000
172.000000
103.000000
475.000000
1795.000000
202.000000
78.000000
761.000000
1508.000000
170.000000
223.000000
242.000000
172.000000
268.000000
735.000000
173.000000
1157.000000
732.000000
452.000000
348.000000
625.000000
493.000000
118.000000
1256.000000
553.000000
2081.000000
1031.000000
205.000000
1185.000000
601.000000
352.000000
335.000000
961.000000
112.000000
273.000000
838.000000
768.000000
350.000000
384.000000
367.000000
775.000000
190.000000
409.000000
233.000000
122.000000
559.000000
102.000000
1503.000000
2634.000000
581.000000
59.000000
7876.000000
2003.000000
273.000000
250.000000
315.000000
100.000000
81.000000
58.000000
2238.000000
662.000000
443.000000
268.000000
190.000000
417.000000
234.000000
144.000000
2075.000000
1625.000000
197.000000
241.000000
853.000000
1002.000000
727.000000
845.000000
456.000000
682.000000
517.000000
668.000000
779.000000
1523.000000
402.000000
705.000000
744.000000
1304.000000
407.000000
195.000000
514.000000
296.000000
687.000000
749.000000
50.000000
217.000000
72.000000
143.000000
745.000000
436.000000
452.000000
612.000000
161.000000
105.000000
1002.000000
318.000000
948.000000
772.000000
482.000000
382.000000
73.000000
774.000000
1106.000000
389.000000
933.000000
181.000000
511.000000
213.000000
721.000000
737.000000
526.000000
112.000000
619.000000
126.000000
124.000000
517.000000
454.000000
139.000000
1326.000000
177.000000
650.000000
205.000000
2530.000000
169.000000
143.000000
468.000000
118.000000
421.000000
338.000000
128.000000
319.000000
278.000000
163.000000
124.000000
733.000000
415.000000
163.000000
1918.000000
285.000000
62.000000
371.000000
1119.000000
1366.000000
1044.000000
467.000000
591.000000
214.000000
93.000000
1030.000000
142.000000
1633.000000
415.000000
149.000000
2498.000000
2233.000000
279.000000
415.000000
379.000000
61.000000
679.000000
1054.000000
838.000000
379.000000
207.000000
156.000000
918.000000
1211.000000
331.000000
4757.000000
1298.000000
911.000000
251.000000
1093.000000
1623.000000
119.000000
195.000000
706.000000
326.000000
190.000000
1011.000000
1686.000000
144.000000
860.000000
910.000000
92.000000
573.000000
141.000000
235.000000
563.000000
571.000000
1107.000000
674.000000
360.000000
482.000000
361.000000
733.000000
239.000000
373.000000
598.000000
641.000000
598.000000
678.000000
241.000000
618.000000
151.000000
425.000000
353.000000
167.000000
267.000000
62.000000
102.000000
2082.000000
77.000000
263.000000
1523.000000
789.000000
411.000000
116.000000
381.000000
590.000000
408.000000
205.000000
812.000000
289.000000
267.000000
3697.000000
391.000000
331.000000
228.000000
247.000000
631.000000
