156.000000
1003.000000
385.000000
1846.000000
6553.000000
138.000000
247.000000
457.000000
356.000000
69.000000
1810.000000
140.000000
556.000000
190.000000
340.000000
93.000000
1380.000000
253.000000
264.000000
641.000000
113.000000
307.000000
850.000000
1131.000000
680.000000
1053.000000
1505.000000
498.000000
191.000000
1787.000000
559.000000
184.000000
431.000000
76.000000
556.000000
112.000000
103.000000
334.000000
881.000000
139.000000
146.000000
560.000000
272.000000
224.000000
597.000000
185.000000
1831.000000
447.000000
84.000000
108.000000
1245.000000
840.000000
215.000000
243.000000
1003.000000
133.000000
288.000000
927.000000
165.000000
167.000000
283.000000
191.000000
257.000000
153.000000
2030.000000
425.000000
415.000000
1683.000000
40.000000
1146.000000
492.000000
784.000000
2174.000000
560.000000
201.000000
1566.000000
254.000000
183.000000
225.000000
468.000000
1319.000000
746.000000
243.000000
1032.000000
1447.000000
123.000000
3614.000000
273.000000
568.000000
242.000000
1533.000000
1994.000000
1162.000000
215.000000
2622.000000
713.000000
193.000000
243.000000
153.000000
261.000000
346.000000
917.000000
192.000000
413.000000
59.000000
412.000000
254.000000
1676.000000
527.000000
181.000000
967.000000
150.000000
3271.000000
2106.000000
215.000000
849.000000
86.000000
501.000000
337.000000
149.000000
644.000000
512.000000
553.000000
1055.000000
118.000000
1315.000000
295.000000
714.000000
387.000000
179.000000
215.000000
192.000000
362.000000
219.000000
434.000000
1463.000000
332.000000
396.000000
842.000000
846.000000
142.000000
69.000000
124.000000
120.000000
866.000000
1367.000000
206.000000
377.000000
404.000000
189.000000
1901.000000
1241.000000
546.000000
7213.000000
242.000000
58.000000
656.000000
1006.000000
1064.000000
2058.000000
2331.000000
144.000000
1189.000000
103.000000
227.000000
456.000000
755.000000
238.000000
528.000000
161.000000
437.000000
456.000000
29.000000
783.000000
900.000000
120.000000
214.000000
70.000000
524.000000
162.000000
1345.000000
530.000000
865.000000
412.000000
111.000000
411.000000
395.000000
1173.000000
50.000000
371.000000
333.000000
10950.000000
64.000000
124.000000
2286.000000
264.000000
6508.000000
35.000000
405.000000
230.000000
105.000000
620.000000
119.000000
182.000000
475.000000
119.000000
408.000000
335.000000
153.000000
801.000000
423.000000
493.000000
650.000000
442.000000
152.000000
177.000000
235.000000
528.000000
1663.000000
477.000000
242.000000
363.000000
1037.000000
428.000000
337.000000
291.000000
172.000000
1254.000000
1390.000000
501.000000
1668.000000
232.000000
236.000000
578.000000
805.000000
635.000000
152.000000
125.000000
659.000000
753.000000
1721.000000
1283.000000
702.000000
118.000000
589.000000
423.000000
403.000000
506.000000
996.000000
889.000000
232.000000
1391.000000
362.000000
494.000000
424.000000
84.000000
227.000000
168.000000
139.000000
2486.000000
1399.000000
515.000000
297.000000
828.000000
3354.000000
282.000000
486.000000
100.000000
100.000000
52.000000
686.000000
869.000000
573.000000
555.000000
223.000000
972.000000
1785.000000
763.000000
43.000000
621.000000
1165.000000
179.000000
305.000000
573.000000
352.000000
525.000000
152.000000
238.000000
538.000000
1283.000000
91.000000
84.000000
2181.000000
791.000000
583.000000
63.000000
943.000000
3379.000000
4682.000000
250.000000
129.000000
763.000000
39.000000
1263.000000
1676.000000
389.000000
635.000000
1756.000000
717.000000
1765.000000
780.000000
4235.000000
4017.000000
419.000000
104.000000
50.000000
90.000000
66.000000
556.000000
787.000000
308.000000
407.000000
1164.000000
84.000000
350.000000
456.000000
544.000000
640.000000
1516.000000
367.000000
107.000000
695.000000
337.000000
381.000000
50.000000
363.000000
1559.000000
216.000000
390.000000
1806.000000
155.000000
596.000000
960.000000
230.000000
212.000000
231.000000
2720.000000
1007.000000
45.000000
430.000000
316.000000
1067.000000
309.000000
170.000000
1128.000000
1183.000000
230.000000
483.000000
419.000000
199.000000
412.000000
357.000000
1547.000000
333.000000
65.000000
1753.000000
614.000000
1465.000000
258.000000
585.000000
1038.000000
697.000000
338.000000
635.000000
1213.000000
258.000000
397.000000
71.000000
265.000000
264.000000
561.000000
194.000000
632.000000
807.000000
1695.000000
414.000000
1976.000000
153.000000
284.000000
1824.000000
178.000000
681.000000
502.000000
174.000000
2062.000000
2407.000000
2503.000000
873.000000
466.000000
766.000000
193.000000
79.000000
493.000000
281.000000
1233.000000
321.000000
360.000000
388.000000
321.000000
1398.000000
742.000000
267.000000
753.000000
473.000000
2275.000000
1136.000000
239.000000
269.000000
1586.000000
611.000000
120.000000
448.000000
259.000000
2224.000000
172.000000
89.000000
300.000000
427.000000
142.000000
344.000000
680.000000
668.000000
512.000000
678.000000
97.000000
95.000000
1213.000000
453.000000
95.000000
762.000000
500.000000
242.000000
184.000000
570.000000
1350.000000
1457.000000
863.000000
58.000000
878.000000
282.000000
791.000000
4013.000000
352.000000
952.000000
148.000000
668.000000
155.000000
533.000000
966.000000
112.000000
382.000000
518.000000
108.000000
79.000000
360.000000
641.000000
633.000000
635.000000
1535.000000
1345.000000
525.000000
511.000000
180.000000
1851.000000
60.000000
216.000000
73.000000
53.000000
238.000000
2220.000000
970.000000
1655.000000
115.000000
424.000000
218.000000
133.000000
2575.000000
145.000000
186.000000
600.000000
327.000000
904.000000
115.000000
5058.000000
68.000000
301.000000
79.000000
932.000000
86.000000
146.000000
1270.000000
489.000000
334.000000
976.000000
206.000000
844.000000
349.000000
247.000000
684.000000
635.000000
86.000000
3269.000000
134.000000
408.000000
525.000000
186.000000
1039.000000
208.000000
187.000000
536.000000
371.000000
2496.000000
421.000000
305.000000
338.000000
345.000000
74.000000
84.000000
69.000000
82.000000
830.000000
176.000000
69.000000
476.000000
1077.000000
2013.000000
1052.000000
1170.000000
2182.000000
446.000000
354.000000
870.000000
1184.000000
141.000000
554.000000
576.000000
357.000000
302.000000
328.000000
586.000000
279.000000
241.000000
651.000000
869.000000
252.000000
1053.000000
382.000000
151.000000
723.000000
245.000000
330.000000
174.000000
309.000000
381.000000
326.000000
514.000000
1290.000000
177.000000
117.000000
320.000000
988.000000
466.000000
131.000000
1281.000000
244.000000
131.000000
1327.000000
845.000000
1495.000000
1346.000000
3026.000000
2313.000000
592.000000
274.000000
378.000000
978.000000
480.000000
493.000000
220.000000
519.000000
971.000000
1183.000000
518.000000
149.000000
3737.000000
293.000000
500.000000
260.000000
349.000000
3573.000000
85.000000
373.000000
739.000000
608.000000
1015.000000
240.000000
461.000000
1595.000000
316.000000
176.000000
276.000000
1748.000000
467.000000
1033.000000
514.000000
206.000000
408.000000
79.000000
2313.000000
223.000000
927.000000
153.000000
926.000000
101.000000
207.000000
810.000000
58.000000
254.000000
449.000000
73.000000
596.000000
546.000000
289.000000
1079.000000
789.000000
1279.000000
255.000000
623.000000
296.000000
413.000000
1140.000000
83.000000
1018.000000
74.000000
694.000000
143.000000
653.000000
60.000000
704.000000
59.000000
1248.000000
368.000000
229.000000
2315.000000
1127.000000
152.000000
976.000000
164.000000
225.000000
931.000000
139.000000
94.000000
945.000000
2235.000000
595.000000
1473.000000
339.000000
234.000000
174.000000
1793.000000
567.000000
330.000000
380.000000
2982.000000
157.000000
226.000000
337.000000
1485.000000
69.000000
440.000000
42.000000
369.000000
203.000000
539.000000
173.000000
286.000000
37.000000
123.000000
76.000000
1468.000000
513.000000
900.000000
150.000000
1488.000000
461.000000
143.000000
451.000000
77.000000
6088.000000
1079.000000
130.000000
79.000000
348.000000
533.000000
223.000000
185.000000
316.000000
2289.000000
127.000000
190.000000
193.000000
780.000000
105.000000
254.000000
264.000000
236.000000
1091.000000
327.000000
1059.000000
1137.000000
39.000000
81.000000
1385.000000
230.000000
256.000000
2877.000000
158.000000
339.000000
108.000000
1024.000000
593.000000
155.000000
908.000000
838.000000
197.000000
47.000000
48.000000
1436.000000
461.000000
450.000000
347.000000
118.000000
972.000000
506.000000
55.000000
339.000000
323.000000
157.000000
396.000000
1736.000000
152.000000
1107.000000
201.000000
690.000000
155.000000
157.000000
46.000000
3137.000000
472.000000
913.000000
98.000000
500.000000
1834.000000
674.000000
729.000000
507.000000
583.000000
335.000000
890.000000
8428.000000
209.000000
1597.000000
126.000000
675.000000
194.000000
199.000000
1403.000000
425.000000
917.000000
4300.000000
1003.000000
618.000000
1026.000000
108.000000
175.000000
97.000000
315.000000
200.000000
231.000000
556.000000
551.000000
1990.000000
25.000000
2145.000000
1948.000000
436.000000
265.000000
187.000000
852.000000
2333.000000
695.000000
155.000000
211.000000
497.000000
584.000000
97.000000
177.000000
792.000000
1736.000000
828.000000
445.000000
149.000000
200.000000
421.000000
149.000000
651.000000
2499.000000
832.000000
119.000000
275.000000
847.000000
205.000000
924.000000
2140.000000
476.000000
173.000000
96.000000
106.000000
188.000000
3052.000000
540.000000
1250.000000
210.000000
593.000000
647.000000
300.000000
349.000000
49.000000
74.000000
38.000000
525.000000
209.000000
75.000000
1268.000000
179.000000
2821.000000
862.000000
218.000000
134.000000
213.000000
912.000000
123.000000
153.000000
2216.000000
276.000000
883.000000
396.000000
594.000000
434.000000
528.000000
63.000000
456.000000
230.000000
718.000000
1609.000000
558.000000
147.000000
366.000000
787.000000
1006.000000
1581.000000
123.000000
655.000000
284.000000
280.000000
154.000000
55.000000
1157.000000
638.000000
186.000000
189.000000
295.000000
1385.000000
463.000000
406.000000
349.000000
125.000000
991.000000
5831.000000
4853.000000
358.000000
53.000000
221.000000
216.000000
132.000000
426.000000
3039.000000
93.000000
174.000000
1060.000000
273.000000
62.000000
706.000000
148.000000
572.000000
233.000000
506.000000
101.000000
159.000000
4442.000000
419.000000
147.000000
489.000000
189.000000
410.000000
132.000000
138.000000
94.000000
186.000000
1080.000000
128.000000
2719.000000
2438.000000
135.000000
1214.000000
758.000000
1421.000000
41.000000
391.000000
878.000000
163.000000
68.000000
123.000000
2666.000000
233.000000
281.000000
1237.000000
567.000000
296.000000
84.000000
1205.000000
180.000000
101.000000
1343.000000
1313.000000
741.000000
73.000000
225.000000
299.000000
729.000000
322.000000
491.000000
382.000000
140.000000
468.000000
1247.000000
111.000000
306.000000
87.000000
654.000000
142.000000
900.000000
531.000000
117.000000
462.000000
648.000000
165.000000
1046.000000
450.000000
1214.000000
1676.000000
159.000000
92.000000
1204.000000
938.000000
467.000000
249.000000
1174.000000
70.000000
455.000000
187.000000
129.000000
90.000000
218.000000
101.000000
347.000000
112.000000
1056.000000
1489.000000
77.000000
555.000000
1189.000000
481.000000
309.000000
796.000000
383.000000
330.000000
400.000000
583.000000
169.000000
