341.000000
651.000000
2079.000000
386.000000
175.000000
220.000000
1793.000000
89.000000
490.000000
154.000000
87.000000
76.000000
147.000000
453.000000
2478.000000
76.000000
788.000000
198.000000
759.000000
222.000000
1023.000000
482.000000
1823.000000
936.000000
524.000000
328.000000
419.000000
83.000000
231.000000
102.000000
524.000000
546.000000
339.000000
508.000000
670.000000
523.000000
101.000000
2652.000000
2325.000000
1383.000000
147.000000
76.000000
79.000000
85.000000
634.000000
164.000000
97.000000
1425.000000
109.000000
63.000000
308.000000
106.000000
61.000000
903.000000
449.000000
89.000000
599.000000
353.000000
202.000000
457.000000
246.000000
127.000000
480.000000
648.000000
304.000000
325.000000
758.000000
856.000000
142.000000
384.000000
303.000000
647.000000
1158.000000
2827.000000
120.000000
734.000000
760.000000
74.000000
252.000000
1291.000000
237.000000
1310.000000
1746.000000
170.000000
178.000000
723.000000
285.000000
1165.000000
146.000000
372.000000
372.000000
225.000000
336.000000
206.000000
2292.000000
819.000000
723.000000
418.000000
113.000000
753.000000
826.000000
326.000000
756.000000
112.000000
334.000000
532.000000
146.000000
645.000000
1232.000000
904.000000
859.000000
1288.000000
588.000000
28.000000
419.000000
63.000000
966.000000
101.000000
936.000000
524.000000
242.000000
100.000000
939.000000
315.000000
447.000000
49.000000
340.000000
88.000000
349.000000
2588.000000
867.000000
223.000000
131.000000
895.000000
325.000000
419.000000
151.000000
570.000000
4953.000000
129.000000
238.000000
107.000000
126.000000
214.000000
321.000000
230.000000
69.000000
715.000000
1708.000000
904.000000
846.000000
154.000000
573.000000
2289.000000
185.000000
73.000000
376.000000
356.000000
443.000000
851.000000
688.000000
22.000000
412.000000
1289.000000
782.000000
204.000000
167.000000
452.000000
3835.000000
402.000000
3857.000000
217.000000
839.000000
37.000000
176.000000
556.000000
190.000000
3229.000000
229.000000
118.000000
310.000000
1159.000000
328.000000
51.000000
1076.000000
1267.000000
172.000000
903.000000
426.000000
839.000000
557.000000
173.000000
1180.000000
362.000000
53.000000
1056.000000
270.000000
1121.000000
1077.000000
30.000000
1563.000000
231.000000
780.000000
129.000000
307.000000
38.000000
38.000000
563.000000
413.000000
389.000000
338.000000
4608.000000
815.000000
463.000000
36.000000
1388.000000
1346.000000
486.000000
202.000000
800.000000
2116.000000
1554.000000
51.000000
878.000000
588.000000
799.000000
1144.000000
1541.000000
495.000000
652.000000
425.000000
3309.000000
297.000000
299.000000
731.000000
671.000000
728.000000
318.000000
607.000000
1204.000000
155.000000
711.000000
420.000000
495.000000
575.000000
310.000000
337.000000
358.000000
774.000000
95.000000
273.000000
257.000000
4289.000000
292.000000
547.000000
806.000000
93.000000
437.000000
968.000000
62.000000
101.000000
244.000000
424.000000
1416.000000
422.000000
263.000000
178.000000
480.000000
363.000000
975.000000
105.000000
609.000000
1781.000000
319.000000
386.000000
1107.000000
1662.000000
792.000000
7481.000000
1578.000000
364.000000
415.000000
100.000000
326.000000
1062.000000
715.000000
608.000000
123.000000
173.000000
148.000000
938.000000
627.000000
390.000000
586.000000
740.000000
530.000000
288.000000
92.000000
388.000000
579.000000
2381.000000
1116.000000
705.000000
78.000000
36.000000
204.000000
68.000000
291.000000
65.000000
1635.000000
2093.000000
2703.000000
101.000000
167.000000
136.000000
397.000000
428.000000
6414.000000
516.000000
2328.000000
754.000000
3598.000000
2726.000000
2890.000000
525.000000
439.000000
245.000000
764.000000
999.000000
562.000000
376.000000
292.000000
635.000000
543.000000
1594.000000
275.000000
1168.000000
625.000000
280.000000
301.000000
126.000000
1410.000000
813.000000
112.000000
1888.000000
111.000000
578.000000
94.000000
292.000000
633.000000
2277.000000
1369.000000
160.000000
868.000000
142.000000
665.000000
50.000000
593.000000
583.000000
523.000000
159.000000
266.000000
293.000000
2314.000000
1711.000000
1379.000000
94.000000
739.000000
1278.000000
230.000000
757.000000
323.000000
184.000000
258.000000
808.000000
280.000000
980.000000
101.000000
56.000000
184.000000
397.000000
337.000000
3672.000000
477.000000
802.000000
297.000000
643.000000
716.000000
234.000000
976.000000
1218.000000
418.000000
481.000000
223.000000
1243.000000
519.000000
2712.000000
1001.000000
420.000000
428.000000
2810.000000
337.000000
366.000000
1486.000000
428.000000
299.000000
150.000000
3710.000000
98.000000
1613.000000
250.000000
364.000000
203.000000
803.000000
732.000000
1115.000000
542.000000
2792.000000
647.000000
119.000000
461.000000
45.000000
651.000000
257.000000
318.000000
138.000000
80.000000
256.000000
297.000000
167.000000
287.000000
57.000000
735.000000
126.000000
821.000000
143.000000
473.000000
92.000000
116.000000
578.000000
616.000000
857.000000
623.000000
361.000000
540.000000
215.000000
594.000000
653.000000
604.000000
465.000000
441.000000
1717.000000
388.000000
267.000000
884.000000
976.000000
2692.000000
504.000000
1691.000000
1793.000000
121.000000
180.000000
323.000000
1153.000000
79.000000
2068.000000
821.000000
264.000000
397.000000
253.000000
71.000000
205.000000
590.000000
554.000000
354.000000
721.000000
103.000000
767.000000
129.000000
1176.000000
144.000000
252.000000
2902.000000
3909.000000
264.000000
594.000000
526.000000
288.000000
1391.000000
458.000000
1017.000000
1555.000000
467.000000
451.000000
321.000000
1234.000000
354.000000
538.000000
176.000000
733.000000
457.000000
477.000000
416.000000
1924.000000
899.000000
185.000000
1328.000000
112.000000
201.000000
212.000000
756.000000
579.000000
477.000000
674.000000
1275.000000
204.000000
576.000000
1648.000000
847.000000
490.000000
246.000000
435.000000
1383.000000
119.000000
70.000000
267.000000
968.000000
1261.000000
215.000000
1109.000000
143.000000
3841.000000
654.000000
637.000000
21.000000
20.000000
262.000000
402.000000
694.000000
482.000000
36.000000
245.000000
537.000000
152.000000
1539.000000
315.000000
215.000000
547.000000
138.000000
78.000000
150.000000
128.000000
281.000000
201.000000
1934.000000
268.000000
86.000000
569.000000
1528.000000
195.000000
1050.000000
375.000000
507.000000
108.000000
804.000000
470.000000
291.000000
633.000000
830.000000
2344.000000
377.000000
862.000000
614.000000
588.000000
1375.000000
869.000000
173.000000
4363.000000
386.000000
967.000000
359.000000
70.000000
1458.000000
292.000000
2484.000000
165.000000
722.000000
223.000000
443.000000
156.000000
1080.000000
587.000000
140.000000
288.000000
1064.000000
1547.000000
406.000000
631.000000
1115.000000
107.000000
2136.000000
274.000000
391.000000
320.000000
1166.000000
99.000000
176.000000
1035.000000
111.000000
1758.000000
236.000000
250.000000
459.000000
293.000000
68.000000
520.000000
71.000000
292.000000
124.000000
348.000000
841.000000
2892.000000
69.000000
147.000000
940.000000
351.000000
1218.000000
3987.000000
1028.000000
438.000000
111.000000
648.000000
746.000000
365.000000
724.000000
72.000000
842.000000
333.000000
1003.000000
629.000000
233.000000
1126.000000
845.000000
145.000000
189.000000
2495.000000
75.000000
186.000000
1120.000000
651.000000
402.000000
2282.000000
2046.000000
218.000000
220.000000
373.000000
215.000000
2196.000000
3495.000000
878.000000
6661.000000
143.000000
812.000000
376.000000
1280.000000
226.000000
719.000000
618.000000
332.000000
264.000000
919.000000
1162.000000
99.000000
1981.000000
154.000000
848.000000
254.000000
216.000000
176.000000
197.000000
261.000000
272.000000
83.000000
2194.000000
500.000000
560.000000
1099.000000
1046.000000
449.000000
447.000000
199.000000
650.000000
6394.000000
100.000000
665.000000
801.000000
890.000000
469.000000
320.000000
558.000000
256.000000
1654.000000
718.000000
91.000000
5576.000000
281.000000
227.000000
100.000000
169.000000
571.000000
345.000000
58.000000
285.000000
833.000000
426.000000
2051.000000
2675.000000
612.000000
323.000000
128.000000
810.000000
169.000000
1219.000000
58.000000
328.000000
107.000000
183.000000
232.000000
3477.000000
410.000000
237.000000
165.000000
93.000000
315.000000
125.000000
725.000000
123.000000
408.000000
776.000000
415.000000
475.000000
450.000000
72.000000
245.000000
665.000000
562.000000
56.000000
97.000000
228.000000
313.000000
792.000000
252.000000
1908.000000
2558.000000
78.000000
235.000000
866.000000
381.000000
1776.000000
573.000000
743.000000
232.000000
1327.000000
404.000000
928.000000
543.000000
1231.000000
1992.000000
505.000000
445.000000
1215.000000
184.000000
653.000000
892.000000
2918.000000
1443.000000
405.000000
413.000000
4154.000000
85.000000
227.000000
716.000000
274.000000
1144.000000
221.000000
494.000000
3987.000000
804.000000
261.000000
246.000000
139.000000
778.000000
475.000000
185.000000
249.000000
344.000000
90.000000
443.000000
620.000000
2845.000000
97.000000
559.000000
544.000000
103.000000
422.000000
510.000000
678.000000
1254.000000
255.000000
560.000000
247.000000
437.000000
240.000000
554.000000
106.000000
647.000000
1585.000000
632.000000
243.000000
1014.000000
248.000000
157.000000
224.000000
347.000000
578.000000
488.000000
1682.000000
806.000000
1691.000000
463.000000
356.000000
312.000000
1049.000000
2273.000000
323.000000
115.000000
94.000000
423.000000
109.000000
601.000000
2764.000000
213.000000
148.000000
165.000000
298.000000
2479.000000
297.000000
386.000000
1496.000000
836.000000
938.000000
866.000000
1119.000000
516.000000
229.000000
1383.000000
424.000000
34.000000
1951.000000
296.000000
756.000000
1426.000000
386.000000
3102.000000
320.000000
60.000000
94.000000
360.000000
266.000000
614.000000
250.000000
854.000000
100.000000
51.000000
455.000000
360.000000
85.000000
348.000000
190.000000
132.000000
158.000000
362.000000
90.000000
1884.000000
699.000000
1089.000000
150.000000
262.000000
307.000000
300.000000
20.000000
2324.000000
2170.000000
39.000000
289.000000
530.000000
653.000000
254.000000
115.000000
247.000000
710.000000
110.000000
834.000000
854.000000
157.000000
2217.000000
1070.000000
155.000000
406.000000
390.000000
605.000000
565.000000
629.000000
1484.000000
865.000000
590.000000
198.000000
1120.000000
531.000000
1805.000000
221.000000
343.000000
360.000000
4137.000000
325.000000
412.000000
320.000000
529.000000
17.000000
737.000000
884.000000
134.000000
644.000000
84.000000
963.000000
802.000000
206.000000
3274.000000
169.000000
699.000000
379.000000
288.000000
314.000000
282.000000
173.000000
330.000000
426.000000
166.000000
306.000000
182.000000
371.000000
128.000000
399.000000
339.000000
49.000000
784.000000
1452.000000
3138.000000
227.000000
143.000000
323.000000
541.000000
1916.000000
111.000000
253.000000
92.000000
231.000000
1070.000000
92.000000
284.000000
1499.000000
234.000000
76.000000
212.000000
323.000000
1565.000000
54.000000
232.000000
308.000000
170.000000
558.000000
468.000000
281.000000
1089.000000
149.000000
297.000000
739.000000
50.000000
441.000000
1055.000000
1514.000000
460.000000
464.000000
250.000000
612.000000
1644.000000
909.000000
2166.000000
117.000000
1337.000000
