197.000000
68.000000
1796.000000
2062.000000
1397.000000
162.000000
1219.000000
265.000000
1133.000000
1551.000000
610.000000
223.000000
202.000000
677.000000
318.000000
176.000000
899.000000
181.000000
219.000000
189.000000
481.000000
468.000000
482.000000
348.000000
101.000000
219.000000
104.000000
277.000000
396.000000
506.000000
289.000000
304.000000
615.000000
469.000000
144.000000
476.000000
614.000000
50.000000
429.000000
279.000000
1192.000000
626.000000
727.000000
3721.000000
1687.000000
330.000000
1124.000000
583.000000
84.000000
78.000000
535.000000
215.000000
289.000000
1944.000000
320.000000
314.000000
921.000000
525.000000
356.000000
284.000000
2320.000000
400.000000
445.000000
304.000000
63.000000
462.000000
279.000000
381.000000
127.000000
231.000000
73.000000
746.000000
25.000000
505.000000
548.000000
1065.000000
586.000000
969.000000
4525.000000
155.000000
275.000000
853.000000
414.000000
198.000000
18.000000
41.000000
1975.000000
116.000000
601.000000
125.000000
97.000000
602.000000
307.000000
281.000000
1730.000000
404.000000
737.000000
296.000000
640.000000
585.000000
212.000000
350.000000
414.000000
202.000000
3768.000000
1414.000000
130.000000
249.000000
517.000000
287.000000
538.000000
644.000000
569.000000
233.000000
170.000000
925.000000
448.000000
1266.000000
1753.000000
850.000000
252.000000
548.000000
359.000000
363.000000
446.000000
300.000000
225.000000
440.000000
290.000000
412.000000
899.000000
1206.000000
786.000000
364.000000
136.000000
178.000000
1115.000000
86.000000
116.000000
883.000000
700.000000
133.000000
429.000000
1009.000000
768.000000
411.000000
438.000000
17.000000
331.000000
1347.000000
80.000000
64.000000
2425.000000
576.000000
3219.000000
197.000000
1201.000000
651.000000
3736.000000
1367.000000
486.000000
621.000000
240.000000
133.000000
201.000000
1167.000000
453.000000
761.000000
1532.000000
1084.000000
1444.000000
93.000000
217.000000
192.000000
639.000000
312.000000
52.000000
762.000000
618.000000
1096.000000
1470.000000
975.000000
2256.000000
650.000000
546.000000
140.000000
72.000000
1647.000000
1259.000000
655.000000
1042.000000
103.000000
721.000000
365.000000
1353.000000
152.000000
1188.000000
593.000000
76.000000
382.000000
242.000000
874.000000
586.000000
2031.000000
4444.000000
314.000000
248.000000
599.000000
45.000000
327.000000
61.000000
1754.000000
64.000000
152.000000
70.000000
569.000000
281.000000
144.000000
219.000000
166.000000
931.000000
373.000000
305.000000
140.000000
705.000000
587.000000
244.000000
107.000000
234.000000
813.000000
2396.000000
126.000000
2983.000000
190.000000
215.000000
219.000000
825.000000
269.000000
769.000000
529.000000
232.000000
973.000000
60.000000
937.000000
130.000000
629.000000
68.000000
50.000000
336.000000
381.000000
956.000000
288.000000
467.000000
543.000000
1028.000000
402.000000
278.000000
4987.000000
193.000000
563.000000
1604.000000
792.000000
322.000000
1105.000000
294.000000
689.000000
216.000000
288.000000
267.000000
404.000000
436.000000
1850.000000
602.000000
990.000000
213.000000
638.000000
176.000000
384.000000
1287.000000
209.000000
876.000000
130.000000
96.000000
1589.000000
1187.000000
896.000000
487.000000
1713.000000
3576.000000
610.000000
331.000000
571.000000
179.000000
408.000000
984.000000
457.000000
991.000000
191.000000
378.000000
243.000000
1957.000000
1026.000000
448.000000
281.000000
101.000000
235.000000
228.000000
480.000000
610.000000
171.000000
156.000000
419.000000
933.000000
241.000000
230.000000
104.000000
814.000000
767.000000
2028.000000
555.000000
308.000000
276.000000
59.000000
844.000000
1079.000000
261.000000
82.000000
2931.000000
775.000000
224.000000
228.000000
692.000000
3542.000000
111.000000
331.000000
668.000000
143.000000
327.000000
466.000000
283.000000
159.000000
53.000000
549.000000
642.000000
640.000000
150.000000
278.000000
113.000000
544.000000
4806.000000
114.000000
462.000000
673.000000
310.000000
218.000000
363.000000
295.000000
34.000000
126.000000
113.000000
1669.000000
2055.000000
413.000000
523.000000
444.000000
176.000000
721.000000
73.000000
211.000000
277.000000
801.000000
182.000000
67.000000
615.000000
286.000000
2435.000000
126.000000
264.000000
506.000000
779.000000
760.000000
436.000000
5799.000000
78.000000
2687.000000
605.000000
434.000000
422.000000
452.000000
1817.000000
1537.000000
387.000000
332.000000
543.000000
483.000000
707.000000
66.000000
218.000000
777.000000
179.000000
252.000000
511.000000
660.000000
1010.000000
637.000000
302.000000
2020.000000
883.000000
157.000000
652.000000
337.000000
1141.000000
462.000000
1113.000000
115.000000
87.000000
48.000000
1251.000000
526.000000
136.000000
90.000000
109.000000
543.000000
149.000000
395.000000
2834.000000
136.000000
876.000000
3411.000000
263.000000
5325.000000
796.000000
202.000000
390.000000
601.000000
179.000000
788.000000
402.000000
356.000000
182.000000
1585.000000
396.000000
1393.000000
564.000000
761.000000
72.000000
360.000000
226.000000
881.000000
252.000000
113.000000
507.000000
93.000000
338.000000
1162.000000
98.000000
59.000000
190.000000
1918.000000
366.000000
529.000000
371.000000
295.000000
1534.000000
499.000000
1318.000000
479.000000
84.000000
311.000000
551.000000
552.000000
111.000000
1938.000000
740.000000
307.000000
268.000000
63.000000
432.000000
166.000000
325.000000
120.000000
301.000000
319.000000
192.000000
1633.000000
823.000000
178.000000
501.000000
527.000000
101.000000
218.000000
5015.000000
792.000000
549.000000
708.000000
1390.000000
280.000000
191.000000
405.000000
294.000000
93.000000
196.000000
201.000000
73.000000
193.000000
1580.000000
1285.000000
405.000000
127.000000
928.000000
138.000000
385.000000
471.000000
1513.000000
368.000000
998.000000
2166.000000
1288.000000
849.000000
415.000000
577.000000
423.000000
1901.000000
122.000000
429.000000
78.000000
1565.000000
461.000000
1019.000000
371.000000
255.000000
3812.000000
912.000000
341.000000
1482.000000
716.000000
353.000000
776.000000
54.000000
376.000000
2351.000000
394.000000
339.000000
1771.000000
4015.000000
308.000000
1896.000000
357.000000
707.000000
1343.000000
424.000000
105.000000
1592.000000
355.000000
752.000000
855.000000
164.000000
185.000000
200.000000
936.000000
435.000000
309.000000
732.000000
341.000000
1595.000000
168.000000
142.000000
124.000000
146.000000
352.000000
124.000000
246.000000
587.000000
164.000000
117.000000
91.000000
817.000000
264.000000
163.000000
466.000000
707.000000
383.000000
588.000000
318.000000
577.000000
178.000000
442.000000
611.000000
322.000000
626.000000
932.000000
451.000000
197.000000
249.000000
498.000000
544.000000
562.000000
95.000000
541.000000
533.000000
136.000000
601.000000
111.000000
4200.000000
232.000000
283.000000
586.000000
297.000000
238.000000
191.000000
162.000000
442.000000
205.000000
245.000000
3984.000000
2773.000000
329.000000
410.000000
67.000000
1235.000000
298.000000
5962.000000
184.000000
1130.000000
1529.000000
140.000000
447.000000
312.000000
258.000000
438.000000
1001.000000
122.000000
129.000000
372.000000
188.000000
255.000000
250.000000
173.000000
1247.000000
443.000000
352.000000
196.000000
638.000000
98.000000
294.000000
385.000000
2822.000000
33.000000
107.000000
897.000000
247.000000
1497.000000
1220.000000
840.000000
675.000000
1172.000000
815.000000
285.000000
472.000000
80.000000
182.000000
471.000000
315.000000
687.000000
213.000000
105.000000
118.000000
1308.000000
660.000000
391.000000
365.000000
2054.000000
47.000000
377.000000
3187.000000
816.000000
487.000000
185.000000
234.000000
166.000000
406.000000
514.000000
558.000000
354.000000
1078.000000
481.000000
272.000000
223.000000
297.000000
67.000000
581.000000
899.000000
423.000000
154.000000
489.000000
1051.000000
1577.000000
379.000000
382.000000
963.000000
41.000000
2009.000000
79.000000
185.000000
755.000000
138.000000
586.000000
728.000000
70.000000
318.000000
594.000000
46.000000
1668.000000
176.000000
138.000000
1487.000000
733.000000
484.000000
1457.000000
69.000000
38.000000
608.000000
260.000000
668.000000
581.000000
481.000000
114.000000
718.000000
1399.000000
167.000000
662.000000
156.000000
810.000000
520.000000
107.000000
1140.000000
781.000000
384.000000
772.000000
882.000000
804.000000
1703.000000
451.000000
761.000000
1316.000000
84.000000
878.000000
172.000000
1753.000000
130.000000
595.000000
229.000000
418.000000
284.000000
1916.000000
1070.000000
1044.000000
404.000000
4387.000000
58.000000
462.000000
696.000000
653.000000
748.000000
271.000000
783.000000
193.000000
134.000000
530.000000
4660.000000
971.000000
140.000000
378.000000
133.000000
1300.000000
118.000000
849.000000
981.000000
614.000000
874.000000
48.000000
365.000000
112.000000
418.000000
436.000000
37.000000
604.000000
518.000000
553.000000
449.000000
438.000000
835.000000
231.000000
526.000000
691.000000
211.000000
184.000000
1467.000000
54.000000
241.000000
1909.000000
936.000000
1047.000000
2112.000000
278.000000
265.000000
437.000000
198.000000
208.000000
617.000000
369.000000
46.000000
1494.000000
276.000000
136.000000
295.000000
537.000000
3934.000000
210.000000
529.000000
3044.000000
743.000000
460.000000
217.000000
1354.000000
469.000000
178.000000
727.000000
167.000000
959.000000
652.000000
711.000000
660.000000
1724.000000
530.000000
174.000000
293.000000
419.000000
1641.000000
1149.000000
67.000000
261.000000
151.000000
487.000000
891.000000
445.000000
171.000000
1453.000000
178.000000
139.000000
436.000000
169.000000
188.000000
352.000000
951.000000
326.000000
996.000000
616.000000
308.000000
288.000000
173.000000
150.000000
374.000000
3599.000000
986.000000
782.000000
642.000000
524.000000
1006.000000
467.000000
41.000000
115.000000
921.000000
893.000000
699.000000
174.000000
380.000000
354.000000
330.000000
1675.000000
621.000000
210.000000
2379.000000
1140.000000
502.000000
454.000000
1096.000000
758.000000
2501.000000
530.000000
189.000000
3870.000000
626.000000
146.000000
1021.000000
4782.000000
565.000000
299.000000
1244.000000
916.000000
170.000000
1078.000000
1708.000000
2062.000000
101.000000
175.000000
789.000000
844.000000
195.000000
131.000000
405.000000
122.000000
137.000000
544.000000
550.000000
813.000000
224.000000
1898.000000
366.000000
370.000000
139.000000
737.000000
183.000000
580.000000
1018.000000
631.000000
453.000000
1305.000000
45.000000
580.000000
256.000000
1195.000000
387.000000
813.000000
117.000000
570.000000
583.000000
89.000000
1058.000000
472.000000
345.000000
602.000000
214.000000
232.000000
191.000000
2631.000000
583.000000
574.000000
1904.000000
87.000000
2658.000000
463.000000
86.000000
560.000000
363.000000
1129.000000
81.000000
3000.000000
766.000000
365.000000
2568.000000
311.000000
934.000000
346.000000
2152.000000
632.000000
1348.000000
79.000000
1897.000000
934.000000
281.000000
540.000000
77.000000
605.000000
918.000000
150.000000
306.000000
2304.000000
336.000000
328.000000
807.000000
219.000000
2452.000000
194.000000
1204.000000
186.000000
148.000000
964.000000
36.000000
3589.000000
362.000000
652.000000
384.000000
909.000000
200.000000
950.000000
377.000000
556.000000
2112.000000
855.000000
