217.000000
2002.000000
711.000000
272.000000
1049.000000
230.000000
843.000000
37.000000
678.000000
466.000000
71.000000
1876.000000
505.000000
102.000000
476.000000
969.000000
457.000000
308.000000
358.000000
553.000000
177.000000
99.000000
1086.000000
68.000000
822.000000
470.000000
115.000000
778.000000
716.000000
1092.000000
190.000000
585.000000
156.000000
70.000000
320.000000
163.000000
384.000000
610.000000
220.000000
148.000000
475.000000
688.000000
463.000000
118.000000
165.000000
677.000000
555.000000
638.000000
451.000000
504.000000
473.000000
212.000000
119.000000
644.000000
450.000000
530.000000
183.000000
1335.000000
1243.000000
147.000000
225.000000
286.000000
414.000000
1014.000000
165.000000
1058.000000
691.000000
985.000000
211.000000
101.000000
1245.000000
160.000000
526.000000
788.000000
1654.000000
316.000000
646.000000
255.000000
335.000000
252.000000
945.000000
571.000000
716.000000
360.000000
780.000000
274.000000
399.000000
207.000000
717.000000
202.000000
252.000000
341.000000
237.000000
365.000000
129.000000
376.000000
1014.000000
581.000000
653.000000
445.000000
1096.000000
141.000000
1349.000000
118.000000
181.000000
356.000000
280.000000
104.000000
584.000000
1533.000000
387.000000
356.000000
756.000000
811.000000
1081.000000
183.000000
324.000000
536.000000
777.000000
119.000000
777.000000
250.000000
274.000000
704.000000
149.000000
243.000000
139.000000
470.000000
2293.000000
315.000000
93.000000
286.000000
488.000000
1889.000000
174.000000
925.000000
878.000000
542.000000
468.000000
117.000000
459.000000
773.000000
703.000000
322.000000
3327.000000
540.000000
871.000000
141.000000
151.000000
165.000000
229.000000
1229.000000
414.000000
1284.000000
696.000000
327.000000
863.000000
338.000000
72.000000
425.000000
148.000000
231.000000
3020.000000
517.000000
243.000000
304.000000
1669.000000
125.000000
3843.000000
779.000000
158.000000
36.000000
990.000000
450.000000
877.000000
374.000000
263.000000
260.000000
2098.000000
189.000000
95.000000
605.000000
172.000000
431.000000
3093.000000
393.000000
888.000000
977.000000
718.000000
308.000000
187.000000
809.000000
927.000000
379.000000
943.000000
353.000000
109.000000
133.000000
59.000000
888.000000
119.000000
162.000000
215.000000
1037.000000
1767.000000
231.000000
172.000000
137.000000
469.000000
378.000000
350.000000
624.000000
821.000000
171.000000
71.000000
1415.000000
641.000000
4101.000000
237.000000
958.000000
865.000000
101.000000
196.000000
368.000000
77.000000
68.000000
909.000000
91.000000
1247.000000
511.000000
589.000000
552.000000
795.000000
5086.000000
514.000000
1534.000000
2390.000000
803.000000
478.000000
2390.000000
345.000000
1696.000000
29.000000
355.000000
1158.000000
275.000000
260.000000
216.000000
179.000000
104.000000
1288.000000
187.000000
66.000000
258.000000
9109.000000
62.000000
974.000000
1098.000000
3129.000000
192.000000
664.000000
373.000000
354.000000
539.000000
395.000000
84.000000
515.000000
550.000000
535.000000
1784.000000
758.000000
533.000000
773.000000
955.000000
2566.000000
1773.000000
747.000000
969.000000
1630.000000
472.000000
770.000000
832.000000
206.000000
429.000000
419.000000
284.000000
814.000000
907.000000
1218.000000
646.000000
378.000000
103.000000
189.000000
1246.000000
88.000000
1381.000000
970.000000
416.000000
224.000000
686.000000
303.000000
393.000000
428.000000
1253.000000
191.000000
861.000000
388.000000
251.000000
383.000000
3285.000000
135.000000
769.000000
105.000000
3121.000000
260.000000
85.000000
170.000000
479.000000
406.000000
868.000000
652.000000
248.000000
317.000000
238.000000
780.000000
730.000000
855.000000
446.000000
274.000000
861.000000
797.000000
311.000000
726.000000
474.000000
1442.000000
1047.000000
281.000000
4528.000000
261.000000
253.000000
306.000000
405.000000
122.000000
812.000000
39.000000
984.000000
441.000000
50.000000
514.000000
613.000000
132.000000
614.000000
109.000000
682.000000
249.000000
1312.000000
200.000000
274.000000
496.000000
330.000000
310.000000
322.000000
1395.000000
222.000000
139.000000
428.000000
245.000000
1249.000000
186.000000
3658.000000
518.000000
281.000000
62.000000
860.000000
467.000000
107.000000
29.000000
1003.000000
477.000000
185.000000
509.000000
1932.000000
400.000000
506.000000
165.000000
2513.000000
916.000000
285.000000
299.000000
188.000000
321.000000
1434.000000
479.000000
1330.000000
558.000000
9738.000000
206.000000
448.000000
252.000000
335.000000
244.000000
1646.000000
177.000000
435.000000
204.000000
308.000000
202.000000
582.000000
163.000000
744.000000
836.000000
343.000000
1372.000000
209.000000
309.000000
2193.000000
1702.000000
156.000000
114.000000
333.000000
954.000000
730.000000
257.000000
331.000000
286.000000
440.000000
81.000000
658.000000
1037.000000
591.000000
273.000000
2094.000000
121.000000
283.000000
443.000000
629.000000
365.000000
74.000000
107.000000
541.000000
740.000000
494.000000
290.000000
295.000000
2443.000000
441.000000
1970.000000
1269.000000
2576.000000
634.000000
1121.000000
434.000000
2911.000000
2849.000000
341.000000
142.000000
184.000000
418.000000
490.000000
294.000000
694.000000
1000.000000
229.000000
241.000000
186.000000
674.000000
162.000000
1995.000000
66.000000
617.000000
715.000000
1585.000000
1023.000000
135.000000
97.000000
293.000000
55.000000
513.000000
1057.000000
321.000000
80.000000
650.000000
520.000000
450.000000
74.000000
1085.000000
312.000000
363.000000
845.000000
1417.000000
186.000000
122.000000
343.000000
1312.000000
840.000000
112.000000
1127.000000
274.000000
511.000000
2172.000000
3142.000000
132.000000
156.000000
850.000000
968.000000
73.000000
189.000000
200.000000
183.000000
233.000000
537.000000
214.000000
2749.000000
762.000000
213.000000
1801.000000
199.000000
1139.000000
438.000000
469.000000
149.000000
1059.000000
76.000000
1439.000000
353.000000
299.000000
504.000000
582.000000
134.000000
271.000000
586.000000
1144.000000
1043.000000
690.000000
168.000000
8397.000000
283.000000
170.000000
1154.000000
380.000000
308.000000
309.000000
1741.000000
77.000000
470.000000
1278.000000
388.000000
951.000000
833.000000
391.000000
214.000000
373.000000
590.000000
489.000000
507.000000
217.000000
140.000000
519.000000
85.000000
267.000000
1151.000000
146.000000
299.000000
353.000000
1151.000000
271.000000
587.000000
151.000000
194.000000
456.000000
2351.000000
208.000000
204.000000
111.000000
563.000000
146.000000
118.000000
963.000000
509.000000
924.000000
383.000000
330.000000
175.000000
60.000000
507.000000
240.000000
176.000000
282.000000
230.000000
634.000000
376.000000
314.000000
174.000000
365.000000
229.000000
2045.000000
384.000000
395.000000
1861.000000
670.000000
717.000000
1186.000000
513.000000
579.000000
146.000000
331.000000
225.000000
140.000000
116.000000
248.000000
441.000000
290.000000
34.000000
298.000000
2152.000000
54.000000
325.000000
645.000000
2604.000000
249.000000
662.000000
1835.000000
712.000000
432.000000
168.000000
115.000000
822.000000
474.000000
1226.000000
115.000000
241.000000
878.000000
2231.000000
282.000000
317.000000
197.000000
143.000000
106.000000
385.000000
171.000000
118.000000
374.000000
615.000000
639.000000
217.000000
128.000000
488.000000
173.000000
921.000000
293.000000
240.000000
552.000000
735.000000
1551.000000
291.000000
2019.000000
755.000000
213.000000
515.000000
74.000000
325.000000
385.000000
2491.000000
438.000000
1375.000000
330.000000
204.000000
115.000000
201.000000
1001.000000
417.000000
457.000000
405.000000
782.000000
429.000000
632.000000
97.000000
707.000000
380.000000
31.000000
351.000000
242.000000
556.000000
850.000000
344.000000
983.000000
153.000000
346.000000
715.000000
869.000000
424.000000
346.000000
316.000000
178.000000
667.000000
503.000000
158.000000
533.000000
218.000000
397.000000
579.000000
2841.000000
667.000000
174.000000
366.000000
364.000000
716.000000
367.000000
168.000000
323.000000
298.000000
2681.000000
116.000000
583.000000
1898.000000
417.000000
883.000000
154.000000
73.000000
1634.000000
218.000000
188.000000
579.000000
214.000000
312.000000
474.000000
312.000000
816.000000
1704.000000
564.000000
119.000000
1342.000000
1506.000000
85.000000
81.000000
501.000000
316.000000
829.000000
181.000000
1373.000000
257.000000
1043.000000
405.000000
343.000000
785.000000
1438.000000
987.000000
153.000000
277.000000
1263.000000
192.000000
149.000000
95.000000
909.000000
1037.000000
583.000000
1370.000000
39.000000
738.000000
354.000000
1053.000000
72.000000
606.000000
145.000000
728.000000
1100.000000
163.000000
296.000000
1160.000000
98.000000
416.000000
306.000000
1413.000000
250.000000
18.000000
659.000000
3614.000000
182.000000
642.000000
531.000000
1025.000000
372.000000
1624.000000
94.000000
462.000000
2708.000000
340.000000
202.000000
136.000000
76.000000
2125.000000
780.000000
563.000000
1032.000000
11846.000000
909.000000
92.000000
198.000000
1116.000000
618.000000
836.000000
122.000000
320.000000
805.000000
760.000000
4073.000000
449.000000
2539.000000
290.000000
612.000000
225.000000
283.000000
119.000000
247.000000
639.000000
855.000000
11120.000000
274.000000
832.000000
193.000000
533.000000
268.000000
2694.000000
158.000000
224.000000
845.000000
343.000000
4408.000000
749.000000
630.000000
591.000000
730.000000
339.000000
661.000000
333.000000
196.000000
201.000000
545.000000
130.000000
281.000000
95.000000
39.000000
274.000000
95.000000
236.000000
1412.000000
269.000000
349.000000
1794.000000
885.000000
937.000000
1616.000000
1104.000000
183.000000
648.000000
371.000000
66.000000
102.000000
480.000000
86.000000
275.000000
1718.000000
334.000000
172.000000
488.000000
771.000000
525.000000
1284.000000
357.000000
155.000000
453.000000
217.000000
938.000000
187.000000
101.000000
439.000000
1673.000000
389.000000
902.000000
90.000000
139.000000
198.000000
274.000000
255.000000
617.000000
680.000000
334.000000
2404.000000
109.000000
100.000000
96.000000
863.000000
729.000000
480.000000
369.000000
238.000000
252.000000
814.000000
317.000000
74.000000
357.000000
1889.000000
277.000000
497.000000
323.000000
510.000000
659.000000
319.000000
71.000000
397.000000
717.000000
488.000000
237.000000
282.000000
613.000000
355.000000
333.000000
640.000000
428.000000
300.000000
510.000000
373.000000
639.000000
162.000000
380.000000
95.000000
745.000000
107.000000
1053.000000
783.000000
169.000000
454.000000
68.000000
667.000000
435.000000
77.000000
1814.000000
4537.000000
836.000000
291.000000
538.000000
781.000000
1116.000000
604.000000
528.000000
941.000000
168.000000
732.000000
871.000000
78.000000
1904.000000
86.000000
138.000000
667.000000
157.000000
600.000000
146.000000
655.000000
135.000000
596.000000
1703.000000
5239.000000
301.000000
188.000000
588.000000
424.000000
75.000000
525.000000
526.000000
177.000000
1068.000000
636.000000
44.000000
145.000000
168.000000
85.000000
322.000000
1137.000000
867.000000
361.000000
410.000000
211.000000
1728.000000
310.000000
153.000000
225.000000
1246.000000
275.000000
628.000000
694.000000
701.000000
180.000000
144.000000
1193.000000
266.000000
658.000000
387.000000
261.000000
158.000000
1061.000000
