3083.000000
136.000000
183.000000
761.000000
542.000000
272.000000
893.000000
195.000000
377.000000
239.000000
2002.000000
17.000000
109.000000
786.000000
551.000000
123.000000
209.000000
164.000000
679.000000
96.000000
2394.000000
44.000000
225.000000
1561.000000
418.000000
151.000000
1015.000000
139.000000
110.000000
405.000000
497.000000
796.000000
2514.000000
78.000000
776.000000
449.000000
197.000000
1394.000000
3409.000000
514.000000
288.000000
812.000000
252.000000
123.000000
305.000000
121.000000
193.000000
203.000000
832.000000
380.000000
667.000000
122.000000
2073.000000
143.000000
565.000000
265.000000
1230.000000
95.000000
107.000000
323.000000
95.000000
1610.000000
477.000000
203.000000
1380.000000
3647.000000
174.000000
1438.000000
977.000000
1250.000000
164.000000
621.000000
2159.000000
1068.000000
119.000000
66.000000
309.000000
270.000000
277.000000
88.000000
511.000000
90.000000
3031.000000
228.000000
3094.000000
2778.000000
172.000000
903.000000
173.000000
1606.000000
431.000000
1668.000000
2507.000000
371.000000
645.000000
183.000000
703.000000
593.000000
93.000000
301.000000
871.000000
982.000000
1615.000000
503.000000
773.000000
230.000000
2282.000000
439.000000
711.000000
116.000000
1229.000000
388.000000
190.000000
291.000000
239.000000
531.000000
403.000000
474.000000
57.000000
256.000000
228.000000
424.000000
238.000000
120.000000
94.000000
508.000000
623.000000
607.000000
293.000000
571.000000
263.000000
632.000000
323.000000
432.000000
609.000000
495.000000
367.000000
927.000000
27.000000
1740.000000
314.000000
73.000000
764.000000
234.000000
78.000000
318.000000
1427.000000
345.000000
1490.000000
23.000000
391.000000
557.000000
346.000000
100.000000
524.000000
410.000000
325.000000
86.000000
203.000000
228.000000
796.000000
1938.000000
2587.000000
199.000000
762.000000
603.000000
311.000000
1621.000000
837.000000
101.000000
57.000000
389.000000
870.000000
167.000000
84.000000
66.000000
1250.000000
368.000000
1390.000000
203.000000
235.000000
62.000000
1525.000000
393.000000
947.000000
549.000000
598.000000
81.000000
502.000000
366.000000
723.000000
686.000000
689.000000
113.000000
351.000000
152.000000
314.000000
845.000000
82.000000
907.000000
132.000000
304.000000
267.000000
2577.000000
546.000000
1575.000000
397.000000
295.000000
681.000000
801.000000
639.000000
1401.000000
379.000000
598.000000
1020.000000
1131.000000
682.000000
685.000000
1106.000000
577.000000
475.000000
688.000000
1027.000000
71.000000
851.000000
340.000000
581.000000
128.000000
94.000000
79.000000
1632.000000
173.000000
1689.000000
1271.000000
556.000000
512.000000
62.000000
1066.000000
219.000000
535.000000
439.000000
418.000000
230.000000
336.000000
468.000000
200.000000
182.000000
513.000000
722.000000
360.000000
440.000000
434.000000
249.000000
1339.000000
288.000000
901.000000
463.000000
319.000000
976.000000
127.000000
198.000000
576.000000
741.000000
562.000000
2084.000000
130.000000
106.000000
476.000000
381.000000
1140.000000
764.000000
203.000000
1011.000000
79.000000
356.000000
759.000000
409.000000
876.000000
410.000000
1300.000000
574.000000
132.000000
651.000000
546.000000
248.000000
647.000000
114.000000
220.000000
118.000000
730.000000
30.000000
257.000000
192.000000
921.000000
277.000000
74.000000
356.000000
150.000000
188.000000
350.000000
1674.000000
85.000000
1181.000000
1120.000000
199.000000
132.000000
44.000000
375.000000
208.000000
158.000000
899.000000
377.000000
3460.000000
323.000000
1578.000000
350.000000
495.000000
1566.000000
250.000000
92.000000
805.000000
829.000000
1644.000000
489.000000
245.000000
1027.000000
376.000000
370.000000
693.000000
342.000000
128.000000
173.000000
3769.000000
162.000000
226.000000
922.000000
905.000000
460.000000
405.000000
104.000000
166.000000
179.000000
343.000000
271.000000
645.000000
62.000000
380.000000
113.000000
573.000000
294.000000
28.000000
1359.000000
268.000000
465.000000
997.000000
1850.000000
1275.000000
406.000000
153.000000
143.000000
295.000000
1021.000000
639.000000
615.000000
339.000000
1585.000000
481.000000
619.000000
339.000000
98.000000
362.000000
643.000000
999.000000
575.000000
471.000000
767.000000
1524.000000
400.000000
1020.000000
727.000000
631.000000
146.000000
216.000000
254.000000
1098.000000
393.000000
1510.000000
568.000000
162.000000
180.000000
1069.000000
4208.000000
306.000000
3281.000000
2138.000000
2483.000000
780.000000
299.000000
2062.000000
617.000000
140.000000
1028.000000
694.000000
650.000000
282.000000
34.000000
1426.000000
339.000000
1063.000000
275.000000
595.000000
73.000000
1246.000000
1136.000000
301.000000
350.000000
709.000000
393.000000
754.000000
107.000000
1177.000000
377.000000
1405.000000
2086.000000
323.000000
979.000000
1444.000000
452.000000
73.000000
291.000000
231.000000
387.000000
2509.000000
66.000000
157.000000
334.000000
346.000000
264.000000
482.000000
548.000000
411.000000
373.000000
199.000000
931.000000
1081.000000
469.000000
414.000000
556.000000
179.000000
2458.000000
559.000000
1355.000000
522.000000
642.000000
580.000000
1396.000000
516.000000
71.000000
869.000000
356.000000
274.000000
131.000000
316.000000
272.000000
152.000000
228.000000
449.000000
2876.000000
70.000000
3118.000000
112.000000
346.000000
2393.000000
489.000000
1535.000000
269.000000
3793.000000
95.000000
898.000000
119.000000
311.000000
345.000000
273.000000
1010.000000
86.000000
281.000000
1090.000000
581.000000
557.000000
66.000000
77.000000
484.000000
1140.000000
747.000000
288.000000
586.000000
910.000000
1571.000000
665.000000
66.000000
885.000000
237.000000
845.000000
244.000000
336.000000
445.000000
556.000000
1108.000000
603.000000
1175.000000
1687.000000
206.000000
620.000000
243.000000
283.000000
1300.000000
589.000000
1360.000000
167.000000
665.000000
966.000000
40.000000
973.000000
299.000000
471.000000
1206.000000
157.000000
1579.000000
2847.000000
252.000000
442.000000
255.000000
95.000000
211.000000
300.000000
1616.000000
654.000000
92.000000
1103.000000
149.000000
224.000000
799.000000
731.000000
361.000000
87.000000
163.000000
474.000000
1375.000000
218.000000
571.000000
394.000000
37.000000
338.000000
96.000000
529.000000
864.000000
1091.000000
350.000000
871.000000
374.000000
83.000000
78.000000
853.000000
173.000000
1360.000000
4967.000000
152.000000
965.000000
345.000000
200.000000
255.000000
788.000000
345.000000
636.000000
248.000000
1148.000000
1928.000000
285.000000
344.000000
178.000000
64.000000
377.000000
774.000000
289.000000
1009.000000
624.000000
252.000000
1294.000000
276.000000
456.000000
359.000000
3181.000000
847.000000
120.000000
552.000000
550.000000
222.000000
490.000000
532.000000
86.000000
184.000000
278.000000
837.000000
68.000000
217.000000
197.000000
251.000000
184.000000
653.000000
1013.000000
91.000000
2727.000000
1216.000000
157.000000
940.000000
855.000000
670.000000
1856.000000
1281.000000
179.000000
1221.000000
131.000000
97.000000
589.000000
232.000000
1855.000000
215.000000
57.000000
230.000000
447.000000
506.000000
415.000000
1546.000000
3522.000000
1927.000000
724.000000
298.000000
56.000000
190.000000
113.000000
641.000000
91.000000
853.000000
251.000000
293.000000
332.000000
51.000000
161.000000
209.000000
295.000000
130.000000
179.000000
1343.000000
329.000000
221.000000
183.000000
2208.000000
417.000000
1126.000000
2450.000000
1166.000000
446.000000
448.000000
1347.000000
190.000000
137.000000
233.000000
379.000000
421.000000
399.000000
234.000000
68.000000
249.000000
61.000000
69.000000
598.000000
212.000000
369.000000
202.000000
931.000000
435.000000
1308.000000
649.000000
383.000000
55.000000
907.000000
600.000000
454.000000
299.000000
280.000000
161.000000
153.000000
301.000000
794.000000
2138.000000
799.000000
331.000000
281.000000
485.000000
2112.000000
1879.000000
83.000000
382.000000
1031.000000
872.000000
910.000000
201.000000
174.000000
748.000000
538.000000
882.000000
268.000000
710.000000
2346.000000
78.000000
427.000000
1711.000000
91.000000
113.000000
412.000000
1045.000000
4324.000000
1042.000000
1352.000000
4911.000000
805.000000
470.000000
260.000000
375.000000
562.000000
342.000000
1778.000000
164.000000
178.000000
364.000000
378.000000
462.000000
424.000000
594.000000
214.000000
271.000000
521.000000
242.000000
388.000000
181.000000
1841.000000
583.000000
188.000000
274.000000
55.000000
1200.000000
158.000000
419.000000
843.000000
358.000000
26.000000
1566.000000
608.000000
900.000000
1043.000000
1898.000000
333.000000
1410.000000
397.000000
1003.000000
377.000000
216.000000
898.000000
388.000000
890.000000
370.000000
363.000000
423.000000
710.000000
105.000000
2009.000000
319.000000
261.000000
690.000000
275.000000
251.000000
1169.000000
1370.000000
652.000000
227.000000
1516.000000
406.000000
426.000000
70.000000
376.000000
412.000000
150.000000
517.000000
574.000000
596.000000
138.000000
52.000000
397.000000
205.000000
509.000000
67.000000
1096.000000
341.000000
262.000000
92.000000
260.000000
172.000000
101.000000
548.000000
496.000000
551.000000
749.000000
97.000000
303.000000
1249.000000
70.000000
912.000000
615.000000
82.000000
661.000000
272.000000
121.000000
195.000000
226.000000
438.000000
310.000000
61.000000
143.000000
3472.000000
101.000000
62.000000
229.000000
158.000000
606.000000
721.000000
142.000000
134.000000
1504.000000
328.000000
272.000000
207.000000
47.000000
153.000000
741.000000
106.000000
160.000000
98.000000
313.000000
211.000000
970.000000
384.000000
578.000000
3569.000000
136.000000
239.000000
1899.000000
185.000000
261.000000
310.000000
1807.000000
1033.000000
267.000000
882.000000
226.000000
194.000000
1615.000000
168.000000
266.000000
423.000000
427.000000
295.000000
254.000000
299.000000
1212.000000
343.000000
60.000000
917.000000
328.000000
73.000000
843.000000
1131.000000
920.000000
1105.000000
1125.000000
104.000000
461.000000
203.000000
558.000000
786.000000
131.000000
204.000000
1426.000000
654.000000
48.000000
138.000000
168.000000
158.000000
245.000000
173.000000
859.000000
146.000000
147.000000
749.000000
1525.000000
52.000000
113.000000
386.000000
656.000000
92.000000
248.000000
358.000000
306.000000
1921.000000
494.000000
779.000000
374.000000
212.000000
742.000000
427.000000
532.000000
153.000000
144.000000
770.000000
373.000000
152.000000
1729.000000
477.000000
888.000000
221.000000
222.000000
105.000000
298.000000
125.000000
357.000000
206.000000
865.000000
926.000000
1040.000000
471.000000
275.000000
384.000000
235.000000
66.000000
295.000000
588.000000
1359.000000
542.000000
332.000000
131.000000
594.000000
345.000000
655.000000
177.000000
510.000000
407.000000
31.000000
887.000000
1580.000000
538.000000
458.000000
139.000000
1260.000000
866.000000
265.000000
110.000000
1629.000000
137.000000
1125.000000
627.000000
93.000000
217.000000
330.000000
342.000000
265.000000
190.000000
661.000000
1202.000000
416.000000
380.000000
140.000000
2725.000000
126.000000
441.000000
444.000000
420.000000
284.000000
272.000000
177.000000
632.000000
948.000000
541.000000
338.000000
234.000000
560.000000
528.000000
1854.000000
1459.000000
174.000000
180.000000
365.000000
