569.000000
183.000000
85.000000
1469.000000
1228.000000
371.000000
525.000000
168.000000
379.000000
241.000000
7168.000000
1439.000000
409.000000
121.000000
255.000000
157.000000
2169.000000
216.000000
162.000000
435.000000
460.000000
728.000000
48.000000
442.000000
152.000000
581.000000
331.000000
1468.000000
2744.000000
533.000000
85.000000
438.000000
319.000000
741.000000
199.000000
410.000000
199.000000
826.000000
317.000000
851.000000
1203.000000
934.000000
229.000000
306.000000
303.000000
563.000000
353.000000
372.000000
786.000000
128.000000
220.000000
121.000000
358.000000
1971.000000
1405.000000
308.000000
631.000000
133.000000
519.000000
934.000000
1641.000000
365.000000
733.000000
1314.000000
916.000000
207.000000
665.000000
944.000000
512.000000
1066.000000
1133.000000
1270.000000
102.000000
87.000000
649.000000
1065.000000
390.000000
219.000000
172.000000
1246.000000
311.000000
104.000000
159.000000
453.000000
362.000000
1467.000000
258.000000
66.000000
433.000000
257.000000
299.000000
348.000000
173.000000
383.000000
691.000000
290.000000
127.000000
224.000000
199.000000
438.000000
60.000000
537.000000
74.000000
256.000000
103.000000
36.000000
153.000000
1277.000000
231.000000
73.000000
1379.000000
203.000000
147.000000
277.000000
550.000000
49.000000
406.000000
872.000000
89.000000
532.000000
168.000000
73.000000
304.000000
337.000000
511.000000
4317.000000
2060.000000
146.000000
142.000000
268.000000
2370.000000
628.000000
835.000000
238.000000
116.000000
7616.000000
409.000000
226.000000
2063.000000
1002.000000
5291.000000
284.000000
76.000000
388.000000
322.000000
296.000000
2769.000000
1018.000000
2356.000000
573.000000
201.000000
229.000000
156.000000
1227.000000
1075.000000
287.000000
550.000000
145.000000
674.000000
654.000000
69.000000
1474.000000
429.000000
3284.000000
244.000000
566.000000
2358.000000
158.000000
49.000000
393.000000
263.000000
326.000000
327.000000
888.000000
283.000000
626.000000
537.000000
368.000000
1793.000000
821.000000
337.000000
317.000000
1817.000000
444.000000
213.000000
315.000000
92.000000
628.000000
981.000000
352.000000
250.000000
861.000000
343.000000
1291.000000
105.000000
69.000000
121.000000
651.000000
425.000000
1838.000000
101.000000
1129.000000
96.000000
107.000000
72.000000
289.000000
413.000000
316.000000
294.000000
389.000000
27.000000
935.000000
447.000000
244.000000
1380.000000
239.000000
279.000000
282.000000
358.000000
344.000000
7251.000000
1063.000000
1877.000000
88.000000
552.000000
40.000000
1741.000000
68.000000
276.000000
2436.000000
179.000000
772.000000
9805.000000
545.000000
1325.000000
476.000000
188.000000
518.000000
381.000000
244.000000
80.000000
305.000000
364.000000
98.000000
203.000000
3131.000000
379.000000
932.000000
361.000000
87.000000
216.000000
187.000000
357.000000
2602.000000
127.000000
466.000000
112.000000
213.000000
1084.000000
487.000000
328.000000
687.000000
2058.000000
486.000000
751.000000
209.000000
90.000000
465.000000
354.000000
773.000000
124.000000
40.000000
1790.000000
73.000000
131.000000
1209.000000
108.000000
2074.000000
850.000000
714.000000
779.000000
722.000000
375.000000
1500.000000
436.000000
223.000000
2022.000000
405.000000
281.000000
2211.000000
436.000000
23.000000
58.000000
434.000000
650.000000
97.000000
526.000000
184.000000
992.000000
1181.000000
327.000000
507.000000
457.000000
273.000000
418.000000
861.000000
1614.000000
1000.000000
226.000000
528.000000
139.000000
406.000000
830.000000
1517.000000
105.000000
128.000000
853.000000
179.000000
178.000000
241.000000
515.000000
576.000000
537.000000
1525.000000
345.000000
5149.000000
784.000000
1293.000000
165.000000
2820.000000
52.000000
210.000000
522.000000
290.000000
315.000000
24.000000
876.000000
82.000000
318.000000
1195.000000
1245.000000
594.000000
593.000000
4165.000000
1726.000000
237.000000
836.000000
439.000000
731.000000
95.000000
142.000000
241.000000
1863.000000
1120.000000
40.000000
267.000000
329.000000
195.000000
139.000000
155.000000
918.000000
538.000000
551.000000
6344.000000
1014.000000
1182.000000
2128.000000
473.000000
734.000000
241.000000
975.000000
1518.000000
466.000000
673.000000
742.000000
259.000000
584.000000
166.000000
212.000000
1832.000000
261.000000
359.000000
1014.000000
1199.000000
466.000000
710.000000
487.000000
455.000000
1447.000000
1276.000000
1005.000000
183.000000
126.000000
1176.000000
462.000000
539.000000
279.000000
721.000000
231.000000
387.000000
129.000000
329.000000
947.000000
553.000000
2236.000000
1143.000000
649.000000
434.000000
90.000000
826.000000
933.000000
187.000000
400.000000
232.000000
1094.000000
575.000000
117.000000
76.000000
615.000000
121.000000
283.000000
896.000000
291.000000
401.000000
487.000000
72.000000
1284.000000
154.000000
259.000000
212.000000
205.000000
163.000000
516.000000
290.000000
408.000000
488.000000
269.000000
207.000000
282.000000
182.000000
401.000000
597.000000
637.000000
131.000000
597.000000
377.000000
275.000000
1633.000000
160.000000
152.000000
834.000000
188.000000
312.000000
574.000000
586.000000
285.000000
338.000000
179.000000
56.000000
175.000000
523.000000
1161.000000
530.000000
612.000000
98.000000
72.000000
421.000000
308.000000
1526.000000
139.000000
509.000000
1868.000000
117.000000
802.000000
59.000000
650.000000
1714.000000
389.000000
1193.000000
2561.000000
421.000000
1068.000000
3175.000000
227.000000
2442.000000
592.000000
1219.000000
1552.000000
250.000000
434.000000
404.000000
52.000000
620.000000
452.000000
736.000000
1042.000000
117.000000
393.000000
562.000000
418.000000
721.000000
105.000000
526.000000
960.000000
902.000000
551.000000
961.000000
361.000000
190.000000
1901.000000
211.000000
279.000000
357.000000
104.000000
670.000000
898.000000
70.000000
695.000000
309.000000
534.000000
668.000000
771.000000
135.000000
139.000000
2528.000000
354.000000
2937.000000
241.000000
155.000000
1250.000000
557.000000
313.000000
771.000000
1665.000000
345.000000
2084.000000
178.000000
389.000000
13440.000000
502.000000
1187.000000
99.000000
131.000000
333.000000
253.000000
287.000000
126.000000
841.000000
1781.000000
2478.000000
757.000000
94.000000
1891.000000
992.000000
378.000000
78.000000
132.000000
363.000000
212.000000
56.000000
240.000000
1088.000000
159.000000
548.000000
383.000000
902.000000
298.000000
405.000000
57.000000
150.000000
3619.000000
911.000000
537.000000
1592.000000
118.000000
1285.000000
132.000000
327.000000
353.000000
2057.000000
173.000000
238.000000
951.000000
1035.000000
1437.000000
158.000000
693.000000
421.000000
670.000000
496.000000
143.000000
474.000000
356.000000
142.000000
472.000000
763.000000
113.000000
704.000000
674.000000
161.000000
191.000000
162.000000
410.000000
453.000000
357.000000
623.000000
179.000000
455.000000
919.000000
1313.000000
302.000000
287.000000
128.000000
1022.000000
685.000000
286.000000
103.000000
203.000000
2522.000000
322.000000
1969.000000
1029.000000
197.000000
389.000000
1956.000000
706.000000
109.000000
63.000000
737.000000
173.000000
1743.000000
2385.000000
532.000000
710.000000
894.000000
360.000000
339.000000
526.000000
874.000000
118.000000
176.000000
636.000000
151.000000
86.000000
137.000000
48.000000
68.000000
389.000000
952.000000
524.000000
177.000000
315.000000
1283.000000
1121.000000
141.000000
377.000000
302.000000
799.000000
186.000000
97.000000
84.000000
440.000000
855.000000
482.000000
33.000000
269.000000
1007.000000
505.000000
261.000000
194.000000
207.000000
210.000000
119.000000
274.000000
608.000000
201.000000
497.000000
49.000000
533.000000
514.000000
481.000000
42.000000
161.000000
780.000000
389.000000
1148.000000
658.000000
903.000000
1415.000000
459.000000
432.000000
1251.000000
465.000000
120.000000
53.000000
627.000000
2493.000000
4853.000000
266.000000
1278.000000
330.000000
44.000000
1524.000000
188.000000
448.000000
237.000000
159.000000
357.000000
511.000000
1738.000000
843.000000
1382.000000
342.000000
277.000000
918.000000
565.000000
276.000000
133.000000
408.000000
1730.000000
120.000000
600.000000
629.000000
142.000000
536.000000
1218.000000
554.000000
278.000000
213.000000
975.000000
615.000000
138.000000
153.000000
455.000000
1696.000000
605.000000
2226.000000
370.000000
1163.000000
63.000000
168.000000
118.000000
581.000000
180.000000
819.000000
291.000000
324.000000
366.000000
485.000000
130.000000
88.000000
137.000000
1772.000000
3479.000000
1478.000000
702.000000
179.000000
2738.000000
1526.000000
3206.000000
468.000000
778.000000
2004.000000
386.000000
2271.000000
378.000000
462.000000
1105.000000
612.000000
801.000000
788.000000
194.000000
194.000000
193.000000
751.000000
335.000000
334.000000
78.000000
150.000000
614.000000
1078.000000
768.000000
663.000000
239.000000
290.000000
3250.000000
342.000000
338.000000
92.000000
100.000000
442.000000
366.000000
421.000000
72.000000
254.000000
104.000000
512.000000
2111.000000
124.000000
1963.000000
223.000000
1447.000000
346.000000
840.000000
506.000000
1125.000000
246.000000
1277.000000
1224.000000
913.000000
502.000000
97.000000
637.000000
1104.000000
403.000000
222.000000
592.000000
905.000000
1001.000000
738.000000
205.000000
276.000000
530.000000
2226.000000
1579.000000
414.000000
610.000000
341.000000
295.000000
78.000000
377.000000
2200.000000
917.000000
952.000000
80.000000
65.000000
1162.000000
462.000000
284.000000
538.000000
225.000000
933.000000
160.000000
238.000000
103.000000
152.000000
492.000000
697.000000
1206.000000
1235.000000
288.000000
270.000000
433.000000
499.000000
370.000000
1524.000000
887.000000
494.000000
115.000000
828.000000
169.000000
923.000000
127.000000
234.000000
362.000000
600.000000
153.000000
334.000000
135.000000
159.000000
250.000000
433.000000
288.000000
1740.000000
430.000000
2168.000000
489.000000
4026.000000
182.000000
632.000000
635.000000
431.000000
372.000000
84.000000
368.000000
518.000000
497.000000
2161.000000
946.000000
44.000000
464.000000
219.000000
1046.000000
161.000000
212.000000
728.000000
1055.000000
218.000000
246.000000
649.000000
459.000000
147.000000
1336.000000
1431.000000
248.000000
154.000000
160.000000
1100.000000
43.000000
247.000000
84.000000
111.000000
97.000000
93.000000
120.000000
483.000000
463.000000
306.000000
436.000000
59.000000
799.000000
223.000000
163.000000
271.000000
588.000000
807.000000
1232.000000
244.000000
547.000000
248.000000
548.000000
397.000000
347.000000
1307.000000
106.000000
47.000000
582.000000
1153.000000
155.000000
573.000000
252.000000
652.000000
184.000000
3274.000000
1710.000000
399.000000
591.000000
592.000000
277.000000
617.000000
159.000000
1112.000000
326.000000
1084.000000
317.000000
814.000000
312.000000
237.000000
74.000000
393.000000
1681.000000
132.000000
312.000000
290.000000
140.000000
90.000000
196.000000
351.000000
494.000000
287.000000
291.000000
732.000000
2114.000000
950.000000
1247.000000
1330.000000
2610.000000
581.000000
291.000000
583.000000
232.000000
1946.000000
1650.000000
219.000000
1249.000000
3922.000000
383.000000
50.000000
836.000000
641.000000
138.000000
301.000000
439.000000
420.000000
233.000000
1666.000000
1804.000000
182.000000
225.000000
944.000000
