648.000000
344.000000
341.000000
304.000000
90.000000
349.000000
486.000000
1314.000000
468.000000
270.000000
266.000000
152.000000
859.000000
593.000000
167.000000
344.000000
1311.000000
1285.000000
277.000000
680.000000
473.000000
858.000000
463.000000
1043.000000
1397.000000
470.000000
544.000000
457.000000
88.000000
2088.000000
2700.000000
758.000000
104.000000
524.000000
25.000000
528.000000
720.000000
1626.000000
144.000000
928.000000
790.000000
131.000000
262.000000
280.000000
529.000000
1336.000000
169.000000
252.000000
488.000000
352.000000
60.000000
909.000000
179.000000
1419.000000
1425.000000
1651.000000
428.000000
916.000000
644.000000
143.000000
337.000000
58.000000
1018.000000
204.000000
122.000000
243.000000
1289.000000
683.000000
299.000000
2108.000000
368.000000
1262.000000
303.000000
884.000000
239.000000
361.000000
79.000000
156.000000
870.000000
239.000000
1123.000000
165.000000
972.000000
1387.000000
436.000000
135.000000
379.000000
216.000000
10642.000000
781.000000
364.000000
221.000000
764.000000
1411.000000
158.000000
1902.000000
412.000000
80.000000
823.000000
456.000000
1285.000000
562.000000
973.000000
1063.000000
513.000000
440.000000
208.000000
96.000000
727.000000
565.000000
95.000000
617.000000
1231.000000
178.000000
493.000000
2198.000000
1205.000000
1261.000000
1241.000000
186.000000
170.000000
474.000000
71.000000
1307.000000
1370.000000
210.000000
942.000000
188.000000
228.000000
2190.000000
176.000000
479.000000
194.000000
256.000000
2943.000000
762.000000
107.000000
218.000000
357.000000
741.000000
527.000000
782.000000
1025.000000
317.000000
1338.000000
583.000000
1045.000000
695.000000
72.000000
93.000000
550.000000
380.000000
384.000000
1021.000000
262.000000
1216.000000
3634.000000
147.000000
3670.000000
103.000000
83.000000
648.000000
146.000000
1600.000000
2322.000000
658.000000
536.000000
448.000000
169.000000
478.000000
1007.000000
186.000000
1022.000000
133.000000
275.000000
837.000000
113.000000
676.000000
204.000000
295.000000
774.000000
552.000000
401.000000
683.000000
84.000000
2250.000000
483.000000
442.000000
1302.000000
292.000000
1481.000000
303.000000
570.000000
248.000000
620.000000
688.000000
729.000000
1800.000000
128.000000
427.000000
244.000000
614.000000
247.000000
155.000000
1612.000000
66.000000
334.000000
802.000000
301.000000
492.000000
542.000000
803.000000
155.000000
378.000000
188.000000
239.000000
320.000000
94.000000
240.000000
682.000000
1451.000000
53.000000
34.000000
379.000000
849.000000
1335.000000
285.000000
397.000000
220.000000
787.000000
276.000000
1090.000000
406.000000
579.000000
790.000000
2305.000000
557.000000
337.000000
528.000000
1202.000000
230.000000
1256.000000
634.000000
380.000000
649.000000
254.000000
1466.000000
260.000000
291.000000
1094.000000
467.000000
272.000000
365.000000
823.000000
426.000000
824.000000
248.000000
258.000000
1071.000000
1022.000000
628.000000
565.000000
810.000000
70.000000
217.000000
640.000000
295.000000
289.000000
326.000000
779.000000
645.000000
2670.000000
210.000000
640.000000
2857.000000
187.000000
1468.000000
478.000000
155.000000
678.000000
342.000000
1114.000000
294.000000
99.000000
880.000000
249.000000
83.000000
339.000000
321.000000
643.000000
275.000000
404.000000
520.000000
294.000000
100.000000
841.000000
1892.000000
530.000000
75.000000
96.000000
179.000000
178.000000
75.000000
87.000000
376.000000
192.000000
1955.000000
1608.000000
636.000000
272.000000
126.000000
347.000000
928.000000
1006.000000
626.000000
1973.000000
183.000000
23.000000
442.000000
63.000000
307.000000
657.000000
620.000000
409.000000
179.000000
782.000000
80.000000
169.000000
841.000000
261.000000
1544.000000
2908.000000
212.000000
227.000000
446.000000
788.000000
771.000000
1789.000000
23.000000
255.000000
114.000000
246.000000
131.000000
356.000000
1034.000000
321.000000
2752.000000
973.000000
397.000000
244.000000
547.000000
514.000000
678.000000
292.000000
553.000000
284.000000
1146.000000
59.000000
373.000000
252.000000
569.000000
110.000000
229.000000
3069.000000
1375.000000
586.000000
126.000000
751.000000
336.000000
238.000000
179.000000
163.000000
339.000000
648.000000
501.000000
102.000000
4282.000000
347.000000
592.000000
357.000000
471.000000
1062.000000
511.000000
267.000000
1554.000000
833.000000
832.000000
331.000000
214.000000
477.000000
450.000000
250.000000
1177.000000
644.000000
822.000000
152.000000
901.000000
165.000000
144.000000
743.000000
396.000000
950.000000
413.000000
290.000000
158.000000
136.000000
1081.000000
592.000000
541.000000
968.000000
527.000000
181.000000
174.000000
47.000000
787.000000
391.000000
901.000000
288.000000
1115.000000
676.000000
469.000000
150.000000
634.000000
8205.000000
148.000000
635.000000
206.000000
93.000000
731.000000
123.000000
336.000000
103.000000
209.000000
2756.000000
3488.000000
840.000000
155.000000
549.000000
1031.000000
822.000000
822.000000
163.000000
414.000000
407.000000
30.000000
769.000000
2665.000000
113.000000
245.000000
468.000000
291.000000
577.000000
122.000000
236.000000
671.000000
131.000000
478.000000
491.000000
793.000000
164.000000
158.000000
1086.000000
2100.000000
362.000000
493.000000
318.000000
61.000000
62.000000
390.000000
1486.000000
44.000000
3587.000000
329.000000
2293.000000
1084.000000
76.000000
1896.000000
308.000000
3008.000000
135.000000
2415.000000
1204.000000
461.000000
844.000000
422.000000
170.000000
239.000000
331.000000
346.000000
208.000000
2582.000000
135.000000
6230.000000
463.000000
635.000000
2002.000000
404.000000
575.000000
108.000000
232.000000
402.000000
292.000000
1994.000000
364.000000
435.000000
1313.000000
784.000000
175.000000
1089.000000
343.000000
217.000000
1323.000000
562.000000
543.000000
418.000000
323.000000
437.000000
173.000000
477.000000
132.000000
184.000000
179.000000
975.000000
1984.000000
417.000000
125.000000
401.000000
451.000000
157.000000
412.000000
103.000000
533.000000
365.000000
1120.000000
784.000000
1484.000000
157.000000
2961.000000
311.000000
70.000000
2104.000000
1485.000000
384.000000
746.000000
1208.000000
122.000000
934.000000
886.000000
39.000000
454.000000
823.000000
1322.000000
818.000000
385.000000
1152.000000
747.000000
942.000000
754.000000
510.000000
124.000000
50.000000
1774.000000
2791.000000
65.000000
865.000000
500.000000
209.000000
162.000000
540.000000
489.000000
153.000000
1606.000000
1664.000000
191.000000
391.000000
871.000000
139.000000
604.000000
479.000000
107.000000
511.000000
475.000000
1524.000000
375.000000
1461.000000
686.000000
112.000000
288.000000
77.000000
568.000000
765.000000
217.000000
487.000000
88.000000
102.000000
1672.000000
116.000000
608.000000
189.000000
164.000000
965.000000
235.000000
1713.000000
228.000000
137.000000
146.000000
147.000000
4007.000000
1089.000000
283.000000
494.000000
142.000000
197.000000
245.000000
340.000000
1364.000000
350.000000
888.000000
233.000000
137.000000
180.000000
977.000000
170.000000
420.000000
1149.000000
847.000000
134.000000
492.000000
381.000000
752.000000
538.000000
836.000000
70.000000
160.000000
453.000000
347.000000
264.000000
548.000000
108.000000
976.000000
200.000000
1158.000000
428.000000
192.000000
307.000000
409.000000
462.000000
190.000000
471.000000
528.000000
466.000000
1532.000000
1354.000000
279.000000
550.000000
709.000000
149.000000
350.000000
1727.000000
354.000000
2029.000000
543.000000
141.000000
465.000000
1182.000000
1313.000000
1004.000000
269.000000
102.000000
633.000000
361.000000
675.000000
797.000000
150.000000
454.000000
674.000000
480.000000
3396.000000
499.000000
128.000000
273.000000
300.000000
80.000000
228.000000
2398.000000
120.000000
630.000000
761.000000
58.000000
352.000000
457.000000
289.000000
13734.000000
56.000000
161.000000
537.000000
175.000000
566.000000
152.000000
423.000000
250.000000
645.000000
1327.000000
307.000000
865.000000
692.000000
558.000000
77.000000
563.000000
202.000000
225.000000
152.000000
667.000000
229.000000
254.000000
598.000000
631.000000
363.000000
966.000000
1967.000000
124.000000
201.000000
897.000000
207.000000
51.000000
468.000000
735.000000
901.000000
955.000000
797.000000
337.000000
210.000000
407.000000
469.000000
416.000000
1601.000000
258.000000
612.000000
755.000000
295.000000
274.000000
341.000000
155.000000
441.000000
329.000000
161.000000
374.000000
227.000000
989.000000
345.000000
1191.000000
747.000000
1116.000000
140.000000
81.000000
371.000000
57.000000
2711.000000
264.000000
792.000000
226.000000
111.000000
2371.000000
1929.000000
549.000000
827.000000
268.000000
521.000000
2385.000000
427.000000
2888.000000
649.000000
577.000000
147.000000
231.000000
183.000000
1306.000000
93.000000
348.000000
376.000000
215.000000
1174.000000
1011.000000
1010.000000
468.000000
90.000000
67.000000
178.000000
266.000000
165.000000
490.000000
109.000000
238.000000
317.000000
2919.000000
316.000000
3207.000000
149.000000
328.000000
1427.000000
391.000000
37.000000
123.000000
305.000000
119.000000
176.000000
549.000000
159.000000
259.000000
205.000000
417.000000
223.000000
160.000000
1017.000000
98.000000
64.000000
340.000000
191.000000
245.000000
54.000000
148.000000
513.000000
1064.000000
744.000000
841.000000
314.000000
1022.000000
2302.000000
1781.000000
755.000000
2232.000000
218.000000
1040.000000
172.000000
317.000000
2219.000000
466.000000
323.000000
159.000000
151.000000
164.000000
1522.000000
362.000000
603.000000
376.000000
69.000000
316.000000
4645.000000
639.000000
333.000000
706.000000
650.000000
427.000000
984.000000
243.000000
1043.000000
304.000000
339.000000
94.000000
6429.000000
485.000000
417.000000
532.000000
203.000000
886.000000
305.000000
939.000000
498.000000
1867.000000
1380.000000
187.000000
506.000000
96.000000
223.000000
744.000000
868.000000
458.000000
146.000000
375.000000
310.000000
676.000000
177.000000
1985.000000
934.000000
644.000000
221.000000
195.000000
3130.000000
584.000000
507.000000
340.000000
1069.000000
2532.000000
398.000000
1336.000000
1463.000000
1992.000000
269.000000
610.000000
2878.000000
143.000000
548.000000
108.000000
503.000000
2660.000000
217.000000
195.000000
177.000000
323.000000
669.000000
226.000000
3282.000000
176.000000
87.000000
543.000000
308.000000
324.000000
150.000000
257.000000
637.000000
171.000000
184.000000
155.000000
640.000000
93.000000
311.000000
358.000000
425.000000
187.000000
728.000000
192.000000
446.000000
969.000000
1136.000000
579.000000
2403.000000
783.000000
469.000000
31.000000
5654.000000
472.000000
112.000000
103.000000
550.000000
588.000000
277.000000
1046.000000
185.000000
177.000000
88.000000
250.000000
746.000000
101.000000
136.000000
430.000000
157.000000
243.000000
1118.000000
773.000000
279.000000
587.000000
440.000000
99.000000
801.000000
289.000000
315.000000
132.000000
595.000000
987.000000
256.000000
796.000000
815.000000
2466.000000
1572.000000
523.000000
378.000000
1765.000000
2377.000000
489.000000
1593.000000
113.000000
498.000000
722.000000
1126.000000
239.000000
178.000000
316.000000
205.000000
730.000000
45.000000
590.000000
330.000000
153.000000
319.000000
71.000000
1598.000000
1491.000000
165.000000
989.000000
301.000000
