236.000000
345.000000
2648.000000
307.000000
402.000000
368.000000
1626.000000
231.000000
2220.000000
813.000000
775.000000
162.000000
75.000000
289.000000
112.000000
219.000000
2538.000000
2352.000000
28.000000
902.000000
680.000000
2765.000000
1313.000000
329.000000
210.000000
970.000000
1739.000000
754.000000
322.000000
251.000000
593.000000
630.000000
832.000000
118.000000
327.000000
222.000000
224.000000
984.000000
410.000000
564.000000
318.000000
183.000000
369.000000
30.000000
4083.000000
471.000000
1349.000000
380.000000
585.000000
2364.000000
304.000000
102.000000
524.000000
285.000000
864.000000
877.000000
1421.000000
508.000000
303.000000
299.000000
92.000000
194.000000
215.000000
501.000000
252.000000
181.000000
52.000000
977.000000
50.000000
1265.000000
678.000000
244.000000
1182.000000
325.000000
1320.000000
493.000000
104.000000
220.000000
91.000000
342.000000
210.000000
116.000000
238.000000
1873.000000
805.000000
526.000000
475.000000
386.000000
401.000000
845.000000
1216.000000
160.000000
650.000000
449.000000
423.000000
117.000000
27.000000
274.000000
250.000000
143.000000
1757.000000
191.000000
703.000000
426.000000
150.000000
294.000000
206.000000
1418.000000
976.000000
129.000000
154.000000
90.000000
388.000000
507.000000
472.000000
109.000000
214.000000
229.000000
1582.000000
373.000000
418.000000
1457.000000
482.000000
269.000000
90.000000
583.000000
747.000000
207.000000
127.000000
457.000000
155.000000
592.000000
625.000000
52.000000
193.000000
541.000000
1857.000000
151.000000
485.000000
983.000000
861.000000
102.000000
149.000000
406.000000
286.000000
267.000000
570.000000
598.000000
256.000000
534.000000
526.000000
2624.000000
557.000000
267.000000
766.000000
219.000000
534.000000
134.000000
76.000000
84.000000
214.000000
445.000000
215.000000
555.000000
553.000000
716.000000
322.000000
157.000000
471.000000
303.000000
147.000000
1551.000000
1356.000000
512.000000
432.000000
368.000000
140.000000
153.000000
691.000000
384.000000
3506.000000
627.000000
1292.000000
1605.000000
149.000000
6185.000000
1023.000000
715.000000
190.000000
309.000000
462.000000
555.000000
1983.000000
443.000000
1179.000000
992.000000
2219.000000
253.000000
1026.000000
360.000000
831.000000
2991.000000
403.000000
397.000000
603.000000
29.000000
55.000000
300.000000
292.000000
1719.000000
253.000000
93.000000
228.000000
905.000000
2100.000000
860.000000
265.000000
710.000000
249.000000
1785.000000
1048.000000
600.000000
953.000000
134.000000
333.000000
434.000000
162.000000
1009.000000
318.000000
70.000000
298.000000
649.000000
659.000000
288.000000
99.000000
2391.000000
716.000000
643.000000
52.000000
278.000000
303.000000
446.000000
124.000000
628.000000
166.000000
285.000000
100.000000
247.000000
184.000000
1611.000000
410.000000
2293.000000
277.000000
475.000000
80.000000
1084.000000
62.000000
272.000000
500.000000
802.000000
2312.000000
342.000000
148.000000
256.000000
472.000000
40.000000
622.000000
906.000000
188.000000
220.000000
141.000000
211.000000
308.000000
610.000000
556.000000
568.000000
145.000000
6612.000000
87.000000
478.000000
34.000000
248.000000
915.000000
191.000000
417.000000
1465.000000
33.000000
652.000000
2684.000000
993.000000
98.000000
494.000000
263.000000
2537.000000
176.000000
206.000000
521.000000
90.000000
138.000000
347.000000
545.000000
413.000000
879.000000
540.000000
4014.000000
1065.000000
85.000000
338.000000
804.000000
162.000000
516.000000
4111.000000
903.000000
166.000000
1272.000000
85.000000
337.000000
124.000000
382.000000
151.000000
1178.000000
214.000000
823.000000
2401.000000
130.000000
1179.000000
143.000000
201.000000
364.000000
24.000000
678.000000
571.000000
160.000000
1459.000000
411.000000
845.000000
1242.000000
90.000000
1081.000000
1089.000000
322.000000
306.000000
220.000000
3220.000000
193.000000
1249.000000
43.000000
184.000000
564.000000
643.000000
487.000000
256.000000
343.000000
152.000000
100.000000
321.000000
352.000000
186.000000
287.000000
125.000000
2750.000000
1668.000000
386.000000
46.000000
704.000000
295.000000
380.000000
529.000000
2173.000000
589.000000
356.000000
1410.000000
2184.000000
158.000000
239.000000
675.000000
1546.000000
599.000000
1256.000000
370.000000
183.000000
358.000000
2380.000000
413.000000
3242.000000
306.000000
538.000000
473.000000
969.000000
327.000000
662.000000
1156.000000
465.000000
205.000000
596.000000
1183.000000
113.000000
260.000000
110.000000
317.000000
230.000000
212.000000
401.000000
936.000000
495.000000
1181.000000
2232.000000
294.000000
32.000000
347.000000
217.000000
1139.000000
1501.000000
418.000000
161.000000
348.000000
337.000000
54.000000
201.000000
1101.000000
230.000000
1009.000000
1561.000000
2195.000000
115.000000
768.000000
93.000000
205.000000
616.000000
177.000000
348.000000
1058.000000
320.000000
160.000000
238.000000
66.000000
125.000000
400.000000
212.000000
949.000000
1194.000000
351.000000
2611.000000
915.000000
480.000000
613.000000
723.000000
353.000000
273.000000
3568.000000
2717.000000
107.000000
358.000000
324.000000
1373.000000
320.000000
240.000000
258.000000
221.000000
264.000000
101.000000
413.000000
4895.000000
221.000000
473.000000
3547.000000
1049.000000
265.000000
2095.000000
6918.000000
2734.000000
199.000000
159.000000
84.000000
1051.000000
2147.000000
465.000000
310.000000
568.000000
401.000000
381.000000
580.000000
114.000000
64.000000
3465.000000
374.000000
1532.000000
588.000000
352.000000
250.000000
120.000000
436.000000
558.000000
334.000000
222.000000
141.000000
299.000000
1579.000000
402.000000
376.000000
1174.000000
1201.000000
187.000000
707.000000
911.000000
262.000000
537.000000
719.000000
196.000000
1257.000000
104.000000
345.000000
306.000000
1170.000000
326.000000
698.000000
355.000000
386.000000
363.000000
836.000000
2555.000000
216.000000
379.000000
166.000000
901.000000
115.000000
955.000000
75.000000
277.000000
426.000000
1615.000000
948.000000
110.000000
682.000000
124.000000
240.000000
443.000000
249.000000
1264.000000
708.000000
351.000000
109.000000
194.000000
282.000000
3077.000000
312.000000
2628.000000
305.000000
233.000000
262.000000
231.000000
950.000000
108.000000
1001.000000
998.000000
405.000000
1190.000000
2947.000000
125.000000
2565.000000
149.000000
2039.000000
189.000000
887.000000
529.000000
494.000000
626.000000
143.000000
342.000000
218.000000
119.000000
1183.000000
110.000000
589.000000
989.000000
486.000000
231.000000
135.000000
474.000000
106.000000
149.000000
105.000000
823.000000
478.000000
316.000000
170.000000
321.000000
702.000000
156.000000
159.000000
4218.000000
917.000000
1283.000000
158.000000
2237.000000
532.000000
306.000000
1402.000000
1795.000000
242.000000
621.000000
138.000000
343.000000
453.000000
1338.000000
702.000000
936.000000
386.000000
286.000000
313.000000
791.000000
73.000000
711.000000
139.000000
417.000000
38.000000
162.000000
1142.000000
1477.000000
960.000000
345.000000
50.000000
170.000000
347.000000
547.000000
161.000000
322.000000
94.000000
1248.000000
292.000000
3070.000000
260.000000
699.000000
865.000000
373.000000
93.000000
227.000000
1038.000000
974.000000
612.000000
28.000000
267.000000
332.000000
669.000000
720.000000
300.000000
1472.000000
280.000000
57.000000
143.000000
462.000000
382.000000
347.000000
293.000000
923.000000
238.000000
2131.000000
634.000000
222.000000
888.000000
170.000000
1027.000000
76.000000
829.000000
592.000000
1040.000000
51.000000
853.000000
607.000000
552.000000
1715.000000
1830.000000
311.000000
140.000000
563.000000
546.000000
373.000000
579.000000
712.000000
446.000000
798.000000
414.000000
1324.000000
267.000000
243.000000
265.000000
1868.000000
247.000000
1428.000000
1540.000000
392.000000
172.000000
2511.000000
182.000000
196.000000
403.000000
835.000000
565.000000
506.000000
60.000000
2427.000000
237.000000
1289.000000
101.000000
331.000000
1102.000000
176.000000
734.000000
76.000000
101.000000
123.000000
202.000000
85.000000
83.000000
142.000000
52.000000
690.000000
283.000000
1008.000000
133.000000
1308.000000
240.000000
581.000000
127.000000
212.000000
253.000000
709.000000
950.000000
710.000000
912.000000
333.000000
328.000000
263.000000
1083.000000
154.000000
709.000000
4437.000000
1107.000000
799.000000
1377.000000
509.000000
458.000000
2540.000000
368.000000
1773.000000
2002.000000
65.000000
211.000000
601.000000
152.000000
289.000000
210.000000
1374.000000
1562.000000
689.000000
1224.000000
57.000000
583.000000
339.000000
107.000000
6573.000000
331.000000
453.000000
1184.000000
53.000000
171.000000
383.000000
156.000000
643.000000
228.000000
771.000000
48.000000
431.000000
176.000000
2712.000000
106.000000
321.000000
517.000000
186.000000
637.000000
131.000000
63.000000
410.000000
32.000000
23.000000
193.000000
475.000000
409.000000
407.000000
726.000000
799.000000
234.000000
641.000000
780.000000
90.000000
132.000000
243.000000
1020.000000
57.000000
124.000000
456.000000
558.000000
630.000000
830.000000
1120.000000
393.000000
173.000000
1258.000000
1183.000000
163.000000
4020.000000
1328.000000
240.000000
372.000000
1257.000000
864.000000
406.000000
293.000000
201.000000
1113.000000
293.000000
587.000000
481.000000
129.000000
19.000000
925.000000
1797.000000
61.000000
1376.000000
334.000000
674.000000
568.000000
346.000000
154.000000
443.000000
800.000000
183.000000
296.000000
640.000000
437.000000
1241.000000
477.000000
55.000000
147.000000
191.000000
783.000000
527.000000
115.000000
357.000000
435.000000
711.000000
327.000000
330.000000
359.000000
718.000000
1359.000000
580.000000
4143.000000
789.000000
591.000000
2706.000000
736.000000
186.000000
265.000000
119.000000
182.000000
516.000000
201.000000
202.000000
913.000000
905.000000
405.000000
580.000000
631.000000
118.000000
2061.000000
523.000000
901.000000
591.000000
85.000000
1519.000000
116.000000
315.000000
114.000000
448.000000
564.000000
1148.000000
71.000000
277.000000
128.000000
4483.000000
249.000000
1673.000000
134.000000
129.000000
313.000000
466.000000
239.000000
442.000000
514.000000
624.000000
84.000000
151.000000
589.000000
263.000000
427.000000
225.000000
200.000000
1380.000000
306.000000
1353.000000
884.000000
480.000000
1329.000000
186.000000
427.000000
482.000000
223.000000
146.000000
523.000000
457.000000
691.000000
400.000000
336.000000
82.000000
466.000000
156.000000
293.000000
1232.000000
546.000000
1159.000000
1369.000000
1215.000000
580.000000
355.000000
360.000000
507.000000
216.000000
328.000000
469.000000
123.000000
107.000000
321.000000
77.000000
158.000000
906.000000
615.000000
749.000000
361.000000
122.000000
310.000000
982.000000
144.000000
336.000000
711.000000
403.000000
284.000000
131.000000
127.000000
189.000000
2374.000000
899.000000
392.000000
357.000000
2193.000000
2734.000000
340.000000
2239.000000
561.000000
693.000000
158.000000
825.000000
1093.000000
578.000000
148.000000
615.000000
506.000000
192.000000
440.000000
858.000000
807.000000
182.000000
89.000000
561.000000
53.000000
170.000000
267.000000
249.000000
654.000000
107.000000
812.000000
752.000000
39.000000
355.000000
656.000000
256.000000
821.000000
1147.000000
452.000000
141.000000
