181.000000
537.000000
231.000000
3518.000000
757.000000
285.000000
260.000000
325.000000
598.000000
285.000000
776.000000
476.000000
1024.000000
847.000000
151.000000
670.000000
240.000000
926.000000
291.000000
705.000000
125.000000
1204.000000
544.000000
174.000000
1590.000000
249.000000
586.000000
886.000000
129.000000
783.000000
534.000000
199.000000
433.000000
476.000000
762.000000
1373.000000
746.000000
2047.000000
1384.000000
124.000000
603.000000
630.000000
2628.000000
237.000000
78.000000
265.000000
643.000000
403.000000
333.000000
145.000000
640.000000
2440.000000
1943.000000
156.000000
184.000000
611.000000
173.000000
205.000000
106.000000
113.000000
1211.000000
257.000000
1002.000000
835.000000
2770.000000
1461.000000
1793.000000
378.000000
775.000000
961.000000
202.000000
279.000000
634.000000
882.000000
325.000000
1247.000000
1108.000000
468.000000
51.000000
69.000000
210.000000
400.000000
511.000000
329.000000
639.000000
594.000000
1540.000000
1715.000000
178.000000
78.000000
259.000000
1347.000000
48.000000
708.000000
386.000000
61.000000
194.000000
229.000000
804.000000
564.000000
392.000000
716.000000
163.000000
321.000000
731.000000
74.000000
951.000000
132.000000
192.000000
405.000000
113.000000
44.000000
198.000000
2503.000000
361.000000
1182.000000
208.000000
531.000000
461.000000
184.000000
74.000000
2130.000000
120.000000
541.000000
218.000000
420.000000
144.000000
246.000000
122.000000
452.000000
319.000000
407.000000
2902.000000
268.000000
2422.000000
1519.000000
384.000000
458.000000
1139.000000
493.000000
559.000000
73.000000
104.000000
372.000000
211.000000
2033.000000
295.000000
1308.000000
677.000000
186.000000
941.000000
1138.000000
2386.000000
1151.000000
508.000000
273.000000
789.000000
53.000000
118.000000
154.000000
76.000000
3114.000000
382.000000
250.000000
350.000000
2083.000000
160.000000
73.000000
167.000000
128.000000
1407.000000
895.000000
173.000000
1304.000000
169.000000
1539.000000
946.000000
664.000000
250.000000
236.000000
706.000000
1519.000000
650.000000
412.000000
1414.000000
403.000000
179.000000
284.000000
544.000000
533.000000
335.000000
6269.000000
172.000000
1673.000000
220.000000
578.000000
204.000000
247.000000
1588.000000
571.000000
392.000000
85.000000
87.000000
365.000000
554.000000
406.000000
124.000000
407.000000
430.000000
904.000000
145.000000
3640.000000
488.000000
158.000000
29.000000
468.000000
1583.000000
1779.000000
522.000000
712.000000
315.000000
956.000000
109.000000
1039.000000
151.000000
452.000000
418.000000
2233.000000
57.000000
1852.000000
129.000000
419.000000
49.000000
1040.000000
364.000000
300.000000
96.000000
38.000000
143.000000
246.000000
1386.000000
249.000000
1443.000000
1328.000000
1488.000000
563.000000
175.000000
512.000000
1153.000000
976.000000
1206.000000
601.000000
251.000000
959.000000
250.000000
323.000000
172.000000
1580.000000
519.000000
511.000000
64.000000
999.000000
77.000000
149.000000
90.000000
189.000000
332.000000
505.000000
100.000000
848.000000
40.000000
441.000000
126.000000
39.000000
211.000000
66.000000
742.000000
180.000000
1051.000000
1721.000000
424.000000
295.000000
480.000000
577.000000
592.000000
641.000000
355.000000
691.000000
171.000000
779.000000
875.000000
352.000000
17.000000
327.000000
781.000000
41.000000
835.000000
157.000000
301.000000
747.000000
440.000000
1219.000000
400.000000
363.000000
1119.000000
304.000000
487.000000
652.000000
980.000000
736.000000
571.000000
179.000000
458.000000
366.000000
264.000000
88.000000
480.000000
172.000000
129.000000
212.000000
547.000000
82.000000
302.000000
466.000000
479.000000
4433.000000
1288.000000
1865.000000
311.000000
278.000000
213.000000
1174.000000
563.000000
76.000000
112.000000
192.000000
92.000000
800.000000
121.000000
505.000000
18.000000
370.000000
1043.000000
72.000000
647.000000
600.000000
539.000000
216.000000
286.000000
299.000000
288.000000
518.000000
452.000000
1898.000000
857.000000
287.000000
1371.000000
643.000000
298.000000
90.000000
360.000000
258.000000
602.000000
410.000000
992.000000
2551.000000
625.000000
245.000000
57.000000
12133.000000
301.000000
39.000000
388.000000
466.000000
264.000000
242.000000
276.000000
123.000000
297.000000
507.000000
479.000000
180.000000
333.000000
1147.000000
294.000000
1015.000000
1167.000000
1974.000000
325.000000
326.000000
168.000000
324.000000
125.000000
319.000000
1402.000000
1573.000000
316.000000
301.000000
4139.000000
269.000000
305.000000
775.000000
1064.000000
239.000000
318.000000
1509.000000
109.000000
791.000000
519.000000
108.000000
860.000000
134.000000
165.000000
247.000000
1601.000000
540.000000
5375.000000
85.000000
955.000000
985.000000
1000.000000
1898.000000
337.000000
333.000000
675.000000
461.000000
857.000000
1454.000000
59.000000
384.000000
53.000000
1133.000000
463.000000
615.000000
195.000000
101.000000
4936.000000
242.000000
1155.000000
591.000000
1552.000000
227.000000
971.000000
251.000000
254.000000
459.000000
119.000000
187.000000
81.000000
382.000000
1036.000000
100.000000
347.000000
1120.000000
155.000000
860.000000
224.000000
192.000000
302.000000
257.000000
896.000000
131.000000
927.000000
281.000000
290.000000
107.000000
66.000000
1278.000000
373.000000
2361.000000
1073.000000
251.000000
1651.000000
273.000000
58.000000
1784.000000
1214.000000
343.000000
291.000000
1181.000000
150.000000
454.000000
285.000000
725.000000
137.000000
752.000000
1163.000000
966.000000
95.000000
132.000000
209.000000
1335.000000
996.000000
727.000000
1031.000000
509.000000
440.000000
1582.000000
204.000000
3980.000000
476.000000
970.000000
666.000000
802.000000
110.000000
165.000000
987.000000
540.000000
345.000000
515.000000
374.000000
1887.000000
244.000000
1882.000000
193.000000
695.000000
98.000000
935.000000
896.000000
304.000000
146.000000
478.000000
151.000000
1082.000000
514.000000
1389.000000
955.000000
183.000000
271.000000
449.000000
827.000000
681.000000
156.000000
1496.000000
245.000000
606.000000
1434.000000
1361.000000
497.000000
133.000000
333.000000
139.000000
100.000000
258.000000
396.000000
525.000000
55.000000
307.000000
331.000000
673.000000
528.000000
279.000000
80.000000
361.000000
671.000000
237.000000
792.000000
499.000000
172.000000
811.000000
389.000000
963.000000
455.000000
341.000000
1942.000000
1241.000000
619.000000
734.000000
154.000000
919.000000
230.000000
306.000000
620.000000
1108.000000
536.000000
3174.000000
649.000000
308.000000
252.000000
790.000000
375.000000
1259.000000
725.000000
77.000000
388.000000
252.000000
174.000000
425.000000
405.000000
1099.000000
299.000000
2529.000000
536.000000
162.000000
615.000000
438.000000
389.000000
1236.000000
204.000000
76.000000
499.000000
173.000000
918.000000
2973.000000
213.000000
231.000000
496.000000
1133.000000
397.000000
880.000000
348.000000
125.000000
788.000000
996.000000
226.000000
326.000000
240.000000
2502.000000
722.000000
1804.000000
334.000000
98.000000
79.000000
889.000000
294.000000
242.000000
891.000000
277.000000
392.000000
155.000000
367.000000
1055.000000
404.000000
152.000000
159.000000
1772.000000
787.000000
126.000000
117.000000
832.000000
562.000000
217.000000
505.000000
64.000000
349.000000
804.000000
541.000000
250.000000
1480.000000
164.000000
135.000000
309.000000
244.000000
515.000000
3248.000000
845.000000
104.000000
401.000000
613.000000
77.000000
165.000000
332.000000
243.000000
4207.000000
542.000000
2721.000000
1034.000000
337.000000
566.000000
2344.000000
353.000000
184.000000
299.000000
653.000000
94.000000
1143.000000
957.000000
184.000000
214.000000
260.000000
1042.000000
284.000000
1505.000000
2831.000000
2256.000000
347.000000
1422.000000
105.000000
1086.000000
1248.000000
371.000000
247.000000
1444.000000
289.000000
1813.000000
873.000000
2800.000000
758.000000
834.000000
541.000000
3358.000000
1364.000000
697.000000
107.000000
222.000000
111.000000
470.000000
380.000000
543.000000
531.000000
182.000000
471.000000
91.000000
921.000000
407.000000
1319.000000
112.000000
106.000000
256.000000
432.000000
179.000000
185.000000
362.000000
483.000000
450.000000
1431.000000
670.000000
239.000000
169.000000
427.000000
218.000000
255.000000
901.000000
84.000000
1435.000000
197.000000
1916.000000
1550.000000
452.000000
881.000000
175.000000
905.000000
533.000000
4940.000000
104.000000
354.000000
953.000000
79.000000
190.000000
511.000000
127.000000
651.000000
103.000000
2106.000000
106.000000
176.000000
103.000000
562.000000
90.000000
627.000000
275.000000
83.000000
177.000000
157.000000
146.000000
945.000000
922.000000
383.000000
222.000000
154.000000
1378.000000
473.000000
321.000000
398.000000
344.000000
1071.000000
690.000000
829.000000
140.000000
203.000000
722.000000
298.000000
558.000000
681.000000
458.000000
188.000000
151.000000
77.000000
244.000000
153.000000
170.000000
364.000000
647.000000
321.000000
162.000000
606.000000
428.000000
191.000000
51.000000
222.000000
1200.000000
156.000000
1031.000000
940.000000
32.000000
61.000000
109.000000
56.000000
1578.000000
167.000000
3192.000000
223.000000
148.000000
1201.000000
281.000000
652.000000
215.000000
422.000000
780.000000
303.000000
327.000000
605.000000
300.000000
611.000000
1212.000000
1670.000000
1880.000000
199.000000
401.000000
897.000000
880.000000
816.000000
301.000000
60.000000
599.000000
77.000000
2192.000000
172.000000
180.000000
188.000000
375.000000
205.000000
280.000000
382.000000
187.000000
107.000000
184.000000
685.000000
896.000000
534.000000
159.000000
973.000000
370.000000
313.000000
321.000000
362.000000
297.000000
205.000000
62.000000
135.000000
314.000000
961.000000
166.000000
560.000000
402.000000
479.000000
554.000000
1189.000000
281.000000
1515.000000
115.000000
1585.000000
759.000000
107.000000
832.000000
995.000000
55.000000
141.000000
229.000000
185.000000
314.000000
276.000000
1142.000000
32.000000
397.000000
505.000000
431.000000
602.000000
993.000000
595.000000
755.000000
246.000000
795.000000
739.000000
367.000000
356.000000
147.000000
834.000000
519.000000
365.000000
320.000000
278.000000
631.000000
426.000000
1713.000000
1613.000000
5990.000000
652.000000
71.000000
745.000000
39.000000
481.000000
498.000000
779.000000
601.000000
24.000000
406.000000
217.000000
206.000000
497.000000
620.000000
1408.000000
178.000000
112.000000
553.000000
71.000000
545.000000
587.000000
143.000000
103.000000
1347.000000
561.000000
503.000000
1235.000000
647.000000
176.000000
183.000000
145.000000
201.000000
346.000000
247.000000
393.000000
389.000000
208.000000
61.000000
465.000000
85.000000
134.000000
630.000000
466.000000
857.000000
2626.000000
103.000000
634.000000
632.000000
108.000000
537.000000
334.000000
1525.000000
79.000000
970.000000
3415.000000
634.000000
1196.000000
81.000000
429.000000
148.000000
7048.000000
1975.000000
117.000000
598.000000
1425.000000
157.000000
540.000000
487.000000
409.000000
438.000000
375.000000
102.000000
77.000000
566.000000
81.000000
319.000000
248.000000
480.000000
1825.000000
365.000000
173.000000
858.000000
278.000000
610.000000
382.000000
220.000000
1118.000000
877.000000
55.000000
248.000000
334.000000
842.000000
394.000000
