1790.000000
219.000000
570.000000
360.000000
283.000000
517.000000
624.000000
205.000000
605.000000
35.000000
210.000000
917.000000
1005.000000
1051.000000
55.000000
314.000000
361.000000
540.000000
258.000000
491.000000
2240.000000
246.000000
137.000000
253.000000
325.000000
807.000000
316.000000
934.000000
162.000000
366.000000
468.000000
294.000000
141.000000
91.000000
267.000000
1106.000000
637.000000
2527.000000
351.000000
128.000000
1147.000000
2513.000000
2384.000000
512.000000
140.000000
708.000000
201.000000
25.000000
2798.000000
142.000000
2028.000000
1333.000000
2102.000000
403.000000
540.000000
421.000000
278.000000
922.000000
457.000000
113.000000
971.000000
587.000000
201.000000
285.000000
487.000000
183.000000
295.000000
719.000000
301.000000
1863.000000
829.000000
175.000000
171.000000
887.000000
228.000000
1359.000000
49.000000
315.000000
1164.000000
449.000000
457.000000
107.000000
461.000000
298.000000
31.000000
296.000000
74.000000
818.000000
415.000000
1215.000000
236.000000
658.000000
1892.000000
105.000000
349.000000
197.000000
272.000000
538.000000
865.000000
5998.000000
186.000000
415.000000
219.000000
1054.000000
2727.000000
915.000000
283.000000
44.000000
373.000000
137.000000
910.000000
207.000000
977.000000
360.000000
76.000000
654.000000
163.000000
144.000000
845.000000
958.000000
585.000000
996.000000
996.000000
880.000000
250.000000
556.000000
812.000000
4366.000000
81.000000
471.000000
294.000000
2422.000000
890.000000
612.000000
74.000000
862.000000
88.000000
157.000000
275.000000
174.000000
632.000000
86.000000
878.000000
1047.000000
189.000000
580.000000
762.000000
395.000000
357.000000
145.000000
344.000000
1129.000000
574.000000
280.000000
72.000000
1535.000000
394.000000
267.000000
713.000000
219.000000
408.000000
233.000000
199.000000
69.000000
76.000000
921.000000
98.000000
743.000000
785.000000
403.000000
77.000000
249.000000
123.000000
304.000000
166.000000
588.000000
1025.000000
533.000000
1290.000000
339.000000
525.000000
2069.000000
1520.000000
954.000000
160.000000
1200.000000
150.000000
207.000000
718.000000
515.000000
1672.000000
494.000000
363.000000
24.000000
757.000000
761.000000
184.000000
60.000000
1254.000000
235.000000
53.000000
2235.000000
146.000000
176.000000
554.000000
134.000000
88.000000
252.000000
292.000000
247.000000
135.000000
2757.000000
328.000000
1126.000000
545.000000
350.000000
75.000000
38.000000
167.000000
349.000000
484.000000
382.000000
401.000000
521.000000
105.000000
652.000000
978.000000
175.000000
221.000000
313.000000
69.000000
242.000000
953.000000
744.000000
649.000000
181.000000
1118.000000
279.000000
665.000000
932.000000
420.000000
225.000000
134.000000
190.000000
437.000000
1252.000000
887.000000
1122.000000
555.000000
289.000000
3412.000000
1305.000000
318.000000
155.000000
398.000000
1951.000000
138.000000
549.000000
1221.000000
399.000000
202.000000
774.000000
362.000000
1943.000000
105.000000
272.000000
516.000000
1513.000000
124.000000
472.000000
505.000000
203.000000
3722.000000
164.000000
1236.000000
466.000000
401.000000
60.000000
1164.000000
784.000000
275.000000
279.000000
35.000000
300.000000
280.000000
331.000000
376.000000
311.000000
323.000000
615.000000
337.000000
511.000000
429.000000
99.000000
572.000000
433.000000
87.000000
671.000000
1314.000000
1102.000000
1900.000000
7874.000000
131.000000
670.000000
1280.000000
864.000000
136.000000
377.000000
405.000000
521.000000
1636.000000
340.000000
735.000000
250.000000
983.000000
427.000000
102.000000
759.000000
662.000000
200.000000
913.000000
1266.000000
1039.000000
10139.000000
1862.000000
350.000000
117.000000
388.000000
469.000000
171.000000
222.000000
359.000000
2162.000000
168.000000
268.000000
2193.000000
263.000000
662.000000
316.000000
315.000000
536.000000
2139.000000
201.000000
172.000000
60.000000
94.000000
599.000000
587.000000
128.000000
232.000000
816.000000
963.000000
365.000000
485.000000
545.000000
973.000000
116.000000
970.000000
963.000000
1332.000000
431.000000
547.000000
65.000000
126.000000
400.000000
289.000000
95.000000
68.000000
568.000000
206.000000
1904.000000
798.000000
1587.000000
358.000000
1524.000000
617.000000
546.000000
595.000000
53.000000
158.000000
303.000000
155.000000
271.000000
571.000000
525.000000
459.000000
274.000000
641.000000
512.000000
455.000000
80.000000
1671.000000
74.000000
45.000000
316.000000
317.000000
338.000000
133.000000
525.000000
991.000000
402.000000
231.000000
1513.000000
366.000000
683.000000
23.000000
118.000000
64.000000
66.000000
603.000000
768.000000
2342.000000
475.000000
127.000000
123.000000
328.000000
195.000000
247.000000
2525.000000
3405.000000
80.000000
798.000000
434.000000
217.000000
144.000000
266.000000
319.000000
573.000000
398.000000
175.000000
64.000000
1409.000000
250.000000
1197.000000
429.000000
188.000000
1044.000000
407.000000
141.000000
51.000000
473.000000
771.000000
605.000000
1408.000000
448.000000
185.000000
965.000000
864.000000
210.000000
542.000000
1002.000000
474.000000
2999.000000
821.000000
211.000000
277.000000
459.000000
239.000000
1009.000000
406.000000
2968.000000
552.000000
450.000000
293.000000
206.000000
768.000000
1072.000000
149.000000
1459.000000
389.000000
773.000000
1402.000000
118.000000
150.000000
604.000000
117.000000
648.000000
1117.000000
423.000000
168.000000
534.000000
400.000000
419.000000
163.000000
1348.000000
347.000000
998.000000
627.000000
546.000000
163.000000
933.000000
81.000000
149.000000
3955.000000
169.000000
1404.000000
302.000000
96.000000
100.000000
594.000000
356.000000
51.000000
48.000000
394.000000
355.000000
759.000000
1244.000000
777.000000
4850.000000
1215.000000
174.000000
550.000000
174.000000
489.000000
268.000000
98.000000
291.000000
89.000000
931.000000
779.000000
413.000000
707.000000
1352.000000
157.000000
596.000000
392.000000
612.000000
279.000000
224.000000
1396.000000
356.000000
367.000000
839.000000
918.000000
256.000000
91.000000
180.000000
236.000000
78.000000
311.000000
508.000000
372.000000
224.000000
83.000000
190.000000
533.000000
1293.000000
2736.000000
317.000000
163.000000
287.000000
929.000000
163.000000
84.000000
1044.000000
429.000000
1024.000000
157.000000
312.000000
2218.000000
392.000000
277.000000
5537.000000
409.000000
516.000000
1782.000000
1306.000000
1633.000000
769.000000
203.000000
2495.000000
1942.000000
137.000000
150.000000
140.000000
138.000000
207.000000
351.000000
1753.000000
296.000000
919.000000
1117.000000
637.000000
1111.000000
192.000000
111.000000
173.000000
213.000000
310.000000
280.000000
471.000000
252.000000
549.000000
41.000000
42.000000
23.000000
469.000000
1568.000000
758.000000
273.000000
2221.000000
689.000000
283.000000
701.000000
452.000000
1481.000000
871.000000
2734.000000
900.000000
109.000000
956.000000
360.000000
100.000000
630.000000
344.000000
622.000000
2239.000000
1741.000000
456.000000
118.000000
78.000000
162.000000
288.000000
426.000000
555.000000
1488.000000
495.000000
590.000000
389.000000
697.000000
624.000000
546.000000
487.000000
322.000000
3383.000000
165.000000
150.000000
185.000000
155.000000
382.000000
206.000000
47.000000
143.000000
193.000000
407.000000
155.000000
623.000000
1220.000000
425.000000
295.000000
276.000000
2183.000000
369.000000
664.000000
599.000000
273.000000
266.000000
169.000000
476.000000
205.000000
243.000000
136.000000
1124.000000
3507.000000
703.000000
942.000000
1659.000000
995.000000
1100.000000
324.000000
1225.000000
278.000000
402.000000
2405.000000
553.000000
667.000000
95.000000
158.000000
1460.000000
520.000000
203.000000
649.000000
250.000000
406.000000
439.000000
242.000000
262.000000
510.000000
691.000000
437.000000
3302.000000
670.000000
141.000000
203.000000
82.000000
599.000000
207.000000
824.000000
381.000000
630.000000
2381.000000
462.000000
377.000000
28.000000
211.000000
918.000000
432.000000
214.000000
42.000000
273.000000
234.000000
151.000000
155.000000
668.000000
442.000000
2216.000000
395.000000
277.000000
1693.000000
642.000000
743.000000
21.000000
704.000000
167.000000
898.000000
159.000000
391.000000
297.000000
343.000000
725.000000
931.000000
119.000000
425.000000
343.000000
374.000000
226.000000
142.000000
985.000000
3149.000000
264.000000
1005.000000
501.000000
894.000000
102.000000
7945.000000
143.000000
1106.000000
33.000000
275.000000
301.000000
1941.000000
1802.000000
1333.000000
347.000000
269.000000
359.000000
762.000000
635.000000
134.000000
318.000000
322.000000
481.000000
90.000000
79.000000
828.000000
133.000000
399.000000
721.000000
99.000000
355.000000
255.000000
438.000000
373.000000
97.000000
430.000000
686.000000
995.000000
348.000000
3480.000000
1311.000000
235.000000
1623.000000
64.000000
483.000000
437.000000
187.000000
391.000000
461.000000
555.000000
1010.000000
1486.000000
391.000000
312.000000
199.000000
5304.000000
945.000000
513.000000
631.000000
210.000000
849.000000
471.000000
878.000000
151.000000
1083.000000
570.000000
405.000000
471.000000
445.000000
551.000000
1855.000000
533.000000
257.000000
696.000000
623.000000
941.000000
2500.000000
139.000000
295.000000
492.000000
274.000000
1266.000000
521.000000
310.000000
348.000000
486.000000
608.000000
517.000000
543.000000
1142.000000
368.000000
766.000000
376.000000
442.000000
1673.000000
3027.000000
367.000000
514.000000
282.000000
289.000000
60.000000
446.000000
361.000000
183.000000
34.000000
3341.000000
163.000000
1491.000000
145.000000
1250.000000
410.000000
453.000000
343.000000
814.000000
1101.000000
672.000000
420.000000
531.000000
259.000000
1037.000000
424.000000
294.000000
10229.000000
804.000000
157.000000
923.000000
91.000000
130.000000
149.000000
157.000000
388.000000
113.000000
349.000000
689.000000
821.000000
155.000000
587.000000
1114.000000
362.000000
76.000000
793.000000
236.000000
980.000000
1499.000000
174.000000
390.000000
411.000000
443.000000
1527.000000
2276.000000
587.000000
906.000000
1666.000000
288.000000
71.000000
1082.000000
326.000000
1504.000000
519.000000
2619.000000
292.000000
575.000000
596.000000
37.000000
44.000000
363.000000
406.000000
88.000000
533.000000
263.000000
473.000000
64.000000
37.000000
1497.000000
1586.000000
56.000000
90.000000
1716.000000
228.000000
175.000000
12449.000000
613.000000
574.000000
356.000000
47.000000
1578.000000
77.000000
6020.000000
3851.000000
1653.000000
702.000000
39.000000
512.000000
3797.000000
286.000000
3314.000000
412.000000
1369.000000
227.000000
589.000000
249.000000
129.000000
403.000000
155.000000
97.000000
489.000000
239.000000
381.000000
2137.000000
306.000000
254.000000
392.000000
910.000000
922.000000
34.000000
2247.000000
431.000000
426.000000
1063.000000
175.000000
154.000000
226.000000
616.000000
381.000000
657.000000
90.000000
122.000000
196.000000
370.000000
179.000000
950.000000
1170.000000
270.000000
347.000000
326.000000
1440.000000
282.000000
509.000000
211.000000
137.000000
562.000000
200.000000
216.000000
792.000000
625.000000
209.000000
464.000000
295.000000
432.000000
45.000000
8284.000000
47.000000
266.000000
2415.000000
1251.000000
274.000000
259.000000
130.000000
1812.000000
499.000000
364.000000
