271.000000
78.000000
508.000000
2128.000000
908.000000
110.000000
1338.000000
676.000000
116.000000
898.000000
458.000000
3624.000000
246.000000
361.000000
155.000000
260.000000
352.000000
172.000000
3126.000000
2043.000000
149.000000
1095.000000
102.000000
531.000000
96.000000
661.000000
143.000000
139.000000
2131.000000
159.000000
248.000000
1781.000000
252.000000
294.000000
530.000000
400.000000
1123.000000
495.000000
91.000000
204.000000
572.000000
1693.000000
961.000000
662.000000
639.000000
696.000000
753.000000
73.000000
429.000000
976.000000
2438.000000
199.000000
467.000000
1799.000000
71.000000
42.000000
323.000000
68.000000
300.000000
195.000000
237.000000
492.000000
573.000000
201.000000
1148.000000
237.000000
429.000000
1042.000000
152.000000
211.000000
74.000000
373.000000
200.000000
1046.000000
312.000000
2556.000000
375.000000
332.000000
1749.000000
2910.000000
929.000000
269.000000
1581.000000
144.000000
4777.000000
151.000000
2212.000000
924.000000
443.000000
94.000000
650.000000
1320.000000
3688.000000
577.000000
6750.000000
332.000000
54.000000
371.000000
628.000000
815.000000
301.000000
458.000000
207.000000
971.000000
701.000000
430.000000
377.000000
146.000000
619.000000
256.000000
1035.000000
564.000000
297.000000
123.000000
2010.000000
420.000000
208.000000
80.000000
620.000000
2337.000000
2104.000000
4097.000000
223.000000
507.000000
173.000000
538.000000
56.000000
232.000000
336.000000
128.000000
197.000000
376.000000
621.000000
216.000000
996.000000
308.000000
1573.000000
320.000000
70.000000
328.000000
222.000000
152.000000
689.000000
108.000000
501.000000
256.000000
235.000000
426.000000
867.000000
245.000000
2481.000000
55.000000
474.000000
72.000000
659.000000
74.000000
1069.000000
956.000000
365.000000
879.000000
691.000000
849.000000
111.000000
91.000000
1281.000000
367.000000
2657.000000
129.000000
1315.000000
835.000000
291.000000
250.000000
2581.000000
1007.000000
373.000000
463.000000
148.000000
294.000000
200.000000
584.000000
868.000000
944.000000
139.000000
390.000000
259.000000
1046.000000
194.000000
96.000000
248.000000
497.000000
72.000000
12.000000
349.000000
57.000000
129.000000
963.000000
186.000000
2084.000000
315.000000
472.000000
165.000000
758.000000
696.000000
309.000000
198.000000
294.000000
370.000000
104.000000
109.000000
396.000000
188.000000
424.000000
181.000000
1617.000000
227.000000
443.000000
1030.000000
134.000000
1105.000000
599.000000
672.000000
365.000000
482.000000
362.000000
583.000000
253.000000
233.000000
1235.000000
530.000000
273.000000
196.000000
400.000000
534.000000
3274.000000
138.000000
4073.000000
1330.000000
388.000000
96.000000
83.000000
2701.000000
487.000000
58.000000
138.000000
247.000000
197.000000
238.000000
370.000000
54.000000
302.000000
735.000000
1282.000000
187.000000
1428.000000
154.000000
301.000000
1653.000000
273.000000
112.000000
73.000000
323.000000
276.000000
1098.000000
581.000000
992.000000
1796.000000
1517.000000
94.000000
526.000000
252.000000
806.000000
2018.000000
140.000000
681.000000
213.000000
41.000000
287.000000
218.000000
598.000000
287.000000
50.000000
331.000000
896.000000
263.000000
123.000000
189.000000
885.000000
375.000000
679.000000
339.000000
645.000000
583.000000
628.000000
1838.000000
1049.000000
353.000000
320.000000
124.000000
604.000000
996.000000
3509.000000
879.000000
96.000000
446.000000
316.000000
194.000000
368.000000
86.000000
1268.000000
349.000000
571.000000
734.000000
145.000000
590.000000
514.000000
528.000000
1256.000000
71.000000
96.000000
624.000000
311.000000
435.000000
473.000000
1342.000000
656.000000
122.000000
150.000000
208.000000
498.000000
130.000000
202.000000
1134.000000
227.000000
680.000000
697.000000
460.000000
34.000000
481.000000
1303.000000
488.000000
540.000000
694.000000
899.000000
1616.000000
475.000000
716.000000
1699.000000
1188.000000
1593.000000
642.000000
1048.000000
102.000000
94.000000
302.000000
235.000000
925.000000
189.000000
789.000000
330.000000
248.000000
230.000000
835.000000
310.000000
685.000000
192.000000
151.000000
1065.000000
1849.000000
394.000000
656.000000
143.000000
429.000000
675.000000
784.000000
1045.000000
344.000000
36.000000
194.000000
169.000000
1209.000000
802.000000
619.000000
297.000000
257.000000
156.000000
619.000000
597.000000
824.000000
310.000000
233.000000
538.000000
179.000000
780.000000
192.000000
609.000000
440.000000
528.000000
470.000000
1187.000000
120.000000
1474.000000
109.000000
351.000000
101.000000
752.000000
627.000000
245.000000
429.000000
104.000000
578.000000
464.000000
214.000000
383.000000
238.000000
574.000000
1802.000000
2529.000000
3863.000000
421.000000
1406.000000
1408.000000
304.000000
752.000000
99.000000
211.000000
200.000000
37.000000
1637.000000
1291.000000
1353.000000
37.000000
1128.000000
518.000000
76.000000
3639.000000
1593.000000
708.000000
66.000000
99.000000
235.000000
1238.000000
456.000000
257.000000
300.000000
1130.000000
347.000000
263.000000
231.000000
550.000000
369.000000
224.000000
765.000000
327.000000
482.000000
221.000000
53.000000
312.000000
184.000000
3500.000000
618.000000
274.000000
818.000000
812.000000
415.000000
214.000000
822.000000
1008.000000
5712.000000
166.000000
495.000000
6609.000000
1296.000000
14.000000
11475.000000
2159.000000
231.000000
616.000000
2358.000000
982.000000
346.000000
511.000000
239.000000
905.000000
959.000000
125.000000
1462.000000
111.000000
416.000000
183.000000
310.000000
158.000000
209.000000
232.000000
394.000000
163.000000
1490.000000
2107.000000
85.000000
1765.000000
350.000000
487.000000
405.000000
794.000000
358.000000
1294.000000
115.000000
1044.000000
488.000000
632.000000
375.000000
138.000000
192.000000
61.000000
370.000000
125.000000
421.000000
1345.000000
305.000000
1342.000000
573.000000
156.000000
208.000000
1743.000000
1199.000000
314.000000
343.000000
26.000000
56.000000
263.000000
178.000000
1038.000000
362.000000
257.000000
494.000000
503.000000
275.000000
3659.000000
976.000000
2234.000000
26.000000
401.000000
397.000000
1206.000000
284.000000
183.000000
232.000000
435.000000
397.000000
1695.000000
1571.000000
224.000000
2318.000000
249.000000
1162.000000
96.000000
1488.000000
102.000000
99.000000
138.000000
2064.000000
366.000000
401.000000
5608.000000
3197.000000
1511.000000
133.000000
760.000000
263.000000
89.000000
720.000000
411.000000
588.000000
241.000000
868.000000
122.000000
1804.000000
264.000000
290.000000
201.000000
239.000000
96.000000
969.000000
851.000000
682.000000
464.000000
170.000000
164.000000
207.000000
1072.000000
240.000000
425.000000
281.000000
1071.000000
660.000000
56.000000
682.000000
201.000000
993.000000
108.000000
69.000000
865.000000
1276.000000
537.000000
738.000000
2595.000000
228.000000
312.000000
646.000000
132.000000
221.000000
546.000000
133.000000
1628.000000
646.000000
720.000000
4301.000000
123.000000
680.000000
481.000000
219.000000
1196.000000
998.000000
464.000000
96.000000
2302.000000
367.000000
228.000000
247.000000
868.000000
397.000000
312.000000
402.000000
296.000000
811.000000
216.000000
124.000000
69.000000
993.000000
254.000000
630.000000
124.000000
234.000000
241.000000
2576.000000
1201.000000
456.000000
195.000000
47.000000
433.000000
317.000000
1183.000000
131.000000
467.000000
222.000000
1107.000000
351.000000
237.000000
64.000000
1125.000000
1198.000000
122.000000
228.000000
102.000000
356.000000
2253.000000
63.000000
1787.000000
57.000000
1663.000000
209.000000
261.000000
1907.000000
278.000000
613.000000
1359.000000
155.000000
1092.000000
287.000000
442.000000
252.000000
661.000000
1017.000000
1653.000000
185.000000
228.000000
576.000000
166.000000
127.000000
242.000000
268.000000
55.000000
576.000000
3208.000000
411.000000
184.000000
804.000000
348.000000
1378.000000
232.000000
336.000000
886.000000
340.000000
338.000000
157.000000
50.000000
280.000000
242.000000
231.000000
4251.000000
697.000000
762.000000
634.000000
108.000000
386.000000
477.000000
170.000000
995.000000
1017.000000
92.000000
1016.000000
1251.000000
141.000000
217.000000
75.000000
89.000000
526.000000
255.000000
233.000000
442.000000
259.000000
437.000000
281.000000
142.000000
180.000000
215.000000
272.000000
171.000000
360.000000
107.000000
1334.000000
2019.000000
178.000000
437.000000
2407.000000
728.000000
34.000000
104.000000
97.000000
339.000000
2263.000000
633.000000
64.000000
172.000000
116.000000
914.000000
109.000000
271.000000
709.000000
317.000000
864.000000
524.000000
341.000000
399.000000
368.000000
375.000000
1132.000000
211.000000
191.000000
442.000000
347.000000
3060.000000
316.000000
123.000000
1316.000000
128.000000
2058.000000
145.000000
845.000000
190.000000
66.000000
842.000000
463.000000
56.000000
303.000000
596.000000
98.000000
688.000000
1069.000000
1968.000000
70.000000
1182.000000
814.000000
121.000000
59.000000
93.000000
387.000000
442.000000
423.000000
254.000000
1440.000000
249.000000
211.000000
684.000000
672.000000
408.000000
295.000000
565.000000
421.000000
431.000000
174.000000
2461.000000
68.000000
1132.000000
400.000000
146.000000
780.000000
76.000000
510.000000
343.000000
269.000000
3423.000000
2309.000000
1305.000000
72.000000
239.000000
784.000000
651.000000
1092.000000
1777.000000
969.000000
323.000000
374.000000
451.000000
1811.000000
224.000000
349.000000
334.000000
1124.000000
551.000000
615.000000
490.000000
591.000000
486.000000
76.000000
521.000000
43.000000
117.000000
268.000000
654.000000
686.000000
547.000000
891.000000
135.000000
586.000000
59.000000
301.000000
985.000000
429.000000
1191.000000
212.000000
538.000000
561.000000
282.000000
603.000000
1747.000000
50.000000
806.000000
116.000000
3017.000000
183.000000
767.000000
1186.000000
229.000000
326.000000
1525.000000
331.000000
419.000000
760.000000
138.000000
263.000000
359.000000
138.000000
117.000000
496.000000
99.000000
270.000000
76.000000
1315.000000
655.000000
411.000000
755.000000
719.000000
1145.000000
816.000000
911.000000
245.000000
591.000000
743.000000
459.000000
105.000000
416.000000
94.000000
227.000000
193.000000
133.000000
1029.000000
774.000000
611.000000
860.000000
114.000000
230.000000
508.000000
820.000000
522.000000
261.000000
79.000000
450.000000
677.000000
287.000000
54.000000
107.000000
1127.000000
371.000000
188.000000
3772.000000
3991.000000
476.000000
2172.000000
1015.000000
1064.000000
1323.000000
38.000000
2273.000000
141.000000
380.000000
1098.000000
868.000000
1406.000000
302.000000
347.000000
226.000000
1069.000000
640.000000
1179.000000
1623.000000
109.000000
1438.000000
499.000000
2526.000000
776.000000
201.000000
572.000000
148.000000
135.000000
192.000000
486.000000
535.000000
235.000000
669.000000
1147.000000
305.000000
521.000000
219.000000
292.000000
1015.000000
269.000000
621.000000
134.000000
361.000000
176.000000
318.000000
681.000000
339.000000
660.000000
145.000000
135.000000
236.000000
831.000000
427.000000
1021.000000
735.000000
377.000000
590.000000
42.000000
331.000000
642.000000
777.000000
470.000000
2579.000000
766.000000
385.000000
231.000000
1114.000000
140.000000
1763.000000
247.000000
455.000000
459.000000
287.000000
41.000000
