578.000000
1288.000000
1297.000000
311.000000
2476.000000
239.000000
286.000000
77.000000
688.000000
93.000000
993.000000
360.000000
267.000000
2404.000000
338.000000
137.000000
505.000000
182.000000
634.000000
852.000000
467.000000
319.000000
385.000000
751.000000
638.000000
1228.000000
623.000000
411.000000
74.000000
351.000000
287.000000
756.000000
70.000000
425.000000
288.000000
556.000000
490.000000
700.000000
146.000000
1135.000000
212.000000
249.000000
270.000000
93.000000
376.000000
201.000000
1100.000000
112.000000
275.000000
359.000000
28.000000
271.000000
419.000000
1212.000000
208.000000
1729.000000
609.000000
2712.000000
271.000000
1939.000000
1795.000000
109.000000
1810.000000
732.000000
74.000000
211.000000
197.000000
493.000000
1828.000000
123.000000
338.000000
769.000000
4921.000000
512.000000
306.000000
253.000000
343.000000
1385.000000
9101.000000
1435.000000
522.000000
67.000000
844.000000
90.000000
1053.000000
720.000000
1018.000000
180.000000
97.000000
142.000000
733.000000
334.000000
5473.000000
745.000000
437.000000
3712.000000
1533.000000
571.000000
708.000000
316.000000
244.000000
2837.000000
873.000000
481.000000
223.000000
462.000000
476.000000
208.000000
194.000000
54.000000
238.000000
1111.000000
378.000000
772.000000
43.000000
61.000000
2991.000000
1511.000000
272.000000
576.000000
261.000000
389.000000
607.000000
331.000000
118.000000
629.000000
1726.000000
1093.000000
438.000000
814.000000
1331.000000
938.000000
2057.000000
706.000000
296.000000
218.000000
72.000000
435.000000
580.000000
675.000000
395.000000
204.000000
287.000000
1593.000000
649.000000
1723.000000
351.000000
400.000000
389.000000
329.000000
200.000000
434.000000
218.000000
308.000000
1461.000000
1236.000000
102.000000
384.000000
1223.000000
390.000000
73.000000
3676.000000
516.000000
91.000000
1026.000000
1916.000000
585.000000
252.000000
1389.000000
90.000000
117.000000
780.000000
215.000000
131.000000
85.000000
1510.000000
728.000000
572.000000
305.000000
1123.000000
168.000000
1008.000000
1841.000000
151.000000
109.000000
334.000000
22.000000
620.000000
820.000000
1152.000000
662.000000
403.000000
359.000000
457.000000
215.000000
606.000000
1243.000000
2021.000000
2273.000000
354.000000
157.000000
145.000000
654.000000
631.000000
86.000000
186.000000
250.000000
12.000000
535.000000
394.000000
310.000000
854.000000
550.000000
98.000000
1887.000000
233.000000
402.000000
413.000000
792.000000
835.000000
1545.000000
115.000000
844.000000
502.000000
266.000000
357.000000
1003.000000
232.000000
237.000000
550.000000
3227.000000
1850.000000
700.000000
877.000000
326.000000
440.000000
862.000000
104.000000
215.000000
234.000000
852.000000
137.000000
152.000000
395.000000
1302.000000
526.000000
162.000000
689.000000
457.000000
1788.000000
759.000000
772.000000
1090.000000
946.000000
496.000000
163.000000
419.000000
322.000000
1026.000000
370.000000
581.000000
83.000000
559.000000
2198.000000
45.000000
125.000000
391.000000
654.000000
889.000000
1232.000000
367.000000
527.000000
219.000000
588.000000
889.000000
301.000000
417.000000
144.000000
161.000000
207.000000
871.000000
620.000000
972.000000
4399.000000
217.000000
572.000000
1061.000000
1684.000000
1876.000000
882.000000
966.000000
263.000000
132.000000
421.000000
234.000000
607.000000
1583.000000
143.000000
850.000000
290.000000
259.000000
507.000000
351.000000
228.000000
273.000000
385.000000
131.000000
68.000000
390.000000
459.000000
179.000000
613.000000
69.000000
196.000000
63.000000
1761.000000
1357.000000
892.000000
111.000000
491.000000
543.000000
3066.000000
149.000000
1337.000000
231.000000
404.000000
269.000000
1035.000000
481.000000
355.000000
1239.000000
1473.000000
182.000000
508.000000
975.000000
364.000000
1162.000000
431.000000
343.000000
72.000000
359.000000
314.000000
866.000000
1027.000000
183.000000
353.000000
217.000000
237.000000
308.000000
207.000000
1060.000000
1266.000000
1282.000000
294.000000
678.000000
397.000000
844.000000
384.000000
219.000000
1817.000000
432.000000
1229.000000
627.000000
1858.000000
1455.000000
192.000000
200.000000
398.000000
270.000000
699.000000
400.000000
195.000000
339.000000
206.000000
1758.000000
367.000000
125.000000
114.000000
1267.000000
597.000000
222.000000
116.000000
3848.000000
503.000000
390.000000
486.000000
1798.000000
90.000000
768.000000
275.000000
300.000000
78.000000
95.000000
322.000000
171.000000
460.000000
438.000000
952.000000
353.000000
375.000000
823.000000
2354.000000
406.000000
343.000000
1203.000000
32.000000
87.000000
541.000000
264.000000
662.000000
113.000000
364.000000
297.000000
948.000000
99.000000
408.000000
104.000000
350.000000
959.000000
666.000000
526.000000
1308.000000
535.000000
164.000000
250.000000
3126.000000
345.000000
359.000000
240.000000
2435.000000
716.000000
367.000000
55.000000
128.000000
112.000000
137.000000
530.000000
632.000000
1420.000000
480.000000
312.000000
2104.000000
390.000000
221.000000
112.000000
337.000000
862.000000
556.000000
295.000000
565.000000
380.000000
166.000000
243.000000
401.000000
419.000000
202.000000
473.000000
266.000000
352.000000
341.000000
826.000000
365.000000
407.000000
955.000000
506.000000
167.000000
720.000000
1441.000000
2275.000000
1365.000000
725.000000
454.000000
557.000000
670.000000
57.000000
666.000000
810.000000
73.000000
321.000000
100.000000
482.000000
759.000000
606.000000
507.000000
418.000000
79.000000
430.000000
115.000000
113.000000
349.000000
782.000000
620.000000
568.000000
1527.000000
56.000000
1113.000000
3128.000000
1443.000000
1249.000000
263.000000
243.000000
640.000000
389.000000
776.000000
2000.000000
379.000000
161.000000
130.000000
297.000000
899.000000
3837.000000
59.000000
346.000000
167.000000
103.000000
401.000000
104.000000
113.000000
425.000000
819.000000
497.000000
2103.000000
33.000000
1436.000000
308.000000
75.000000
110.000000
196.000000
201.000000
287.000000
1412.000000
364.000000
404.000000
166.000000
349.000000
1115.000000
142.000000
422.000000
1447.000000
190.000000
830.000000
756.000000
41.000000
238.000000
359.000000
98.000000
189.000000
200.000000
626.000000
497.000000
44.000000
319.000000
514.000000
1315.000000
1925.000000
1133.000000
369.000000
727.000000
225.000000
116.000000
249.000000
700.000000
514.000000
237.000000
57.000000
683.000000
1636.000000
828.000000
580.000000
614.000000
2274.000000
63.000000
206.000000
1427.000000
79.000000
330.000000
761.000000
313.000000
35.000000
3701.000000
453.000000
157.000000
63.000000
49.000000
2645.000000
203.000000
512.000000
213.000000
2115.000000
1085.000000
91.000000
144.000000
47.000000
156.000000
486.000000
1219.000000
776.000000
512.000000
191.000000
347.000000
338.000000
832.000000
553.000000
1044.000000
65.000000
354.000000
51.000000
192.000000
159.000000
315.000000
787.000000
723.000000
63.000000
1021.000000
957.000000
865.000000
328.000000
1185.000000
541.000000
631.000000
106.000000
1352.000000
577.000000
320.000000
1567.000000
319.000000
427.000000
78.000000
186.000000
564.000000
54.000000
177.000000
581.000000
1228.000000
1769.000000
100.000000
2335.000000
88.000000
180.000000
521.000000
1219.000000
264.000000
35.000000
517.000000
499.000000
156.000000
334.000000
92.000000
1741.000000
2263.000000
618.000000
505.000000
214.000000
367.000000
776.000000
1342.000000
167.000000
793.000000
607.000000
834.000000
174.000000
657.000000
113.000000
337.000000
2191.000000
256.000000
290.000000
55.000000
953.000000
287.000000
524.000000
1751.000000
1787.000000
1139.000000
170.000000
540.000000
153.000000
535.000000
1543.000000
892.000000
219.000000
289.000000
749.000000
204.000000
229.000000
267.000000
2386.000000
563.000000
808.000000
607.000000
410.000000
147.000000
67.000000
339.000000
160.000000
151.000000
1542.000000
390.000000
235.000000
84.000000
806.000000
2824.000000
520.000000
156.000000
55.000000
1619.000000
984.000000
655.000000
850.000000
500.000000
511.000000
133.000000
374.000000
551.000000
171.000000
261.000000
406.000000
190.000000
837.000000
659.000000
847.000000
664.000000
130.000000
405.000000
200.000000
159.000000
83.000000
181.000000
460.000000
208.000000
631.000000
397.000000
2222.000000
1726.000000
81.000000
604.000000
507.000000
45.000000
148.000000
180.000000
552.000000
266.000000
535.000000
293.000000
148.000000
439.000000
57.000000
87.000000
434.000000
101.000000
385.000000
1729.000000
4077.000000
1182.000000
821.000000
308.000000
238.000000
648.000000
53.000000
1464.000000
209.000000
110.000000
189.000000
140.000000
353.000000
363.000000
154.000000
275.000000
817.000000
157.000000
933.000000
1379.000000
966.000000
974.000000
343.000000
39.000000
114.000000
112.000000
707.000000
225.000000
285.000000
131.000000
135.000000
224.000000
2611.000000
69.000000
265.000000
94.000000
1841.000000
1756.000000
132.000000
131.000000
277.000000
48.000000
88.000000
1824.000000
104.000000
32.000000
620.000000
153.000000
486.000000
298.000000
120.000000
242.000000
715.000000
322.000000
356.000000
742.000000
292.000000
591.000000
316.000000
405.000000
522.000000
326.000000
589.000000
1052.000000
280.000000
218.000000
4579.000000
462.000000
162.000000
104.000000
482.000000
1638.000000
1619.000000
2921.000000
625.000000
429.000000
585.000000
1785.000000
802.000000
677.000000
815.000000
195.000000
445.000000
626.000000
736.000000
229.000000
493.000000
734.000000
162.000000
439.000000
1839.000000
491.000000
4057.000000
416.000000
1019.000000
372.000000
454.000000
344.000000
1915.000000
423.000000
123.000000
207.000000
388.000000
210.000000
201.000000
171.000000
2983.000000
136.000000
237.000000
830.000000
842.000000
475.000000
627.000000
1207.000000
207.000000
138.000000
104.000000
966.000000
148.000000
728.000000
190.000000
159.000000
59.000000
300.000000
344.000000
191.000000
192.000000
1227.000000
481.000000
1348.000000
526.000000
304.000000
2691.000000
332.000000
592.000000
580.000000
182.000000
265.000000
92.000000
1166.000000
323.000000
308.000000
1898.000000
636.000000
238.000000
170.000000
497.000000
1112.000000
503.000000
1083.000000
198.000000
245.000000
303.000000
166.000000
140.000000
133.000000
442.000000
285.000000
763.000000
135.000000
864.000000
497.000000
975.000000
294.000000
142.000000
1234.000000
4348.000000
218.000000
192.000000
1492.000000
107.000000
5548.000000
47.000000
647.000000
375.000000
182.000000
110.000000
359.000000
574.000000
1985.000000
2459.000000
317.000000
2550.000000
1003.000000
141.000000
131.000000
704.000000
426.000000
426.000000
428.000000
2359.000000
855.000000
720.000000
953.000000
142.000000
1607.000000
2497.000000
267.000000
142.000000
959.000000
81.000000
973.000000
1148.000000
113.000000
597.000000
561.000000
3347.000000
1139.000000
928.000000
274.000000
152.000000
602.000000
2925.000000
893.000000
1258.000000
320.000000
99.000000
354.000000
108.000000
758.000000
552.000000
529.000000
2092.000000
434.000000
145.000000
141.000000
621.000000
135.000000
85.000000
69.000000
162.000000
2489.000000
2061.000000
658.000000
392.000000
1155.000000
2018.000000
149.000000
706.000000
567.000000
313.000000
233.000000
205.000000
4896.000000
544.000000
35.000000
793.000000
367.000000
