468.000000
168.000000
184.000000
201.000000
188.000000
379.000000
168.000000
281.000000
205.000000
399.000000
194.000000
2122.000000
322.000000
523.000000
24.000000
6760.000000
2251.000000
958.000000
855.000000
952.000000
177.000000
301.000000
660.000000
189.000000
1311.000000
120.000000
612.000000
2522.000000
54.000000
423.000000
1301.000000
167.000000
159.000000
955.000000
1848.000000
249.000000
242.000000
1869.000000
619.000000
411.000000
109.000000
166.000000
993.000000
66.000000
280.000000
652.000000
260.000000
260.000000
133.000000
1396.000000
157.000000
34.000000
57.000000
706.000000
836.000000
742.000000
2742.000000
309.000000
637.000000
2674.000000
204.000000
663.000000
491.000000
68.000000
150.000000
33.000000
735.000000
1445.000000
547.000000
201.000000
322.000000
527.000000
529.000000
267.000000
344.000000
695.000000
104.000000
436.000000
206.000000
196.000000
227.000000
597.000000
3223.000000
1138.000000
769.000000
245.000000
160.000000
698.000000
939.000000
110.000000
619.000000
836.000000
469.000000
2329.000000
312.000000
363.000000
662.000000
464.000000
1663.000000
297.000000
1945.000000
4973.000000
487.000000
208.000000
669.000000
145.000000
757.000000
167.000000
775.000000
337.000000
149.000000
380.000000
694.000000
532.000000
277.000000
1184.000000
117.000000
90.000000
176.000000
512.000000
726.000000
501.000000
815.000000
241.000000
358.000000
756.000000
51.000000
594.000000
527.000000
267.000000
351.000000
632.000000
348.000000
265.000000
270.000000
105.000000
717.000000
2647.000000
188.000000
513.000000
542.000000
1364.000000
189.000000
235.000000
320.000000
1103.000000
15709.000000
243.000000
172.000000
54.000000
167.000000
1453.000000
2635.000000
50.000000
635.000000
760.000000
3068.000000
426.000000
199.000000
107.000000
1772.000000
2839.000000
272.000000
869.000000
469.000000
156.000000
296.000000
256.000000
104.000000
285.000000
2276.000000
428.000000
110.000000
400.000000
641.000000
686.000000
138.000000
757.000000
2595.000000
414.000000
1237.000000
2551.000000
1109.000000
593.000000
361.000000
440.000000
238.000000
117.000000
2768.000000
310.000000
902.000000
218.000000
601.000000
316.000000
480.000000
477.000000
1042.000000
1429.000000
1837.000000
91.000000
623.000000
607.000000
337.000000
1613.000000
208.000000
461.000000
230.000000
27.000000
416.000000
665.000000
118.000000
208.000000
1326.000000
931.000000
540.000000
1615.000000
814.000000
548.000000
3133.000000
805.000000
258.000000
454.000000
141.000000
207.000000
550.000000
340.000000
122.000000
185.000000
198.000000
257.000000
448.000000
78.000000
1102.000000
103.000000
701.000000
283.000000
392.000000
650.000000
334.000000
149.000000
1054.000000
314.000000
88.000000
650.000000
1650.000000
489.000000
311.000000
90.000000
429.000000
212.000000
207.000000
211.000000
237.000000
293.000000
526.000000
295.000000
307.000000
379.000000
323.000000
577.000000
299.000000
771.000000
141.000000
588.000000
133.000000
740.000000
199.000000
1600.000000
353.000000
275.000000
1059.000000
1240.000000
340.000000
779.000000
552.000000
1279.000000
224.000000
101.000000
274.000000
1998.000000
418.000000
1272.000000
203.000000
71.000000
382.000000
162.000000
605.000000
503.000000
1055.000000
128.000000
227.000000
105.000000
277.000000
337.000000
30.000000
283.000000
2028.000000
262.000000
285.000000
508.000000
663.000000
220.000000
205.000000
2037.000000
825.000000
119.000000
114.000000
132.000000
240.000000
615.000000
1244.000000
700.000000
252.000000
785.000000
637.000000
884.000000
342.000000
552.000000
943.000000
913.000000
111.000000
430.000000
349.000000
319.000000
304.000000
376.000000
550.000000
98.000000
552.000000
156.000000
1634.000000
105.000000
173.000000
366.000000
2036.000000
1076.000000
241.000000
445.000000
383.000000
234.000000
155.000000
377.000000
528.000000
242.000000
488.000000
514.000000
323.000000
343.000000
35.000000
673.000000
1198.000000
227.000000
438.000000
371.000000
178.000000
101.000000
496.000000
5317.000000
1091.000000
262.000000
353.000000
27.000000
126.000000
852.000000
2539.000000
1258.000000
728.000000
256.000000
423.000000
525.000000
85.000000
534.000000
212.000000
864.000000
301.000000
172.000000
90.000000
476.000000
222.000000
944.000000
383.000000
120.000000
1838.000000
979.000000
337.000000
124.000000
352.000000
550.000000
581.000000
1504.000000
130.000000
339.000000
459.000000
61.000000
352.000000
364.000000
1501.000000
417.000000
424.000000
248.000000
92.000000
799.000000
394.000000
222.000000
258.000000
75.000000
1506.000000
212.000000
709.000000
3431.000000
88.000000
86.000000
627.000000
1002.000000
1498.000000
5519.000000
97.000000
222.000000
948.000000
302.000000
36.000000
1149.000000
296.000000
66.000000
309.000000
81.000000
716.000000
1297.000000
3421.000000
729.000000
163.000000
380.000000
107.000000
349.000000
968.000000
341.000000
2377.000000
147.000000
211.000000
30.000000
751.000000
364.000000
93.000000
358.000000
141.000000
183.000000
403.000000
462.000000
263.000000
397.000000
260.000000
1221.000000
761.000000
1004.000000
2366.000000
602.000000
1635.000000
976.000000
699.000000
690.000000
215.000000
666.000000
1342.000000
157.000000
1224.000000
2230.000000
33.000000
233.000000
445.000000
87.000000
55.000000
1307.000000
207.000000
1234.000000
189.000000
223.000000
61.000000
964.000000
975.000000
163.000000
544.000000
234.000000
285.000000
229.000000
595.000000
169.000000
555.000000
236.000000
532.000000
261.000000
386.000000
359.000000
326.000000
528.000000
586.000000
213.000000
393.000000
477.000000
145.000000
1670.000000
229.000000
578.000000
152.000000
208.000000
834.000000
259.000000
200.000000
287.000000
160.000000
384.000000
68.000000
1550.000000
308.000000
258.000000
1503.000000
424.000000
984.000000
861.000000
225.000000
2030.000000
128.000000
267.000000
1372.000000
1204.000000
974.000000
627.000000
828.000000
109.000000
480.000000
927.000000
526.000000
296.000000
458.000000
664.000000
133.000000
164.000000
405.000000
2160.000000
931.000000
91.000000
344.000000
53.000000
375.000000
1160.000000
256.000000
275.000000
402.000000
119.000000
1904.000000
95.000000
244.000000
170.000000
26.000000
2372.000000
202.000000
375.000000
119.000000
101.000000
163.000000
47.000000
1693.000000
1386.000000
622.000000
678.000000
86.000000
89.000000
1491.000000
372.000000
484.000000
129.000000
222.000000
928.000000
1326.000000
266.000000
148.000000
587.000000
1168.000000
200.000000
580.000000
159.000000
221.000000
172.000000
428.000000
1112.000000
3087.000000
398.000000
574.000000
427.000000
61.000000
231.000000
55.000000
815.000000
317.000000
884.000000
3836.000000
94.000000
605.000000
94.000000
875.000000
506.000000
472.000000
3835.000000
884.000000
2308.000000
245.000000
110.000000
139.000000
719.000000
361.000000
432.000000
656.000000
33.000000
956.000000
1852.000000
277.000000
1718.000000
108.000000
193.000000
442.000000
873.000000
1051.000000
485.000000
73.000000
731.000000
228.000000
84.000000
482.000000
1818.000000
411.000000
273.000000
328.000000
265.000000
166.000000
1090.000000
720.000000
240.000000
136.000000
269.000000
282.000000
747.000000
1083.000000
167.000000
1052.000000
1344.000000
670.000000
65.000000
386.000000
1136.000000
1980.000000
1314.000000
329.000000
574.000000
590.000000
214.000000
1255.000000
271.000000
697.000000
466.000000
269.000000
868.000000
955.000000
295.000000
1651.000000
988.000000
373.000000
111.000000
145.000000
360.000000
1257.000000
164.000000
119.000000
500.000000
1273.000000
118.000000
1512.000000
296.000000
81.000000
440.000000
406.000000
411.000000
688.000000
95.000000
807.000000
156.000000
334.000000
1243.000000
436.000000
518.000000
170.000000
762.000000
871.000000
647.000000
2678.000000
296.000000
661.000000
1087.000000
866.000000
655.000000
557.000000
213.000000
295.000000
95.000000
1672.000000
381.000000
270.000000
171.000000
186.000000
396.000000
269.000000
428.000000
1123.000000
104.000000
153.000000
447.000000
54.000000
2108.000000
387.000000
319.000000
710.000000
108.000000
322.000000
1078.000000
93.000000
804.000000
249.000000
187.000000
3016.000000
991.000000
339.000000
391.000000
714.000000
611.000000
834.000000
1058.000000
351.000000
209.000000
1744.000000
1618.000000
577.000000
76.000000
189.000000
878.000000
808.000000
748.000000
3466.000000
1239.000000
2115.000000
305.000000
583.000000
230.000000
167.000000
667.000000
884.000000
1306.000000
1239.000000
3907.000000
2891.000000
492.000000
314.000000
371.000000
500.000000
469.000000
289.000000
505.000000
906.000000
577.000000
413.000000
1810.000000
764.000000
243.000000
369.000000
308.000000
1022.000000
196.000000
1033.000000
307.000000
266.000000
409.000000
693.000000
422.000000
342.000000
359.000000
487.000000
893.000000
71.000000
439.000000
4960.000000
471.000000
384.000000
435.000000
1870.000000
429.000000
563.000000
1125.000000
3571.000000
373.000000
200.000000
1005.000000
269.000000
2220.000000
248.000000
486.000000
1004.000000
230.000000
505.000000
2031.000000
94.000000
334.000000
6641.000000
181.000000
67.000000
222.000000
693.000000
324.000000
180.000000
304.000000
180.000000
914.000000
448.000000
770.000000
427.000000
1369.000000
1708.000000
1405.000000
629.000000
783.000000
1245.000000
1258.000000
130.000000
765.000000
858.000000
1010.000000
155.000000
372.000000
516.000000
1236.000000
737.000000
1210.000000
75.000000
307.000000
533.000000
384.000000
966.000000
519.000000
671.000000
173.000000
319.000000
200.000000
1779.000000
279.000000
320.000000
346.000000
273.000000
623.000000
956.000000
378.000000
239.000000
52.000000
159.000000
208.000000
139.000000
1299.000000
261.000000
221.000000
1659.000000
349.000000
64.000000
157.000000
158.000000
222.000000
395.000000
442.000000
1336.000000
387.000000
793.000000
783.000000
817.000000
347.000000
423.000000
1055.000000
263.000000
437.000000
164.000000
360.000000
656.000000
1674.000000
551.000000
193.000000
1465.000000
917.000000
754.000000
510.000000
854.000000
212.000000
118.000000
580.000000
478.000000
66.000000
394.000000
300.000000
261.000000
258.000000
566.000000
217.000000
446.000000
471.000000
534.000000
715.000000
236.000000
451.000000
362.000000
39.000000
851.000000
55.000000
41.000000
85.000000
581.000000
525.000000
1667.000000
122.000000
207.000000
1379.000000
679.000000
161.000000
1961.000000
1881.000000
784.000000
577.000000
141.000000
247.000000
378.000000
3997.000000
224.000000
399.000000
61.000000
470.000000
348.000000
314.000000
3436.000000
253.000000
90.000000
410.000000
525.000000
319.000000
102.000000
109.000000
633.000000
198.000000
153.000000
387.000000
566.000000
3308.000000
82.000000
208.000000
1458.000000
564.000000
51.000000
536.000000
168.000000
166.000000
183.000000
294.000000
235.000000
351.000000
105.000000
723.000000
292.000000
2058.000000
197.000000
459.000000
194.000000
265.000000
32.000000
204.000000
1476.000000
372.000000
1084.000000
828.000000
1238.000000
314.000000
464.000000
478.000000
254.000000
138.000000
347.000000
104.000000
280.000000
1012.000000
148.000000
703.000000
246.000000
235.000000
1834.000000
475.000000
340.000000
634.000000
472.000000
316.000000
1552.000000
854.000000
