484.000000
556.000000
192.000000
1647.000000
1022.000000
1299.000000
207.000000
45.000000
67.000000
181.000000
152.000000
1767.000000
1251.000000
306.000000
55.000000
391.000000
706.000000
168.000000
489.000000
369.000000
603.000000
1563.000000
818.000000
1001.000000
683.000000
233.000000
423.000000
113.000000
529.000000
1101.000000
87.000000
190.000000
546.000000
352.000000
1723.000000
593.000000
420.000000
202.000000
1273.000000
271.000000
693.000000
219.000000
194.000000
1131.000000
126.000000
204.000000
70.000000
459.000000
168.000000
1025.000000
558.000000
169.000000
1914.000000
1232.000000
472.000000
425.000000
327.000000
61.000000
1159.000000
600.000000
2266.000000
319.000000
286.000000
486.000000
275.000000
557.000000
318.000000
488.000000
564.000000
619.000000
352.000000
217.000000
697.000000
309.000000
4050.000000
180.000000
139.000000
591.000000
501.000000
980.000000
336.000000
634.000000
202.000000
187.000000
534.000000
1593.000000
1173.000000
605.000000
167.000000
768.000000
477.000000
1095.000000
176.000000
318.000000
144.000000
565.000000
450.000000
378.000000
246.000000
1223.000000
577.000000
1662.000000
1712.000000
517.000000
1446.000000
760.000000
256.000000
38.000000
194.000000
204.000000
145.000000
343.000000
162.000000
111.000000
217.000000
247.000000
995.000000
176.000000
700.000000
106.000000
1502.000000
1081.000000
51.000000
845.000000
366.000000
474.000000
577.000000
520.000000
105.000000
312.000000
184.000000
732.000000
195.000000
492.000000
517.000000
345.000000
864.000000
319.000000
1160.000000
422.000000
440.000000
163.000000
2111.000000
66.000000
101.000000
1181.000000
289.000000
304.000000
94.000000
348.000000
348.000000
920.000000
91.000000
276.000000
445.000000
602.000000
165.000000
275.000000
1643.000000
143.000000
1045.000000
215.000000
1573.000000
663.000000
211.000000
109.000000
1033.000000
2565.000000
383.000000
239.000000
136.000000
265.000000
397.000000
1253.000000
239.000000
1135.000000
1349.000000
981.000000
224.000000
172.000000
56.000000
1482.000000
873.000000
387.000000
189.000000
162.000000
649.000000
386.000000
41.000000
2326.000000
1059.000000
571.000000
1170.000000
813.000000
463.000000
6717.000000
349.000000
600.000000
572.000000
372.000000
271.000000
186.000000
510.000000
116.000000
881.000000
165.000000
229.000000
102.000000
108.000000
298.000000
905.000000
148.000000
574.000000
117.000000
562.000000
315.000000
1100.000000
214.000000
241.000000
443.000000
238.000000
579.000000
109.000000
399.000000
955.000000
265.000000
138.000000
309.000000
785.000000
1844.000000
284.000000
645.000000
158.000000
428.000000
250.000000
1261.000000
948.000000
140.000000
944.000000
377.000000
1268.000000
359.000000
1233.000000
134.000000
997.000000
162.000000
263.000000
392.000000
286.000000
37.000000
240.000000
332.000000
1586.000000
638.000000
1204.000000
67.000000
358.000000
385.000000
367.000000
784.000000
319.000000
1353.000000
393.000000
83.000000
182.000000
318.000000
552.000000
138.000000
399.000000
264.000000
237.000000
653.000000
1051.000000
101.000000
583.000000
235.000000
164.000000
352.000000
671.000000
345.000000
162.000000
109.000000
246.000000
175.000000
265.000000
1778.000000
135.000000
1430.000000
191.000000
805.000000
193.000000
264.000000
1778.000000
266.000000
1337.000000
961.000000
1241.000000
523.000000
1621.000000
2327.000000
3614.000000
697.000000
799.000000
363.000000
225.000000
643.000000
899.000000
1524.000000
246.000000
1302.000000
297.000000
229.000000
151.000000
151.000000
464.000000
216.000000
193.000000
180.000000
330.000000
27.000000
52.000000
29.000000
300.000000
5027.000000
177.000000
103.000000
684.000000
31.000000
36.000000
3439.000000
260.000000
1170.000000
291.000000
237.000000
148.000000
321.000000
170.000000
1312.000000
47.000000
607.000000
3689.000000
423.000000
692.000000
284.000000
652.000000
1046.000000
737.000000
439.000000
266.000000
122.000000
209.000000
272.000000
1754.000000
341.000000
619.000000
518.000000
421.000000
96.000000
501.000000
674.000000
76.000000
734.000000
97.000000
321.000000
5137.000000
203.000000
289.000000
349.000000
692.000000
216.000000
1194.000000
448.000000
282.000000
1438.000000
1112.000000
510.000000
689.000000
395.000000
1712.000000
85.000000
898.000000
64.000000
366.000000
1287.000000
614.000000
433.000000
1308.000000
118.000000
837.000000
204.000000
1127.000000
461.000000
808.000000
108.000000
211.000000
738.000000
380.000000
800.000000
104.000000
55.000000
4005.000000
502.000000
3728.000000
169.000000
227.000000
169.000000
250.000000
189.000000
1118.000000
107.000000
260.000000
160.000000
304.000000
2611.000000
793.000000
1145.000000
545.000000
29.000000
1278.000000
1190.000000
156.000000
536.000000
78.000000
124.000000
96.000000
318.000000
974.000000
194.000000
186.000000
395.000000
420.000000
354.000000
290.000000
255.000000
729.000000
3687.000000
322.000000
1188.000000
424.000000
4168.000000
444.000000
145.000000
1519.000000
175.000000
186.000000
3485.000000
604.000000
83.000000
285.000000
612.000000
171.000000
306.000000
42.000000
257.000000
1312.000000
5531.000000
1138.000000
323.000000
1141.000000
3066.000000
106.000000
145.000000
393.000000
65.000000
147.000000
83.000000
1051.000000
791.000000
337.000000
921.000000
37.000000
943.000000
257.000000
169.000000
159.000000
635.000000
435.000000
255.000000
3305.000000
491.000000
399.000000
335.000000
590.000000
84.000000
139.000000
743.000000
208.000000
645.000000
455.000000
487.000000
4516.000000
415.000000
1340.000000
1810.000000
1606.000000
763.000000
142.000000
130.000000
418.000000
94.000000
1668.000000
471.000000
398.000000
114.000000
634.000000
180.000000
387.000000
155.000000
1286.000000
215.000000
405.000000
3139.000000
249.000000
686.000000
1083.000000
138.000000
890.000000
772.000000
186.000000
150.000000
356.000000
72.000000
233.000000
419.000000
344.000000
1520.000000
488.000000
1448.000000
883.000000
222.000000
79.000000
626.000000
895.000000
1180.000000
925.000000
92.000000
1204.000000
800.000000
559.000000
137.000000
328.000000
86.000000
65.000000
532.000000
89.000000
279.000000
319.000000
297.000000
427.000000
428.000000
460.000000
2442.000000
190.000000
493.000000
547.000000
901.000000
512.000000
325.000000
997.000000
121.000000
1629.000000
137.000000
406.000000
485.000000
605.000000
262.000000
303.000000
57.000000
1983.000000
67.000000
191.000000
421.000000
309.000000
274.000000
387.000000
524.000000
70.000000
99.000000
703.000000
391.000000
2120.000000
351.000000
355.000000
362.000000
150.000000
930.000000
752.000000
728.000000
135.000000
181.000000
216.000000
412.000000
134.000000
150.000000
152.000000
301.000000
3975.000000
247.000000
1444.000000
549.000000
134.000000
171.000000
593.000000
184.000000
299.000000
912.000000
350.000000
110.000000
1840.000000
203.000000
1967.000000
349.000000
181.000000
661.000000
475.000000
431.000000
273.000000
585.000000
272.000000
126.000000
665.000000
1128.000000
416.000000
117.000000
2282.000000
705.000000
111.000000
1159.000000
255.000000
116.000000
733.000000
438.000000
138.000000
1224.000000
1897.000000
262.000000
156.000000
301.000000
442.000000
1673.000000
293.000000
175.000000
197.000000
339.000000
289.000000
223.000000
1091.000000
1397.000000
43.000000
380.000000
271.000000
154.000000
291.000000
437.000000
268.000000
732.000000
1427.000000
1640.000000
177.000000
236.000000
211.000000
1469.000000
1161.000000
2436.000000
400.000000
345.000000
313.000000
489.000000
289.000000
281.000000
190.000000
658.000000
148.000000
53.000000
423.000000
463.000000
682.000000
1119.000000
130.000000
44.000000
255.000000
103.000000
88.000000
869.000000
786.000000
72.000000
465.000000
62.000000
62.000000
1193.000000
953.000000
141.000000
1103.000000
1043.000000
180.000000
171.000000
507.000000
393.000000
536.000000
224.000000
633.000000
103.000000
97.000000
1742.000000
184.000000
925.000000
106.000000
523.000000
906.000000
857.000000
929.000000
1655.000000
597.000000
1026.000000
303.000000
390.000000
113.000000
265.000000
210.000000
675.000000
1163.000000
436.000000
879.000000
247.000000
377.000000
133.000000
524.000000
293.000000
124.000000
671.000000
162.000000
405.000000
269.000000
778.000000
3777.000000
46.000000
550.000000
559.000000
568.000000
395.000000
538.000000
2985.000000
377.000000
140.000000
380.000000
196.000000
203.000000
921.000000
606.000000
134.000000
1585.000000
507.000000
88.000000
1813.000000
213.000000
304.000000
293.000000
315.000000
1372.000000
609.000000
1250.000000
255.000000
1354.000000
1693.000000
416.000000
350.000000
1239.000000
255.000000
412.000000
583.000000
287.000000
2067.000000
653.000000
115.000000
236.000000
559.000000
353.000000
367.000000
31.000000
474.000000
94.000000
608.000000
357.000000
326.000000
55.000000
405.000000
1030.000000
556.000000
361.000000
437.000000
217.000000
91.000000
179.000000
1412.000000
851.000000
246.000000
34.000000
283.000000
631.000000
252.000000
784.000000
103.000000
650.000000
365.000000
517.000000
1869.000000
557.000000
2224.000000
865.000000
121.000000
330.000000
1088.000000
401.000000
525.000000
101.000000
47.000000
25.000000
46.000000
125.000000
227.000000
378.000000
203.000000
469.000000
283.000000
1329.000000
206.000000
2500.000000
258.000000
1898.000000
225.000000
70.000000
2210.000000
256.000000
256.000000
1580.000000
478.000000
1619.000000
171.000000
372.000000
84.000000
64.000000
243.000000
228.000000
122.000000
230.000000
457.000000
860.000000
975.000000
730.000000
809.000000
133.000000
402.000000
562.000000
100.000000
1081.000000
65.000000
608.000000
268.000000
140.000000
251.000000
220.000000
442.000000
1313.000000
149.000000
153.000000
1293.000000
1070.000000
1193.000000
465.000000
2264.000000
392.000000
1345.000000
1664.000000
118.000000
1150.000000
231.000000
1931.000000
95.000000
385.000000
928.000000
267.000000
51.000000
385.000000
731.000000
519.000000
754.000000
579.000000
68.000000
784.000000
272.000000
540.000000
242.000000
30.000000
1451.000000
1239.000000
705.000000
2198.000000
1019.000000
316.000000
139.000000
1048.000000
673.000000
291.000000
89.000000
977.000000
3011.000000
136.000000
1431.000000
931.000000
111.000000
271.000000
378.000000
1569.000000
9073.000000
617.000000
95.000000
863.000000
1151.000000
186.000000
393.000000
1179.000000
142.000000
527.000000
704.000000
237.000000
669.000000
248.000000
117.000000
235.000000
742.000000
670.000000
259.000000
218.000000
289.000000
512.000000
126.000000
456.000000
635.000000
265.000000
426.000000
305.000000
94.000000
861.000000
407.000000
11226.000000
302.000000
361.000000
176.000000
165.000000
154.000000
51.000000
479.000000
132.000000
1118.000000
66.000000
779.000000
398.000000
517.000000
1799.000000
328.000000
440.000000
146.000000
87.000000
489.000000
88.000000
420.000000
274.000000
75.000000
69.000000
444.000000
1771.000000
684.000000
617.000000
297.000000
350.000000
461.000000
463.000000
36.000000
507.000000
447.000000
981.000000
952.000000
139.000000
708.000000
448.000000
1019.000000
3385.000000
121.000000
166.000000
421.000000
3046.000000
812.000000
268.000000
424.000000
1002.000000
149.000000
1326.000000
679.000000
140.000000
135.000000
