348.000000
110.000000
188.000000
585.000000
77.000000
2362.000000
1114.000000
72.000000
1594.000000
126.000000
208.000000
1056.000000
106.000000
479.000000
1106.000000
337.000000
541.000000
368.000000
254.000000
2257.000000
587.000000
499.000000
1219.000000
459.000000
513.000000
580.000000
810.000000
69.000000
391.000000
1604.000000
901.000000
715.000000
439.000000
389.000000
733.000000
138.000000
72.000000
644.000000
1142.000000
109.000000
604.000000
1075.000000
2550.000000
21.000000
185.000000
632.000000
427.000000
169.000000
567.000000
302.000000
2180.000000
363.000000
478.000000
2411.000000
509.000000
414.000000
527.000000
237.000000
683.000000
390.000000
315.000000
374.000000
407.000000
418.000000
325.000000
215.000000
313.000000
262.000000
219.000000
707.000000
531.000000
284.000000
1338.000000
251.000000
627.000000
180.000000
116.000000
713.000000
410.000000
707.000000
330.000000
90.000000
1635.000000
209.000000
938.000000
328.000000
213.000000
2960.000000
119.000000
335.000000
840.000000
120.000000
219.000000
564.000000
1154.000000
260.000000
285.000000
52.000000
35.000000
1027.000000
358.000000
527.000000
428.000000
284.000000
115.000000
216.000000
549.000000
386.000000
234.000000
623.000000
239.000000
782.000000
1120.000000
125.000000
245.000000
1804.000000
120.000000
450.000000
183.000000
385.000000
748.000000
112.000000
123.000000
129.000000
93.000000
691.000000
294.000000
584.000000
106.000000
328.000000
104.000000
585.000000
334.000000
343.000000
248.000000
177.000000
373.000000
1709.000000
441.000000
199.000000
924.000000
1697.000000
1809.000000
1319.000000
79.000000
881.000000
224.000000
1732.000000
2264.000000
376.000000
575.000000
913.000000
136.000000
353.000000
211.000000
1180.000000
2349.000000
117.000000
619.000000
1194.000000
1024.000000
87.000000
830.000000
73.000000
226.000000
605.000000
557.000000
1056.000000
399.000000
2067.000000
620.000000
862.000000
1104.000000
604.000000
118.000000
600.000000
843.000000
530.000000
2082.000000
50.000000
611.000000
112.000000
532.000000
404.000000
714.000000
534.000000
1854.000000
293.000000
2091.000000
95.000000
1247.000000
81.000000
724.000000
699.000000
1380.000000
914.000000
195.000000
640.000000
1900.000000
1206.000000
606.000000
848.000000
410.000000
128.000000
445.000000
1282.000000
314.000000
2036.000000
567.000000
129.000000
145.000000
110.000000
1414.000000
341.000000
170.000000
131.000000
866.000000
680.000000
558.000000
1127.000000
85.000000
213.000000
313.000000
61.000000
80.000000
2518.000000
1294.000000
145.000000
127.000000
365.000000
321.000000
498.000000
177.000000
1320.000000
448.000000
246.000000
2329.000000
432.000000
222.000000
124.000000
152.000000
1841.000000
255.000000
748.000000
1108.000000
427.000000
98.000000
881.000000
472.000000
266.000000
204.000000
266.000000
695.000000
1302.000000
56.000000
2290.000000
221.000000
1869.000000
321.000000
251.000000
536.000000
279.000000
686.000000
219.000000
364.000000
125.000000
572.000000
915.000000
719.000000
465.000000
201.000000
160.000000
1155.000000
219.000000
582.000000
2231.000000
427.000000
246.000000
257.000000
1680.000000
125.000000
228.000000
153.000000
159.000000
112.000000
181.000000
104.000000
191.000000
279.000000
391.000000
567.000000
980.000000
311.000000
1422.000000
1128.000000
1373.000000
80.000000
93.000000
2184.000000
274.000000
422.000000
835.000000
395.000000
38.000000
1116.000000
284.000000
234.000000
411.000000
812.000000
1578.000000
811.000000
1743.000000
136.000000
857.000000
961.000000
3917.000000
624.000000
101.000000
606.000000
306.000000
291.000000
70.000000
221.000000
216.000000
1666.000000
143.000000
1806.000000
361.000000
551.000000
1394.000000
279.000000
1855.000000
1154.000000
272.000000
73.000000
300.000000
230.000000
381.000000
89.000000
86.000000
438.000000
1075.000000
1349.000000
254.000000
422.000000
315.000000
157.000000
426.000000
656.000000
471.000000
94.000000
517.000000
597.000000
646.000000
449.000000
547.000000
123.000000
160.000000
114.000000
525.000000
268.000000
524.000000
390.000000
156.000000
162.000000
659.000000
181.000000
442.000000
841.000000
448.000000
165.000000
501.000000
192.000000
118.000000
510.000000
1404.000000
773.000000
1397.000000
755.000000
923.000000
472.000000
962.000000
393.000000
979.000000
471.000000
2113.000000
172.000000
568.000000
424.000000
341.000000
144.000000
343.000000
151.000000
91.000000
245.000000
1129.000000
238.000000
149.000000
2258.000000
862.000000
1017.000000
205.000000
658.000000
93.000000
1132.000000
300.000000
83.000000
621.000000
2008.000000
883.000000
914.000000
426.000000
902.000000
726.000000
433.000000
506.000000
404.000000
950.000000
137.000000
75.000000
614.000000
1090.000000
728.000000
371.000000
48.000000
642.000000
1222.000000
87.000000
872.000000
102.000000
357.000000
732.000000
370.000000
428.000000
1551.000000
171.000000
771.000000
58.000000
285.000000
2105.000000
373.000000
143.000000
392.000000
222.000000
32.000000
143.000000
67.000000
556.000000
88.000000
297.000000
105.000000
443.000000
99.000000
645.000000
192.000000
159.000000
147.000000
990.000000
259.000000
474.000000
198.000000
283.000000
261.000000
1147.000000
645.000000
444.000000
118.000000
308.000000
359.000000
2941.000000
174.000000
270.000000
108.000000
442.000000
234.000000
769.000000
998.000000
970.000000
694.000000
295.000000
116.000000
169.000000
341.000000
95.000000
690.000000
239.000000
118.000000
451.000000
325.000000
1421.000000
447.000000
513.000000
259.000000
266.000000
331.000000
1561.000000
87.000000
570.000000
264.000000
387.000000
688.000000
460.000000
313.000000
1150.000000
227.000000
568.000000
217.000000
657.000000
755.000000
513.000000
2334.000000
254.000000
677.000000
359.000000
405.000000
590.000000
473.000000
32.000000
499.000000
434.000000
54.000000
170.000000
629.000000
738.000000
326.000000
957.000000
210.000000
53.000000
633.000000
218.000000
517.000000
107.000000
101.000000
492.000000
399.000000
266.000000
264.000000
114.000000
481.000000
97.000000
755.000000
835.000000
342.000000
190.000000
405.000000
186.000000
467.000000
440.000000
154.000000
195.000000
349.000000
1449.000000
342.000000
548.000000
218.000000
2667.000000
652.000000
400.000000
617.000000
64.000000
706.000000
1600.000000
468.000000
293.000000
195.000000
1278.000000
63.000000
225.000000
2715.000000
150.000000
65.000000
221.000000
315.000000
139.000000
1600.000000
686.000000
320.000000
451.000000
281.000000
301.000000
777.000000
525.000000
134.000000
180.000000
518.000000
273.000000
1431.000000
429.000000
214.000000
965.000000
1313.000000
194.000000
1743.000000
1388.000000
427.000000
507.000000
2443.000000
1456.000000
175.000000
1017.000000
1248.000000
483.000000
1513.000000
552.000000
540.000000
142.000000
394.000000
189.000000
425.000000
785.000000
254.000000
2401.000000
1035.000000
747.000000
130.000000
356.000000
739.000000
376.000000
626.000000
159.000000
782.000000
801.000000
459.000000
651.000000
1052.000000
1351.000000
143.000000
390.000000
512.000000
63.000000
209.000000
430.000000
503.000000
172.000000
580.000000
426.000000
777.000000
460.000000
941.000000
545.000000
270.000000
1642.000000
147.000000
1177.000000
200.000000
310.000000
284.000000
717.000000
720.000000
1219.000000
291.000000
318.000000
725.000000
2109.000000
327.000000
466.000000
964.000000
1333.000000
952.000000
1541.000000
258.000000
83.000000
268.000000
363.000000
215.000000
52.000000
2133.000000
785.000000
806.000000
132.000000
2436.000000
528.000000
74.000000
532.000000
205.000000
671.000000
346.000000
247.000000
706.000000
440.000000
729.000000
291.000000
3858.000000
319.000000
1836.000000
350.000000
553.000000
1416.000000
1152.000000
308.000000
659.000000
392.000000
118.000000
179.000000
439.000000
1471.000000
77.000000
307.000000
156.000000
520.000000
153.000000
37.000000
497.000000
422.000000
927.000000
106.000000
893.000000
1366.000000
133.000000
179.000000
749.000000
1850.000000
871.000000
329.000000
417.000000
1329.000000
1105.000000
498.000000
210.000000
531.000000
1045.000000
1609.000000
226.000000
566.000000
748.000000
401.000000
306.000000
121.000000
288.000000
1316.000000
95.000000
983.000000
124.000000
321.000000
120.000000
117.000000
409.000000
57.000000
101.000000
474.000000
148.000000
317.000000
162.000000
62.000000
6108.000000
556.000000
675.000000
290.000000
401.000000
906.000000
602.000000
844.000000
330.000000
527.000000
2658.000000
420.000000
236.000000
368.000000
242.000000
339.000000
86.000000
515.000000
114.000000
616.000000
266.000000
1560.000000
261.000000
175.000000
933.000000
2388.000000
1621.000000
22.000000
1361.000000
530.000000
562.000000
770.000000
241.000000
2318.000000
6901.000000
3636.000000
511.000000
270.000000
662.000000
420.000000
262.000000
208.000000
880.000000
96.000000
468.000000
562.000000
53.000000
437.000000
541.000000
1436.000000
709.000000
2079.000000
293.000000
99.000000
917.000000
2485.000000
1577.000000
217.000000
46.000000
1120.000000
1352.000000
94.000000
485.000000
345.000000
154.000000
802.000000
109.000000
342.000000
1397.000000
881.000000
1204.000000
390.000000
1157.000000
257.000000
180.000000
389.000000
291.000000
250.000000
514.000000
247.000000
507.000000
1197.000000
319.000000
372.000000
663.000000
93.000000
538.000000
1500.000000
167.000000
175.000000
497.000000
775.000000
468.000000
505.000000
39.000000
257.000000
400.000000
240.000000
1350.000000
116.000000
103.000000
150.000000
2865.000000
244.000000
329.000000
71.000000
411.000000
677.000000
684.000000
1238.000000
1306.000000
2320.000000
378.000000
595.000000
8867.000000
267.000000
6392.000000
192.000000
155.000000
158.000000
62.000000
1151.000000
611.000000
259.000000
612.000000
69.000000
653.000000
113.000000
401.000000
217.000000
83.000000
181.000000
144.000000
201.000000
814.000000
223.000000
160.000000
348.000000
94.000000
1134.000000
789.000000
2530.000000
251.000000
1613.000000
103.000000
111.000000
150.000000
1583.000000
101.000000
305.000000
87.000000
2176.000000
1762.000000
203.000000
319.000000
617.000000
2765.000000
464.000000
378.000000
2047.000000
469.000000
252.000000
573.000000
254.000000
620.000000
653.000000
1938.000000
66.000000
699.000000
611.000000
368.000000
956.000000
843.000000
366.000000
172.000000
389.000000
428.000000
332.000000
385.000000
620.000000
269.000000
104.000000
2394.000000
2168.000000
442.000000
499.000000
495.000000
502.000000
527.000000
669.000000
851.000000
648.000000
1799.000000
2756.000000
993.000000
786.000000
113.000000
240.000000
602.000000
1735.000000
476.000000
341.000000
1072.000000
128.000000
224.000000
72.000000
413.000000
410.000000
218.000000
373.000000
765.000000
256.000000
491.000000
82.000000
404.000000
679.000000
416.000000
956.000000
493.000000
293.000000
2618.000000
549.000000
503.000000
133.000000
955.000000
324.000000
226.000000
1559.000000
178.000000
511.000000
628.000000
265.000000
561.000000
1661.000000
323.000000
353.000000
555.000000
192.000000
303.000000
477.000000
878.000000
1626.000000
1058.000000
141.000000
118.000000
2018.000000
332.000000
779.000000
462.000000
1400.000000
1054.000000
83.000000
1082.000000
147.000000
169.000000
70.000000
