106.000000
530.000000
337.000000
133.000000
561.000000
700.000000
313.000000
474.000000
281.000000
184.000000
331.000000
328.000000
614.000000
4584.000000
885.000000
30.000000
80.000000
25.000000
138.000000
428.000000
92.000000
298.000000
88.000000
417.000000
101.000000
134.000000
288.000000
138.000000
2802.000000
737.000000
47.000000
1442.000000
229.000000
75.000000
398.000000
967.000000
338.000000
373.000000
1394.000000
633.000000
414.000000
301.000000
197.000000
607.000000
88.000000
165.000000
108.000000
1529.000000
102.000000
989.000000
50.000000
238.000000
286.000000
101.000000
106.000000
257.000000
702.000000
298.000000
271.000000
1663.000000
124.000000
155.000000
165.000000
1608.000000
247.000000
343.000000
1144.000000
460.000000
315.000000
119.000000
677.000000
164.000000
170.000000
928.000000
364.000000
224.000000
77.000000
69.000000
1780.000000
472.000000
482.000000
227.000000
216.000000
686.000000
181.000000
286.000000
373.000000
3742.000000
787.000000
895.000000
105.000000
518.000000
246.000000
76.000000
664.000000
320.000000
381.000000
873.000000
90.000000
845.000000
258.000000
104.000000
125.000000
763.000000
63.000000
210.000000
853.000000
941.000000
188.000000
319.000000
298.000000
845.000000
747.000000
1924.000000
520.000000
621.000000
143.000000
698.000000
299.000000
82.000000
354.000000
433.000000
139.000000
276.000000
410.000000
741.000000
543.000000
247.000000
117.000000
309.000000
204.000000
367.000000
147.000000
902.000000
546.000000
1068.000000
93.000000
2092.000000
660.000000
817.000000
781.000000
178.000000
292.000000
1004.000000
566.000000
515.000000
359.000000
836.000000
200.000000
211.000000
414.000000
816.000000
229.000000
616.000000
164.000000
43.000000
99.000000
150.000000
188.000000
204.000000
283.000000
530.000000
54.000000
476.000000
62.000000
73.000000
233.000000
161.000000
225.000000
379.000000
191.000000
301.000000
155.000000
508.000000
5037.000000
485.000000
894.000000
695.000000
772.000000
363.000000
592.000000
1030.000000
761.000000
214.000000
495.000000
156.000000
921.000000
917.000000
265.000000
218.000000
442.000000
329.000000
121.000000
242.000000
880.000000
682.000000
781.000000
482.000000
458.000000
213.000000
524.000000
313.000000
61.000000
1411.000000
1196.000000
634.000000
391.000000
559.000000
259.000000
2337.000000
128.000000
961.000000
473.000000
163.000000
1426.000000
45.000000
85.000000
1545.000000
69.000000
427.000000
168.000000
232.000000
398.000000
121.000000
1580.000000
943.000000
435.000000
2116.000000
252.000000
652.000000
838.000000
129.000000
510.000000
1243.000000
618.000000
687.000000
336.000000
1680.000000
1724.000000
417.000000
2070.000000
277.000000
942.000000
201.000000
1123.000000
1156.000000
885.000000
303.000000
645.000000
739.000000
218.000000
96.000000
455.000000
245.000000
808.000000
692.000000
246.000000
723.000000
225.000000
496.000000
1396.000000
304.000000
112.000000
1935.000000
282.000000
143.000000
239.000000
108.000000
150.000000
878.000000
73.000000
382.000000
196.000000
135.000000
564.000000
936.000000
312.000000
79.000000
531.000000
296.000000
167.000000
663.000000
580.000000
198.000000
104.000000
1563.000000
517.000000
160.000000
368.000000
1093.000000
1047.000000
84.000000
244.000000
648.000000
409.000000
687.000000
162.000000
4400.000000
568.000000
193.000000
205.000000
378.000000
69.000000
651.000000
1451.000000
720.000000
3183.000000
446.000000
400.000000
2345.000000
204.000000
1511.000000
1104.000000
162.000000
156.000000
203.000000
313.000000
1798.000000
111.000000
446.000000
213.000000
1104.000000
332.000000
337.000000
640.000000
721.000000
160.000000
3155.000000
90.000000
1013.000000
978.000000
478.000000
98.000000
262.000000
199.000000
533.000000
934.000000
276.000000
326.000000
1904.000000
1085.000000
173.000000
3014.000000
840.000000
1647.000000
2192.000000
743.000000
534.000000
33.000000
169.000000
581.000000
151.000000
3807.000000
854.000000
615.000000
499.000000
1596.000000
370.000000
1115.000000
1553.000000
2257.000000
149.000000
566.000000
266.000000
162.000000
162.000000
482.000000
436.000000
178.000000
333.000000
3684.000000
497.000000
1183.000000
551.000000
439.000000
640.000000
737.000000
541.000000
500.000000
487.000000
47.000000
351.000000
333.000000
133.000000
3472.000000
295.000000
442.000000
917.000000
346.000000
379.000000
2262.000000
1975.000000
793.000000
490.000000
1312.000000
272.000000
75.000000
637.000000
196.000000
702.000000
1027.000000
722.000000
399.000000
118.000000
827.000000
734.000000
1550.000000
1105.000000
273.000000
326.000000
115.000000
394.000000
3091.000000
1008.000000
109.000000
223.000000
555.000000
360.000000
232.000000
224.000000
187.000000
225.000000
907.000000
359.000000
182.000000
334.000000
519.000000
153.000000
164.000000
1295.000000
80.000000
557.000000
253.000000
96.000000
609.000000
99.000000
90.000000
826.000000
284.000000
126.000000
238.000000
146.000000
870.000000
105.000000
1553.000000
315.000000
50.000000
199.000000
3055.000000
296.000000
4131.000000
91.000000
378.000000
1680.000000
491.000000
92.000000
212.000000
900.000000
340.000000
100.000000
500.000000
315.000000
319.000000
222.000000
686.000000
523.000000
172.000000
263.000000
499.000000
1937.000000
443.000000
314.000000
151.000000
901.000000
2148.000000
642.000000
880.000000
1104.000000
1603.000000
1158.000000
621.000000
1195.000000
1069.000000
1254.000000
1081.000000
350.000000
289.000000
572.000000
1443.000000
152.000000
787.000000
2849.000000
116.000000
2009.000000
1114.000000
2143.000000
198.000000
92.000000
1358.000000
124.000000
341.000000
348.000000
623.000000
592.000000
813.000000
406.000000
664.000000
722.000000
413.000000
340.000000
248.000000
1085.000000
72.000000
756.000000
196.000000
643.000000
991.000000
231.000000
187.000000
267.000000
796.000000
1154.000000
348.000000
1931.000000
360.000000
143.000000
2305.000000
127.000000
76.000000
313.000000
105.000000
141.000000
497.000000
214.000000
90.000000
346.000000
298.000000
770.000000
124.000000
326.000000
1799.000000
622.000000
108.000000
502.000000
345.000000
43.000000
1739.000000
174.000000
470.000000
65.000000
496.000000
1686.000000
160.000000
209.000000
237.000000
222.000000
355.000000
153.000000
674.000000
260.000000
189.000000
225.000000
191.000000
613.000000
479.000000
363.000000
503.000000
396.000000
287.000000
1237.000000
1898.000000
1654.000000
71.000000
534.000000
335.000000
361.000000
99.000000
177.000000
763.000000
588.000000
224.000000
363.000000
291.000000
1474.000000
434.000000
232.000000
327.000000
287.000000
283.000000
467.000000
224.000000
1110.000000
737.000000
2029.000000
469.000000
648.000000
922.000000
1562.000000
804.000000
342.000000
220.000000
1202.000000
619.000000
276.000000
209.000000
201.000000
252.000000
1620.000000
761.000000
105.000000
382.000000
704.000000
122.000000
612.000000
202.000000
2038.000000
279.000000
457.000000
469.000000
199.000000
675.000000
165.000000
1368.000000
313.000000
998.000000
989.000000
68.000000
1620.000000
2468.000000
114.000000
455.000000
1275.000000
1070.000000
261.000000
506.000000
1309.000000
625.000000
2391.000000
439.000000
375.000000
383.000000
154.000000
2169.000000
503.000000
417.000000
187.000000
2138.000000
312.000000
73.000000
150.000000
1368.000000
221.000000
205.000000
844.000000
100.000000
507.000000
112.000000
2423.000000
106.000000
994.000000
766.000000
339.000000
472.000000
278.000000
940.000000
29.000000
95.000000
99.000000
810.000000
261.000000
194.000000
484.000000
293.000000
1348.000000
49.000000
161.000000
259.000000
215.000000
2081.000000
257.000000
250.000000
583.000000
61.000000
369.000000
1169.000000
171.000000
1103.000000
1111.000000
267.000000
309.000000
144.000000
225.000000
345.000000
81.000000
661.000000
943.000000
1866.000000
26.000000
343.000000
719.000000
1665.000000
314.000000
582.000000
1734.000000
295.000000
1749.000000
2040.000000
759.000000
1699.000000
400.000000
1823.000000
372.000000
207.000000
969.000000
102.000000
276.000000
194.000000
2214.000000
2158.000000
481.000000
2873.000000
1032.000000
385.000000
500.000000
96.000000
81.000000
319.000000
482.000000
244.000000
1294.000000
3864.000000
1900.000000
161.000000
1810.000000
100.000000
159.000000
897.000000
667.000000
98.000000
52.000000
596.000000
266.000000
1802.000000
971.000000
1200.000000
607.000000
1601.000000
596.000000
427.000000
126.000000
238.000000
3871.000000
1540.000000
151.000000
1592.000000
257.000000
78.000000
294.000000
725.000000
436.000000
1272.000000
429.000000
1002.000000
128.000000
235.000000
68.000000
543.000000
415.000000
256.000000
260.000000
1557.000000
348.000000
530.000000
2977.000000
918.000000
139.000000
214.000000
180.000000
210.000000
475.000000
102.000000
532.000000
129.000000
294.000000
83.000000
145.000000
1560.000000
204.000000
82.000000
242.000000
887.000000
293.000000
123.000000
233.000000
119.000000
2097.000000
104.000000
860.000000
309.000000
862.000000
243.000000
1122.000000
169.000000
37.000000
1578.000000
301.000000
664.000000
130.000000
119.000000
350.000000
3656.000000
994.000000
293.000000
35.000000
249.000000
2789.000000
1021.000000
437.000000
2295.000000
677.000000
881.000000
1104.000000
308.000000
399.000000
693.000000
102.000000
55.000000
390.000000
311.000000
149.000000
218.000000
2727.000000
2863.000000
580.000000
251.000000
1978.000000
197.000000
489.000000
689.000000
108.000000
1148.000000
348.000000
399.000000
704.000000
1451.000000
1208.000000
672.000000
619.000000
105.000000
121.000000
103.000000
862.000000
1339.000000
759.000000
518.000000
2252.000000
712.000000
813.000000
344.000000
222.000000
1121.000000
1735.000000
197.000000
575.000000
128.000000
64.000000
816.000000
271.000000
513.000000
157.000000
914.000000
97.000000
780.000000
351.000000
152.000000
120.000000
493.000000
444.000000
237.000000
1123.000000
291.000000
1686.000000
1532.000000
141.000000
302.000000
781.000000
136.000000
219.000000
101.000000
766.000000
790.000000
1712.000000
365.000000
367.000000
165.000000
190.000000
218.000000
32.000000
1186.000000
686.000000
222.000000
295.000000
250.000000
713.000000
756.000000
334.000000
331.000000
847.000000
398.000000
1701.000000
1307.000000
537.000000
2135.000000
226.000000
170.000000
2110.000000
171.000000
236.000000
335.000000
253.000000
504.000000
117.000000
243.000000
212.000000
579.000000
3238.000000
1117.000000
352.000000
905.000000
1010.000000
219.000000
638.000000
637.000000
1780.000000
297.000000
238.000000
758.000000
151.000000
1332.000000
349.000000
31.000000
2808.000000
391.000000
49.000000
195.000000
172.000000
755.000000
698.000000
3885.000000
2120.000000
344.000000
994.000000
183.000000
363.000000
299.000000
433.000000
618.000000
309.000000
344.000000
986.000000
204.000000
182.000000
358.000000
269.000000
1354.000000
321.000000
675.000000
108.000000
422.000000
425.000000
279.000000
651.000000
536.000000
646.000000
881.000000
143.000000
3992.000000
141.000000
317.000000
612.000000
971.000000
140.000000
665.000000
1742.000000
546.000000
418.000000
354.000000
884.000000
263.000000
295.000000
1569.000000
194.000000
99.000000
150.000000
225.000000
3782.000000
257.000000
1114.000000
78.000000
3793.000000
