226.000000
354.000000
916.000000
662.000000
2401.000000
164.000000
668.000000
684.000000
136.000000
552.000000
1400.000000
265.000000
660.000000
325.000000
230.000000
613.000000
847.000000
1127.000000
1045.000000
273.000000
914.000000
216.000000
1463.000000
1010.000000
489.000000
174.000000
376.000000
1363.000000
88.000000
808.000000
3999.000000
51.000000
2480.000000
136.000000
1403.000000
108.000000
490.000000
1020.000000
144.000000
133.000000
194.000000
1995.000000
958.000000
1361.000000
883.000000
324.000000
678.000000
408.000000
62.000000
376.000000
131.000000
73.000000
1226.000000
350.000000
222.000000
158.000000
781.000000
268.000000
1100.000000
569.000000
186.000000
386.000000
719.000000
149.000000
1147.000000
388.000000
92.000000
227.000000
427.000000
402.000000
114.000000
188.000000
279.000000
1102.000000
190.000000
1010.000000
2804.000000
3834.000000
1393.000000
478.000000
457.000000
1774.000000
64.000000
144.000000
344.000000
131.000000
1664.000000
73.000000
476.000000
437.000000
269.000000
567.000000
178.000000
1221.000000
419.000000
1113.000000
244.000000
111.000000
2566.000000
543.000000
334.000000
573.000000
1631.000000
427.000000
156.000000
18.000000
231.000000
340.000000
59.000000
592.000000
463.000000
1382.000000
86.000000
487.000000
609.000000
302.000000
2251.000000
882.000000
331.000000
512.000000
1257.000000
124.000000
678.000000
1467.000000
348.000000
496.000000
270.000000
390.000000
335.000000
1523.000000
1074.000000
1317.000000
280.000000
1544.000000
4664.000000
349.000000
219.000000
58.000000
314.000000
214.000000
927.000000
1038.000000
736.000000
2022.000000
904.000000
428.000000
1037.000000
723.000000
155.000000
86.000000
661.000000
803.000000
184.000000
1516.000000
289.000000
556.000000
61.000000
140.000000
129.000000
155.000000
791.000000
4790.000000
997.000000
898.000000
511.000000
133.000000
467.000000
367.000000
225.000000
3769.000000
1276.000000
547.000000
111.000000
676.000000
1919.000000
56.000000
8821.000000
573.000000
206.000000
2896.000000
660.000000
519.000000
898.000000
275.000000
186.000000
198.000000
988.000000
1314.000000
239.000000
141.000000
1171.000000
394.000000
2236.000000
727.000000
79.000000
177.000000
97.000000
469.000000
244.000000
268.000000
448.000000
481.000000
215.000000
38.000000
1936.000000
546.000000
576.000000
752.000000
394.000000
245.000000
489.000000
153.000000
506.000000
247.000000
1322.000000
184.000000
333.000000
2883.000000
309.000000
180.000000
1056.000000
2742.000000
484.000000
421.000000
49.000000
278.000000
362.000000
164.000000
825.000000
852.000000
695.000000
130.000000
403.000000
213.000000
269.000000
109.000000
945.000000
141.000000
141.000000
423.000000
147.000000
321.000000
383.000000
1149.000000
2113.000000
2040.000000
3189.000000
55.000000
169.000000
583.000000
242.000000
355.000000
2211.000000
570.000000
178.000000
573.000000
283.000000
139.000000
1407.000000
277.000000
1074.000000
313.000000
155.000000
1270.000000
657.000000
178.000000
1602.000000
1429.000000
250.000000
765.000000
195.000000
186.000000
2455.000000
820.000000
602.000000
1266.000000
99.000000
198.000000
30.000000
153.000000
605.000000
103.000000
240.000000
541.000000
211.000000
281.000000
169.000000
711.000000
501.000000
693.000000
2497.000000
328.000000
284.000000
2548.000000
226.000000
289.000000
251.000000
3757.000000
346.000000
4415.000000
6432.000000
203.000000
386.000000
85.000000
105.000000
973.000000
459.000000
1972.000000
1225.000000
561.000000
261.000000
459.000000
1748.000000
905.000000
685.000000
209.000000
767.000000
619.000000
117.000000
2657.000000
791.000000
162.000000
503.000000
211.000000
58.000000
121.000000
628.000000
480.000000
1985.000000
377.000000
779.000000
571.000000
404.000000
1343.000000
553.000000
1970.000000
970.000000
636.000000
260.000000
654.000000
1987.000000
106.000000
17320.000000
467.000000
226.000000
1227.000000
1796.000000
2471.000000
258.000000
1908.000000
1076.000000
1245.000000
1554.000000
1177.000000
112.000000
824.000000
301.000000
500.000000
2464.000000
117.000000
143.000000
72.000000
183.000000
820.000000
3362.000000
391.000000
547.000000
422.000000
328.000000
209.000000
1127.000000
1329.000000
76.000000
1060.000000
145.000000
124.000000
100.000000
1702.000000
134.000000
537.000000
289.000000
484.000000
485.000000
169.000000
1302.000000
547.000000
206.000000
74.000000
150.000000
118.000000
500.000000
74.000000
160.000000
1119.000000
255.000000
359.000000
317.000000
1674.000000
481.000000
536.000000
500.000000
1117.000000
451.000000
92.000000
760.000000
1749.000000
915.000000
655.000000
781.000000
753.000000
1625.000000
379.000000
366.000000
458.000000
1046.000000
221.000000
327.000000
954.000000
587.000000
1565.000000
417.000000
341.000000
302.000000
323.000000
4947.000000
2014.000000
144.000000
147.000000
260.000000
71.000000
731.000000
840.000000
618.000000
939.000000
3151.000000
467.000000
669.000000
71.000000
371.000000
1281.000000
2664.000000
428.000000
539.000000
920.000000
672.000000
161.000000
788.000000
270.000000
995.000000
174.000000
100.000000
350.000000
87.000000
562.000000
462.000000
128.000000
164.000000
323.000000
488.000000
283.000000
533.000000
1591.000000
632.000000
241.000000
373.000000
103.000000
600.000000
2077.000000
585.000000
1270.000000
129.000000
367.000000
4175.000000
424.000000
186.000000
301.000000
273.000000
879.000000
373.000000
219.000000
481.000000
572.000000
163.000000
1062.000000
847.000000
3149.000000
843.000000
506.000000
1236.000000
179.000000
511.000000
218.000000
266.000000
392.000000
669.000000
391.000000
119.000000
99.000000
971.000000
451.000000
247.000000
1011.000000
216.000000
628.000000
428.000000
141.000000
3511.000000
1186.000000
292.000000
105.000000
539.000000
535.000000
164.000000
644.000000
241.000000
77.000000
1065.000000
2432.000000
2982.000000
296.000000
716.000000
147.000000
420.000000
399.000000
847.000000
394.000000
671.000000
167.000000
213.000000
114.000000
200.000000
546.000000
422.000000
516.000000
398.000000
244.000000
459.000000
397.000000
343.000000
1416.000000
661.000000
1665.000000
2873.000000
1924.000000
653.000000
2410.000000
223.000000
443.000000
54.000000
85.000000
106.000000
159.000000
402.000000
370.000000
649.000000
288.000000
325.000000
190.000000
745.000000
312.000000
109.000000
2278.000000
557.000000
532.000000
404.000000
134.000000
2697.000000
841.000000
896.000000
601.000000
242.000000
251.000000
450.000000
927.000000
114.000000
801.000000
135.000000
508.000000
833.000000
222.000000
166.000000
726.000000
426.000000
176.000000
399.000000
448.000000
231.000000
685.000000
600.000000
420.000000
337.000000
480.000000
1295.000000
772.000000
42.000000
614.000000
444.000000
743.000000
244.000000
4684.000000
1809.000000
647.000000
514.000000
276.000000
1059.000000
383.000000
548.000000
364.000000
290.000000
304.000000
185.000000
453.000000
397.000000
719.000000
615.000000
843.000000
296.000000
500.000000
103.000000
332.000000
292.000000
192.000000
376.000000
211.000000
336.000000
358.000000
549.000000
807.000000
668.000000
509.000000
209.000000
1138.000000
105.000000
222.000000
2421.000000
299.000000
221.000000
694.000000
85.000000
484.000000
291.000000
1172.000000
454.000000
70.000000
401.000000
758.000000
82.000000
362.000000
113.000000
549.000000
59.000000
402.000000
624.000000
239.000000
87.000000
746.000000
549.000000
228.000000
188.000000
339.000000
155.000000
228.000000
104.000000
177.000000
77.000000
214.000000
150.000000
146.000000
166.000000
58.000000
578.000000
269.000000
832.000000
1349.000000
567.000000
187.000000
421.000000
184.000000
460.000000
218.000000
306.000000
679.000000
163.000000
1739.000000
353.000000
489.000000
137.000000
776.000000
113.000000
120.000000
158.000000
229.000000
354.000000
286.000000
1077.000000
1731.000000
195.000000
1417.000000
74.000000
768.000000
187.000000
262.000000
378.000000
551.000000
315.000000
278.000000
175.000000
369.000000
619.000000
993.000000
71.000000
1770.000000
149.000000
377.000000
82.000000
1813.000000
222.000000
1411.000000
2339.000000
262.000000
555.000000
2070.000000
503.000000
293.000000
50.000000
296.000000
89.000000
762.000000
184.000000
297.000000
149.000000
287.000000
764.000000
670.000000
259.000000
607.000000
413.000000
508.000000
332.000000
1037.000000
1251.000000
232.000000
175.000000
588.000000
86.000000
168.000000
802.000000
342.000000
269.000000
203.000000
180.000000
97.000000
438.000000
582.000000
107.000000
1330.000000
175.000000
3228.000000
259.000000
908.000000
1065.000000
1110.000000
198.000000
171.000000
943.000000
537.000000
323.000000
299.000000
390.000000
1502.000000
490.000000
91.000000
729.000000
612.000000
166.000000
6124.000000
270.000000
417.000000
1260.000000
936.000000
462.000000
396.000000
491.000000
25.000000
52.000000
110.000000
797.000000
120.000000
75.000000
1161.000000
1086.000000
1804.000000
786.000000
260.000000
364.000000
121.000000
442.000000
216.000000
68.000000
498.000000
377.000000
2873.000000
490.000000
439.000000
1016.000000
104.000000
483.000000
470.000000
493.000000
757.000000
161.000000
106.000000
2886.000000
2165.000000
224.000000
117.000000
280.000000
54.000000
376.000000
439.000000
89.000000
95.000000
347.000000
1734.000000
344.000000
222.000000
512.000000
138.000000
245.000000
762.000000
162.000000
435.000000
412.000000
1380.000000
553.000000
119.000000
57.000000
220.000000
184.000000
335.000000
473.000000
238.000000
408.000000
325.000000
196.000000
189.000000
2070.000000
595.000000
1854.000000
246.000000
294.000000
391.000000
358.000000
398.000000
38.000000
177.000000
1224.000000
492.000000
448.000000
414.000000
690.000000
309.000000
123.000000
541.000000
1447.000000
238.000000
247.000000
820.000000
90.000000
4092.000000
862.000000
657.000000
325.000000
236.000000
1603.000000
604.000000
4605.000000
94.000000
334.000000
381.000000
853.000000
472.000000
702.000000
737.000000
290.000000
771.000000
562.000000
351.000000
174.000000
207.000000
218.000000
95.000000
404.000000
607.000000
683.000000
398.000000
862.000000
367.000000
205.000000
1331.000000
316.000000
260.000000
218.000000
421.000000
134.000000
431.000000
536.000000
2156.000000
414.000000
901.000000
296.000000
259.000000
124.000000
378.000000
174.000000
172.000000
88.000000
517.000000
910.000000
99.000000
62.000000
861.000000
240.000000
5720.000000
264.000000
647.000000
278.000000
410.000000
2079.000000
2348.000000
2106.000000
339.000000
76.000000
3044.000000
812.000000
1083.000000
531.000000
855.000000
713.000000
66.000000
1109.000000
125.000000
761.000000
534.000000
207.000000
187.000000
406.000000
75.000000
92.000000
517.000000
1210.000000
355.000000
90.000000
76.000000
54.000000
363.000000
1215.000000
231.000000
296.000000
224.000000
201.000000
697.000000
1131.000000
428.000000
638.000000
98.000000
88.000000
478.000000
490.000000
346.000000
656.000000
373.000000
345.000000
167.000000
327.000000
166.000000
945.000000
145.000000
236.000000
72.000000
328.000000
298.000000
311.000000
409.000000
496.000000
1809.000000
358.000000
327.000000
501.000000
480.000000
2018.000000
136.000000
123.000000
372.000000
400.000000
542.000000
780.000000
890.000000
218.000000
512.000000
