0.000000
204.081633
408.163265
612.244898
816.326531
1020.408163
1224.489796
1428.571429
1632.653061
1836.734694
2040.816327
2244.897959
2448.979592
2653.061224
2857.142857
3061.224490
3265.306122
3469.387755
3673.469388
3877.551020
4081.632653
4285.714286
4489.795918
4693.877551
4897.959184
5102.040816
5306.122449
5510.204082
5714.285714
5918.367347
6122.448980
6326.530612
6530.612245
6734.693878
6938.775510
7142.857143
7346.938776
7551.020408
7755.102041
7959.183673
8163.265306
8367.346939
8571.428571
8775.510204
8979.591837
9183.673469
9387.755102
9591.836735
9795.918367
10000.000000
