186.000000
212.000000
1565.000000
7257.000000
390.000000
292.000000
156.000000
3005.000000
83.000000
1957.000000
350.000000
112.000000
446.000000
153.000000
687.000000
846.000000
147.000000
1107.000000
1193.000000
666.000000
224.000000
714.000000
370.000000
80.000000
846.000000
71.000000
1686.000000
176.000000
243.000000
212.000000
368.000000
676.000000
184.000000
1105.000000
700.000000
695.000000
161.000000
394.000000
386.000000
1508.000000
909.000000
315.000000
869.000000
2790.000000
63.000000
249.000000
830.000000
1148.000000
298.000000
595.000000
290.000000
1950.000000
124.000000
246.000000
137.000000
806.000000
412.000000
710.000000
498.000000
39.000000
334.000000
1031.000000
90.000000
647.000000
1780.000000
794.000000
187.000000
60.000000
133.000000
144.000000
125.000000
990.000000
1258.000000
460.000000
130.000000
1072.000000
2382.000000
346.000000
115.000000
308.000000
98.000000
138.000000
186.000000
3448.000000
92.000000
1826.000000
2437.000000
251.000000
789.000000
1562.000000
774.000000
180.000000
222.000000
382.000000
605.000000
815.000000
16.000000
178.000000
835.000000
331.000000
1059.000000
172.000000
713.000000
366.000000
819.000000
512.000000
889.000000
759.000000
528.000000
254.000000
217.000000
452.000000
320.000000
1281.000000
134.000000
245.000000
2965.000000
175.000000
703.000000
423.000000
462.000000
260.000000
606.000000
1164.000000
3976.000000
1916.000000
568.000000
215.000000
1461.000000
419.000000
538.000000
98.000000
784.000000
269.000000
59.000000
579.000000
309.000000
1974.000000
936.000000
290.000000
713.000000
740.000000
65.000000
185.000000
545.000000
311.000000
622.000000
150.000000
853.000000
162.000000
259.000000
158.000000
2254.000000
245.000000
353.000000
299.000000
2039.000000
165.000000
980.000000
559.000000
2494.000000
157.000000
1430.000000
171.000000
188.000000
193.000000
590.000000
139.000000
27.000000
1041.000000
242.000000
1019.000000
191.000000
107.000000
263.000000
1796.000000
525.000000
237.000000
325.000000
486.000000
235.000000
164.000000
158.000000
92.000000
231.000000
431.000000
393.000000
536.000000
472.000000
154.000000
671.000000
191.000000
172.000000
1016.000000
642.000000
596.000000
2129.000000
2867.000000
347.000000
329.000000
92.000000
1012.000000
1169.000000
416.000000
292.000000
381.000000
606.000000
154.000000
3640.000000
282.000000
552.000000
100.000000
136.000000
31.000000
146.000000
567.000000
190.000000
396.000000
480.000000
1373.000000
97.000000
463.000000
231.000000
193.000000
388.000000
513.000000
1130.000000
827.000000
314.000000
766.000000
57.000000
271.000000
206.000000
847.000000
398.000000
374.000000
7649.000000
841.000000
135.000000
166.000000
95.000000
159.000000
359.000000
198.000000
130.000000
329.000000
286.000000
59.000000
197.000000
1393.000000
193.000000
1121.000000
521.000000
850.000000
1376.000000
290.000000
1106.000000
213.000000
748.000000
323.000000
531.000000
663.000000
77.000000
293.000000
655.000000
282.000000
886.000000
1394.000000
3074.000000
870.000000
333.000000
518.000000
727.000000
262.000000
2739.000000
262.000000
132.000000
162.000000
929.000000
441.000000
997.000000
428.000000
643.000000
151.000000
512.000000
430.000000
919.000000
18.000000
142.000000
189.000000
69.000000
122.000000
73.000000
302.000000
202.000000
555.000000
345.000000
1202.000000
85.000000
532.000000
396.000000
1277.000000
471.000000
56.000000
441.000000
415.000000
162.000000
340.000000
86.000000
660.000000
373.000000
161.000000
1192.000000
300.000000
1349.000000
474.000000
636.000000
259.000000
411.000000
286.000000
507.000000
141.000000
409.000000
1621.000000
771.000000
235.000000
1191.000000
250.000000
465.000000
1461.000000
476.000000
175.000000
205.000000
432.000000
185.000000
120.000000
332.000000
65.000000
903.000000
26.000000
151.000000
1018.000000
118.000000
302.000000
24.000000
1119.000000
621.000000
1124.000000
86.000000
1186.000000
795.000000
706.000000
131.000000
270.000000
276.000000
166.000000
234.000000
188.000000
1859.000000
744.000000
511.000000
1002.000000
449.000000
276.000000
641.000000
135.000000
34.000000
312.000000
279.000000
403.000000
521.000000
338.000000
819.000000
143.000000
461.000000
70.000000
1854.000000
69.000000
806.000000
889.000000
247.000000
1045.000000
1099.000000
2743.000000
181.000000
590.000000
31.000000
475.000000
413.000000
503.000000
1559.000000
62.000000
117.000000
420.000000
640.000000
173.000000
184.000000
860.000000
815.000000
101.000000
199.000000
98.000000
568.000000
304.000000
1871.000000
240.000000
715.000000
149.000000
434.000000
77.000000
1013.000000
382.000000
434.000000
1192.000000
308.000000
287.000000
1006.000000
408.000000
2578.000000
1180.000000
512.000000
1333.000000
190.000000
76.000000
772.000000
147.000000
647.000000
286.000000
3110.000000
76.000000
1017.000000
75.000000
121.000000
1194.000000
169.000000
1375.000000
260.000000
298.000000
557.000000
80.000000
838.000000
1816.000000
297.000000
3197.000000
495.000000
502.000000
735.000000
185.000000
84.000000
181.000000
100.000000
96.000000
345.000000
2593.000000
1518.000000
910.000000
193.000000
124.000000
659.000000
376.000000
419.000000
295.000000
217.000000
446.000000
80.000000
3108.000000
1144.000000
397.000000
100.000000
411.000000
1107.000000
1117.000000
201.000000
681.000000
975.000000
1832.000000
223.000000
156.000000
64.000000
210.000000
215.000000
50.000000
78.000000
1000.000000
477.000000
2556.000000
732.000000
115.000000
296.000000
295.000000
222.000000
108.000000
545.000000
341.000000
337.000000
881.000000
577.000000
312.000000
929.000000
1001.000000
146.000000
88.000000
624.000000
836.000000
415.000000
244.000000
334.000000
1260.000000
488.000000
210.000000
620.000000
157.000000
165.000000
33.000000
310.000000
903.000000
717.000000
334.000000
135.000000
356.000000
3887.000000
3849.000000
41.000000
448.000000
510.000000
1909.000000
2315.000000
322.000000
2220.000000
244.000000
277.000000
462.000000
227.000000
639.000000
967.000000
434.000000
219.000000
3326.000000
726.000000
321.000000
1117.000000
674.000000
1617.000000
944.000000
626.000000
401.000000
631.000000
49.000000
491.000000
389.000000
429.000000
118.000000
229.000000
104.000000
1152.000000
2657.000000
239.000000
171.000000
2455.000000
369.000000
1315.000000
48.000000
1332.000000
362.000000
276.000000
1699.000000
567.000000
196.000000
148.000000
494.000000
656.000000
519.000000
736.000000
79.000000
815.000000
2051.000000
343.000000
1047.000000
1159.000000
789.000000
904.000000
1039.000000
883.000000
658.000000
387.000000
352.000000
535.000000
334.000000
342.000000
278.000000
505.000000
350.000000
183.000000
394.000000
809.000000
221.000000
126.000000
1083.000000
454.000000
275.000000
128.000000
633.000000
62.000000
194.000000
305.000000
296.000000
891.000000
283.000000
827.000000
30.000000
636.000000
264.000000
468.000000
145.000000
1498.000000
312.000000
1215.000000
257.000000
662.000000
768.000000
187.000000
1705.000000
145.000000
579.000000
370.000000
610.000000
172.000000
1513.000000
478.000000
701.000000
92.000000
176.000000
243.000000
414.000000
69.000000
2898.000000
746.000000
189.000000
1240.000000
969.000000
462.000000
435.000000
438.000000
41.000000
3325.000000
476.000000
20.000000
348.000000
1623.000000
231.000000
2459.000000
1483.000000
466.000000
639.000000
747.000000
122.000000
199.000000
221.000000
833.000000
548.000000
91.000000
261.000000
684.000000
309.000000
189.000000
58.000000
1376.000000
193.000000
862.000000
965.000000
3079.000000
463.000000
406.000000
1062.000000
545.000000
347.000000
81.000000
575.000000
376.000000
1352.000000
271.000000
376.000000
739.000000
114.000000
159.000000
256.000000
299.000000
150.000000
385.000000
110.000000
279.000000
180.000000
845.000000
60.000000
266.000000
525.000000
464.000000
342.000000
434.000000
537.000000
513.000000
599.000000
182.000000
228.000000
231.000000
535.000000
253.000000
50.000000
1265.000000
147.000000
90.000000
277.000000
540.000000
351.000000
342.000000
1349.000000
5252.000000
75.000000
335.000000
1104.000000
591.000000
659.000000
435.000000
494.000000
1368.000000
374.000000
428.000000
879.000000
272.000000
96.000000
424.000000
149.000000
271.000000
169.000000
190.000000
589.000000
227.000000
1122.000000
72.000000
46.000000
162.000000
478.000000
129.000000
116.000000
370.000000
453.000000
105.000000
678.000000
449.000000
2160.000000
82.000000
914.000000
524.000000
266.000000
323.000000
119.000000
71.000000
43.000000
402.000000
2204.000000
421.000000
1469.000000
1237.000000
374.000000
6685.000000
156.000000
391.000000
604.000000
537.000000
497.000000
889.000000
694.000000
302.000000
3229.000000
127.000000
104.000000
581.000000
238.000000
400.000000
186.000000
533.000000
177.000000
73.000000
1105.000000
133.000000
1520.000000
271.000000
932.000000
524.000000
1478.000000
316.000000
315.000000
102.000000
380.000000
278.000000
98.000000
1912.000000
298.000000
328.000000
199.000000
144.000000
2265.000000
131.000000
451.000000
1076.000000
952.000000
128.000000
333.000000
1441.000000
2829.000000
180.000000
746.000000
206.000000
464.000000
620.000000
1155.000000
198.000000
73.000000
319.000000
57.000000
770.000000
541.000000
55.000000
367.000000
390.000000
3060.000000
871.000000
120.000000
332.000000
971.000000
602.000000
745.000000
181.000000
65.000000
777.000000
707.000000
828.000000
86.000000
678.000000
172.000000
247.000000
346.000000
769.000000
104.000000
684.000000
1637.000000
522.000000
176.000000
183.000000
78.000000
352.000000
293.000000
1657.000000
532.000000
769.000000
82.000000
219.000000
321.000000
281.000000
453.000000
95.000000
418.000000
431.000000
829.000000
213.000000
141.000000
788.000000
151.000000
658.000000
693.000000
454.000000
443.000000
105.000000
167.000000
315.000000
1076.000000
275.000000
263.000000
244.000000
2180.000000
592.000000
1279.000000
465.000000
188.000000
259.000000
132.000000
155.000000
493.000000
238.000000
3996.000000
377.000000
1621.000000
149.000000
284.000000
282.000000
245.000000
579.000000
534.000000
436.000000
1545.000000
174.000000
647.000000
977.000000
807.000000
1117.000000
1110.000000
845.000000
698.000000
893.000000
631.000000
193.000000
32.000000
1439.000000
687.000000
119.000000
78.000000
791.000000
1631.000000
162.000000
115.000000
209.000000
222.000000
90.000000
134.000000
355.000000
119.000000
209.000000
315.000000
158.000000
147.000000
802.000000
1665.000000
655.000000
1918.000000
418.000000
267.000000
197.000000
202.000000
755.000000
442.000000
1313.000000
2094.000000
232.000000
35.000000
1677.000000
121.000000
219.000000
618.000000
558.000000
103.000000
115.000000
214.000000
438.000000
175.000000
240.000000
371.000000
239.000000
136.000000
162.000000
127.000000
1724.000000
84.000000
269.000000
209.000000
361.000000
178.000000
358.000000
333.000000
1518.000000
940.000000
336.000000
246.000000
228.000000
246.000000
41.000000
98.000000
551.000000
1261.000000
457.000000
659.000000
396.000000
135.000000
686.000000
629.000000
645.000000
166.000000
229.000000
756.000000
1301.000000
230.000000
909.000000
1034.000000
120.000000
2439.000000
163.000000
370.000000
256.000000
619.000000
819.000000
213.000000
