217.000000
202.000000
132.000000
474.000000
555.000000
2435.000000
562.000000
506.000000
1066.000000
1503.000000
96.000000
331.000000
75.000000
144.000000
1850.000000
672.000000
1707.000000
315.000000
68.000000
155.000000
4184.000000
338.000000
131.000000
432.000000
281.000000
283.000000
210.000000
256.000000
1026.000000
1461.000000
196.000000
212.000000
219.000000
401.000000
443.000000
859.000000
5164.000000
215.000000
282.000000
243.000000
300.000000
746.000000
162.000000
615.000000
337.000000
1783.000000
542.000000
294.000000
353.000000
1091.000000
161.000000
2487.000000
565.000000
51.000000
741.000000
484.000000
729.000000
1923.000000
251.000000
490.000000
107.000000
498.000000
2010.000000
217.000000
1961.000000
430.000000
254.000000
357.000000
91.000000
480.000000
122.000000
958.000000
1092.000000
208.000000
518.000000
617.000000
206.000000
286.000000
815.000000
614.000000
74.000000
324.000000
267.000000
153.000000
125.000000
801.000000
804.000000
161.000000
105.000000
80.000000
181.000000
440.000000
477.000000
1203.000000
405.000000
289.000000
1723.000000
51.000000
395.000000
945.000000
879.000000
462.000000
136.000000
242.000000
413.000000
203.000000
660.000000
118.000000
79.000000
198.000000
101.000000
310.000000
157.000000
125.000000
556.000000
404.000000
84.000000
2112.000000
96.000000
115.000000
78.000000
943.000000
2168.000000
306.000000
2722.000000
338.000000
2696.000000
1294.000000
641.000000
264.000000
515.000000
445.000000
959.000000
950.000000
476.000000
276.000000
335.000000
341.000000
240.000000
92.000000
419.000000
470.000000
173.000000
309.000000
432.000000
1089.000000
617.000000
1658.000000
1569.000000
324.000000
390.000000
185.000000
614.000000
834.000000
519.000000
1049.000000
310.000000
1481.000000
163.000000
399.000000
114.000000
316.000000
428.000000
833.000000
310.000000
1850.000000
147.000000
814.000000
434.000000
594.000000
193.000000
680.000000
775.000000
25.000000
51.000000
349.000000
294.000000
1208.000000
386.000000
833.000000
304.000000
137.000000
369.000000
108.000000
1063.000000
257.000000
2690.000000
365.000000
171.000000
335.000000
480.000000
278.000000
42.000000
129.000000
287.000000
203.000000
359.000000
2004.000000
219.000000
1524.000000
29.000000
515.000000
38.000000
840.000000
2792.000000
301.000000
2235.000000
495.000000
729.000000
151.000000
61.000000
199.000000
1397.000000
1353.000000
145.000000
763.000000
612.000000
266.000000
34.000000
360.000000
1009.000000
626.000000
330.000000
1436.000000
1219.000000
116.000000
945.000000
118.000000
330.000000
453.000000
951.000000
506.000000
498.000000
247.000000
722.000000
121.000000
154.000000
208.000000
466.000000
1748.000000
17.000000
324.000000
268.000000
181.000000
317.000000
81.000000
474.000000
656.000000
590.000000
361.000000
1752.000000
84.000000
430.000000
6001.000000
615.000000
146.000000
3041.000000
432.000000
28.000000
150.000000
717.000000
683.000000
275.000000
347.000000
543.000000
349.000000
280.000000
1031.000000
566.000000
1721.000000
127.000000
25.000000
130.000000
66.000000
549.000000
947.000000
122.000000
838.000000
494.000000
1046.000000
829.000000
2561.000000
441.000000
103.000000
640.000000
196.000000
170.000000
103.000000
442.000000
234.000000
572.000000
44.000000
302.000000
650.000000
1551.000000
53.000000
263.000000
1514.000000
545.000000
809.000000
764.000000
988.000000
1917.000000
150.000000
52.000000
1156.000000
1017.000000
1319.000000
235.000000
133.000000
1132.000000
1050.000000
459.000000
206.000000
61.000000
668.000000
921.000000
147.000000
279.000000
584.000000
516.000000
405.000000
156.000000
755.000000
409.000000
538.000000
201.000000
149.000000
236.000000
1094.000000
378.000000
673.000000
159.000000
325.000000
348.000000
227.000000
331.000000
157.000000
496.000000
800.000000
953.000000
679.000000
481.000000
500.000000
139.000000
568.000000
1157.000000
73.000000
379.000000
472.000000
119.000000
422.000000
186.000000
196.000000
443.000000
283.000000
583.000000
38.000000
238.000000
187.000000
101.000000
922.000000
46.000000
477.000000
109.000000
695.000000
1966.000000
506.000000
315.000000
449.000000
1111.000000
434.000000
87.000000
2251.000000
71.000000
461.000000
379.000000
508.000000
224.000000
180.000000
621.000000
412.000000
272.000000
691.000000
202.000000
235.000000
137.000000
565.000000
465.000000
687.000000
608.000000
169.000000
813.000000
522.000000
186.000000
194.000000
363.000000
192.000000
1504.000000
555.000000
1902.000000
436.000000
666.000000
947.000000
107.000000
641.000000
185.000000
241.000000
140.000000
98.000000
2271.000000
212.000000
861.000000
1008.000000
1193.000000
119.000000
110.000000
517.000000
4366.000000
183.000000
217.000000
846.000000
1394.000000
927.000000
821.000000
1872.000000
499.000000
2457.000000
1070.000000
19.000000
4387.000000
463.000000
1354.000000
212.000000
1214.000000
1636.000000
145.000000
352.000000
494.000000
3026.000000
493.000000
637.000000
3730.000000
140.000000
323.000000
549.000000
95.000000
625.000000
197.000000
232.000000
539.000000
1116.000000
625.000000
435.000000
803.000000
110.000000
193.000000
2559.000000
1239.000000
159.000000
185.000000
327.000000
237.000000
1381.000000
1247.000000
122.000000
537.000000
162.000000
311.000000
104.000000
215.000000
191.000000
159.000000
838.000000
326.000000
2948.000000
644.000000
280.000000
501.000000
270.000000
264.000000
134.000000
4936.000000
2106.000000
1079.000000
83.000000
266.000000
160.000000
49.000000
432.000000
128.000000
322.000000
857.000000
648.000000
40.000000
114.000000
635.000000
1105.000000
964.000000
220.000000
912.000000
1663.000000
32.000000
262.000000
389.000000
997.000000
862.000000
539.000000
395.000000
671.000000
139.000000
131.000000
301.000000
770.000000
492.000000
485.000000
92.000000
4217.000000
770.000000
62.000000
154.000000
1016.000000
1716.000000
4131.000000
782.000000
1102.000000
364.000000
219.000000
237.000000
125.000000
1820.000000
988.000000
708.000000
347.000000
616.000000
180.000000
269.000000
429.000000
298.000000
912.000000
222.000000
309.000000
279.000000
157.000000
220.000000
145.000000
592.000000
120.000000
541.000000
128.000000
298.000000
253.000000
417.000000
327.000000
1105.000000
2010.000000
1033.000000
240.000000
746.000000
337.000000
58.000000
475.000000
234.000000
775.000000
36.000000
1106.000000
342.000000
1042.000000
119.000000
114.000000
364.000000
588.000000
18.000000
315.000000
728.000000
304.000000
2692.000000
386.000000
1919.000000
502.000000
250.000000
831.000000
669.000000
159.000000
888.000000
135.000000
271.000000
2212.000000
164.000000
875.000000
1693.000000
734.000000
704.000000
3602.000000
1132.000000
699.000000
1266.000000
586.000000
376.000000
1396.000000
403.000000
857.000000
522.000000
1270.000000
954.000000
413.000000
1481.000000
332.000000
95.000000
653.000000
887.000000
1856.000000
440.000000
716.000000
1193.000000
434.000000
1799.000000
429.000000
101.000000
295.000000
474.000000
2383.000000
1371.000000
306.000000
878.000000
306.000000
926.000000
171.000000
860.000000
501.000000
228.000000
230.000000
62.000000
643.000000
728.000000
429.000000
1177.000000
61.000000
82.000000
994.000000
601.000000
1246.000000
108.000000
218.000000
1192.000000
219.000000
106.000000
204.000000
21.000000
2333.000000
494.000000
117.000000
487.000000
650.000000
465.000000
743.000000
1309.000000
162.000000
102.000000
1331.000000
407.000000
277.000000
240.000000
467.000000
1519.000000
517.000000
143.000000
135.000000
101.000000
761.000000
461.000000
377.000000
388.000000
226.000000
428.000000
250.000000
47.000000
426.000000
53.000000
261.000000
627.000000
433.000000
110.000000
1216.000000
434.000000
336.000000
361.000000
308.000000
628.000000
202.000000
925.000000
222.000000
353.000000
672.000000
716.000000
8416.000000
261.000000
298.000000
204.000000
116.000000
292.000000
274.000000
213.000000
658.000000
182.000000
219.000000
770.000000
821.000000
536.000000
672.000000
170.000000
150.000000
510.000000
254.000000
1206.000000
276.000000
277.000000
205.000000
341.000000
542.000000
272.000000
190.000000
118.000000
617.000000
1064.000000
792.000000
208.000000
685.000000
509.000000
2284.000000
466.000000
90.000000
34.000000
293.000000
107.000000
786.000000
3239.000000
337.000000
159.000000
833.000000
520.000000
224.000000
90.000000
158.000000
150.000000
320.000000
300.000000
352.000000
1027.000000
224.000000
258.000000
455.000000
102.000000
1492.000000
100.000000
1106.000000
130.000000
714.000000
356.000000
292.000000
92.000000
258.000000
641.000000
481.000000
498.000000
163.000000
146.000000
703.000000
172.000000
398.000000
1505.000000
488.000000
87.000000
122.000000
351.000000
1501.000000
716.000000
757.000000
904.000000
191.000000
154.000000
977.000000
97.000000
305.000000
135.000000
691.000000
166.000000
871.000000
621.000000
292.000000
535.000000
239.000000
2443.000000
930.000000
685.000000
8419.000000
2428.000000
392.000000
430.000000
64.000000
565.000000
982.000000
318.000000
54.000000
536.000000
785.000000
1377.000000
3016.000000
123.000000
442.000000
1008.000000
96.000000
307.000000
95.000000
483.000000
886.000000
455.000000
345.000000
2031.000000
332.000000
106.000000
477.000000
743.000000
177.000000
163.000000
269.000000
148.000000
840.000000
4798.000000
545.000000
1120.000000
1127.000000
702.000000
139.000000
417.000000
196.000000
1705.000000
630.000000
368.000000
210.000000
47.000000
338.000000
164.000000
488.000000
61.000000
151.000000
501.000000
88.000000
419.000000
148.000000
417.000000
305.000000
1949.000000
171.000000
334.000000
544.000000
3294.000000
109.000000
3309.000000
591.000000
83.000000
652.000000
592.000000
328.000000
734.000000
436.000000
404.000000
126.000000
142.000000
289.000000
68.000000
207.000000
1069.000000
377.000000
508.000000
99.000000
1630.000000
175.000000
368.000000
288.000000
431.000000
379.000000
169.000000
138.000000
253.000000
754.000000
2363.000000
196.000000
476.000000
673.000000
367.000000
779.000000
725.000000
1062.000000
173.000000
1262.000000
1519.000000
71.000000
96.000000
654.000000
1108.000000
463.000000
1471.000000
802.000000
465.000000
1083.000000
1145.000000
337.000000
333.000000
59.000000
286.000000
883.000000
1088.000000
1823.000000
411.000000
57.000000
892.000000
245.000000
481.000000
769.000000
1043.000000
561.000000
284.000000
199.000000
412.000000
816.000000
200.000000
326.000000
173.000000
858.000000
1352.000000
924.000000
92.000000
326.000000
573.000000
288.000000
2642.000000
562.000000
422.000000
106.000000
478.000000
219.000000
315.000000
335.000000
479.000000
650.000000
2331.000000
485.000000
29.000000
544.000000
157.000000
1792.000000
173.000000
1811.000000
221.000000
649.000000
382.000000
233.000000
1755.000000
312.000000
470.000000
462.000000
279.000000
373.000000
318.000000
1148.000000
179.000000
162.000000
909.000000
170.000000
101.000000
579.000000
925.000000
1025.000000
103.000000
557.000000
478.000000
69.000000
1497.000000
2185.000000
90.000000
175.000000
2098.000000
157.000000
1732.000000
287.000000
245.000000
760.000000
1225.000000
867.000000
1074.000000
458.000000
188.000000
1391.000000
22.000000
1242.000000
71.000000
467.000000
61.000000
973.000000
