173.000000
953.000000
110.000000
386.000000
86.000000
302.000000
274.000000
653.000000
294.000000
366.000000
947.000000
136.000000
394.000000
201.000000
146.000000
457.000000
719.000000
333.000000
555.000000
386.000000
778.000000
109.000000
293.000000
1107.000000
1208.000000
1485.000000
53.000000
91.000000
265.000000
196.000000
571.000000
739.000000
734.000000
149.000000
64.000000
571.000000
43.000000
376.000000
277.000000
664.000000
207.000000
749.000000
452.000000
7364.000000
485.000000
482.000000
1547.000000
1300.000000
1405.000000
305.000000
391.000000
314.000000
758.000000
63.000000
1135.000000
858.000000
313.000000
522.000000
461.000000
1078.000000
478.000000
818.000000
4125.000000
974.000000
137.000000
409.000000
104.000000
146.000000
113.000000
1279.000000
1027.000000
299.000000
193.000000
522.000000
174.000000
58.000000
234.000000
850.000000
143.000000
1062.000000
653.000000
251.000000
171.000000
89.000000
311.000000
1343.000000
416.000000
84.000000
194.000000
61.000000
138.000000
343.000000
26.000000
2787.000000
164.000000
2536.000000
944.000000
38.000000
1935.000000
674.000000
79.000000
597.000000
141.000000
5853.000000
1611.000000
376.000000
342.000000
536.000000
334.000000
951.000000
92.000000
471.000000
892.000000
3224.000000
489.000000
749.000000
569.000000
3469.000000
712.000000
1148.000000
399.000000
225.000000
473.000000
1759.000000
755.000000
394.000000
350.000000
1958.000000
307.000000
900.000000
832.000000
134.000000
303.000000
767.000000
1234.000000
677.000000
1470.000000
673.000000
711.000000
352.000000
955.000000
477.000000
559.000000
74.000000
158.000000
2012.000000
309.000000
2107.000000
331.000000
98.000000
218.000000
150.000000
3887.000000
1257.000000
2713.000000
800.000000
234.000000
301.000000
593.000000
2343.000000
723.000000
132.000000
296.000000
1189.000000
578.000000
701.000000
210.000000
278.000000
365.000000
1289.000000
159.000000
597.000000
307.000000
335.000000
199.000000
104.000000
178.000000
97.000000
57.000000
811.000000
303.000000
435.000000
1578.000000
372.000000
412.000000
2555.000000
224.000000
195.000000
696.000000
187.000000
782.000000
240.000000
91.000000
1633.000000
200.000000
193.000000
108.000000
464.000000
938.000000
1146.000000
1824.000000
934.000000
578.000000
319.000000
40.000000
357.000000
471.000000
414.000000
547.000000
586.000000
2868.000000
278.000000
1313.000000
242.000000
180.000000
149.000000
1125.000000
335.000000
434.000000
325.000000
282.000000
343.000000
210.000000
582.000000
627.000000
1347.000000
172.000000
401.000000
98.000000
567.000000
1169.000000
651.000000
207.000000
1620.000000
242.000000
1934.000000
170.000000
587.000000
440.000000
1362.000000
426.000000
264.000000
114.000000
672.000000
305.000000
454.000000
149.000000
669.000000
121.000000
201.000000
1122.000000
523.000000
673.000000
4913.000000
317.000000
349.000000
534.000000
412.000000
1204.000000
599.000000
2124.000000
923.000000
576.000000
286.000000
640.000000
164.000000
72.000000
1188.000000
191.000000
165.000000
306.000000
903.000000
1069.000000
205.000000
158.000000
994.000000
93.000000
459.000000
106.000000
637.000000
393.000000
176.000000
282.000000
161.000000
969.000000
978.000000
727.000000
472.000000
1668.000000
409.000000
666.000000
455.000000
1388.000000
812.000000
116.000000
254.000000
784.000000
350.000000
464.000000
144.000000
1494.000000
470.000000
351.000000
578.000000
1718.000000
165.000000
125.000000
357.000000
226.000000
769.000000
221.000000
45.000000
7967.000000
128.000000
481.000000
229.000000
294.000000
680.000000
334.000000
1049.000000
313.000000
538.000000
1139.000000
1208.000000
83.000000
1113.000000
119.000000
202.000000
227.000000
184.000000
199.000000
2267.000000
278.000000
527.000000
268.000000
237.000000
1229.000000
1721.000000
1318.000000
261.000000
75.000000
737.000000
1055.000000
244.000000
234.000000
2801.000000
1100.000000
388.000000
61.000000
141.000000
1029.000000
303.000000
719.000000
92.000000
432.000000
533.000000
112.000000
842.000000
181.000000
547.000000
730.000000
2053.000000
568.000000
417.000000
785.000000
3324.000000
316.000000
160.000000
281.000000
873.000000
106.000000
181.000000
230.000000
470.000000
1019.000000
445.000000
2899.000000
546.000000
953.000000
425.000000
740.000000
195.000000
1636.000000
795.000000
68.000000
456.000000
400.000000
408.000000
226.000000
284.000000
990.000000
1178.000000
32.000000
70.000000
806.000000
830.000000
133.000000
559.000000
132.000000
306.000000
125.000000
799.000000
77.000000
210.000000
6804.000000
2573.000000
778.000000
719.000000
615.000000
162.000000
205.000000
237.000000
1240.000000
220.000000
714.000000
93.000000
273.000000
234.000000
1158.000000
392.000000
790.000000
1927.000000
340.000000
600.000000
231.000000
244.000000
878.000000
437.000000
247.000000
125.000000
2481.000000
1444.000000
291.000000
464.000000
718.000000
1335.000000
1535.000000
261.000000
402.000000
78.000000
337.000000
158.000000
522.000000
142.000000
468.000000
73.000000
1658.000000
1773.000000
225.000000
253.000000
203.000000
112.000000
625.000000
573.000000
367.000000
116.000000
118.000000
421.000000
238.000000
197.000000
919.000000
389.000000
570.000000
2618.000000
176.000000
628.000000
322.000000
297.000000
600.000000
2607.000000
267.000000
56.000000
228.000000
599.000000
510.000000
1395.000000
281.000000
135.000000
449.000000
358.000000
455.000000
183.000000
960.000000
285.000000
515.000000
230.000000
714.000000
129.000000
363.000000
286.000000
2272.000000
283.000000
295.000000
8286.000000
229.000000
174.000000
737.000000
203.000000
65.000000
165.000000
172.000000
181.000000
430.000000
312.000000
136.000000
221.000000
107.000000
984.000000
96.000000
778.000000
836.000000
233.000000
1104.000000
253.000000
458.000000
349.000000
265.000000
115.000000
901.000000
253.000000
162.000000
572.000000
727.000000
763.000000
466.000000
355.000000
822.000000
435.000000
217.000000
720.000000
629.000000
1879.000000
926.000000
822.000000
347.000000
127.000000
846.000000
587.000000
151.000000
1356.000000
1747.000000
1501.000000
2368.000000
1156.000000
155.000000
145.000000
768.000000
525.000000
440.000000
106.000000
696.000000
108.000000
1593.000000
792.000000
220.000000
391.000000
116.000000
101.000000
342.000000
1562.000000
539.000000
176.000000
112.000000
253.000000
509.000000
171.000000
309.000000
423.000000
838.000000
49.000000
306.000000
349.000000
130.000000
856.000000
2821.000000
2174.000000
1714.000000
153.000000
872.000000
68.000000
361.000000
210.000000
311.000000
869.000000
184.000000
386.000000
595.000000
113.000000
230.000000
520.000000
530.000000
235.000000
578.000000
136.000000
39.000000
427.000000
371.000000
57.000000
96.000000
1775.000000
378.000000
269.000000
369.000000
95.000000
262.000000
1071.000000
1771.000000
566.000000
153.000000
829.000000
1244.000000
1666.000000
76.000000
258.000000
692.000000
1792.000000
951.000000
1203.000000
185.000000
152.000000
363.000000
350.000000
2415.000000
599.000000
923.000000
454.000000
201.000000
199.000000
537.000000
1175.000000
168.000000
1019.000000
376.000000
226.000000
749.000000
108.000000
164.000000
546.000000
46.000000
112.000000
642.000000
411.000000
894.000000
170.000000
246.000000
555.000000
50.000000
160.000000
177.000000
840.000000
1129.000000
299.000000
2335.000000
2568.000000
2563.000000
254.000000
1477.000000
191.000000
333.000000
501.000000
288.000000
720.000000
734.000000
345.000000
211.000000
719.000000
321.000000
360.000000
62.000000
325.000000
219.000000
89.000000
95.000000
429.000000
673.000000
507.000000
117.000000
146.000000
370.000000
58.000000
309.000000
157.000000
1538.000000
263.000000
274.000000
130.000000
366.000000
2962.000000
335.000000
141.000000
399.000000
1371.000000
1859.000000
555.000000
334.000000
133.000000
69.000000
137.000000
503.000000
415.000000
239.000000
330.000000
820.000000
200.000000
10164.000000
63.000000
1795.000000
821.000000
3364.000000
247.000000
82.000000
668.000000
1289.000000
219.000000
704.000000
475.000000
885.000000
235.000000
540.000000
132.000000
202.000000
1140.000000
238.000000
512.000000
2345.000000
1097.000000
61.000000
185.000000
703.000000
1091.000000
634.000000
897.000000
452.000000
1420.000000
1183.000000
182.000000
171.000000
495.000000
230.000000
1755.000000
882.000000
684.000000
370.000000
298.000000
424.000000
5997.000000
248.000000
573.000000
458.000000
115.000000
199.000000
999.000000
182.000000
443.000000
223.000000
1076.000000
380.000000
149.000000
374.000000
208.000000
510.000000
432.000000
131.000000
591.000000
444.000000
650.000000
591.000000
253.000000
565.000000
570.000000
531.000000
325.000000
181.000000
1118.000000
443.000000
1018.000000
293.000000
202.000000
418.000000
41.000000
128.000000
228.000000
1583.000000
1263.000000
618.000000
654.000000
1208.000000
1035.000000
123.000000
3363.000000
454.000000
425.000000
640.000000
2370.000000
1041.000000
10974.000000
200.000000
573.000000
134.000000
383.000000
780.000000
166.000000
567.000000
218.000000
668.000000
1542.000000
532.000000
34.000000
1405.000000
292.000000
68.000000
319.000000
218.000000
1106.000000
661.000000
164.000000
287.000000
1322.000000
69.000000
444.000000
203.000000
92.000000
200.000000
1119.000000
876.000000
1744.000000
195.000000
453.000000
900.000000
418.000000
940.000000
128.000000
1564.000000
830.000000
3972.000000
251.000000
340.000000
487.000000
385.000000
158.000000
127.000000
87.000000
1378.000000
220.000000
210.000000
111.000000
132.000000
643.000000
192.000000
96.000000
187.000000
565.000000
835.000000
179.000000
1891.000000
319.000000
149.000000
207.000000
1684.000000
99.000000
2069.000000
1106.000000
20.000000
1019.000000
155.000000
508.000000
165.000000
134.000000
403.000000
365.000000
2395.000000
173.000000
150.000000
880.000000
258.000000
8504.000000
779.000000
76.000000
187.000000
161.000000
170.000000
1459.000000
96.000000
512.000000
40.000000
429.000000
140.000000
394.000000
1063.000000
108.000000
203.000000
524.000000
301.000000
760.000000
1988.000000
325.000000
1000.000000
1277.000000
377.000000
1210.000000
510.000000
636.000000
348.000000
1020.000000
590.000000
415.000000
161.000000
86.000000
574.000000
1225.000000
240.000000
416.000000
156.000000
865.000000
187.000000
252.000000
188.000000
356.000000
406.000000
680.000000
1712.000000
322.000000
551.000000
810.000000
73.000000
500.000000
568.000000
246.000000
43.000000
596.000000
662.000000
49.000000
1509.000000
623.000000
1875.000000
1203.000000
402.000000
517.000000
446.000000
139.000000
364.000000
280.000000
129.000000
1150.000000
4122.000000
2521.000000
666.000000
864.000000
1342.000000
299.000000
423.000000
1017.000000
1147.000000
514.000000
114.000000
268.000000
852.000000
723.000000
383.000000
1285.000000
48.000000
445.000000
279.000000
466.000000
166.000000
361.000000
744.000000
922.000000
646.000000
398.000000
773.000000
270.000000
2438.000000
7307.000000
55.000000
172.000000
71.000000
510.000000
365.000000
219.000000
180.000000
234.000000
79.000000
867.000000
903.000000
495.000000
3526.000000
215.000000
153.000000
803.000000
183.000000
117.000000
319.000000
178.000000
483.000000
488.000000
665.000000
1225.000000
232.000000
387.000000
