624.000000
102.000000
2183.000000
379.000000
376.000000
169.000000
1216.000000
2049.000000
448.000000
533.000000
968.000000
426.000000
839.000000
882.000000
349.000000
930.000000
134.000000
132.000000
141.000000
414.000000
1006.000000
371.000000
520.000000
205.000000
2497.000000
263.000000
210.000000
329.000000
306.000000
137.000000
5484.000000
2969.000000
1845.000000
578.000000
529.000000
341.000000
78.000000
773.000000
264.000000
194.000000
625.000000
480.000000
241.000000
102.000000
137.000000
359.000000
300.000000
73.000000
559.000000
164.000000
181.000000
1006.000000
813.000000
4153.000000
1278.000000
405.000000
444.000000
420.000000
145.000000
121.000000
497.000000
427.000000
543.000000
94.000000
737.000000
232.000000
2552.000000
150.000000
1390.000000
298.000000
335.000000
1069.000000
460.000000
121.000000
127.000000
85.000000
431.000000
151.000000
248.000000
531.000000
462.000000
255.000000
982.000000
1538.000000
372.000000
641.000000
246.000000
2009.000000
172.000000
51.000000
310.000000
228.000000
221.000000
243.000000
909.000000
1104.000000
558.000000
1898.000000
854.000000
307.000000
89.000000
338.000000
2834.000000
664.000000
64.000000
1400.000000
634.000000
459.000000
65.000000
723.000000
1009.000000
751.000000
506.000000
3037.000000
483.000000
402.000000
334.000000
240.000000
84.000000
130.000000
342.000000
749.000000
338.000000
263.000000
554.000000
397.000000
1598.000000
130.000000
816.000000
2591.000000
290.000000
466.000000
332.000000
464.000000
177.000000
551.000000
939.000000
417.000000
1955.000000
392.000000
965.000000
808.000000
763.000000
165.000000
743.000000
272.000000
112.000000
498.000000
17.000000
115.000000
210.000000
1242.000000
796.000000
355.000000
36.000000
304.000000
250.000000
707.000000
914.000000
587.000000
900.000000
1161.000000
281.000000
411.000000
375.000000
696.000000
432.000000
105.000000
1148.000000
395.000000
221.000000
152.000000
29.000000
353.000000
243.000000
2166.000000
788.000000
525.000000
2800.000000
1044.000000
684.000000
1421.000000
61.000000
424.000000
95.000000
365.000000
406.000000
422.000000
117.000000
396.000000
146.000000
1222.000000
209.000000
445.000000
272.000000
650.000000
198.000000
897.000000
137.000000
193.000000
769.000000
229.000000
351.000000
419.000000
51.000000
186.000000
181.000000
350.000000
102.000000
38.000000
211.000000
360.000000
998.000000
219.000000
106.000000
902.000000
365.000000
894.000000
2523.000000
2165.000000
718.000000
226.000000
1229.000000
174.000000
2321.000000
450.000000
441.000000
63.000000
412.000000
450.000000
930.000000
964.000000
329.000000
165.000000
992.000000
230.000000
1037.000000
1069.000000
3387.000000
442.000000
244.000000
168.000000
4090.000000
271.000000
914.000000
460.000000
112.000000
3865.000000
137.000000
1265.000000
353.000000
3378.000000
413.000000
818.000000
867.000000
523.000000
268.000000
198.000000
319.000000
187.000000
355.000000
6815.000000
108.000000
1023.000000
614.000000
570.000000
6210.000000
417.000000
446.000000
1201.000000
273.000000
1867.000000
742.000000
180.000000
285.000000
2391.000000
361.000000
328.000000
299.000000
373.000000
777.000000
252.000000
951.000000
887.000000
284.000000
175.000000
159.000000
211.000000
1119.000000
95.000000
1701.000000
1275.000000
2300.000000
480.000000
152.000000
369.000000
644.000000
68.000000
314.000000
5697.000000
149.000000
333.000000
1770.000000
509.000000
3045.000000
1344.000000
3805.000000
1126.000000
1179.000000
3185.000000
152.000000
172.000000
145.000000
1026.000000
945.000000
80.000000
326.000000
334.000000
417.000000
550.000000
387.000000
441.000000
661.000000
198.000000
270.000000
845.000000
1289.000000
1208.000000
264.000000
1139.000000
910.000000
1856.000000
254.000000
408.000000
421.000000
1399.000000
364.000000
838.000000
704.000000
275.000000
148.000000
88.000000
464.000000
217.000000
2280.000000
310.000000
1688.000000
235.000000
221.000000
720.000000
892.000000
122.000000
407.000000
80.000000
177.000000
378.000000
100.000000
246.000000
498.000000
741.000000
276.000000
957.000000
563.000000
1442.000000
483.000000
766.000000
121.000000
285.000000
591.000000
398.000000
971.000000
143.000000
220.000000
998.000000
700.000000
503.000000
146.000000
963.000000
563.000000
270.000000
822.000000
519.000000
116.000000
520.000000
455.000000
461.000000
134.000000
1869.000000
382.000000
911.000000
1114.000000
248.000000
515.000000
521.000000
76.000000
213.000000
435.000000
606.000000
93.000000
157.000000
53.000000
205.000000
2303.000000
414.000000
302.000000
191.000000
1049.000000
1085.000000
411.000000
111.000000
924.000000
482.000000
1335.000000
532.000000
379.000000
206.000000
827.000000
1875.000000
501.000000
250.000000
343.000000
585.000000
508.000000
1054.000000
605.000000
194.000000
535.000000
476.000000
481.000000
672.000000
1188.000000
2413.000000
1128.000000
693.000000
152.000000
7937.000000
1874.000000
748.000000
1393.000000
291.000000
860.000000
1285.000000
4648.000000
1040.000000
231.000000
263.000000
92.000000
120.000000
927.000000
293.000000
422.000000
177.000000
2252.000000
867.000000
1126.000000
756.000000
163.000000
122.000000
190.000000
292.000000
306.000000
470.000000
521.000000
253.000000
299.000000
81.000000
79.000000
903.000000
426.000000
2434.000000
78.000000
1505.000000
193.000000
1380.000000
1146.000000
169.000000
79.000000
183.000000
284.000000
1678.000000
443.000000
137.000000
293.000000
656.000000
641.000000
102.000000
87.000000
1010.000000
383.000000
895.000000
1418.000000
164.000000
316.000000
442.000000
670.000000
127.000000
89.000000
81.000000
930.000000
1265.000000
103.000000
1002.000000
55.000000
222.000000
578.000000
686.000000
88.000000
59.000000
83.000000
541.000000
67.000000
134.000000
4686.000000
558.000000
338.000000
390.000000
152.000000
116.000000
88.000000
136.000000
157.000000
588.000000
197.000000
153.000000
1971.000000
283.000000
371.000000
743.000000
451.000000
1352.000000
2882.000000
348.000000
2107.000000
2300.000000
248.000000
97.000000
602.000000
86.000000
1464.000000
49.000000
1188.000000
1133.000000
85.000000
148.000000
2450.000000
389.000000
575.000000
471.000000
2957.000000
159.000000
75.000000
97.000000
1367.000000
512.000000
4104.000000
342.000000
55.000000
463.000000
308.000000
315.000000
220.000000
174.000000
1211.000000
573.000000
3136.000000
65.000000
815.000000
157.000000
639.000000
572.000000
1227.000000
255.000000
45.000000
379.000000
166.000000
227.000000
1039.000000
296.000000
123.000000
1380.000000
163.000000
155.000000
536.000000
1135.000000
286.000000
1334.000000
914.000000
220.000000
1661.000000
1120.000000
536.000000
105.000000
311.000000
1877.000000
605.000000
1307.000000
673.000000
506.000000
235.000000
82.000000
112.000000
204.000000
90.000000
465.000000
53.000000
366.000000
1559.000000
256.000000
697.000000
218.000000
697.000000
103.000000
197.000000
1457.000000
282.000000
146.000000
731.000000
1736.000000
161.000000
676.000000
882.000000
1215.000000
975.000000
1159.000000
243.000000
350.000000
366.000000
184.000000
2717.000000
465.000000
742.000000
1120.000000
411.000000
230.000000
243.000000
589.000000
942.000000
354.000000
817.000000
257.000000
289.000000
652.000000
125.000000
149.000000
193.000000
937.000000
104.000000
222.000000
377.000000
697.000000
1001.000000
624.000000
348.000000
391.000000
84.000000
698.000000
285.000000
950.000000
1078.000000
221.000000
182.000000
571.000000
711.000000
294.000000
547.000000
129.000000
321.000000
296.000000
181.000000
441.000000
196.000000
144.000000
323.000000
340.000000
1320.000000
418.000000
340.000000
460.000000
1279.000000
489.000000
862.000000
5847.000000
382.000000
133.000000
309.000000
380.000000
833.000000
66.000000
271.000000
1242.000000
506.000000
243.000000
678.000000
126.000000
535.000000
215.000000
993.000000
412.000000
30.000000
1300.000000
4437.000000
1799.000000
360.000000
825.000000
112.000000
130.000000
2347.000000
672.000000
451.000000
123.000000
328.000000
192.000000
458.000000
506.000000
1586.000000
2429.000000
1690.000000
1673.000000
1777.000000
453.000000
209.000000
724.000000
176.000000
926.000000
65.000000
524.000000
954.000000
820.000000
1712.000000
79.000000
702.000000
382.000000
364.000000
28.000000
275.000000
185.000000
244.000000
1028.000000
1289.000000
451.000000
1526.000000
705.000000
107.000000
277.000000
1433.000000
201.000000
309.000000
260.000000
814.000000
481.000000
2365.000000
1118.000000
153.000000
114.000000
687.000000
36.000000
154.000000
78.000000
90.000000
970.000000
6577.000000
709.000000
390.000000
353.000000
41.000000
254.000000
329.000000
82.000000
608.000000
2221.000000
13.000000
265.000000
212.000000
476.000000
89.000000
481.000000
464.000000
237.000000
220.000000
242.000000
83.000000
55.000000
39.000000
121.000000
972.000000
329.000000
178.000000
387.000000
100.000000
309.000000
108.000000
673.000000
594.000000
1074.000000
493.000000
880.000000
265.000000
63.000000
153.000000
868.000000
260.000000
1937.000000
7229.000000
78.000000
395.000000
2100.000000
62.000000
3109.000000
2886.000000
417.000000
2182.000000
812.000000
409.000000
461.000000
394.000000
215.000000
596.000000
330.000000
1090.000000
653.000000
623.000000
704.000000
349.000000
325.000000
188.000000
740.000000
122.000000
170.000000
456.000000
95.000000
2626.000000
188.000000
681.000000
156.000000
957.000000
235.000000
1222.000000
743.000000
491.000000
281.000000
62.000000
319.000000
732.000000
558.000000
506.000000
732.000000
644.000000
474.000000
563.000000
226.000000
115.000000
240.000000
463.000000
309.000000
603.000000
840.000000
1886.000000
1190.000000
142.000000
344.000000
245.000000
64.000000
2316.000000
317.000000
284.000000
2448.000000
118.000000
230.000000
620.000000
408.000000
623.000000
206.000000
93.000000
225.000000
230.000000
68.000000
242.000000
1896.000000
334.000000
134.000000
425.000000
661.000000
351.000000
555.000000
57.000000
3382.000000
208.000000
426.000000
304.000000
82.000000
220.000000
1685.000000
222.000000
269.000000
427.000000
270.000000
1076.000000
636.000000
102.000000
1435.000000
869.000000
2391.000000
449.000000
780.000000
86.000000
1328.000000
283.000000
564.000000
976.000000
1295.000000
222.000000
1220.000000
510.000000
317.000000
296.000000
427.000000
2424.000000
2019.000000
99.000000
347.000000
161.000000
182.000000
460.000000
789.000000
1244.000000
349.000000
209.000000
2900.000000
250.000000
463.000000
25.000000
164.000000
953.000000
381.000000
281.000000
7685.000000
202.000000
208.000000
145.000000
204.000000
253.000000
335.000000
1046.000000
452.000000
1205.000000
282.000000
284.000000
1282.000000
141.000000
464.000000
5962.000000
1589.000000
437.000000
124.000000
596.000000
381.000000
807.000000
1735.000000
314.000000
1127.000000
820.000000
722.000000
173.000000
53.000000
45.000000
535.000000
687.000000
57.000000
76.000000
318.000000
156.000000
402.000000
258.000000
168.000000
79.000000
215.000000
945.000000
725.000000
370.000000
199.000000
110.000000
1464.000000
412.000000
92.000000
312.000000
316.000000
739.000000
423.000000
649.000000
118.000000
725.000000
205.000000
469.000000
897.000000
396.000000
52.000000
38.000000
166.000000
449.000000
1053.000000
