1178.000000
217.000000
1113.000000
62.000000
56.000000
602.000000
697.000000
1444.000000
257.000000
131.000000
200.000000
140.000000
90.000000
202.000000
182.000000
565.000000
1593.000000
1017.000000
47.000000
595.000000
414.000000
373.000000
716.000000
64.000000
144.000000
789.000000
1371.000000
136.000000
156.000000
99.000000
1088.000000
254.000000
75.000000
476.000000
181.000000
55.000000
598.000000
1191.000000
568.000000
565.000000
658.000000
491.000000
1661.000000
367.000000
312.000000
737.000000
296.000000
403.000000
3433.000000
76.000000
56.000000
251.000000
316.000000
520.000000
296.000000
330.000000
481.000000
246.000000
1126.000000
496.000000
60.000000
96.000000
237.000000
134.000000
250.000000
728.000000
585.000000
64.000000
705.000000
198.000000
881.000000
898.000000
363.000000
669.000000
171.000000
359.000000
118.000000
296.000000
1187.000000
809.000000
1584.000000
191.000000
510.000000
285.000000
672.000000
845.000000
766.000000
86.000000
1191.000000
2439.000000
491.000000
163.000000
129.000000
238.000000
133.000000
217.000000
462.000000
410.000000
80.000000
415.000000
71.000000
196.000000
462.000000
673.000000
38.000000
453.000000
2676.000000
523.000000
283.000000
581.000000
479.000000
845.000000
265.000000
677.000000
786.000000
267.000000
265.000000
184.000000
321.000000
721.000000
363.000000
1154.000000
2541.000000
1119.000000
468.000000
947.000000
917.000000
814.000000
244.000000
556.000000
91.000000
291.000000
415.000000
61.000000
1132.000000
2261.000000
752.000000
174.000000
602.000000
161.000000
610.000000
364.000000
262.000000
233.000000
192.000000
3954.000000
962.000000
179.000000
286.000000
753.000000
288.000000
244.000000
384.000000
138.000000
291.000000
636.000000
131.000000
1274.000000
204.000000
719.000000
419.000000
221.000000
289.000000
228.000000
89.000000
318.000000
698.000000
230.000000
648.000000
843.000000
216.000000
1135.000000
404.000000
1362.000000
56.000000
429.000000
488.000000
111.000000
423.000000
4021.000000
434.000000
553.000000
565.000000
746.000000
1578.000000
115.000000
142.000000
1534.000000
64.000000
2527.000000
197.000000
412.000000
285.000000
429.000000
221.000000
2406.000000
694.000000
1258.000000
152.000000
546.000000
276.000000
647.000000
621.000000
40.000000
152.000000
173.000000
552.000000
541.000000
1293.000000
675.000000
323.000000
136.000000
458.000000
657.000000
288.000000
515.000000
577.000000
471.000000
235.000000
785.000000
924.000000
464.000000
226.000000
521.000000
158.000000
322.000000
615.000000
281.000000
238.000000
2021.000000
1363.000000
1472.000000
1074.000000
445.000000
304.000000
294.000000
254.000000
1066.000000
375.000000
299.000000
2015.000000
1143.000000
769.000000
120.000000
291.000000
2119.000000
1364.000000
162.000000
882.000000
193.000000
2079.000000
1000.000000
21.000000
504.000000
120.000000
893.000000
411.000000
367.000000
90.000000
558.000000
60.000000
108.000000
529.000000
1311.000000
204.000000
502.000000
1108.000000
253.000000
237.000000
201.000000
510.000000
203.000000
948.000000
422.000000
46.000000
432.000000
236.000000
856.000000
2732.000000
2340.000000
800.000000
385.000000
124.000000
1254.000000
63.000000
200.000000
830.000000
294.000000
1099.000000
432.000000
435.000000
1159.000000
901.000000
328.000000
943.000000
65.000000
244.000000
286.000000
202.000000
125.000000
1802.000000
1147.000000
546.000000
84.000000
243.000000
186.000000
3096.000000
270.000000
173.000000
312.000000
171.000000
194.000000
535.000000
500.000000
273.000000
523.000000
198.000000
1231.000000
759.000000
204.000000
176.000000
300.000000
296.000000
196.000000
912.000000
656.000000
1032.000000
1753.000000
2459.000000
697.000000
841.000000
1230.000000
160.000000
349.000000
1374.000000
452.000000
108.000000
133.000000
491.000000
392.000000
1299.000000
721.000000
63.000000
210.000000
358.000000
2134.000000
226.000000
1771.000000
1345.000000
4696.000000
155.000000
92.000000
237.000000
1367.000000
483.000000
419.000000
193.000000
952.000000
489.000000
2445.000000
198.000000
877.000000
1896.000000
261.000000
924.000000
209.000000
440.000000
189.000000
140.000000
291.000000
1411.000000
989.000000
898.000000
256.000000
768.000000
193.000000
683.000000
1080.000000
83.000000
803.000000
548.000000
379.000000
897.000000
364.000000
1074.000000
2340.000000
1145.000000
1189.000000
322.000000
757.000000
741.000000
708.000000
294.000000
107.000000
267.000000
352.000000
274.000000
1158.000000
940.000000
599.000000
389.000000
228.000000
267.000000
137.000000
198.000000
584.000000
390.000000
1764.000000
324.000000
1265.000000
480.000000
2164.000000
719.000000
610.000000
533.000000
1703.000000
68.000000
561.000000
197.000000
1801.000000
259.000000
3308.000000
219.000000
86.000000
111.000000
818.000000
116.000000
213.000000
412.000000
133.000000
221.000000
441.000000
94.000000
323.000000
133.000000
421.000000
914.000000
1469.000000
597.000000
1449.000000
168.000000
1278.000000
105.000000
1951.000000
128.000000
206.000000
489.000000
676.000000
1084.000000
521.000000
1213.000000
1428.000000
68.000000
1499.000000
404.000000
1500.000000
4759.000000
1332.000000
1876.000000
1470.000000
567.000000
503.000000
425.000000
44.000000
339.000000
84.000000
187.000000
513.000000
620.000000
769.000000
594.000000
292.000000
891.000000
142.000000
448.000000
255.000000
760.000000
327.000000
410.000000
87.000000
165.000000
689.000000
934.000000
368.000000
1029.000000
140.000000
133.000000
294.000000
255.000000
105.000000
738.000000
170.000000
284.000000
268.000000
613.000000
290.000000
2834.000000
497.000000
89.000000
277.000000
119.000000
85.000000
1168.000000
382.000000
834.000000
1194.000000
872.000000
314.000000
372.000000
526.000000
174.000000
879.000000
160.000000
176.000000
643.000000
391.000000
548.000000
941.000000
4057.000000
581.000000
486.000000
357.000000
499.000000
317.000000
704.000000
212.000000
253.000000
937.000000
400.000000
337.000000
501.000000
466.000000
465.000000
472.000000
249.000000
178.000000
215.000000
755.000000
230.000000
3487.000000
65.000000
1449.000000
276.000000
1642.000000
334.000000
212.000000
392.000000
528.000000
331.000000
2433.000000
638.000000
744.000000
174.000000
400.000000
428.000000
532.000000
166.000000
57.000000
639.000000
952.000000
8296.000000
400.000000
712.000000
416.000000
558.000000
292.000000
415.000000
678.000000
718.000000
37.000000
70.000000
361.000000
897.000000
892.000000
167.000000
715.000000
2388.000000
259.000000
832.000000
118.000000
165.000000
791.000000
289.000000
648.000000
302.000000
333.000000
281.000000
599.000000
973.000000
400.000000
1727.000000
1642.000000
3650.000000
194.000000
1462.000000
151.000000
193.000000
1148.000000
1326.000000
410.000000
381.000000
496.000000
110.000000
519.000000
423.000000
607.000000
932.000000
174.000000
181.000000
717.000000
1384.000000
93.000000
508.000000
141.000000
2769.000000
1826.000000
127.000000
322.000000
139.000000
908.000000
826.000000
499.000000
245.000000
1793.000000
189.000000
4699.000000
632.000000
994.000000
596.000000
248.000000
759.000000
870.000000
38.000000
177.000000
342.000000
39.000000
376.000000
332.000000
184.000000
864.000000
1442.000000
4727.000000
218.000000
1667.000000
103.000000
506.000000
551.000000
143.000000
236.000000
939.000000
166.000000
454.000000
1739.000000
319.000000
803.000000
46.000000
4220.000000
328.000000
153.000000
1642.000000
420.000000
517.000000
219.000000
755.000000
697.000000
240.000000
751.000000
279.000000
144.000000
158.000000
162.000000
721.000000
461.000000
202.000000
979.000000
6569.000000
416.000000
2999.000000
540.000000
180.000000
187.000000
42.000000
1900.000000
195.000000
166.000000
174.000000
886.000000
3056.000000
135.000000
767.000000
523.000000
205.000000
1050.000000
131.000000
461.000000
206.000000
429.000000
669.000000
93.000000
111.000000
88.000000
2689.000000
939.000000
803.000000
326.000000
1356.000000
233.000000
261.000000
342.000000
160.000000
1667.000000
56.000000
801.000000
928.000000
1440.000000
312.000000
1288.000000
391.000000
357.000000
740.000000
813.000000
578.000000
451.000000
326.000000
289.000000
682.000000
429.000000
132.000000
515.000000
394.000000
325.000000
515.000000
209.000000
228.000000
147.000000
412.000000
735.000000
377.000000
6576.000000
485.000000
765.000000
265.000000
120.000000
642.000000
1071.000000
416.000000
1377.000000
118.000000
998.000000
581.000000
1783.000000
486.000000
874.000000
622.000000
553.000000
359.000000
43.000000
133.000000
2750.000000
251.000000
112.000000
135.000000
178.000000
217.000000
452.000000
1267.000000
399.000000
178.000000
1210.000000
155.000000
89.000000
316.000000
700.000000
60.000000
547.000000
116.000000
186.000000
1849.000000
153.000000
84.000000
980.000000
117.000000
1569.000000
538.000000
156.000000
410.000000
1258.000000
184.000000
156.000000
467.000000
712.000000
195.000000
2109.000000
266.000000
171.000000
658.000000
224.000000
7443.000000
321.000000
326.000000
1042.000000
237.000000
492.000000
2267.000000
1084.000000
634.000000
748.000000
378.000000
276.000000
146.000000
175.000000
419.000000
101.000000
2466.000000
1229.000000
201.000000
239.000000
2111.000000
244.000000
847.000000
95.000000
375.000000
238.000000
290.000000
264.000000
78.000000
565.000000
72.000000
1333.000000
367.000000
333.000000
519.000000
232.000000
823.000000
423.000000
125.000000
110.000000
743.000000
318.000000
83.000000
999.000000
175.000000
470.000000
2897.000000
234.000000
73.000000
168.000000
130.000000
22.000000
565.000000
233.000000
240.000000
228.000000
1613.000000
671.000000
640.000000
174.000000
731.000000
314.000000
338.000000
86.000000
375.000000
840.000000
897.000000
408.000000
495.000000
1788.000000
141.000000
1439.000000
834.000000
198.000000
277.000000
2645.000000
38.000000
1973.000000
996.000000
234.000000
408.000000
297.000000
872.000000
491.000000
421.000000
234.000000
429.000000
1047.000000
141.000000
249.000000
855.000000
311.000000
2482.000000
998.000000
627.000000
1315.000000
424.000000
368.000000
927.000000
1098.000000
73.000000
105.000000
435.000000
142.000000
1510.000000
798.000000
1748.000000
113.000000
299.000000
95.000000
110.000000
842.000000
116.000000
294.000000
347.000000
2717.000000
164.000000
226.000000
1059.000000
444.000000
553.000000
355.000000
1114.000000
386.000000
862.000000
674.000000
223.000000
294.000000
437.000000
627.000000
229.000000
1110.000000
102.000000
869.000000
114.000000
206.000000
185.000000
760.000000
1610.000000
314.000000
148.000000
903.000000
1447.000000
77.000000
349.000000
192.000000
191.000000
1500.000000
627.000000
1369.000000
103.000000
1543.000000
2125.000000
75.000000
1221.000000
666.000000
74.000000
258.000000
382.000000
2601.000000
2210.000000
103.000000
1002.000000
92.000000
1245.000000
247.000000
6408.000000
272.000000
979.000000
1900.000000
400.000000
30.000000
495.000000
707.000000
198.000000
366.000000
709.000000
162.000000
759.000000
667.000000
1181.000000
112.000000
220.000000
386.000000
137.000000
37.000000
511.000000
1056.000000
581.000000
202.000000
4899.000000
480.000000
842.000000
1049.000000
303.000000
1368.000000
226.000000
154.000000
1940.000000
727.000000
856.000000
651.000000
721.000000
