339.000000
1036.000000
1366.000000
42.000000
517.000000
169.000000
373.000000
184.000000
119.000000
335.000000
556.000000
314.000000
164.000000
1113.000000
454.000000
300.000000
80.000000
400.000000
704.000000
114.000000
1806.000000
804.000000
451.000000
335.000000
202.000000
1618.000000
153.000000
1249.000000
776.000000
2313.000000
124.000000
380.000000
329.000000
1868.000000
1427.000000
4568.000000
42.000000
159.000000
581.000000
755.000000
1986.000000
297.000000
499.000000
3139.000000
174.000000
47.000000
719.000000
1697.000000
251.000000
624.000000
6379.000000
686.000000
102.000000
4013.000000
251.000000
329.000000
106.000000
223.000000
260.000000
703.000000
521.000000
91.000000
149.000000
96.000000
962.000000
2137.000000
1936.000000
325.000000
280.000000
607.000000
961.000000
381.000000
1515.000000
373.000000
1289.000000
721.000000
102.000000
525.000000
239.000000
882.000000
553.000000
29.000000
569.000000
1548.000000
1066.000000
826.000000
126.000000
1102.000000
105.000000
2137.000000
2109.000000
1644.000000
290.000000
465.000000
208.000000
170.000000
813.000000
301.000000
465.000000
308.000000
73.000000
1938.000000
597.000000
137.000000
632.000000
423.000000
352.000000
589.000000
332.000000
877.000000
853.000000
2454.000000
586.000000
219.000000
267.000000
570.000000
263.000000
668.000000
231.000000
725.000000
519.000000
687.000000
84.000000
2334.000000
897.000000
270.000000
638.000000
544.000000
137.000000
673.000000
351.000000
854.000000
220.000000
324.000000
655.000000
46.000000
776.000000
1390.000000
217.000000
87.000000
520.000000
75.000000
1862.000000
1592.000000
641.000000
43.000000
83.000000
612.000000
173.000000
835.000000
870.000000
1183.000000
642.000000
242.000000
286.000000
395.000000
122.000000
822.000000
798.000000
382.000000
305.000000
436.000000
191.000000
323.000000
257.000000
2310.000000
498.000000
823.000000
288.000000
479.000000
675.000000
453.000000
145.000000
352.000000
53.000000
251.000000
137.000000
1215.000000
401.000000
5102.000000
606.000000
1024.000000
1212.000000
180.000000
272.000000
652.000000
93.000000
820.000000
4869.000000
72.000000
195.000000
1305.000000
1612.000000
115.000000
708.000000
192.000000
273.000000
302.000000
609.000000
163.000000
898.000000
223.000000
1919.000000
603.000000
441.000000
1478.000000
434.000000
5293.000000
1433.000000
87.000000
301.000000
200.000000
149.000000
274.000000
165.000000
839.000000
183.000000
942.000000
325.000000
434.000000
137.000000
350.000000
267.000000
261.000000
1007.000000
1196.000000
1853.000000
3824.000000
302.000000
870.000000
282.000000
382.000000
156.000000
448.000000
702.000000
39.000000
203.000000
707.000000
40.000000
2129.000000
160.000000
254.000000
771.000000
195.000000
2925.000000
385.000000
98.000000
257.000000
1204.000000
410.000000
226.000000
734.000000
484.000000
172.000000
652.000000
1311.000000
2184.000000
589.000000
389.000000
76.000000
1698.000000
752.000000
574.000000
108.000000
573.000000
219.000000
1552.000000
321.000000
799.000000
850.000000
529.000000
333.000000
654.000000
2089.000000
702.000000
1935.000000
124.000000
854.000000
377.000000
106.000000
616.000000
893.000000
963.000000
335.000000
161.000000
358.000000
417.000000
121.000000
443.000000
340.000000
373.000000
68.000000
3208.000000
269.000000
419.000000
330.000000
677.000000
129.000000
729.000000
92.000000
218.000000
720.000000
568.000000
756.000000
427.000000
226.000000
798.000000
159.000000
644.000000
337.000000
87.000000
2152.000000
506.000000
574.000000
511.000000
2179.000000
934.000000
381.000000
761.000000
1123.000000
188.000000
1062.000000
194.000000
404.000000
275.000000
514.000000
168.000000
219.000000
1198.000000
499.000000
646.000000
931.000000
374.000000
355.000000
274.000000
1751.000000
387.000000
41.000000
717.000000
208.000000
144.000000
651.000000
252.000000
187.000000
657.000000
217.000000
2040.000000
246.000000
824.000000
167.000000
119.000000
787.000000
324.000000
39.000000
165.000000
183.000000
553.000000
184.000000
1090.000000
1146.000000
1431.000000
530.000000
269.000000
454.000000
186.000000
192.000000
1667.000000
2737.000000
235.000000
602.000000
1040.000000
788.000000
146.000000
893.000000
232.000000
2937.000000
403.000000
792.000000
60.000000
2330.000000
324.000000
128.000000
937.000000
1479.000000
407.000000
3343.000000
592.000000
255.000000
246.000000
1504.000000
876.000000
951.000000
400.000000
1131.000000
321.000000
536.000000
470.000000
3545.000000
1810.000000
508.000000
78.000000
2526.000000
621.000000
163.000000
348.000000
289.000000
368.000000
274.000000
449.000000
181.000000
176.000000
129.000000
217.000000
1769.000000
635.000000
1749.000000
201.000000
255.000000
25.000000
16.000000
43.000000
477.000000
2278.000000
287.000000
528.000000
2020.000000
603.000000
190.000000
470.000000
603.000000
233.000000
201.000000
71.000000
989.000000
1187.000000
572.000000
632.000000
471.000000
661.000000
385.000000
336.000000
180.000000
295.000000
238.000000
589.000000
649.000000
129.000000
233.000000
700.000000
459.000000
339.000000
71.000000
278.000000
500.000000
489.000000
237.000000
305.000000
696.000000
196.000000
910.000000
53.000000
565.000000
703.000000
1713.000000
197.000000
65.000000
99.000000
3456.000000
532.000000
271.000000
67.000000
531.000000
1380.000000
344.000000
44.000000
3091.000000
118.000000
70.000000
88.000000
953.000000
388.000000
688.000000
657.000000
384.000000
1811.000000
236.000000
4333.000000
712.000000
510.000000
772.000000
56.000000
601.000000
269.000000
629.000000
123.000000
236.000000
243.000000
344.000000
62.000000
56.000000
722.000000
1096.000000
206.000000
357.000000
1451.000000
907.000000
517.000000
1033.000000
240.000000
55.000000
873.000000
206.000000
1129.000000
84.000000
616.000000
452.000000
992.000000
77.000000
201.000000
990.000000
485.000000
2118.000000
73.000000
2545.000000
346.000000
222.000000
1418.000000
463.000000
384.000000
348.000000
137.000000
1251.000000
1246.000000
219.000000
570.000000
156.000000
149.000000
348.000000
780.000000
532.000000
103.000000
811.000000
459.000000
141.000000
1568.000000
184.000000
1467.000000
922.000000
1812.000000
11229.000000
564.000000
1271.000000
1608.000000
209.000000
588.000000
886.000000
823.000000
238.000000
1262.000000
624.000000
1212.000000
484.000000
697.000000
625.000000
247.000000
607.000000
157.000000
1214.000000
1553.000000
288.000000
906.000000
578.000000
211.000000
193.000000
437.000000
1951.000000
520.000000
2548.000000
479.000000
1109.000000
436.000000
945.000000
463.000000
1362.000000
324.000000
396.000000
164.000000
298.000000
69.000000
336.000000
134.000000
299.000000
362.000000
190.000000
238.000000
937.000000
516.000000
115.000000
109.000000
271.000000
1385.000000
896.000000
185.000000
112.000000
170.000000
342.000000
224.000000
168.000000
225.000000
90.000000
634.000000
1715.000000
525.000000
421.000000
1350.000000
294.000000
269.000000
177.000000
501.000000
415.000000
1034.000000
1599.000000
548.000000
268.000000
351.000000
175.000000
151.000000
188.000000
776.000000
2179.000000
164.000000
689.000000
321.000000
558.000000
358.000000
371.000000
199.000000
373.000000
289.000000
600.000000
63.000000
110.000000
1911.000000
380.000000
162.000000
201.000000
166.000000
905.000000
1750.000000
151.000000
231.000000
637.000000
85.000000
383.000000
373.000000
684.000000
126.000000
467.000000
556.000000
323.000000
3341.000000
55.000000
136.000000
2123.000000
178.000000
676.000000
77.000000
257.000000
527.000000
293.000000
485.000000
1502.000000
98.000000
2092.000000
700.000000
509.000000
135.000000
432.000000
1458.000000
164.000000
595.000000
703.000000
1397.000000
241.000000
101.000000
248.000000
858.000000
3092.000000
1122.000000
627.000000
498.000000
486.000000
131.000000
1117.000000
908.000000
851.000000
229.000000
1755.000000
156.000000
145.000000
187.000000
444.000000
1146.000000
1294.000000
243.000000
43.000000
1389.000000
820.000000
35.000000
190.000000
48.000000
360.000000
433.000000
213.000000
1895.000000
510.000000
2639.000000
145.000000
545.000000
324.000000
187.000000
697.000000
1293.000000
740.000000
279.000000
334.000000
258.000000
308.000000
698.000000
195.000000
403.000000
2618.000000
115.000000
388.000000
917.000000
521.000000
1109.000000
590.000000
1792.000000
331.000000
1419.000000
233.000000
305.000000
471.000000
256.000000
73.000000
354.000000
2080.000000
208.000000
868.000000
164.000000
627.000000
183.000000
166.000000
453.000000
994.000000
698.000000
341.000000
526.000000
237.000000
352.000000
1074.000000
289.000000
388.000000
474.000000
202.000000
54.000000
43.000000
972.000000
981.000000
281.000000
328.000000
5747.000000
594.000000
93.000000
1305.000000
92.000000
451.000000
314.000000
193.000000
602.000000
422.000000
329.000000
170.000000
518.000000
2065.000000
132.000000
551.000000
502.000000
116.000000
125.000000
437.000000
3747.000000
3265.000000
590.000000
356.000000
1370.000000
61.000000
698.000000
501.000000
589.000000
634.000000
590.000000
609.000000
483.000000
235.000000
73.000000
804.000000
1266.000000
131.000000
372.000000
3273.000000
405.000000
148.000000
520.000000
37.000000
125.000000
190.000000
213.000000
261.000000
1148.000000
1305.000000
1066.000000
1511.000000
984.000000
291.000000
99.000000
382.000000
186.000000
460.000000
122.000000
859.000000
416.000000
101.000000
647.000000
311.000000
918.000000
3331.000000
137.000000
784.000000
3620.000000
84.000000
244.000000
217.000000
103.000000
402.000000
223.000000
4837.000000
459.000000
52.000000
50.000000
81.000000
292.000000
255.000000
1061.000000
311.000000
324.000000
373.000000
404.000000
185.000000
356.000000
113.000000
490.000000
601.000000
779.000000
129.000000
683.000000
353.000000
1496.000000
1077.000000
256.000000
328.000000
196.000000
1347.000000
632.000000
1214.000000
709.000000
86.000000
367.000000
417.000000
1057.000000
568.000000
3440.000000
480.000000
160.000000
264.000000
631.000000
929.000000
514.000000
103.000000
1881.000000
1605.000000
687.000000
1893.000000
2115.000000
243.000000
974.000000
125.000000
313.000000
321.000000
2374.000000
1508.000000
36.000000
379.000000
1549.000000
2528.000000
1355.000000
40.000000
369.000000
54.000000
716.000000
1082.000000
2757.000000
1072.000000
539.000000
231.000000
331.000000
227.000000
372.000000
1202.000000
248.000000
1221.000000
155.000000
116.000000
288.000000
203.000000
1154.000000
205.000000
403.000000
334.000000
280.000000
295.000000
5782.000000
889.000000
1083.000000
126.000000
372.000000
780.000000
874.000000
1229.000000
801.000000
457.000000
1899.000000
155.000000
1996.000000
268.000000
1331.000000
1323.000000
193.000000
1909.000000
426.000000
849.000000
293.000000
230.000000
185.000000
355.000000
931.000000
482.000000
440.000000
1068.000000
102.000000
858.000000
582.000000
165.000000
151.000000
545.000000
1254.000000
203.000000
139.000000
1083.000000
402.000000
113.000000
1454.000000
304.000000
469.000000
476.000000
254.000000
623.000000
3922.000000
1432.000000
1567.000000
123.000000
241.000000
213.000000
82.000000
424.000000
200.000000
332.000000
374.000000
1282.000000
395.000000
73.000000
1549.000000
61.000000
100.000000
352.000000
523.000000
1890.000000
131.000000
274.000000
