617.000000
61.000000
939.000000
436.000000
110.000000
834.000000
486.000000
382.000000
114.000000
544.000000
71.000000
690.000000
792.000000
539.000000
134.000000
762.000000
776.000000
735.000000
705.000000
1696.000000
160.000000
773.000000
195.000000
1192.000000
278.000000
1925.000000
202.000000
610.000000
782.000000
305.000000
191.000000
594.000000
166.000000
749.000000
397.000000
390.000000
1603.000000
390.000000
193.000000
170.000000
158.000000
1174.000000
504.000000
113.000000
186.000000
783.000000
432.000000
3381.000000
567.000000
299.000000
365.000000
45.000000
1682.000000
451.000000
114.000000
795.000000
257.000000
2915.000000
674.000000
637.000000
27.000000
169.000000
587.000000
283.000000
487.000000
453.000000
1796.000000
487.000000
1407.000000
99.000000
128.000000
151.000000
800.000000
660.000000
493.000000
572.000000
1541.000000
424.000000
409.000000
562.000000
77.000000
1450.000000
373.000000
176.000000
221.000000
2002.000000
555.000000
542.000000
360.000000
138.000000
641.000000
396.000000
229.000000
169.000000
450.000000
1197.000000
197.000000
60.000000
1050.000000
665.000000
661.000000
104.000000
107.000000
279.000000
192.000000
699.000000
1163.000000
550.000000
2545.000000
189.000000
328.000000
1029.000000
1059.000000
1020.000000
225.000000
430.000000
114.000000
80.000000
428.000000
100.000000
422.000000
196.000000
30.000000
291.000000
174.000000
1257.000000
1008.000000
315.000000
134.000000
661.000000
1295.000000
1097.000000
422.000000
206.000000
851.000000
417.000000
484.000000
1422.000000
341.000000
240.000000
423.000000
242.000000
336.000000
1345.000000
282.000000
91.000000
1258.000000
409.000000
306.000000
504.000000
162.000000
530.000000
1062.000000
82.000000
3958.000000
833.000000
690.000000
449.000000
206.000000
147.000000
113.000000
173.000000
339.000000
406.000000
2247.000000
595.000000
2232.000000
211.000000
728.000000
62.000000
357.000000
935.000000
393.000000
196.000000
539.000000
67.000000
363.000000
61.000000
412.000000
1146.000000
103.000000
244.000000
279.000000
164.000000
589.000000
202.000000
1079.000000
362.000000
1370.000000
223.000000
142.000000
127.000000
207.000000
587.000000
606.000000
188.000000
371.000000
275.000000
236.000000
238.000000
94.000000
478.000000
216.000000
854.000000
659.000000
287.000000
178.000000
1214.000000
37.000000
1779.000000
1351.000000
217.000000
3104.000000
340.000000
1092.000000
14.000000
917.000000
1181.000000
568.000000
623.000000
117.000000
470.000000
264.000000
331.000000
562.000000
242.000000
714.000000
283.000000
1016.000000
309.000000
1156.000000
348.000000
473.000000
325.000000
528.000000
549.000000
5226.000000
66.000000
195.000000
277.000000
247.000000
359.000000
1190.000000
1278.000000
298.000000
448.000000
97.000000
90.000000
126.000000
299.000000
1401.000000
370.000000
1312.000000
91.000000
1229.000000
2070.000000
2943.000000
166.000000
241.000000
34.000000
795.000000
1981.000000
182.000000
919.000000
780.000000
38.000000
987.000000
150.000000
462.000000
524.000000
192.000000
1372.000000
196.000000
410.000000
1499.000000
131.000000
6466.000000
324.000000
229.000000
215.000000
76.000000
1462.000000
712.000000
851.000000
597.000000
640.000000
415.000000
284.000000
395.000000
99.000000
790.000000
265.000000
303.000000
449.000000
1134.000000
268.000000
203.000000
587.000000
111.000000
229.000000
335.000000
315.000000
158.000000
755.000000
37.000000
313.000000
1141.000000
1648.000000
234.000000
188.000000
726.000000
151.000000
480.000000
1704.000000
99.000000
1235.000000
454.000000
315.000000
1226.000000
1416.000000
1493.000000
872.000000
226.000000
127.000000
642.000000
842.000000
1452.000000
307.000000
1373.000000
354.000000
78.000000
672.000000
574.000000
2046.000000
1110.000000
173.000000
4432.000000
885.000000
248.000000
505.000000
542.000000
409.000000
325.000000
347.000000
330.000000
442.000000
90.000000
745.000000
602.000000
171.000000
496.000000
925.000000
244.000000
216.000000
86.000000
1055.000000
263.000000
226.000000
431.000000
460.000000
162.000000
277.000000
693.000000
401.000000
120.000000
620.000000
594.000000
832.000000
359.000000
361.000000
156.000000
100.000000
2357.000000
153.000000
3847.000000
95.000000
645.000000
449.000000
1939.000000
492.000000
158.000000
181.000000
628.000000
608.000000
451.000000
1055.000000
890.000000
133.000000
58.000000
919.000000
430.000000
610.000000
200.000000
997.000000
2127.000000
167.000000
345.000000
280.000000
311.000000
94.000000
944.000000
401.000000
1182.000000
602.000000
470.000000
2952.000000
368.000000
2269.000000
250.000000
115.000000
640.000000
846.000000
175.000000
141.000000
764.000000
572.000000
266.000000
322.000000
282.000000
89.000000
222.000000
401.000000
187.000000
1448.000000
421.000000
398.000000
465.000000
1089.000000
979.000000
82.000000
155.000000
844.000000
24.000000
461.000000
1206.000000
71.000000
500.000000
525.000000
153.000000
172.000000
188.000000
250.000000
101.000000
389.000000
190.000000
297.000000
56.000000
30.000000
142.000000
837.000000
200.000000
1425.000000
257.000000
139.000000
321.000000
1117.000000
374.000000
614.000000
197.000000
356.000000
230.000000
749.000000
380.000000
267.000000
1074.000000
190.000000
935.000000
308.000000
119.000000
174.000000
332.000000
65.000000
58.000000
630.000000
398.000000
2114.000000
1232.000000
112.000000
774.000000
307.000000
125.000000
212.000000
849.000000
441.000000
147.000000
100.000000
527.000000
20.000000
2289.000000
1839.000000
1945.000000
427.000000
966.000000
149.000000
628.000000
1386.000000
254.000000
191.000000
681.000000
541.000000
1514.000000
463.000000
524.000000
60.000000
171.000000
850.000000
1608.000000
410.000000
130.000000
457.000000
575.000000
1996.000000
316.000000
1653.000000
2177.000000
821.000000
356.000000
506.000000
277.000000
195.000000
401.000000
162.000000
1881.000000
1488.000000
471.000000
69.000000
293.000000
411.000000
256.000000
406.000000
974.000000
185.000000
972.000000
1374.000000
583.000000
351.000000
577.000000
1627.000000
317.000000
106.000000
204.000000
458.000000
949.000000
1433.000000
130.000000
255.000000
300.000000
180.000000
29.000000
886.000000
379.000000
696.000000
736.000000
452.000000
902.000000
115.000000
195.000000
426.000000
1080.000000
143.000000
1280.000000
678.000000
717.000000
245.000000
150.000000
98.000000
507.000000
50.000000
771.000000
701.000000
70.000000
341.000000
539.000000
180.000000
270.000000
3478.000000
74.000000
264.000000
411.000000
30.000000
673.000000
179.000000
237.000000
171.000000
379.000000
588.000000
307.000000
99.000000
491.000000
721.000000
1210.000000
84.000000
1243.000000
438.000000
2524.000000
38.000000
758.000000
212.000000
947.000000
5809.000000
197.000000
376.000000
325.000000
182.000000
604.000000
136.000000
966.000000
1492.000000
815.000000
611.000000
207.000000
293.000000
577.000000
1462.000000
176.000000
630.000000
348.000000
63.000000
203.000000
1081.000000
1067.000000
297.000000
4233.000000
495.000000
735.000000
1457.000000
90.000000
743.000000
2331.000000
221.000000
521.000000
227.000000
196.000000
89.000000
392.000000
368.000000
385.000000
362.000000
569.000000
88.000000
2292.000000
510.000000
5026.000000
216.000000
57.000000
102.000000
1035.000000
307.000000
592.000000
312.000000
416.000000
1158.000000
212.000000
336.000000
957.000000
316.000000
590.000000
276.000000
293.000000
133.000000
75.000000
319.000000
516.000000
119.000000
1486.000000
188.000000
1185.000000
437.000000
1280.000000
109.000000
255.000000
560.000000
86.000000
734.000000
475.000000
623.000000
746.000000
301.000000
1232.000000
4084.000000
199.000000
874.000000
435.000000
109.000000
238.000000
1325.000000
401.000000
647.000000
356.000000
415.000000
668.000000
498.000000
727.000000
355.000000
239.000000
40.000000
820.000000
231.000000
148.000000
122.000000
103.000000
87.000000
901.000000
356.000000
164.000000
1136.000000
176.000000
229.000000
666.000000
279.000000
337.000000
1540.000000
797.000000
114.000000
650.000000
1763.000000
508.000000
327.000000
810.000000
1242.000000
141.000000
146.000000
960.000000
1048.000000
201.000000
195.000000
740.000000
828.000000
112.000000
154.000000
378.000000
300.000000
158.000000
351.000000
469.000000
675.000000
1232.000000
605.000000
439.000000
694.000000
139.000000
293.000000
258.000000
1548.000000
408.000000
221.000000
90.000000
263.000000
330.000000
991.000000
315.000000
545.000000
634.000000
76.000000
1525.000000
259.000000
161.000000
510.000000
168.000000
1250.000000
2622.000000
132.000000
233.000000
41.000000
900.000000
211.000000
200.000000
331.000000
326.000000
246.000000
321.000000
149.000000
883.000000
535.000000
2057.000000
700.000000
204.000000
114.000000
254.000000
1406.000000
903.000000
106.000000
746.000000
129.000000
1042.000000
168.000000
194.000000
1248.000000
136.000000
86.000000
545.000000
680.000000
576.000000
560.000000
412.000000
7196.000000
1431.000000
1885.000000
399.000000
382.000000
592.000000
855.000000
542.000000
1063.000000
1053.000000
701.000000
347.000000
221.000000
111.000000
1527.000000
175.000000
104.000000
828.000000
172.000000
4635.000000
525.000000
1208.000000
325.000000
30.000000
107.000000
172.000000
1778.000000
497.000000
688.000000
307.000000
1050.000000
214.000000
3735.000000
312.000000
324.000000
1628.000000
474.000000
701.000000
464.000000
123.000000
320.000000
137.000000
169.000000
696.000000
321.000000
230.000000
952.000000
516.000000
1497.000000
369.000000
112.000000
1197.000000
817.000000
1410.000000
319.000000
301.000000
1342.000000
159.000000
994.000000
106.000000
555.000000
264.000000
302.000000
735.000000
3061.000000
245.000000
721.000000
157.000000
378.000000
864.000000
447.000000
1177.000000
494.000000
384.000000
158.000000
156.000000
1388.000000
987.000000
205.000000
1790.000000
1510.000000
69.000000
102.000000
430.000000
97.000000
373.000000
153.000000
485.000000
313.000000
567.000000
187.000000
532.000000
223.000000
590.000000
2682.000000
36.000000
750.000000
135.000000
130.000000
587.000000
339.000000
1563.000000
783.000000
1155.000000
223.000000
613.000000
706.000000
849.000000
311.000000
54.000000
2573.000000
889.000000
683.000000
298.000000
271.000000
1125.000000
791.000000
132.000000
104.000000
310.000000
180.000000
910.000000
1042.000000
618.000000
174.000000
181.000000
190.000000
474.000000
168.000000
1381.000000
342.000000
139.000000
478.000000
143.000000
94.000000
324.000000
1214.000000
163.000000
1542.000000
2136.000000
515.000000
416.000000
1396.000000
522.000000
1390.000000
690.000000
869.000000
326.000000
1070.000000
877.000000
1054.000000
529.000000
2436.000000
235.000000
892.000000
2495.000000
332.000000
698.000000
269.000000
116.000000
485.000000
295.000000
387.000000
345.000000
2354.000000
445.000000
450.000000
160.000000
380.000000
56.000000
328.000000
322.000000
397.000000
161.000000
112.000000
64.000000
58.000000
545.000000
399.000000
289.000000
1030.000000
253.000000
1259.000000
171.000000
121.000000
245.000000
119.000000
387.000000
124.000000
423.000000
781.000000
241.000000
107.000000
1319.000000
667.000000
564.000000
227.000000
101.000000
239.000000
392.000000
196.000000
87.000000
486.000000
158.000000
805.000000
