316.000000
329.000000
283.000000
918.000000
236.000000
1168.000000
90.000000
128.000000
947.000000
436.000000
397.000000
2072.000000
1336.000000
358.000000
1629.000000
188.000000
216.000000
1110.000000
143.000000
637.000000
218.000000
131.000000
3113.000000
112.000000
281.000000
515.000000
184.000000
267.000000
454.000000
309.000000
324.000000
68.000000
270.000000
498.000000
872.000000
359.000000
1552.000000
1886.000000
241.000000
233.000000
447.000000
764.000000
269.000000
94.000000
692.000000
152.000000
729.000000
526.000000
843.000000
79.000000
1150.000000
62.000000
419.000000
1036.000000
930.000000
214.000000
1012.000000
888.000000
381.000000
632.000000
427.000000
353.000000
737.000000
1673.000000
179.000000
355.000000
441.000000
749.000000
35.000000
1134.000000
551.000000
727.000000
123.000000
364.000000
1274.000000
2466.000000
427.000000
381.000000
240.000000
876.000000
2008.000000
246.000000
336.000000
604.000000
596.000000
645.000000
169.000000
715.000000
292.000000
737.000000
359.000000
561.000000
2156.000000
1229.000000
464.000000
405.000000
795.000000
223.000000
716.000000
141.000000
257.000000
2104.000000
264.000000
98.000000
79.000000
281.000000
359.000000
386.000000
193.000000
284.000000
1970.000000
615.000000
172.000000
4290.000000
60.000000
722.000000
405.000000
249.000000
694.000000
531.000000
1506.000000
1617.000000
1916.000000
491.000000
459.000000
227.000000
1082.000000
78.000000
95.000000
899.000000
299.000000
262.000000
410.000000
557.000000
510.000000
2140.000000
588.000000
106.000000
147.000000
969.000000
428.000000
505.000000
414.000000
63.000000
360.000000
210.000000
156.000000
1462.000000
267.000000
480.000000
494.000000
660.000000
76.000000
557.000000
440.000000
1524.000000
166.000000
389.000000
906.000000
2364.000000
361.000000
214.000000
4614.000000
125.000000
102.000000
556.000000
179.000000
204.000000
1383.000000
312.000000
635.000000
246.000000
28.000000
3448.000000
2039.000000
441.000000
286.000000
334.000000
233.000000
659.000000
163.000000
730.000000
786.000000
470.000000
57.000000
117.000000
121.000000
136.000000
969.000000
181.000000
2035.000000
195.000000
627.000000
299.000000
603.000000
201.000000
235.000000
715.000000
672.000000
977.000000
192.000000
374.000000
1806.000000
202.000000
301.000000
388.000000
1786.000000
428.000000
550.000000
4979.000000
266.000000
216.000000
1927.000000
611.000000
272.000000
430.000000
919.000000
164.000000
533.000000
1649.000000
122.000000
458.000000
397.000000
75.000000
970.000000
3499.000000
349.000000
101.000000
432.000000
324.000000
517.000000
170.000000
294.000000
199.000000
1078.000000
1056.000000
322.000000
210.000000
283.000000
695.000000
1134.000000
228.000000
420.000000
1727.000000
361.000000
195.000000
376.000000
116.000000
1552.000000
294.000000
528.000000
265.000000
3127.000000
64.000000
682.000000
442.000000
1781.000000
388.000000
862.000000
3197.000000
325.000000
351.000000
1403.000000
546.000000
637.000000
913.000000
536.000000
682.000000
3530.000000
142.000000
279.000000
313.000000
1475.000000
228.000000
214.000000
90.000000
324.000000
1113.000000
822.000000
706.000000
224.000000
292.000000
122.000000
232.000000
1038.000000
1343.000000
613.000000
1594.000000
145.000000
267.000000
743.000000
1286.000000
2494.000000
724.000000
295.000000
1099.000000
1890.000000
1626.000000
75.000000
211.000000
593.000000
963.000000
971.000000
2952.000000
373.000000
1519.000000
276.000000
895.000000
792.000000
1009.000000
494.000000
548.000000
16.000000
2067.000000
623.000000
554.000000
35.000000
382.000000
285.000000
410.000000
59.000000
252.000000
510.000000
940.000000
1077.000000
2550.000000
278.000000
697.000000
390.000000
213.000000
86.000000
216.000000
542.000000
613.000000
802.000000
753.000000
1537.000000
4117.000000
58.000000
284.000000
359.000000
68.000000
281.000000
532.000000
328.000000
1070.000000
918.000000
413.000000
2337.000000
839.000000
443.000000
579.000000
168.000000
505.000000
555.000000
516.000000
2077.000000
116.000000
325.000000
803.000000
2380.000000
319.000000
372.000000
82.000000
2031.000000
155.000000
1191.000000
4681.000000
131.000000
120.000000
125.000000
1488.000000
667.000000
209.000000
1877.000000
76.000000
958.000000
603.000000
380.000000
178.000000
377.000000
523.000000
26.000000
1415.000000
157.000000
591.000000
352.000000
117.000000
314.000000
1293.000000
141.000000
361.000000
106.000000
96.000000
363.000000
4656.000000
412.000000
194.000000
3439.000000
220.000000
606.000000
272.000000
196.000000
67.000000
995.000000
473.000000
257.000000
1050.000000
302.000000
364.000000
593.000000
400.000000
328.000000
666.000000
176.000000
151.000000
1437.000000
2769.000000
163.000000
84.000000
361.000000
174.000000
2037.000000
335.000000
169.000000
1708.000000
1261.000000
159.000000
47.000000
1102.000000
110.000000
243.000000
540.000000
777.000000
1542.000000
841.000000
643.000000
1175.000000
1335.000000
62.000000
638.000000
270.000000
118.000000
324.000000
197.000000
257.000000
585.000000
171.000000
80.000000
221.000000
97.000000
784.000000
90.000000
243.000000
82.000000
985.000000
328.000000
430.000000
580.000000
1831.000000
1213.000000
163.000000
38.000000
502.000000
108.000000
473.000000
386.000000
511.000000
469.000000
765.000000
417.000000
536.000000
101.000000
1724.000000
1108.000000
1395.000000
319.000000
996.000000
71.000000
528.000000
69.000000
186.000000
2235.000000
388.000000
1396.000000
1343.000000
879.000000
369.000000
751.000000
434.000000
376.000000
218.000000
110.000000
967.000000
456.000000
166.000000
295.000000
275.000000
592.000000
649.000000
1804.000000
427.000000
141.000000
357.000000
170.000000
129.000000
583.000000
306.000000
323.000000
194.000000
94.000000
342.000000
1249.000000
1526.000000
238.000000
300.000000
96.000000
3203.000000
1554.000000
1840.000000
1590.000000
553.000000
109.000000
57.000000
1261.000000
540.000000
1722.000000
1545.000000
3240.000000
1555.000000
95.000000
281.000000
1257.000000
243.000000
399.000000
1193.000000
223.000000
330.000000
506.000000
433.000000
227.000000
525.000000
1735.000000
32.000000
107.000000
589.000000
489.000000
3195.000000
41.000000
2401.000000
247.000000
203.000000
1079.000000
330.000000
92.000000
392.000000
193.000000
191.000000
281.000000
162.000000
394.000000
548.000000
86.000000
2420.000000
338.000000
374.000000
208.000000
75.000000
287.000000
431.000000
390.000000
380.000000
182.000000
338.000000
432.000000
83.000000
1072.000000
671.000000
48.000000
942.000000
123.000000
74.000000
203.000000
261.000000
600.000000
362.000000
233.000000
236.000000
68.000000
190.000000
175.000000
256.000000
3305.000000
401.000000
122.000000
445.000000
260.000000
150.000000
172.000000
95.000000
861.000000
233.000000
701.000000
620.000000
618.000000
133.000000
75.000000
4272.000000
233.000000
440.000000
1718.000000
3678.000000
225.000000
254.000000
457.000000
377.000000
454.000000
704.000000
1358.000000
541.000000
2934.000000
744.000000
251.000000
111.000000
269.000000
170.000000
361.000000
3071.000000
224.000000
254.000000
1912.000000
1996.000000
303.000000
2513.000000
681.000000
759.000000
102.000000
132.000000
687.000000
3051.000000
1745.000000
504.000000
410.000000
116.000000
443.000000
425.000000
2410.000000
722.000000
99.000000
150.000000
510.000000
309.000000
404.000000
855.000000
920.000000
1346.000000
201.000000
246.000000
557.000000
42.000000
202.000000
247.000000
975.000000
299.000000
180.000000
442.000000
155.000000
216.000000
554.000000
1512.000000
74.000000
450.000000
1426.000000
1888.000000
720.000000
90.000000
209.000000
180.000000
1197.000000
423.000000
298.000000
432.000000
164.000000
166.000000
278.000000
118.000000
93.000000
225.000000
509.000000
268.000000
361.000000
1254.000000
2129.000000
389.000000
4148.000000
3034.000000
900.000000
387.000000
182.000000
260.000000
524.000000
737.000000
141.000000
252.000000
41.000000
818.000000
175.000000
221.000000
349.000000
1800.000000
426.000000
165.000000
92.000000
1244.000000
419.000000
1036.000000
159.000000
553.000000
1317.000000
99.000000
628.000000
551.000000
642.000000
213.000000
988.000000
91.000000
735.000000
551.000000
810.000000
208.000000
252.000000
309.000000
2267.000000
190.000000
1446.000000
2379.000000
66.000000
454.000000
852.000000
1440.000000
263.000000
136.000000
151.000000
189.000000
488.000000
76.000000
1642.000000
622.000000
937.000000
160.000000
95.000000
270.000000
181.000000
421.000000
604.000000
967.000000
497.000000
4485.000000
258.000000
109.000000
408.000000
317.000000
40.000000
154.000000
539.000000
453.000000
104.000000
616.000000
1245.000000
1296.000000
208.000000
473.000000
540.000000
183.000000
57.000000
609.000000
186.000000
191.000000
198.000000
393.000000
73.000000
30.000000
44.000000
240.000000
789.000000
340.000000
31.000000
589.000000
247.000000
839.000000
1249.000000
570.000000
700.000000
852.000000
446.000000
718.000000
177.000000
521.000000
1148.000000
448.000000
343.000000
42.000000
299.000000
1473.000000
367.000000
598.000000
1195.000000
396.000000
1617.000000
1605.000000
394.000000
793.000000
1025.000000
405.000000
524.000000
67.000000
446.000000
205.000000
508.000000
319.000000
337.000000
337.000000
370.000000
1484.000000
269.000000
94.000000
606.000000
177.000000
474.000000
705.000000
591.000000
555.000000
217.000000
1178.000000
189.000000
570.000000
202.000000
84.000000
475.000000
395.000000
1557.000000
199.000000
800.000000
1827.000000
547.000000
329.000000
890.000000
894.000000
1972.000000
120.000000
648.000000
307.000000
651.000000
2032.000000
298.000000
247.000000
456.000000
293.000000
108.000000
2875.000000
551.000000
309.000000
1032.000000
983.000000
211.000000
819.000000
88.000000
409.000000
189.000000
884.000000
1711.000000
182.000000
361.000000
5022.000000
513.000000
80.000000
491.000000
1122.000000
974.000000
1854.000000
230.000000
1046.000000
876.000000
429.000000
271.000000
840.000000
3508.000000
100.000000
424.000000
3023.000000
3018.000000
355.000000
98.000000
249.000000
455.000000
1653.000000
3319.000000
207.000000
319.000000
110.000000
1580.000000
59.000000
854.000000
257.000000
767.000000
393.000000
512.000000
370.000000
989.000000
334.000000
82.000000
609.000000
163.000000
64.000000
930.000000
329.000000
593.000000
387.000000
235.000000
86.000000
207.000000
323.000000
1686.000000
285.000000
2307.000000
224.000000
2347.000000
265.000000
368.000000
641.000000
458.000000
227.000000
2011.000000
263.000000
300.000000
740.000000
650.000000
2095.000000
129.000000
375.000000
653.000000
137.000000
565.000000
1539.000000
192.000000
599.000000
291.000000
671.000000
854.000000
145.000000
680.000000
391.000000
373.000000
1179.000000
836.000000
374.000000
139.000000
3434.000000
39.000000
435.000000
142.000000
233.000000
1311.000000
1889.000000
847.000000
154.000000
1428.000000
489.000000
180.000000
1562.000000
310.000000
2783.000000
339.000000
358.000000
1072.000000
375.000000
454.000000
229.000000
152.000000
194.000000
1075.000000
388.000000
94.000000
439.000000
396.000000
1336.000000
328.000000
282.000000
282.000000
122.000000
135.000000
476.000000
1439.000000
76.000000
742.000000
976.000000
1276.000000
181.000000
491.000000
2757.000000
