499.000000
133.000000
849.000000
285.000000
4289.000000
98.000000
49.000000
1738.000000
723.000000
2102.000000
436.000000
1214.000000
313.000000
1170.000000
138.000000
136.000000
34.000000
2061.000000
3649.000000
77.000000
86.000000
165.000000
288.000000
221.000000
118.000000
126.000000
62.000000
1858.000000
191.000000
184.000000
152.000000
656.000000
534.000000
850.000000
135.000000
708.000000
484.000000
334.000000
174.000000
1653.000000
42.000000
1056.000000
53.000000
407.000000
1647.000000
870.000000
427.000000
424.000000
191.000000
404.000000
566.000000
418.000000
455.000000
564.000000
1022.000000
503.000000
32.000000
704.000000
44.000000
81.000000
120.000000
600.000000
349.000000
171.000000
2933.000000
301.000000
421.000000
531.000000
161.000000
479.000000
486.000000
598.000000
398.000000
131.000000
920.000000
1135.000000
398.000000
122.000000
638.000000
719.000000
76.000000
616.000000
645.000000
2332.000000
318.000000
393.000000
121.000000
21.000000
160.000000
423.000000
413.000000
135.000000
891.000000
313.000000
480.000000
101.000000
448.000000
518.000000
329.000000
691.000000
4508.000000
430.000000
233.000000
2292.000000
693.000000
60.000000
211.000000
263.000000
278.000000
36.000000
216.000000
367.000000
530.000000
372.000000
63.000000
1325.000000
1238.000000
1330.000000
107.000000
685.000000
469.000000
250.000000
42.000000
714.000000
649.000000
120.000000
576.000000
955.000000
1187.000000
189.000000
525.000000
959.000000
217.000000
212.000000
126.000000
584.000000
1058.000000
343.000000
414.000000
185.000000
328.000000
659.000000
203.000000
2512.000000
186.000000
379.000000
48.000000
712.000000
367.000000
147.000000
230.000000
1039.000000
580.000000
69.000000
416.000000
849.000000
1553.000000
352.000000
478.000000
144.000000
402.000000
2126.000000
559.000000
1420.000000
2543.000000
1020.000000
252.000000
1070.000000
74.000000
930.000000
151.000000
508.000000
267.000000
127.000000
1069.000000
277.000000
89.000000
293.000000
249.000000
502.000000
84.000000
3841.000000
163.000000
786.000000
245.000000
352.000000
103.000000
565.000000
2695.000000
1712.000000
251.000000
41.000000
538.000000
275.000000
577.000000
652.000000
338.000000
1066.000000
254.000000
715.000000
2427.000000
1462.000000
641.000000
350.000000
274.000000
308.000000
57.000000
607.000000
194.000000
128.000000
921.000000
102.000000
68.000000
410.000000
911.000000
5365.000000
498.000000
152.000000
1364.000000
3588.000000
993.000000
479.000000
139.000000
1630.000000
2481.000000
469.000000
45.000000
263.000000
74.000000
628.000000
967.000000
404.000000
225.000000
205.000000
486.000000
1295.000000
388.000000
738.000000
543.000000
2084.000000
41.000000
186.000000
154.000000
1096.000000
477.000000
4278.000000
3203.000000
236.000000
768.000000
215.000000
740.000000
375.000000
160.000000
389.000000
467.000000
148.000000
927.000000
170.000000
254.000000
258.000000
87.000000
1355.000000
1985.000000
398.000000
763.000000
619.000000
383.000000
185.000000
568.000000
80.000000
701.000000
1172.000000
123.000000
295.000000
703.000000
167.000000
791.000000
509.000000
874.000000
137.000000
473.000000
651.000000
198.000000
814.000000
1913.000000
268.000000
179.000000
368.000000
154.000000
487.000000
291.000000
360.000000
954.000000
414.000000
489.000000
148.000000
62.000000
131.000000
209.000000
2062.000000
257.000000
429.000000
677.000000
327.000000
1203.000000
1255.000000
248.000000
243.000000
2260.000000
284.000000
439.000000
1997.000000
780.000000
1430.000000
825.000000
714.000000
534.000000
519.000000
359.000000
49.000000
136.000000
164.000000
327.000000
564.000000
149.000000
593.000000
890.000000
99.000000
177.000000
1379.000000
132.000000
256.000000
103.000000
373.000000
495.000000
638.000000
155.000000
152.000000
248.000000
1002.000000
188.000000
875.000000
546.000000
253.000000
1185.000000
1059.000000
881.000000
152.000000
161.000000
96.000000
508.000000
1056.000000
2972.000000
44.000000
173.000000
840.000000
1762.000000
331.000000
1083.000000
599.000000
56.000000
463.000000
220.000000
218.000000
356.000000
749.000000
2200.000000
270.000000
190.000000
275.000000
791.000000
5368.000000
195.000000
563.000000
682.000000
184.000000
3127.000000
655.000000
733.000000
698.000000
1654.000000
104.000000
982.000000
490.000000
1008.000000
313.000000
305.000000
417.000000
48.000000
767.000000
498.000000
1923.000000
812.000000
344.000000
1081.000000
117.000000
192.000000
626.000000
4158.000000
1053.000000
1431.000000
311.000000
420.000000
31.000000
733.000000
577.000000
250.000000
477.000000
909.000000
256.000000
369.000000
261.000000
150.000000
254.000000
649.000000
950.000000
307.000000
913.000000
197.000000
53.000000
492.000000
131.000000
283.000000
294.000000
117.000000
277.000000
227.000000
131.000000
173.000000
508.000000
681.000000
1513.000000
1143.000000
324.000000
171.000000
1032.000000
306.000000
160.000000
42.000000
1010.000000
289.000000
457.000000
1213.000000
713.000000
583.000000
179.000000
289.000000
438.000000
924.000000
515.000000
447.000000
59.000000
1745.000000
167.000000
464.000000
274.000000
460.000000
615.000000
1017.000000
405.000000
113.000000
386.000000
485.000000
1485.000000
416.000000
978.000000
319.000000
1021.000000
231.000000
704.000000
670.000000
305.000000
615.000000
139.000000
586.000000
703.000000
776.000000
911.000000
1149.000000
800.000000
217.000000
359.000000
1228.000000
653.000000
552.000000
435.000000
373.000000
630.000000
407.000000
371.000000
968.000000
704.000000
494.000000
52.000000
297.000000
686.000000
2870.000000
791.000000
803.000000
3010.000000
585.000000
226.000000
388.000000
178.000000
351.000000
447.000000
523.000000
343.000000
428.000000
191.000000
420.000000
212.000000
573.000000
209.000000
4287.000000
211.000000
618.000000
369.000000
1590.000000
505.000000
375.000000
600.000000
904.000000
1601.000000
2228.000000
86.000000
172.000000
914.000000
123.000000
310.000000
930.000000
1443.000000
96.000000
884.000000
139.000000
945.000000
1381.000000
722.000000
615.000000
182.000000
1113.000000
1031.000000
80.000000
1639.000000
611.000000
120.000000
988.000000
779.000000
400.000000
86.000000
121.000000
431.000000
1001.000000
485.000000
395.000000
1012.000000
954.000000
1077.000000
688.000000
4575.000000
501.000000
203.000000
261.000000
345.000000
979.000000
522.000000
245.000000
822.000000
308.000000
707.000000
652.000000
392.000000
311.000000
315.000000
423.000000
811.000000
337.000000
551.000000
341.000000
394.000000
1166.000000
1148.000000
242.000000
142.000000
1464.000000
357.000000
270.000000
325.000000
657.000000
2282.000000
416.000000
174.000000
78.000000
602.000000
1022.000000
884.000000
157.000000
86.000000
484.000000
90.000000
690.000000
612.000000
1009.000000
413.000000
86.000000
394.000000
1380.000000
176.000000
872.000000
1381.000000
561.000000
185.000000
127.000000
449.000000
381.000000
624.000000
93.000000
1701.000000
356.000000
144.000000
419.000000
624.000000
213.000000
128.000000
1596.000000
337.000000
71.000000
887.000000
788.000000
600.000000
114.000000
806.000000
940.000000
268.000000
281.000000
304.000000
535.000000
1240.000000
212.000000
136.000000
542.000000
536.000000
215.000000
247.000000
213.000000
1361.000000
1205.000000
1216.000000
941.000000
940.000000
432.000000
165.000000
468.000000
776.000000
800.000000
479.000000
685.000000
94.000000
1622.000000
662.000000
100.000000
258.000000
178.000000
544.000000
206.000000
531.000000
1763.000000
287.000000
518.000000
107.000000
154.000000
55.000000
383.000000
908.000000
490.000000
429.000000
1005.000000
374.000000
153.000000
874.000000
4101.000000
105.000000
545.000000
2371.000000
139.000000
812.000000
320.000000
122.000000
208.000000
87.000000
190.000000
1500.000000
905.000000
751.000000
297.000000
326.000000
640.000000
110.000000
814.000000
200.000000
166.000000
2037.000000
85.000000
851.000000
868.000000
133.000000
133.000000
884.000000
210.000000
412.000000
522.000000
311.000000
1032.000000
1686.000000
238.000000
899.000000
210.000000
679.000000
700.000000
1126.000000
978.000000
389.000000
43.000000
1914.000000
758.000000
769.000000
50.000000
181.000000
841.000000
638.000000
1163.000000
392.000000
489.000000
1018.000000
4399.000000
83.000000
126.000000
420.000000
148.000000
654.000000
137.000000
201.000000
270.000000
385.000000
522.000000
1074.000000
589.000000
94.000000
637.000000
889.000000
353.000000
328.000000
153.000000
1795.000000
44.000000
220.000000
30.000000
51.000000
1058.000000
313.000000
309.000000
1581.000000
1296.000000
193.000000
3120.000000
405.000000
1168.000000
487.000000
607.000000
478.000000
2686.000000
1301.000000
293.000000
472.000000
303.000000
352.000000
183.000000
293.000000
437.000000
237.000000
49.000000
1605.000000
254.000000
212.000000
212.000000
322.000000
813.000000
202.000000
596.000000
51.000000
476.000000
767.000000
613.000000
441.000000
207.000000
50.000000
274.000000
2403.000000
207.000000
939.000000
420.000000
768.000000
2384.000000
593.000000
411.000000
775.000000
256.000000
72.000000
573.000000
56.000000
1325.000000
1483.000000
713.000000
491.000000
542.000000
447.000000
534.000000
660.000000
414.000000
78.000000
475.000000
234.000000
1001.000000
451.000000
59.000000
427.000000
197.000000
280.000000
1036.000000
558.000000
470.000000
732.000000
644.000000
185.000000
157.000000
885.000000
2914.000000
121.000000
1028.000000
721.000000
124.000000
1254.000000
446.000000
755.000000
666.000000
939.000000
768.000000
342.000000
771.000000
148.000000
544.000000
880.000000
761.000000
1064.000000
62.000000
259.000000
586.000000
792.000000
613.000000
1542.000000
496.000000
4064.000000
738.000000
514.000000
1251.000000
2061.000000
257.000000
715.000000
785.000000
238.000000
237.000000
962.000000
201.000000
419.000000
1432.000000
1150.000000
511.000000
654.000000
174.000000
414.000000
121.000000
992.000000
286.000000
2188.000000
145.000000
198.000000
1919.000000
154.000000
112.000000
393.000000
198.000000
756.000000
504.000000
994.000000
155.000000
984.000000
972.000000
232.000000
80.000000
898.000000
285.000000
41.000000
280.000000
1688.000000
3104.000000
1419.000000
1656.000000
344.000000
117.000000
721.000000
242.000000
986.000000
457.000000
512.000000
146.000000
666.000000
123.000000
563.000000
783.000000
573.000000
236.000000
227.000000
161.000000
682.000000
959.000000
115.000000
1539.000000
133.000000
1368.000000
369.000000
1590.000000
48.000000
2077.000000
180.000000
1906.000000
165.000000
281.000000
1115.000000
70.000000
125.000000
400.000000
474.000000
207.000000
219.000000
1255.000000
707.000000
455.000000
199.000000
1023.000000
267.000000
259.000000
555.000000
480.000000
250.000000
298.000000
272.000000
63.000000
472.000000
525.000000
793.000000
105.000000
673.000000
181.000000
113.000000
466.000000
864.000000
250.000000
255.000000
1154.000000
681.000000
213.000000
140.000000
449.000000
215.000000
272.000000
125.000000
423.000000
315.000000
171.000000
381.000000
281.000000
341.000000
218.000000
514.000000
177.000000
416.000000
343.000000
531.000000
323.000000
255.000000
6893.000000
582.000000
508.000000
121.000000
84.000000
304.000000
341.000000
331.000000
179.000000
450.000000
