1503.000000
470.000000
2503.000000
1164.000000
278.000000
140.000000
7976.000000
549.000000
551.000000
66.000000
574.000000
324.000000
255.000000
752.000000
464.000000
262.000000
605.000000
119.000000
652.000000
187.000000
372.000000
499.000000
112.000000
372.000000
472.000000
34.000000
249.000000
291.000000
1585.000000
2686.000000
1045.000000
61.000000
4918.000000
1139.000000
1419.000000
176.000000
60.000000
175.000000
228.000000
171.000000
947.000000
1062.000000
232.000000
773.000000
126.000000
331.000000
49.000000
333.000000
629.000000
114.000000
557.000000
206.000000
62.000000
670.000000
327.000000
80.000000
138.000000
245.000000
552.000000
617.000000
904.000000
257.000000
1442.000000
247.000000
163.000000
1889.000000
1228.000000
1206.000000
299.000000
644.000000
251.000000
455.000000
903.000000
74.000000
304.000000
726.000000
92.000000
1590.000000
925.000000
57.000000
178.000000
1106.000000
738.000000
298.000000
180.000000
370.000000
659.000000
365.000000
398.000000
743.000000
509.000000
883.000000
229.000000
570.000000
272.000000
383.000000
205.000000
2176.000000
1691.000000
103.000000
532.000000
223.000000
162.000000
370.000000
1040.000000
178.000000
464.000000
139.000000
416.000000
426.000000
1078.000000
293.000000
967.000000
419.000000
378.000000
560.000000
26.000000
515.000000
536.000000
1455.000000
112.000000
2822.000000
636.000000
87.000000
492.000000
882.000000
727.000000
416.000000
40.000000
1380.000000
217.000000
127.000000
221.000000
614.000000
256.000000
203.000000
3633.000000
297.000000
996.000000
60.000000
478.000000
251.000000
176.000000
621.000000
341.000000
309.000000
92.000000
78.000000
523.000000
1880.000000
194.000000
582.000000
2258.000000
164.000000
3990.000000
61.000000
88.000000
1438.000000
489.000000
110.000000
1734.000000
117.000000
110.000000
300.000000
163.000000
112.000000
851.000000
570.000000
357.000000
392.000000
847.000000
260.000000
89.000000
792.000000
606.000000
221.000000
252.000000
117.000000
288.000000
244.000000
520.000000
919.000000
463.000000
113.000000
670.000000
95.000000
125.000000
1581.000000
189.000000
1154.000000
164.000000
126.000000
897.000000
1946.000000
589.000000
853.000000
186.000000
608.000000
964.000000
1583.000000
323.000000
292.000000
910.000000
672.000000
433.000000
932.000000
83.000000
197.000000
97.000000
629.000000
1084.000000
928.000000
444.000000
177.000000
758.000000
2792.000000
148.000000
71.000000
149.000000
1442.000000
1115.000000
240.000000
354.000000
362.000000
581.000000
2733.000000
359.000000
2507.000000
627.000000
814.000000
330.000000
2131.000000
358.000000
1565.000000
147.000000
536.000000
96.000000
317.000000
879.000000
181.000000
764.000000
874.000000
229.000000
197.000000
49.000000
348.000000
523.000000
325.000000
100.000000
108.000000
310.000000
509.000000
1285.000000
126.000000
441.000000
88.000000
297.000000
256.000000
665.000000
374.000000
53.000000
243.000000
1240.000000
562.000000
439.000000
2809.000000
1481.000000
900.000000
495.000000
2359.000000
1137.000000
628.000000
339.000000
251.000000
255.000000
128.000000
108.000000
40.000000
1064.000000
269.000000
150.000000
976.000000
249.000000
424.000000
856.000000
867.000000
141.000000
2888.000000
351.000000
371.000000
645.000000
767.000000
611.000000
7101.000000
778.000000
7963.000000
1026.000000
1066.000000
1442.000000
244.000000
374.000000
1053.000000
632.000000
655.000000
425.000000
1570.000000
268.000000
578.000000
170.000000
266.000000
822.000000
1934.000000
435.000000
127.000000
233.000000
191.000000
190.000000
685.000000
705.000000
252.000000
120.000000
431.000000
683.000000
581.000000
1963.000000
1334.000000
416.000000
234.000000
110.000000
894.000000
68.000000
233.000000
935.000000
176.000000
523.000000
338.000000
142.000000
459.000000
246.000000
936.000000
455.000000
1276.000000
918.000000
624.000000
1909.000000
1173.000000
118.000000
347.000000
493.000000
163.000000
511.000000
265.000000
141.000000
472.000000
135.000000
160.000000
189.000000
566.000000
557.000000
303.000000
678.000000
900.000000
279.000000
338.000000
52.000000
323.000000
211.000000
1047.000000
125.000000
351.000000
758.000000
251.000000
1116.000000
2197.000000
61.000000
1425.000000
1068.000000
1883.000000
189.000000
764.000000
578.000000
446.000000
1778.000000
607.000000
333.000000
440.000000
2621.000000
1347.000000
130.000000
1660.000000
181.000000
372.000000
56.000000
935.000000
819.000000
180.000000
188.000000
319.000000
849.000000
634.000000
1272.000000
399.000000
171.000000
293.000000
1067.000000
187.000000
44.000000
1153.000000
1515.000000
157.000000
556.000000
25.000000
237.000000
963.000000
555.000000
40.000000
568.000000
27.000000
254.000000
566.000000
382.000000
1096.000000
167.000000
52.000000
626.000000
265.000000
64.000000
3711.000000
157.000000
305.000000
758.000000
197.000000
537.000000
739.000000
400.000000
352.000000
356.000000
76.000000
1531.000000
203.000000
480.000000
76.000000
126.000000
125.000000
629.000000
210.000000
1447.000000
145.000000
109.000000
328.000000
1382.000000
737.000000
826.000000
785.000000
767.000000
698.000000
742.000000
214.000000
145.000000
467.000000
1462.000000
930.000000
181.000000
913.000000
29.000000
2203.000000
175.000000
457.000000
757.000000
960.000000
93.000000
738.000000
125.000000
1075.000000
103.000000
192.000000
890.000000
381.000000
167.000000
492.000000
1110.000000
1320.000000
571.000000
232.000000
312.000000
279.000000
265.000000
240.000000
227.000000
292.000000
647.000000
914.000000
81.000000
451.000000
4883.000000
304.000000
840.000000
91.000000
473.000000
1655.000000
258.000000
536.000000
322.000000
309.000000
517.000000
712.000000
1239.000000
277.000000
448.000000
334.000000
1907.000000
603.000000
1902.000000
1185.000000
2252.000000
775.000000
197.000000
536.000000
539.000000
135.000000
649.000000
221.000000
895.000000
343.000000
323.000000
829.000000
1103.000000
35.000000
1449.000000
387.000000
211.000000
2524.000000
1536.000000
3260.000000
158.000000
2038.000000
86.000000
544.000000
1066.000000
716.000000
93.000000
373.000000
1048.000000
5246.000000
647.000000
207.000000
413.000000
360.000000
510.000000
125.000000
488.000000
5400.000000
134.000000
106.000000
804.000000
109.000000
406.000000
131.000000
2505.000000
372.000000
35.000000
318.000000
211.000000
351.000000
1000.000000
3169.000000
717.000000
553.000000
903.000000
263.000000
5129.000000
129.000000
129.000000
337.000000
276.000000
1838.000000
1786.000000
2795.000000
509.000000
101.000000
283.000000
243.000000
515.000000
774.000000
474.000000
365.000000
324.000000
352.000000
111.000000
30.000000
256.000000
296.000000
1540.000000
100.000000
907.000000
46.000000
1291.000000
52.000000
807.000000
251.000000
577.000000
235.000000
182.000000
200.000000
903.000000
256.000000
199.000000
968.000000
1023.000000
108.000000
84.000000
538.000000
930.000000
1409.000000
1059.000000
927.000000
220.000000
178.000000
92.000000
1354.000000
494.000000
510.000000
417.000000
311.000000
311.000000
177.000000
176.000000
481.000000
937.000000
758.000000
744.000000
7979.000000
622.000000
555.000000
269.000000
365.000000
5024.000000
209.000000
1904.000000
15.000000
624.000000
1052.000000
167.000000
1497.000000
263.000000
343.000000
293.000000
161.000000
763.000000
582.000000
431.000000
243.000000
232.000000
72.000000
98.000000
79.000000
60.000000
420.000000
490.000000
1574.000000
266.000000
484.000000
697.000000
235.000000
410.000000
476.000000
841.000000
1156.000000
823.000000
496.000000
336.000000
334.000000
138.000000
223.000000
100.000000
1461.000000
148.000000
1259.000000
640.000000
446.000000
1156.000000
804.000000
1597.000000
196.000000
979.000000
3800.000000
1439.000000
498.000000
471.000000
153.000000
305.000000
795.000000
153.000000
103.000000
336.000000
148.000000
674.000000
471.000000
1015.000000
653.000000
707.000000
199.000000
834.000000
248.000000
963.000000
3504.000000
250.000000
1232.000000
101.000000
539.000000
2884.000000
515.000000
2030.000000
497.000000
221.000000
144.000000
826.000000
166.000000
1058.000000
177.000000
1701.000000
374.000000
244.000000
1814.000000
516.000000
325.000000
1106.000000
279.000000
1050.000000
87.000000
417.000000
921.000000
115.000000
1120.000000
6883.000000
298.000000
281.000000
49.000000
762.000000
1150.000000
1278.000000
333.000000
380.000000
1895.000000
802.000000
1006.000000
175.000000
326.000000
204.000000
361.000000
464.000000
383.000000
159.000000
798.000000
2076.000000
92.000000
377.000000
86.000000
232.000000
1162.000000
1150.000000
711.000000
103.000000
1339.000000
669.000000
2978.000000
583.000000
1156.000000
557.000000
1797.000000
186.000000
543.000000
2173.000000
228.000000
446.000000
220.000000
1109.000000
565.000000
244.000000
78.000000
528.000000
721.000000
786.000000
154.000000
290.000000
98.000000
244.000000
304.000000
387.000000
166.000000
1313.000000
331.000000
1184.000000
4187.000000
78.000000
159.000000
573.000000
690.000000
1691.000000
1110.000000
813.000000
679.000000
385.000000
185.000000
221.000000
325.000000
289.000000
853.000000
589.000000
554.000000
183.000000
130.000000
483.000000
178.000000
1831.000000
284.000000
468.000000
547.000000
1877.000000
241.000000
2425.000000
466.000000
366.000000
1532.000000
188.000000
33.000000
553.000000
1474.000000
125.000000
321.000000
1311.000000
1451.000000
375.000000
618.000000
391.000000
425.000000
836.000000
63.000000
507.000000
174.000000
201.000000
2091.000000
100.000000
2017.000000
105.000000
7268.000000
175.000000
262.000000
1914.000000
656.000000
716.000000
432.000000
272.000000
143.000000
387.000000
119.000000
407.000000
510.000000
101.000000
209.000000
586.000000
482.000000
985.000000
553.000000
443.000000
563.000000
1265.000000
3512.000000
1088.000000
310.000000
140.000000
569.000000
1426.000000
1843.000000
536.000000
1337.000000
99.000000
200.000000
710.000000
1257.000000
409.000000
209.000000
1018.000000
420.000000
172.000000
353.000000
403.000000
412.000000
1009.000000
1444.000000
231.000000
1180.000000
147.000000
2417.000000
111.000000
99.000000
769.000000
273.000000
148.000000
223.000000
361.000000
883.000000
317.000000
500.000000
114.000000
319.000000
141.000000
444.000000
798.000000
597.000000
843.000000
379.000000
1404.000000
780.000000
119.000000
149.000000
2274.000000
426.000000
659.000000
143.000000
148.000000
715.000000
742.000000
256.000000
98.000000
613.000000
1551.000000
332.000000
460.000000
231.000000
362.000000
149.000000
401.000000
1050.000000
455.000000
1564.000000
1203.000000
274.000000
381.000000
699.000000
151.000000
2114.000000
215.000000
182.000000
1129.000000
660.000000
850.000000
1836.000000
160.000000
220.000000
1688.000000
412.000000
331.000000
722.000000
245.000000
280.000000
126.000000
532.000000
462.000000
279.000000
812.000000
128.000000
200.000000
478.000000
979.000000
465.000000
1181.000000
328.000000
95.000000
514.000000
721.000000
552.000000
22.000000
1390.000000
1657.000000
2421.000000
223.000000
262.000000
345.000000
236.000000
733.000000
956.000000
204.000000
221.000000
485.000000
1211.000000
341.000000
337.000000
802.000000
1180.000000
505.000000
91.000000
1580.000000
444.000000
917.000000
90.000000
347.000000
960.000000
441.000000
184.000000
