142.000000
131.000000
807.000000
92.000000
674.000000
165.000000
878.000000
517.000000
286.000000
499.000000
115.000000
274.000000
260.000000
403.000000
174.000000
351.000000
60.000000
60.000000
1989.000000
525.000000
461.000000
243.000000
280.000000
2073.000000
474.000000
67.000000
326.000000
192.000000
182.000000
1711.000000
1050.000000
1718.000000
194.000000
114.000000
230.000000
786.000000
1206.000000
426.000000
673.000000
430.000000
1369.000000
119.000000
762.000000
573.000000
265.000000
1234.000000
94.000000
608.000000
901.000000
808.000000
229.000000
2191.000000
963.000000
4020.000000
593.000000
827.000000
511.000000
3333.000000
470.000000
437.000000
525.000000
1551.000000
134.000000
1899.000000
1577.000000
1556.000000
292.000000
2861.000000
348.000000
1439.000000
411.000000
143.000000
543.000000
724.000000
398.000000
141.000000
197.000000
756.000000
571.000000
585.000000
745.000000
2225.000000
218.000000
108.000000
116.000000
1591.000000
506.000000
396.000000
121.000000
595.000000
459.000000
138.000000
214.000000
186.000000
871.000000
833.000000
4235.000000
403.000000
856.000000
654.000000
1398.000000
547.000000
114.000000
60.000000
102.000000
281.000000
215.000000
266.000000
782.000000
181.000000
128.000000
2132.000000
1434.000000
1162.000000
308.000000
1015.000000
741.000000
1804.000000
1262.000000
1063.000000
256.000000
1185.000000
154.000000
275.000000
407.000000
241.000000
56.000000
1096.000000
426.000000
174.000000
764.000000
16.000000
100.000000
85.000000
491.000000
290.000000
624.000000
1928.000000
530.000000
863.000000
217.000000
691.000000
1813.000000
366.000000
1559.000000
340.000000
709.000000
181.000000
128.000000
155.000000
296.000000
162.000000
884.000000
136.000000
303.000000
181.000000
372.000000
95.000000
1826.000000
1342.000000
563.000000
2630.000000
463.000000
1263.000000
552.000000
307.000000
266.000000
5477.000000
1056.000000
489.000000
351.000000
1629.000000
1798.000000
257.000000
1249.000000
1038.000000
311.000000
138.000000
155.000000
79.000000
822.000000
1711.000000
153.000000
509.000000
389.000000
239.000000
139.000000
183.000000
117.000000
1145.000000
1520.000000
4390.000000
1369.000000
94.000000
80.000000
435.000000
34.000000
108.000000
318.000000
395.000000
711.000000
270.000000
314.000000
136.000000
123.000000
157.000000
222.000000
1151.000000
28.000000
500.000000
2679.000000
110.000000
81.000000
398.000000
1643.000000
73.000000
568.000000
289.000000
2366.000000
218.000000
334.000000
702.000000
422.000000
455.000000
605.000000
37.000000
80.000000
3272.000000
595.000000
204.000000
886.000000
227.000000
517.000000
128.000000
747.000000
460.000000
663.000000
33.000000
41.000000
296.000000
204.000000
247.000000
382.000000
104.000000
603.000000
568.000000
247.000000
235.000000
1792.000000
584.000000
710.000000
209.000000
2916.000000
225.000000
307.000000
2135.000000
176.000000
21.000000
567.000000
147.000000
872.000000
824.000000
812.000000
459.000000
191.000000
237.000000
1401.000000
124.000000
188.000000
122.000000
407.000000
226.000000
503.000000
166.000000
220.000000
385.000000
641.000000
548.000000
2376.000000
281.000000
200.000000
198.000000
103.000000
98.000000
234.000000
276.000000
260.000000
247.000000
666.000000
491.000000
290.000000
1437.000000
149.000000
2345.000000
275.000000
506.000000
745.000000
290.000000
316.000000
255.000000
540.000000
231.000000
80.000000
206.000000
1202.000000
2571.000000
100.000000
428.000000
985.000000
861.000000
249.000000
256.000000
352.000000
997.000000
86.000000
2362.000000
360.000000
57.000000
435.000000
523.000000
132.000000
4073.000000
390.000000
707.000000
197.000000
53.000000
511.000000
335.000000
144.000000
2316.000000
571.000000
868.000000
451.000000
120.000000
145.000000
833.000000
335.000000
290.000000
245.000000
419.000000
23.000000
558.000000
646.000000
750.000000
1005.000000
789.000000
331.000000
1428.000000
81.000000
615.000000
2083.000000
1138.000000
2388.000000
229.000000
1179.000000
849.000000
265.000000
342.000000
279.000000
2156.000000
851.000000
137.000000
716.000000
662.000000
974.000000
462.000000
1627.000000
644.000000
249.000000
605.000000
267.000000
372.000000
537.000000
742.000000
431.000000
214.000000
1437.000000
117.000000
619.000000
716.000000
38.000000
820.000000
39.000000
163.000000
2984.000000
841.000000
277.000000
51.000000
489.000000
694.000000
294.000000
861.000000
1356.000000
256.000000
241.000000
743.000000
182.000000
217.000000
2588.000000
159.000000
365.000000
771.000000
304.000000
236.000000
324.000000
720.000000
180.000000
203.000000
1773.000000
31.000000
679.000000
470.000000
182.000000
648.000000
561.000000
1052.000000
227.000000
1383.000000
289.000000
2055.000000
414.000000
715.000000
167.000000
1300.000000
667.000000
3361.000000
184.000000
382.000000
109.000000
734.000000
701.000000
382.000000
91.000000
323.000000
1246.000000
486.000000
186.000000
242.000000
664.000000
408.000000
221.000000
749.000000
532.000000
249.000000
184.000000
299.000000
1923.000000
276.000000
1449.000000
225.000000
68.000000
201.000000
1739.000000
1809.000000
76.000000
180.000000
41.000000
1810.000000
832.000000
96.000000
251.000000
442.000000
244.000000
295.000000
533.000000
874.000000
146.000000
252.000000
785.000000
81.000000
224.000000
534.000000
466.000000
1235.000000
555.000000
1037.000000
151.000000
211.000000
1073.000000
373.000000
1483.000000
449.000000
283.000000
307.000000
588.000000
2817.000000
383.000000
696.000000
93.000000
177.000000
517.000000
1778.000000
117.000000
524.000000
144.000000
2117.000000
2992.000000
45.000000
632.000000
1278.000000
335.000000
1412.000000
856.000000
566.000000
176.000000
140.000000
1330.000000
696.000000
165.000000
1641.000000
48.000000
79.000000
1452.000000
345.000000
1999.000000
271.000000
507.000000
466.000000
1098.000000
1733.000000
467.000000
856.000000
206.000000
78.000000
146.000000
757.000000
230.000000
122.000000
931.000000
920.000000
180.000000
128.000000
195.000000
291.000000
631.000000
489.000000
126.000000
474.000000
255.000000
61.000000
437.000000
468.000000
487.000000
167.000000
795.000000
245.000000
137.000000
1619.000000
2241.000000
627.000000
354.000000
499.000000
205.000000
128.000000
355.000000
136.000000
618.000000
119.000000
599.000000
711.000000
886.000000
199.000000
903.000000
78.000000
772.000000
942.000000
46.000000
413.000000
339.000000
587.000000
1247.000000
1506.000000
28.000000
1473.000000
712.000000
361.000000
2213.000000
87.000000
86.000000
919.000000
589.000000
724.000000
63.000000
439.000000
121.000000
935.000000
532.000000
1132.000000
2533.000000
228.000000
234.000000
1088.000000
613.000000
234.000000
374.000000
102.000000
922.000000
413.000000
398.000000
271.000000
3455.000000
4071.000000
627.000000
556.000000
2156.000000
476.000000
418.000000
1546.000000
79.000000
202.000000
36.000000
594.000000
743.000000
402.000000
644.000000
457.000000
295.000000
317.000000
408.000000
519.000000
697.000000
62.000000
59.000000
284.000000
10062.000000
182.000000
813.000000
1085.000000
2969.000000
2088.000000
849.000000
227.000000
931.000000
2067.000000
464.000000
2472.000000
243.000000
150.000000
980.000000
243.000000
481.000000
404.000000
154.000000
176.000000
124.000000
1002.000000
1428.000000
902.000000
1106.000000
348.000000
483.000000
167.000000
1692.000000
817.000000
625.000000
346.000000
53.000000
187.000000
834.000000
360.000000
1247.000000
912.000000
312.000000
187.000000
29.000000
713.000000
440.000000
677.000000
70.000000
356.000000
275.000000
415.000000
465.000000
385.000000
150.000000
938.000000
58.000000
245.000000
530.000000
237.000000
825.000000
117.000000
1761.000000
611.000000
490.000000
318.000000
188.000000
568.000000
886.000000
231.000000
138.000000
1276.000000
296.000000
103.000000
768.000000
291.000000
524.000000
291.000000
556.000000
418.000000
256.000000
336.000000
169.000000
1521.000000
81.000000
2783.000000
321.000000
618.000000
2696.000000
210.000000
85.000000
151.000000
188.000000
1146.000000
294.000000
531.000000
660.000000
880.000000
99.000000
1688.000000
163.000000
579.000000
305.000000
339.000000
124.000000
1105.000000
498.000000
1297.000000
1767.000000
942.000000
83.000000
115.000000
185.000000
214.000000
385.000000
52.000000
618.000000
1121.000000
331.000000
151.000000
517.000000
215.000000
148.000000
349.000000
647.000000
94.000000
424.000000
931.000000
467.000000
208.000000
444.000000
137.000000
1453.000000
149.000000
251.000000
359.000000
239.000000
73.000000
379.000000
191.000000
96.000000
146.000000
894.000000
243.000000
146.000000
100.000000
542.000000
670.000000
562.000000
1109.000000
3159.000000
171.000000
1631.000000
310.000000
179.000000
132.000000
296.000000
395.000000
719.000000
123.000000
2313.000000
831.000000
471.000000
344.000000
79.000000
444.000000
553.000000
596.000000
2498.000000
779.000000
536.000000
946.000000
306.000000
179.000000
108.000000
927.000000
778.000000
270.000000
819.000000
443.000000
425.000000
126.000000
2404.000000
1056.000000
1528.000000
1187.000000
185.000000
371.000000
2785.000000
538.000000
350.000000
1847.000000
210.000000
370.000000
896.000000
509.000000
142.000000
275.000000
71.000000
67.000000
683.000000
687.000000
1373.000000
62.000000
71.000000
482.000000
333.000000
980.000000
751.000000
87.000000
1921.000000
69.000000
982.000000
634.000000
216.000000
16.000000
139.000000
741.000000
3552.000000
222.000000
457.000000
430.000000
61.000000
359.000000
215.000000
556.000000
789.000000
128.000000
528.000000
767.000000
139.000000
623.000000
83.000000
356.000000
404.000000
164.000000
1734.000000
2018.000000
334.000000
869.000000
134.000000
215.000000
158.000000
1760.000000
525.000000
973.000000
738.000000
1124.000000
237.000000
2231.000000
1233.000000
1285.000000
383.000000
566.000000
1149.000000
94.000000
245.000000
659.000000
184.000000
758.000000
502.000000
167.000000
844.000000
55.000000
1037.000000
1059.000000
182.000000
4132.000000
157.000000
1035.000000
2812.000000
557.000000
455.000000
125.000000
660.000000
1104.000000
761.000000
302.000000
237.000000
142.000000
716.000000
245.000000
613.000000
843.000000
1109.000000
312.000000
1349.000000
309.000000
932.000000
478.000000
38.000000
211.000000
1149.000000
947.000000
388.000000
771.000000
269.000000
744.000000
4507.000000
359.000000
1599.000000
266.000000
262.000000
370.000000
237.000000
370.000000
384.000000
106.000000
634.000000
1374.000000
287.000000
407.000000
136.000000
297.000000
1004.000000
910.000000
3900.000000
59.000000
37.000000
177.000000
952.000000
74.000000
280.000000
134.000000
370.000000
1444.000000
89.000000
89.000000
765.000000
596.000000
305.000000
738.000000
409.000000
395.000000
630.000000
311.000000
1277.000000
209.000000
228.000000
606.000000
173.000000
236.000000
177.000000
602.000000
336.000000
1281.000000
383.000000
315.000000
70.000000
629.000000
1248.000000
52.000000
1850.000000
923.000000
2962.000000
977.000000
1392.000000
410.000000
603.000000
1403.000000
1311.000000
463.000000
454.000000
2192.000000
321.000000
881.000000
207.000000
343.000000
205.000000
260.000000
412.000000
1548.000000
360.000000
80.000000
283.000000
2186.000000
131.000000
485.000000
178.000000
431.000000
