946.000000
457.000000
543.000000
547.000000
132.000000
1697.000000
2033.000000
624.000000
29.000000
165.000000
841.000000
867.000000
725.000000
470.000000
1266.000000
102.000000
1191.000000
3384.000000
366.000000
152.000000
1756.000000
1331.000000
49.000000
306.000000
190.000000
343.000000
323.000000
1222.000000
80.000000
579.000000
569.000000
191.000000
360.000000
1148.000000
393.000000
206.000000
214.000000
248.000000
180.000000
521.000000
201.000000
314.000000
221.000000
192.000000
1338.000000
316.000000
135.000000
219.000000
660.000000
882.000000
122.000000
110.000000
106.000000
699.000000
340.000000
403.000000
508.000000
367.000000
243.000000
135.000000
470.000000
619.000000
766.000000
239.000000
599.000000
1043.000000
1665.000000
503.000000
330.000000
159.000000
406.000000
568.000000
3962.000000
343.000000
367.000000
142.000000
72.000000
1008.000000
1386.000000
74.000000
122.000000
68.000000
418.000000
150.000000
703.000000
125.000000
381.000000
1033.000000
179.000000
1373.000000
569.000000
822.000000
217.000000
392.000000
1990.000000
947.000000
321.000000
4049.000000
360.000000
345.000000
677.000000
2150.000000
481.000000
415.000000
310.000000
786.000000
2352.000000
373.000000
163.000000
360.000000
326.000000
66.000000
470.000000
1738.000000
517.000000
282.000000
836.000000
533.000000
524.000000
830.000000
168.000000
321.000000
362.000000
557.000000
295.000000
99.000000
379.000000
179.000000
1757.000000
230.000000
329.000000
551.000000
800.000000
202.000000
161.000000
685.000000
229.000000
581.000000
489.000000
2192.000000
160.000000
2879.000000
581.000000
2058.000000
269.000000
1668.000000
385.000000
728.000000
142.000000
7574.000000
536.000000
15.000000
417.000000
405.000000
1530.000000
172.000000
257.000000
89.000000
748.000000
84.000000
519.000000
72.000000
343.000000
752.000000
1246.000000
88.000000
135.000000
99.000000
345.000000
1098.000000
862.000000
404.000000
125.000000
333.000000
656.000000
429.000000
367.000000
366.000000
40.000000
177.000000
145.000000
190.000000
1020.000000
768.000000
186.000000
395.000000
145.000000
414.000000
591.000000
491.000000
1656.000000
536.000000
307.000000
170.000000
635.000000
1080.000000
643.000000
104.000000
99.000000
134.000000
392.000000
426.000000
82.000000
592.000000
44.000000
267.000000
308.000000
796.000000
925.000000
431.000000
208.000000
289.000000
363.000000
504.000000
1136.000000
2074.000000
323.000000
636.000000
2278.000000
425.000000
2235.000000
1044.000000
400.000000
188.000000
133.000000
211.000000
300.000000
451.000000
146.000000
1500.000000
106.000000
264.000000
447.000000
210.000000
284.000000
134.000000
386.000000
212.000000
388.000000
977.000000
904.000000
278.000000
293.000000
226.000000
172.000000
2297.000000
364.000000
410.000000
187.000000
296.000000
205.000000
146.000000
312.000000
1051.000000
105.000000
526.000000
705.000000
158.000000
636.000000
1660.000000
208.000000
164.000000
656.000000
1739.000000
112.000000
658.000000
693.000000
946.000000
185.000000
6954.000000
869.000000
641.000000
1392.000000
1808.000000
1548.000000
1425.000000
369.000000
836.000000
578.000000
417.000000
117.000000
261.000000
1173.000000
146.000000
432.000000
1985.000000
2910.000000
262.000000
141.000000
77.000000
677.000000
961.000000
70.000000
54.000000
548.000000
39.000000
969.000000
219.000000
266.000000
359.000000
174.000000
1085.000000
461.000000
561.000000
195.000000
799.000000
168.000000
758.000000
212.000000
330.000000
785.000000
138.000000
278.000000
746.000000
122.000000
2380.000000
685.000000
1476.000000
223.000000
339.000000
189.000000
398.000000
1111.000000
2586.000000
505.000000
303.000000
1090.000000
212.000000
1913.000000
189.000000
3305.000000
895.000000
162.000000
368.000000
834.000000
1355.000000
117.000000
161.000000
809.000000
258.000000
885.000000
377.000000
114.000000
75.000000
250.000000
92.000000
1145.000000
658.000000
423.000000
2166.000000
3204.000000
196.000000
350.000000
248.000000
3795.000000
451.000000
119.000000
344.000000
190.000000
610.000000
81.000000
140.000000
527.000000
493.000000
2573.000000
1111.000000
443.000000
102.000000
807.000000
341.000000
63.000000
289.000000
205.000000
740.000000
606.000000
241.000000
215.000000
787.000000
180.000000
734.000000
545.000000
368.000000
368.000000
152.000000
388.000000
3054.000000
182.000000
217.000000
149.000000
1710.000000
105.000000
1661.000000
257.000000
182.000000
862.000000
539.000000
210.000000
2403.000000
1041.000000
5657.000000
87.000000
260.000000
58.000000
43.000000
126.000000
309.000000
139.000000
431.000000
1510.000000
92.000000
447.000000
692.000000
322.000000
500.000000
505.000000
928.000000
864.000000
1275.000000
252.000000
219.000000
1203.000000
79.000000
80.000000
3577.000000
93.000000
246.000000
757.000000
4431.000000
101.000000
1014.000000
438.000000
399.000000
376.000000
216.000000
187.000000
2141.000000
300.000000
129.000000
924.000000
115.000000
8019.000000
76.000000
861.000000
87.000000
393.000000
422.000000
170.000000
136.000000
1640.000000
99.000000
508.000000
99.000000
224.000000
299.000000
720.000000
336.000000
479.000000
448.000000
152.000000
228.000000
1000.000000
436.000000
150.000000
163.000000
1394.000000
926.000000
69.000000
392.000000
729.000000
747.000000
779.000000
781.000000
881.000000
293.000000
4106.000000
958.000000
577.000000
253.000000
949.000000
43.000000
614.000000
191.000000
620.000000
42.000000
414.000000
719.000000
5938.000000
239.000000
199.000000
433.000000
318.000000
1097.000000
978.000000
2450.000000
149.000000
363.000000
873.000000
1026.000000
1239.000000
275.000000
640.000000
537.000000
359.000000
1431.000000
79.000000
388.000000
273.000000
423.000000
373.000000
358.000000
431.000000
155.000000
144.000000
610.000000
364.000000
2096.000000
767.000000
828.000000
1208.000000
228.000000
854.000000
313.000000
225.000000
85.000000
2447.000000
812.000000
348.000000
90.000000
1807.000000
546.000000
933.000000
1367.000000
365.000000
336.000000
645.000000
1268.000000
3256.000000
157.000000
269.000000
393.000000
559.000000
806.000000
46.000000
811.000000
337.000000
1397.000000
356.000000
134.000000
2069.000000
178.000000
1137.000000
118.000000
227.000000
685.000000
479.000000
134.000000
1542.000000
319.000000
456.000000
382.000000
523.000000
834.000000
261.000000
469.000000
548.000000
1046.000000
340.000000
1234.000000
204.000000
618.000000
81.000000
206.000000
352.000000
936.000000
496.000000
268.000000
269.000000
200.000000
990.000000
94.000000
186.000000
230.000000
3799.000000
211.000000
359.000000
904.000000
142.000000
1315.000000
630.000000
476.000000
195.000000
146.000000
81.000000
2971.000000
314.000000
156.000000
180.000000
173.000000
462.000000
344.000000
406.000000
704.000000
724.000000
112.000000
1105.000000
618.000000
1763.000000
1740.000000
2380.000000
430.000000
438.000000
785.000000
650.000000
2842.000000
424.000000
181.000000
377.000000
143.000000
3562.000000
693.000000
1143.000000
851.000000
349.000000
207.000000
831.000000
941.000000
151.000000
198.000000
1737.000000
568.000000
1510.000000
97.000000
445.000000
338.000000
287.000000
621.000000
833.000000
1088.000000
1291.000000
455.000000
267.000000
127.000000
145.000000
57.000000
2644.000000
1170.000000
189.000000
902.000000
419.000000
452.000000
296.000000
552.000000
320.000000
355.000000
855.000000
1132.000000
449.000000
252.000000
292.000000
185.000000
1464.000000
409.000000
391.000000
717.000000
358.000000
496.000000
216.000000
274.000000
1208.000000
152.000000
80.000000
207.000000
159.000000
3324.000000
481.000000
42.000000
351.000000
1166.000000
1505.000000
2132.000000
284.000000
186.000000
2132.000000
179.000000
589.000000
587.000000
518.000000
55.000000
285.000000
656.000000
790.000000
108.000000
105.000000
116.000000
457.000000
1342.000000
513.000000
430.000000
174.000000
489.000000
362.000000
173.000000
1592.000000
314.000000
502.000000
19.000000
210.000000
924.000000
83.000000
4794.000000
377.000000
1298.000000
619.000000
166.000000
1623.000000
2159.000000
679.000000
449.000000
1664.000000
363.000000
1450.000000
646.000000
1477.000000
67.000000
336.000000
207.000000
288.000000
1116.000000
754.000000
1001.000000
154.000000
877.000000
152.000000
1768.000000
691.000000
419.000000
988.000000
733.000000
199.000000
453.000000
319.000000
157.000000
687.000000
824.000000
42.000000
1567.000000
1271.000000
357.000000
307.000000
390.000000
140.000000
1052.000000
598.000000
1108.000000
145.000000
48.000000
745.000000
128.000000
302.000000
65.000000
622.000000
229.000000
874.000000
293.000000
303.000000
351.000000
860.000000
350.000000
472.000000
217.000000
208.000000
561.000000
98.000000
284.000000
385.000000
183.000000
290.000000
332.000000
922.000000
2430.000000
200.000000
1549.000000
523.000000
372.000000
153.000000
142.000000
470.000000
128.000000
533.000000
177.000000
2815.000000
469.000000
304.000000
727.000000
640.000000
378.000000
525.000000
1662.000000
471.000000
2836.000000
503.000000
113.000000
1607.000000
801.000000
256.000000
349.000000
371.000000
553.000000
428.000000
96.000000
161.000000
701.000000
760.000000
355.000000
357.000000
76.000000
255.000000
169.000000
2136.000000
592.000000
302.000000
442.000000
77.000000
925.000000
714.000000
93.000000
177.000000
168.000000
227.000000
241.000000
325.000000
311.000000
2984.000000
696.000000
716.000000
327.000000
1567.000000
141.000000
93.000000
2158.000000
265.000000
913.000000
1426.000000
340.000000
148.000000
1153.000000
1394.000000
1580.000000
610.000000
229.000000
129.000000
208.000000
125.000000
237.000000
74.000000
170.000000
924.000000
1135.000000
1044.000000
87.000000
142.000000
690.000000
1997.000000
510.000000
325.000000
851.000000
1311.000000
543.000000
67.000000
894.000000
540.000000
451.000000
248.000000
895.000000
786.000000
74.000000
598.000000
355.000000
532.000000
199.000000
31.000000
53.000000
390.000000
2491.000000
241.000000
486.000000
480.000000
422.000000
866.000000
445.000000
217.000000
418.000000
104.000000
78.000000
983.000000
705.000000
203.000000
79.000000
824.000000
944.000000
177.000000
856.000000
476.000000
1460.000000
1620.000000
229.000000
745.000000
848.000000
1303.000000
500.000000
1792.000000
534.000000
58.000000
1682.000000
395.000000
467.000000
417.000000
265.000000
1234.000000
154.000000
244.000000
488.000000
996.000000
332.000000
310.000000
542.000000
261.000000
385.000000
678.000000
487.000000
1088.000000
170.000000
267.000000
168.000000
106.000000
374.000000
264.000000
464.000000
99.000000
434.000000
69.000000
740.000000
213.000000
103.000000
1102.000000
189.000000
339.000000
333.000000
307.000000
118.000000
268.000000
697.000000
272.000000
262.000000
3183.000000
1217.000000
119.000000
344.000000
360.000000
441.000000
1449.000000
2275.000000
339.000000
205.000000
330.000000
336.000000
344.000000
736.000000
351.000000
319.000000
136.000000
825.000000
134.000000
499.000000
536.000000
1233.000000
997.000000
316.000000
281.000000
706.000000
239.000000
282.000000
318.000000
402.000000
62.000000
695.000000
121.000000
411.000000
2273.000000
2641.000000
870.000000
153.000000
361.000000
93.000000
868.000000
847.000000
190.000000
179.000000
590.000000
124.000000
