554.000000
630.000000
273.000000
597.000000
1361.000000
167.000000
131.000000
493.000000
274.000000
1471.000000
348.000000
696.000000
170.000000
1584.000000
927.000000
422.000000
1723.000000
717.000000
390.000000
2723.000000
1995.000000
376.000000
213.000000
295.000000
183.000000
3156.000000
970.000000
386.000000
164.000000
372.000000
180.000000
79.000000
168.000000
723.000000
300.000000
671.000000
216.000000
685.000000
202.000000
2070.000000
787.000000
566.000000
3823.000000
729.000000
101.000000
199.000000
338.000000
426.000000
1199.000000
565.000000
192.000000
605.000000
155.000000
291.000000
141.000000
214.000000
97.000000
275.000000
162.000000
85.000000
298.000000
955.000000
103.000000
181.000000
273.000000
589.000000
326.000000
256.000000
2417.000000
683.000000
299.000000
423.000000
355.000000
490.000000
1261.000000
338.000000
2522.000000
443.000000
67.000000
97.000000
124.000000
515.000000
720.000000
1018.000000
226.000000
558.000000
205.000000
748.000000
202.000000
391.000000
140.000000
238.000000
29.000000
1122.000000
417.000000
812.000000
811.000000
1950.000000
2720.000000
713.000000
405.000000
2574.000000
343.000000
324.000000
71.000000
635.000000
90.000000
352.000000
233.000000
2509.000000
300.000000
2141.000000
195.000000
711.000000
209.000000
513.000000
3289.000000
268.000000
202.000000
289.000000
152.000000
377.000000
1234.000000
410.000000
944.000000
233.000000
225.000000
152.000000
560.000000
154.000000
3421.000000
1243.000000
244.000000
120.000000
773.000000
150.000000
113.000000
157.000000
198.000000
180.000000
345.000000
1170.000000
599.000000
1332.000000
174.000000
2082.000000
15.000000
579.000000
441.000000
797.000000
4476.000000
78.000000
127.000000
316.000000
814.000000
566.000000
429.000000
135.000000
393.000000
330.000000
335.000000
309.000000
532.000000
652.000000
336.000000
1819.000000
668.000000
109.000000
184.000000
110.000000
295.000000
414.000000
661.000000
2065.000000
247.000000
102.000000
256.000000
378.000000
448.000000
907.000000
157.000000
2172.000000
241.000000
145.000000
170.000000
186.000000
616.000000
578.000000
138.000000
152.000000
479.000000
107.000000
1069.000000
1769.000000
452.000000
606.000000
225.000000
324.000000
676.000000
71.000000
367.000000
250.000000
394.000000
1127.000000
209.000000
947.000000
301.000000
536.000000
58.000000
16.000000
491.000000
2182.000000
185.000000
757.000000
506.000000
253.000000
349.000000
373.000000
372.000000
233.000000
166.000000
1276.000000
186.000000
105.000000
473.000000
477.000000
578.000000
1012.000000
245.000000
164.000000
1797.000000
30.000000
614.000000
1046.000000
195.000000
268.000000
271.000000
688.000000
1060.000000
1137.000000
32.000000
1030.000000
1581.000000
695.000000
473.000000
294.000000
113.000000
1001.000000
194.000000
783.000000
1759.000000
177.000000
287.000000
938.000000
505.000000
819.000000
637.000000
1125.000000
837.000000
46.000000
250.000000
394.000000
402.000000
264.000000
1412.000000
373.000000
1023.000000
204.000000
112.000000
472.000000
2319.000000
30.000000
256.000000
99.000000
182.000000
501.000000
222.000000
1191.000000
380.000000
2717.000000
475.000000
498.000000
361.000000
342.000000
1504.000000
812.000000
702.000000
225.000000
335.000000
249.000000
508.000000
7694.000000
869.000000
1964.000000
435.000000
587.000000
228.000000
731.000000
722.000000
1229.000000
137.000000
586.000000
244.000000
69.000000
1432.000000
184.000000
435.000000
1949.000000
440.000000
1066.000000
109.000000
2241.000000
73.000000
656.000000
318.000000
2086.000000
1744.000000
1153.000000
645.000000
1355.000000
452.000000
273.000000
57.000000
1051.000000
656.000000
2689.000000
219.000000
610.000000
159.000000
816.000000
141.000000
369.000000
782.000000
137.000000
827.000000
93.000000
534.000000
400.000000
51.000000
910.000000
971.000000
169.000000
557.000000
2188.000000
22.000000
691.000000
157.000000
382.000000
2254.000000
353.000000
828.000000
447.000000
1319.000000
1410.000000
818.000000
127.000000
206.000000
1314.000000
738.000000
131.000000
1096.000000
161.000000
70.000000
758.000000
619.000000
698.000000
1477.000000
1028.000000
4390.000000
764.000000
941.000000
460.000000
4487.000000
906.000000
318.000000
459.000000
126.000000
554.000000
400.000000
112.000000
880.000000
361.000000
571.000000
514.000000
269.000000
266.000000
461.000000
154.000000
630.000000
695.000000
115.000000
824.000000
127.000000
157.000000
1114.000000
837.000000
213.000000
2348.000000
472.000000
114.000000
634.000000
303.000000
571.000000
599.000000
49.000000
1305.000000
1023.000000
314.000000
182.000000
111.000000
1004.000000
949.000000
366.000000
1023.000000
414.000000
209.000000
416.000000
243.000000
1140.000000
364.000000
540.000000
506.000000
942.000000
285.000000
109.000000
145.000000
115.000000
362.000000
254.000000
217.000000
142.000000
2000.000000
89.000000
168.000000
152.000000
554.000000
162.000000
893.000000
168.000000
642.000000
377.000000
418.000000
2943.000000
2691.000000
608.000000
548.000000
473.000000
1070.000000
960.000000
297.000000
35.000000
96.000000
642.000000
1305.000000
432.000000
822.000000
1164.000000
308.000000
658.000000
740.000000
1579.000000
638.000000
614.000000
452.000000
2263.000000
201.000000
1395.000000
315.000000
209.000000
154.000000
403.000000
841.000000
2026.000000
66.000000
397.000000
267.000000
235.000000
166.000000
473.000000
1191.000000
396.000000
299.000000
969.000000
1451.000000
417.000000
369.000000
526.000000
617.000000
337.000000
607.000000
158.000000
138.000000
87.000000
2264.000000
275.000000
290.000000
636.000000
472.000000
82.000000
130.000000
1916.000000
11396.000000
1796.000000
1673.000000
1708.000000
486.000000
555.000000
124.000000
295.000000
315.000000
392.000000
387.000000
124.000000
733.000000
1232.000000
84.000000
210.000000
103.000000
157.000000
177.000000
84.000000
138.000000
724.000000
664.000000
432.000000
1571.000000
186.000000
639.000000
106.000000
35.000000
84.000000
378.000000
322.000000
1121.000000
577.000000
294.000000
372.000000
37.000000
381.000000
2256.000000
589.000000
440.000000
154.000000
374.000000
758.000000
279.000000
317.000000
580.000000
319.000000
1960.000000
232.000000
481.000000
891.000000
1533.000000
142.000000
188.000000
511.000000
167.000000
831.000000
1949.000000
3411.000000
509.000000
77.000000
61.000000
79.000000
297.000000
134.000000
418.000000
2527.000000
82.000000
604.000000
163.000000
1100.000000
439.000000
780.000000
238.000000
799.000000
682.000000
132.000000
556.000000
207.000000
271.000000
332.000000
422.000000
310.000000
936.000000
205.000000
2080.000000
898.000000
757.000000
536.000000
133.000000
102.000000
512.000000
236.000000
1413.000000
933.000000
846.000000
47.000000
1947.000000
1100.000000
394.000000
218.000000
341.000000
355.000000
316.000000
711.000000
235.000000
442.000000
1327.000000
175.000000
838.000000
774.000000
544.000000
134.000000
439.000000
1781.000000
582.000000
173.000000
1344.000000
266.000000
140.000000
175.000000
440.000000
273.000000
295.000000
267.000000
1138.000000
465.000000
409.000000
364.000000
542.000000
389.000000
1194.000000
1602.000000
218.000000
102.000000
621.000000
94.000000
4231.000000
167.000000
116.000000
203.000000
118.000000
308.000000
150.000000
238.000000
351.000000
53.000000
256.000000
162.000000
618.000000
2328.000000
2452.000000
3101.000000
458.000000
529.000000
58.000000
1996.000000
185.000000
269.000000
458.000000
438.000000
992.000000
454.000000
157.000000
895.000000
235.000000
337.000000
45.000000
339.000000
222.000000
1396.000000
1565.000000
776.000000
87.000000
358.000000
132.000000
1018.000000
888.000000
246.000000
135.000000
1382.000000
90.000000
131.000000
1162.000000
567.000000
237.000000
442.000000
754.000000
1282.000000
771.000000
429.000000
80.000000
74.000000
45.000000
1826.000000
226.000000
845.000000
1823.000000
93.000000
877.000000
178.000000
61.000000
518.000000
423.000000
232.000000
374.000000
278.000000
903.000000
1151.000000
374.000000
216.000000
129.000000
740.000000
1987.000000
357.000000
747.000000
941.000000
506.000000
119.000000
398.000000
2436.000000
445.000000
239.000000
117.000000
8553.000000
603.000000
241.000000
132.000000
2465.000000
239.000000
154.000000
944.000000
1581.000000
2243.000000
1343.000000
653.000000
274.000000
300.000000
743.000000
907.000000
696.000000
59.000000
417.000000
988.000000
853.000000
1102.000000
803.000000
171.000000
222.000000
765.000000
170.000000
1391.000000
475.000000
400.000000
164.000000
282.000000
677.000000
2851.000000
746.000000
111.000000
170.000000
591.000000
224.000000
122.000000
306.000000
100.000000
3238.000000
1528.000000
176.000000
538.000000
611.000000
652.000000
1153.000000
50.000000
328.000000
162.000000
1026.000000
60.000000
1275.000000
1833.000000
729.000000
190.000000
403.000000
133.000000
237.000000
275.000000
1179.000000
357.000000
101.000000
270.000000
18.000000
834.000000
144.000000
347.000000
590.000000
99.000000
465.000000
948.000000
315.000000
59.000000
169.000000
343.000000
126.000000
360.000000
242.000000
295.000000
238.000000
212.000000
111.000000
655.000000
451.000000
104.000000
138.000000
496.000000
127.000000
441.000000
625.000000
44.000000
293.000000
255.000000
994.000000
1449.000000
232.000000
126.000000
586.000000
213.000000
462.000000
387.000000
371.000000
214.000000
452.000000
228.000000
196.000000
171.000000
226.000000
608.000000
102.000000
106.000000
1167.000000
105.000000
841.000000
89.000000
516.000000
178.000000
324.000000
1029.000000
683.000000
84.000000
755.000000
110.000000
190.000000
393.000000
302.000000
780.000000
749.000000
493.000000
202.000000
65.000000
1367.000000
725.000000
1301.000000
866.000000
1589.000000
55.000000
109.000000
438.000000
504.000000
109.000000
634.000000
177.000000
952.000000
537.000000
2062.000000
417.000000
223.000000
483.000000
608.000000
103.000000
162.000000
1731.000000
1023.000000
569.000000
406.000000
1572.000000
562.000000
327.000000
111.000000
302.000000
356.000000
816.000000
322.000000
153.000000
844.000000
378.000000
284.000000
229.000000
1352.000000
26.000000
975.000000
127.000000
181.000000
224.000000
3022.000000
865.000000
528.000000
800.000000
258.000000
1196.000000
80.000000
393.000000
232.000000
3975.000000
258.000000
844.000000
288.000000
1662.000000
402.000000
129.000000
544.000000
763.000000
211.000000
1706.000000
342.000000
255.000000
664.000000
253.000000
309.000000
1367.000000
736.000000
1994.000000
352.000000
874.000000
281.000000
282.000000
1308.000000
123.000000
777.000000
401.000000
476.000000
1062.000000
339.000000
249.000000
471.000000
878.000000
280.000000
628.000000
208.000000
2450.000000
393.000000
1039.000000
120.000000
557.000000
356.000000
700.000000
426.000000
298.000000
316.000000
564.000000
186.000000
732.000000
815.000000
857.000000
1189.000000
685.000000
38.000000
1750.000000
623.000000
374.000000
432.000000
448.000000
288.000000
417.000000
935.000000
344.000000
44.000000
593.000000
296.000000
282.000000
236.000000
126.000000
1619.000000
709.000000
745.000000
330.000000
869.000000
1459.000000
319.000000
422.000000
47.000000
2670.000000
233.000000
219.000000
1650.000000
99.000000
693.000000
417.000000
168.000000
2568.000000
