3757.000000
162.000000
158.000000
80.000000
400.000000
118.000000
258.000000
108.000000
1470.000000
984.000000
574.000000
2911.000000
687.000000
560.000000
1885.000000
1587.000000
1467.000000
367.000000
190.000000
667.000000
363.000000
969.000000
733.000000
561.000000
52.000000
260.000000
429.000000
246.000000
481.000000
736.000000
406.000000
710.000000
74.000000
802.000000
390.000000
846.000000
334.000000
2100.000000
99.000000
335.000000
282.000000
152.000000
958.000000
270.000000
468.000000
553.000000
260.000000
467.000000
362.000000
594.000000
138.000000
911.000000
211.000000
317.000000
163.000000
272.000000
444.000000
269.000000
275.000000
812.000000
1755.000000
285.000000
494.000000
126.000000
265.000000
707.000000
166.000000
438.000000
1441.000000
174.000000
236.000000
144.000000
228.000000
192.000000
102.000000
90.000000
255.000000
333.000000
610.000000
102.000000
972.000000
342.000000
708.000000
188.000000
643.000000
354.000000
646.000000
538.000000
565.000000
184.000000
1649.000000
242.000000
812.000000
1350.000000
287.000000
613.000000
226.000000
5521.000000
22.000000
276.000000
182.000000
988.000000
784.000000
310.000000
595.000000
214.000000
77.000000
346.000000
266.000000
663.000000
1911.000000
266.000000
875.000000
147.000000
1144.000000
495.000000
677.000000
482.000000
591.000000
257.000000
702.000000
750.000000
819.000000
178.000000
358.000000
183.000000
760.000000
146.000000
149.000000
112.000000
74.000000
751.000000
904.000000
416.000000
327.000000
613.000000
652.000000
1222.000000
619.000000
3342.000000
480.000000
707.000000
2545.000000
734.000000
436.000000
162.000000
432.000000
149.000000
1305.000000
165.000000
790.000000
235.000000
120.000000
7947.000000
218.000000
114.000000
510.000000
425.000000
317.000000
1845.000000
83.000000
84.000000
888.000000
763.000000
135.000000
387.000000
72.000000
103.000000
2517.000000
234.000000
1077.000000
2126.000000
1209.000000
1345.000000
141.000000
772.000000
1907.000000
324.000000
199.000000
165.000000
190.000000
220.000000
391.000000
170.000000
1239.000000
171.000000
2844.000000
1200.000000
447.000000
2492.000000
208.000000
56.000000
422.000000
387.000000
178.000000
1550.000000
312.000000
48.000000
176.000000
260.000000
1427.000000
1087.000000
1764.000000
169.000000
1502.000000
1205.000000
633.000000
743.000000
436.000000
171.000000
87.000000
556.000000
1774.000000
308.000000
2258.000000
73.000000
4954.000000
82.000000
359.000000
65.000000
349.000000
119.000000
688.000000
230.000000
1893.000000
577.000000
417.000000
253.000000
433.000000
38.000000
1089.000000
163.000000
70.000000
642.000000
152.000000
1045.000000
417.000000
759.000000
102.000000
995.000000
171.000000
2971.000000
212.000000
171.000000
175.000000
794.000000
1056.000000
390.000000
1116.000000
762.000000
1394.000000
639.000000
264.000000
372.000000
32.000000
1373.000000
69.000000
2419.000000
1305.000000
133.000000
272.000000
450.000000
245.000000
1200.000000
542.000000
821.000000
204.000000
122.000000
722.000000
295.000000
466.000000
447.000000
544.000000
363.000000
1001.000000
1899.000000
514.000000
149.000000
1510.000000
1977.000000
58.000000
462.000000
339.000000
102.000000
847.000000
478.000000
178.000000
691.000000
197.000000
402.000000
271.000000
205.000000
1089.000000
405.000000
31.000000
431.000000
1680.000000
180.000000
608.000000
69.000000
1014.000000
314.000000
104.000000
185.000000
1381.000000
462.000000
705.000000
2401.000000
298.000000
366.000000
598.000000
51.000000
263.000000
253.000000
157.000000
922.000000
198.000000
434.000000
810.000000
43.000000
403.000000
310.000000
381.000000
626.000000
344.000000
628.000000
480.000000
329.000000
250.000000
1578.000000
373.000000
542.000000
365.000000
500.000000
354.000000
1208.000000
1003.000000
149.000000
532.000000
454.000000
177.000000
1704.000000
283.000000
746.000000
771.000000
474.000000
202.000000
124.000000
53.000000
3036.000000
652.000000
125.000000
53.000000
240.000000
176.000000
417.000000
288.000000
715.000000
272.000000
1818.000000
258.000000
1287.000000
129.000000
334.000000
148.000000
225.000000
78.000000
592.000000
969.000000
437.000000
132.000000
509.000000
767.000000
121.000000
499.000000
110.000000
46.000000
2019.000000
2129.000000
315.000000
405.000000
1001.000000
220.000000
934.000000
207.000000
593.000000
76.000000
582.000000
508.000000
600.000000
1057.000000
681.000000
239.000000
825.000000
1014.000000
386.000000
181.000000
150.000000
457.000000
950.000000
2792.000000
445.000000
1035.000000
840.000000
1746.000000
419.000000
400.000000
394.000000
153.000000
1923.000000
311.000000
56.000000
214.000000
916.000000
201.000000
523.000000
404.000000
1249.000000
708.000000
575.000000
1131.000000
498.000000
217.000000
255.000000
1112.000000
433.000000
2010.000000
556.000000
1749.000000
633.000000
439.000000
257.000000
864.000000
432.000000
170.000000
1212.000000
45.000000
1749.000000
1986.000000
180.000000
91.000000
198.000000
73.000000
3247.000000
483.000000
225.000000
119.000000
768.000000
365.000000
152.000000
138.000000
1445.000000
433.000000
67.000000
239.000000
327.000000
131.000000
210.000000
5421.000000
69.000000
164.000000
445.000000
1222.000000
144.000000
2569.000000
114.000000
396.000000
380.000000
362.000000
6055.000000
384.000000
353.000000
408.000000
894.000000
484.000000
387.000000
784.000000
207.000000
98.000000
71.000000
1726.000000
219.000000
927.000000
161.000000
2396.000000
979.000000
406.000000
324.000000
63.000000
3355.000000
494.000000
186.000000
142.000000
679.000000
428.000000
248.000000
738.000000
1433.000000
2025.000000
106.000000
1595.000000
2007.000000
630.000000
223.000000
315.000000
217.000000
438.000000
427.000000
194.000000
556.000000
353.000000
109.000000
924.000000
143.000000
167.000000
150.000000
480.000000
499.000000
157.000000
219.000000
340.000000
1062.000000
351.000000
494.000000
145.000000
246.000000
747.000000
241.000000
226.000000
345.000000
285.000000
1034.000000
184.000000
92.000000
138.000000
212.000000
334.000000
236.000000
372.000000
458.000000
304.000000
213.000000
322.000000
714.000000
3284.000000
842.000000
233.000000
171.000000
491.000000
1778.000000
448.000000
798.000000
1918.000000
4581.000000
611.000000
447.000000
41.000000
479.000000
514.000000
79.000000
170.000000
130.000000
1060.000000
1055.000000
181.000000
1180.000000
930.000000
926.000000
700.000000
1113.000000
39.000000
579.000000
207.000000
894.000000
225.000000
48.000000
1666.000000
1510.000000
55.000000
848.000000
3549.000000
994.000000
819.000000
776.000000
542.000000
639.000000
477.000000
63.000000
466.000000
963.000000
88.000000
298.000000
165.000000
699.000000
1278.000000
430.000000
246.000000
161.000000
523.000000
120.000000
408.000000
795.000000
1973.000000
1377.000000
31.000000
468.000000
372.000000
702.000000
716.000000
1083.000000
801.000000
57.000000
90.000000
703.000000
187.000000
43.000000
1324.000000
387.000000
1015.000000
232.000000
570.000000
746.000000
163.000000
770.000000
549.000000
85.000000
226.000000
351.000000
79.000000
633.000000
614.000000
904.000000
658.000000
600.000000
123.000000
131.000000
229.000000
595.000000
507.000000
2231.000000
145.000000
451.000000
1254.000000
1843.000000
1581.000000
1019.000000
567.000000
104.000000
633.000000
173.000000
1477.000000
444.000000
658.000000
1049.000000
203.000000
75.000000
602.000000
1531.000000
1664.000000
203.000000
279.000000
217.000000
3075.000000
192.000000
120.000000
636.000000
1906.000000
694.000000
1739.000000
192.000000
203.000000
221.000000
1983.000000
333.000000
271.000000
242.000000
2745.000000
327.000000
516.000000
86.000000
90.000000
165.000000
253.000000
199.000000
803.000000
145.000000
524.000000
1002.000000
244.000000
351.000000
515.000000
238.000000
272.000000
241.000000
528.000000
464.000000
233.000000
842.000000
1263.000000
154.000000
57.000000
406.000000
491.000000
803.000000
420.000000
281.000000
3036.000000
49.000000
28.000000
299.000000
292.000000
256.000000
1166.000000
383.000000
339.000000
484.000000
90.000000
422.000000
276.000000
305.000000
190.000000
113.000000
163.000000
381.000000
373.000000
453.000000
280.000000
253.000000
157.000000
753.000000
269.000000
387.000000
1825.000000
65.000000
210.000000
1065.000000
766.000000
282.000000
190.000000
1052.000000
178.000000
527.000000
859.000000
4197.000000
100.000000
362.000000
522.000000
88.000000
172.000000
89.000000
1812.000000
208.000000
1102.000000
886.000000
265.000000
116.000000
183.000000
695.000000
391.000000
203.000000
612.000000
1276.000000
374.000000
821.000000
949.000000
145.000000
542.000000
517.000000
1579.000000
549.000000
301.000000
168.000000
992.000000
122.000000
271.000000
641.000000
546.000000
101.000000
2695.000000
195.000000
125.000000
1175.000000
433.000000
1041.000000
858.000000
348.000000
650.000000
166.000000
167.000000
1233.000000
237.000000
600.000000
521.000000
328.000000
689.000000
174.000000
281.000000
1504.000000
282.000000
194.000000
98.000000
2553.000000
290.000000
83.000000
233.000000
157.000000
470.000000
567.000000
71.000000
330.000000
32.000000
484.000000
2846.000000
878.000000
97.000000
188.000000
739.000000
681.000000
272.000000
412.000000
234.000000
118.000000
1686.000000
1445.000000
39.000000
215.000000
481.000000
280.000000
1107.000000
168.000000
797.000000
2510.000000
465.000000
1263.000000
567.000000
1327.000000
404.000000
2668.000000
197.000000
190.000000
723.000000
461.000000
325.000000
749.000000
1412.000000
166.000000
1021.000000
620.000000
330.000000
439.000000
105.000000
608.000000
5824.000000
367.000000
746.000000
224.000000
601.000000
635.000000
841.000000
115.000000
150.000000
781.000000
398.000000
553.000000
276.000000
971.000000
539.000000
833.000000
287.000000
6411.000000
370.000000
92.000000
216.000000
86.000000
412.000000
31.000000
193.000000
393.000000
107.000000
560.000000
47.000000
200.000000
1159.000000
2034.000000
1163.000000
265.000000
990.000000
12751.000000
942.000000
876.000000
1396.000000
2127.000000
638.000000
306.000000
195.000000
148.000000
465.000000
631.000000
494.000000
73.000000
495.000000
1945.000000
879.000000
203.000000
118.000000
689.000000
372.000000
781.000000
200.000000
229.000000
144.000000
96.000000
636.000000
636.000000
227.000000
275.000000
225.000000
282.000000
1454.000000
2119.000000
160.000000
231.000000
1464.000000
147.000000
579.000000
173.000000
395.000000
483.000000
1482.000000
314.000000
571.000000
7136.000000
881.000000
978.000000
438.000000
470.000000
404.000000
114.000000
674.000000
789.000000
242.000000
79.000000
304.000000
667.000000
296.000000
305.000000
1460.000000
561.000000
215.000000
311.000000
203.000000
877.000000
163.000000
1233.000000
388.000000
119.000000
80.000000
309.000000
104.000000
2345.000000
255.000000
837.000000
104.000000
686.000000
538.000000
231.000000
73.000000
1295.000000
149.000000
1344.000000
1331.000000
280.000000
723.000000
158.000000
26.000000
1764.000000
312.000000
389.000000
968.000000
182.000000
1505.000000
248.000000
1227.000000
260.000000
188.000000
865.000000
686.000000
385.000000
619.000000
921.000000
210.000000
99.000000
1038.000000
88.000000
189.000000
267.000000
58.000000
871.000000
430.000000
359.000000
