366.000000
140.000000
450.000000
281.000000
489.000000
185.000000
203.000000
2505.000000
462.000000
402.000000
275.000000
71.000000
1286.000000
963.000000
487.000000
914.000000
40.000000
93.000000
439.000000
25.000000
479.000000
724.000000
879.000000
316.000000
451.000000
328.000000
154.000000
465.000000
261.000000
526.000000
841.000000
258.000000
1361.000000
1198.000000
527.000000
201.000000
92.000000
115.000000
317.000000
243.000000
967.000000
176.000000
56.000000
605.000000
49.000000
207.000000
1317.000000
998.000000
106.000000
1394.000000
565.000000
1160.000000
6470.000000
5554.000000
532.000000
608.000000
91.000000
288.000000
320.000000
223.000000
1828.000000
234.000000
384.000000
298.000000
1388.000000
3734.000000
539.000000
651.000000
311.000000
1281.000000
1021.000000
2627.000000
112.000000
280.000000
45.000000
333.000000
562.000000
653.000000
813.000000
279.000000
336.000000
2271.000000
179.000000
665.000000
398.000000
405.000000
2133.000000
406.000000
57.000000
531.000000
389.000000
263.000000
179.000000
453.000000
773.000000
246.000000
376.000000
2592.000000
1352.000000
296.000000
105.000000
668.000000
256.000000
359.000000
745.000000
672.000000
1123.000000
85.000000
1036.000000
299.000000
201.000000
197.000000
280.000000
163.000000
178.000000
94.000000
752.000000
155.000000
455.000000
287.000000
450.000000
104.000000
37.000000
869.000000
659.000000
173.000000
512.000000
118.000000
622.000000
1088.000000
1917.000000
391.000000
226.000000
816.000000
137.000000
381.000000
13.000000
285.000000
486.000000
232.000000
1466.000000
389.000000
1627.000000
68.000000
135.000000
413.000000
1059.000000
242.000000
975.000000
224.000000
1006.000000
752.000000
747.000000
329.000000
1017.000000
715.000000
166.000000
258.000000
805.000000
125.000000
1386.000000
175.000000
2006.000000
217.000000
330.000000
43.000000
204.000000
92.000000
97.000000
199.000000
324.000000
75.000000
1170.000000
1607.000000
87.000000
119.000000
282.000000
1078.000000
150.000000
312.000000
101.000000
292.000000
255.000000
425.000000
318.000000
942.000000
38.000000
294.000000
141.000000
175.000000
150.000000
691.000000
202.000000
768.000000
1459.000000
1176.000000
85.000000
485.000000
411.000000
994.000000
100.000000
1627.000000
350.000000
231.000000
814.000000
496.000000
222.000000
649.000000
1016.000000
87.000000
137.000000
1322.000000
139.000000
739.000000
421.000000
945.000000
356.000000
819.000000
170.000000
317.000000
881.000000
359.000000
333.000000
237.000000
88.000000
526.000000
238.000000
202.000000
119.000000
686.000000
111.000000
150.000000
902.000000
301.000000
398.000000
301.000000
3870.000000
751.000000
408.000000
536.000000
1326.000000
350.000000
156.000000
76.000000
509.000000
350.000000
722.000000
1010.000000
200.000000
715.000000
6313.000000
90.000000
257.000000
222.000000
209.000000
79.000000
149.000000
435.000000
725.000000
2472.000000
958.000000
370.000000
72.000000
1497.000000
105.000000
1947.000000
221.000000
364.000000
1334.000000
977.000000
156.000000
321.000000
1214.000000
279.000000
480.000000
157.000000
213.000000
102.000000
203.000000
353.000000
119.000000
145.000000
540.000000
1308.000000
73.000000
642.000000
170.000000
118.000000
292.000000
90.000000
654.000000
276.000000
220.000000
1686.000000
74.000000
488.000000
154.000000
1754.000000
692.000000
47.000000
1858.000000
494.000000
236.000000
167.000000
315.000000
1550.000000
395.000000
178.000000
271.000000
189.000000
48.000000
479.000000
531.000000
301.000000
640.000000
753.000000
131.000000
923.000000
141.000000
982.000000
385.000000
606.000000
1849.000000
196.000000
776.000000
984.000000
2018.000000
299.000000
202.000000
1242.000000
1911.000000
201.000000
474.000000
282.000000
218.000000
340.000000
55.000000
429.000000
916.000000
845.000000
276.000000
216.000000
264.000000
672.000000
178.000000
309.000000
1359.000000
3677.000000
358.000000
867.000000
429.000000
419.000000
293.000000
249.000000
1575.000000
1871.000000
499.000000
19686.000000
32.000000
240.000000
684.000000
596.000000
588.000000
105.000000
311.000000
55.000000
228.000000
232.000000
821.000000
798.000000
1231.000000
388.000000
359.000000
85.000000
157.000000
893.000000
70.000000
131.000000
733.000000
1009.000000
500.000000
798.000000
950.000000
1314.000000
168.000000
769.000000
474.000000
290.000000
466.000000
2162.000000
235.000000
415.000000
262.000000
609.000000
87.000000
140.000000
2636.000000
619.000000
2714.000000
1604.000000
304.000000
35.000000
660.000000
92.000000
486.000000
568.000000
112.000000
431.000000
309.000000
24.000000
379.000000
342.000000
445.000000
236.000000
1048.000000
33.000000
180.000000
78.000000
476.000000
192.000000
637.000000
452.000000
614.000000
984.000000
1037.000000
535.000000
204.000000
272.000000
369.000000
2097.000000
364.000000
1432.000000
237.000000
238.000000
82.000000
1679.000000
833.000000
302.000000
462.000000
2430.000000
409.000000
111.000000
441.000000
730.000000
93.000000
940.000000
2460.000000
158.000000
330.000000
454.000000
270.000000
1109.000000
451.000000
88.000000
501.000000
374.000000
148.000000
1648.000000
2335.000000
532.000000
245.000000
411.000000
331.000000
126.000000
164.000000
246.000000
1002.000000
729.000000
433.000000
140.000000
696.000000
37.000000
245.000000
544.000000
275.000000
654.000000
293.000000
705.000000
503.000000
935.000000
72.000000
459.000000
356.000000
405.000000
560.000000
324.000000
2082.000000
510.000000
2562.000000
866.000000
142.000000
1171.000000
139.000000
674.000000
197.000000
315.000000
511.000000
151.000000
50.000000
997.000000
150.000000
276.000000
613.000000
206.000000
268.000000
50.000000
1397.000000
1182.000000
455.000000
249.000000
174.000000
496.000000
230.000000
273.000000
1262.000000
176.000000
128.000000
872.000000
197.000000
561.000000
162.000000
178.000000
318.000000
189.000000
618.000000
198.000000
348.000000
12301.000000
370.000000
114.000000
86.000000
222.000000
3442.000000
613.000000
310.000000
45.000000
113.000000
360.000000
437.000000
494.000000
645.000000
3397.000000
371.000000
415.000000
172.000000
187.000000
91.000000
648.000000
658.000000
145.000000
1742.000000
4863.000000
2046.000000
384.000000
418.000000
872.000000
680.000000
1152.000000
191.000000
121.000000
670.000000
241.000000
1535.000000
1766.000000
1235.000000
843.000000
330.000000
589.000000
765.000000
795.000000
314.000000
193.000000
579.000000
545.000000
136.000000
258.000000
232.000000
230.000000
599.000000
1382.000000
301.000000
336.000000
296.000000
741.000000
642.000000
262.000000
357.000000
526.000000
254.000000
2190.000000
297.000000
1412.000000
607.000000
89.000000
272.000000
330.000000
104.000000
215.000000
730.000000
197.000000
1482.000000
311.000000
218.000000
414.000000
962.000000
47.000000
88.000000
3008.000000
332.000000
256.000000
387.000000
412.000000
541.000000
67.000000
641.000000
712.000000
103.000000
903.000000
886.000000
939.000000
260.000000
105.000000
419.000000
236.000000
234.000000
1612.000000
177.000000
27.000000
1459.000000
4500.000000
251.000000
234.000000
2069.000000
175.000000
124.000000
501.000000
653.000000
322.000000
395.000000
650.000000
279.000000
417.000000
401.000000
418.000000
188.000000
918.000000
338.000000
537.000000
377.000000
4425.000000
212.000000
33.000000
623.000000
983.000000
228.000000
166.000000
342.000000
13639.000000
1380.000000
872.000000
570.000000
174.000000
220.000000
185.000000
368.000000
364.000000
436.000000
1264.000000
923.000000
279.000000
110.000000
1567.000000
232.000000
68.000000
187.000000
1236.000000
188.000000
723.000000
1566.000000
1027.000000
1060.000000
201.000000
251.000000
62.000000
522.000000
765.000000
223.000000
213.000000
376.000000
884.000000
569.000000
366.000000
678.000000
1079.000000
513.000000
206.000000
210.000000
523.000000
1287.000000
47.000000
125.000000
601.000000
738.000000
216.000000
162.000000
798.000000
902.000000
1826.000000
571.000000
489.000000
284.000000
426.000000
651.000000
456.000000
619.000000
235.000000
84.000000
1378.000000
430.000000
202.000000
900.000000
598.000000
281.000000
331.000000
556.000000
118.000000
622.000000
51.000000
519.000000
127.000000
908.000000
405.000000
483.000000
36.000000
204.000000
750.000000
547.000000
108.000000
933.000000
1620.000000
222.000000
271.000000
1750.000000
224.000000
50.000000
449.000000
468.000000
256.000000
1658.000000
628.000000
1281.000000
584.000000
99.000000
350.000000
1730.000000
119.000000
117.000000
101.000000
785.000000
251.000000
628.000000
993.000000
214.000000
145.000000
156.000000
400.000000
351.000000
809.000000
235.000000
1719.000000
391.000000
256.000000
1686.000000
533.000000
416.000000
363.000000
2950.000000
180.000000
513.000000
228.000000
507.000000
228.000000
182.000000
303.000000
179.000000
208.000000
1566.000000
1331.000000
904.000000
928.000000
438.000000
228.000000
122.000000
496.000000
1851.000000
667.000000
51.000000
200.000000
420.000000
138.000000
872.000000
184.000000
158.000000
142.000000
103.000000
809.000000
617.000000
458.000000
28.000000
304.000000
715.000000
321.000000
37.000000
222.000000
538.000000
69.000000
1304.000000
275.000000
395.000000
959.000000
945.000000
218.000000
128.000000
228.000000
218.000000
1242.000000
40.000000
70.000000
202.000000
1808.000000
244.000000
35.000000
837.000000
352.000000
388.000000
5605.000000
403.000000
416.000000
3645.000000
651.000000
297.000000
964.000000
1693.000000
650.000000
669.000000
578.000000
231.000000
229.000000
1304.000000
838.000000
338.000000
458.000000
706.000000
295.000000
792.000000
331.000000
762.000000
70.000000
919.000000
582.000000
551.000000
878.000000
1718.000000
509.000000
768.000000
2154.000000
1030.000000
16.000000
672.000000
1141.000000
401.000000
336.000000
151.000000
206.000000
313.000000
316.000000
189.000000
106.000000
594.000000
690.000000
419.000000
1074.000000
1227.000000
499.000000
534.000000
620.000000
490.000000
354.000000
460.000000
270.000000
280.000000
520.000000
342.000000
145.000000
526.000000
2796.000000
422.000000
272.000000
146.000000
524.000000
849.000000
1191.000000
957.000000
348.000000
50.000000
984.000000
730.000000
320.000000
2719.000000
274.000000
320.000000
176.000000
1996.000000
622.000000
208.000000
483.000000
247.000000
24.000000
388.000000
543.000000
129.000000
107.000000
294.000000
278.000000
1414.000000
502.000000
1334.000000
1100.000000
383.000000
172.000000
393.000000
502.000000
410.000000
779.000000
198.000000
320.000000
1316.000000
71.000000
100.000000
750.000000
490.000000
155.000000
118.000000
686.000000
324.000000
1194.000000
71.000000
368.000000
311.000000
141.000000
138.000000
182.000000
1043.000000
375.000000
95.000000
312.000000
576.000000
36.000000
1531.000000
553.000000
664.000000
135.000000
266.000000
1154.000000
28.000000
1216.000000
1165.000000
286.000000
949.000000
464.000000
853.000000
882.000000
469.000000
1132.000000
96.000000
223.000000
279.000000
140.000000
1318.000000
482.000000
1308.000000
178.000000
66.000000
219.000000
207.000000
87.000000
91.000000
235.000000
366.000000
194.000000
114.000000
290.000000
636.000000
431.000000
471.000000
421.000000
301.000000
1474.000000
192.000000
332.000000
