1095.000000
801.000000
597.000000
1537.000000
91.000000
263.000000
909.000000
236.000000
118.000000
452.000000
536.000000
169.000000
1365.000000
4743.000000
1833.000000
364.000000
2711.000000
441.000000
52.000000
772.000000
1035.000000
68.000000
42.000000
154.000000
534.000000
1297.000000
310.000000
377.000000
874.000000
426.000000
1252.000000
169.000000
374.000000
130.000000
2657.000000
384.000000
146.000000
5796.000000
731.000000
341.000000
260.000000
179.000000
158.000000
1360.000000
519.000000
725.000000
1444.000000
1521.000000
1010.000000
335.000000
276.000000
108.000000
191.000000
599.000000
227.000000
236.000000
383.000000
1158.000000
299.000000
554.000000
2679.000000
391.000000
339.000000
287.000000
265.000000
93.000000
1472.000000
151.000000
664.000000
421.000000
382.000000
1116.000000
551.000000
698.000000
310.000000
750.000000
2000.000000
1257.000000
708.000000
131.000000
836.000000
115.000000
336.000000
221.000000
416.000000
56.000000
1195.000000
131.000000
242.000000
1478.000000
122.000000
349.000000
467.000000
334.000000
350.000000
331.000000
1164.000000
101.000000
1850.000000
478.000000
193.000000
1565.000000
823.000000
95.000000
1992.000000
175.000000
786.000000
942.000000
115.000000
1299.000000
766.000000
190.000000
195.000000
344.000000
883.000000
605.000000
671.000000
587.000000
249.000000
769.000000
120.000000
1137.000000
606.000000
130.000000
1091.000000
248.000000
676.000000
336.000000
194.000000
676.000000
1504.000000
585.000000
911.000000
506.000000
503.000000
609.000000
1234.000000
380.000000
148.000000
337.000000
825.000000
644.000000
173.000000
219.000000
4633.000000
117.000000
522.000000
837.000000
278.000000
1176.000000
513.000000
417.000000
416.000000
184.000000
1966.000000
342.000000
580.000000
1236.000000
106.000000
166.000000
499.000000
437.000000
94.000000
469.000000
1038.000000
433.000000
235.000000
527.000000
276.000000
318.000000
2598.000000
288.000000
437.000000
340.000000
324.000000
273.000000
31.000000
1766.000000
663.000000
519.000000
1983.000000
1950.000000
1089.000000
503.000000
3261.000000
332.000000
686.000000
397.000000
94.000000
565.000000
699.000000
322.000000
608.000000
863.000000
202.000000
1015.000000
31.000000
1630.000000
363.000000
175.000000
326.000000
368.000000
1140.000000
4349.000000
240.000000
320.000000
1150.000000
396.000000
933.000000
1130.000000
386.000000
558.000000
2075.000000
119.000000
479.000000
833.000000
135.000000
370.000000
160.000000
682.000000
769.000000
199.000000
90.000000
584.000000
53.000000
1049.000000
298.000000
161.000000
592.000000
265.000000
55.000000
242.000000
215.000000
596.000000
994.000000
45.000000
2508.000000
613.000000
363.000000
4126.000000
205.000000
651.000000
56.000000
139.000000
228.000000
478.000000
118.000000
462.000000
76.000000
329.000000
392.000000
316.000000
175.000000
351.000000
676.000000
272.000000
198.000000
343.000000
581.000000
201.000000
106.000000
264.000000
1084.000000
1123.000000
388.000000
173.000000
1985.000000
184.000000
669.000000
123.000000
372.000000
439.000000
3423.000000
318.000000
103.000000
857.000000
214.000000
5200.000000
151.000000
876.000000
340.000000
35.000000
427.000000
417.000000
228.000000
790.000000
277.000000
123.000000
559.000000
621.000000
1475.000000
979.000000
309.000000
1449.000000
196.000000
495.000000
965.000000
2046.000000
181.000000
1334.000000
5623.000000
545.000000
3742.000000
24.000000
1466.000000
3583.000000
269.000000
543.000000
133.000000
1594.000000
253.000000
363.000000
128.000000
495.000000
235.000000
2709.000000
312.000000
910.000000
940.000000
88.000000
261.000000
910.000000
452.000000
329.000000
387.000000
500.000000
363.000000
35.000000
1212.000000
210.000000
123.000000
637.000000
1615.000000
320.000000
23.000000
551.000000
2033.000000
968.000000
449.000000
456.000000
399.000000
161.000000
4910.000000
501.000000
1879.000000
77.000000
619.000000
218.000000
180.000000
525.000000
410.000000
89.000000
220.000000
1058.000000
136.000000
222.000000
3814.000000
835.000000
63.000000
174.000000
697.000000
2254.000000
8284.000000
166.000000
442.000000
326.000000
323.000000
129.000000
941.000000
26.000000
69.000000
537.000000
109.000000
141.000000
310.000000
32.000000
208.000000
676.000000
373.000000
102.000000
1047.000000
308.000000
578.000000
225.000000
76.000000
114.000000
81.000000
359.000000
1022.000000
416.000000
196.000000
774.000000
852.000000
843.000000
67.000000
816.000000
569.000000
172.000000
1441.000000
118.000000
39.000000
439.000000
946.000000
185.000000
1853.000000
705.000000
454.000000
647.000000
2060.000000
1525.000000
759.000000
622.000000
647.000000
182.000000
288.000000
613.000000
93.000000
64.000000
239.000000
905.000000
316.000000
198.000000
678.000000
286.000000
2905.000000
465.000000
301.000000
2262.000000
385.000000
257.000000
822.000000
354.000000
462.000000
1291.000000
271.000000
1278.000000
288.000000
264.000000
335.000000
407.000000
948.000000
94.000000
235.000000
177.000000
192.000000
94.000000
532.000000
31.000000
55.000000
257.000000
118.000000
1617.000000
2448.000000
227.000000
507.000000
287.000000
1047.000000
98.000000
271.000000
418.000000
322.000000
213.000000
170.000000
501.000000
811.000000
154.000000
363.000000
191.000000
227.000000
131.000000
1266.000000
174.000000
142.000000
93.000000
324.000000
496.000000
250.000000
54.000000
834.000000
1193.000000
219.000000
407.000000
54.000000
1056.000000
2318.000000
594.000000
256.000000
438.000000
128.000000
589.000000
20506.000000
709.000000
2150.000000
1698.000000
404.000000
136.000000
231.000000
1248.000000
127.000000
652.000000
926.000000
1713.000000
362.000000
153.000000
1472.000000
936.000000
688.000000
71.000000
334.000000
60.000000
217.000000
697.000000
42.000000
122.000000
2284.000000
2225.000000
236.000000
718.000000
264.000000
2886.000000
289.000000
894.000000
1377.000000
933.000000
468.000000
966.000000
1730.000000
256.000000
36.000000
116.000000
2971.000000
1214.000000
283.000000
209.000000
442.000000
636.000000
428.000000
340.000000
324.000000
949.000000
148.000000
550.000000
501.000000
200.000000
199.000000
201.000000
6252.000000
150.000000
979.000000
171.000000
269.000000
311.000000
536.000000
997.000000
375.000000
627.000000
139.000000
257.000000
236.000000
279.000000
503.000000
799.000000
72.000000
278.000000
606.000000
461.000000
241.000000
774.000000
207.000000
61.000000
361.000000
375.000000
459.000000
79.000000
1209.000000
216.000000
1099.000000
3621.000000
477.000000
1852.000000
267.000000
68.000000
336.000000
138.000000
152.000000
2260.000000
159.000000
592.000000
541.000000
204.000000
45.000000
487.000000
817.000000
244.000000
310.000000
2599.000000
1360.000000
385.000000
1753.000000
183.000000
122.000000
3631.000000
455.000000
404.000000
310.000000
326.000000
166.000000
634.000000
198.000000
1985.000000
35.000000
94.000000
1531.000000
1291.000000
1060.000000
420.000000
1179.000000
2327.000000
129.000000
311.000000
2582.000000
87.000000
86.000000
103.000000
1184.000000
476.000000
62.000000
374.000000
1369.000000
4911.000000
387.000000
1256.000000
1443.000000
1027.000000
211.000000
757.000000
484.000000
1156.000000
329.000000
186.000000
745.000000
70.000000
439.000000
154.000000
378.000000
1605.000000
672.000000
393.000000
2055.000000
332.000000
75.000000
147.000000
284.000000
370.000000
923.000000
641.000000
1548.000000
272.000000
264.000000
114.000000
161.000000
315.000000
947.000000
60.000000
272.000000
58.000000
674.000000
484.000000
1200.000000
208.000000
1207.000000
529.000000
402.000000
62.000000
379.000000
408.000000
2030.000000
705.000000
378.000000
356.000000
751.000000
89.000000
263.000000
447.000000
705.000000
1012.000000
686.000000
205.000000
338.000000
1768.000000
233.000000
70.000000
338.000000
1260.000000
401.000000
2209.000000
929.000000
359.000000
148.000000
884.000000
405.000000
223.000000
516.000000
104.000000
291.000000
1681.000000
251.000000
310.000000
232.000000
323.000000
618.000000
996.000000
535.000000
82.000000
634.000000
606.000000
350.000000
225.000000
177.000000
812.000000
271.000000
3204.000000
366.000000
1321.000000
347.000000
1611.000000
228.000000
767.000000
298.000000
799.000000
262.000000
193.000000
167.000000
76.000000
694.000000
67.000000
367.000000
860.000000
1252.000000
2851.000000
490.000000
640.000000
644.000000
277.000000
985.000000
146.000000
742.000000
973.000000
1465.000000
306.000000
198.000000
124.000000
792.000000
31.000000
550.000000
382.000000
248.000000
923.000000
215.000000
179.000000
383.000000
63.000000
1249.000000
633.000000
970.000000
500.000000
1462.000000
164.000000
184.000000
158.000000
734.000000
453.000000
192.000000
730.000000
934.000000
89.000000
276.000000
81.000000
171.000000
133.000000
752.000000
292.000000
1039.000000
1263.000000
379.000000
509.000000
81.000000
760.000000
169.000000
569.000000
73.000000
346.000000
444.000000
1210.000000
212.000000
112.000000
184.000000
244.000000
834.000000
42.000000
232.000000
1275.000000
360.000000
508.000000
100.000000
869.000000
1174.000000
1845.000000
216.000000
666.000000
431.000000
264.000000
96.000000
73.000000
178.000000
4076.000000
318.000000
617.000000
490.000000
21.000000
519.000000
195.000000
207.000000
525.000000
353.000000
109.000000
1793.000000
430.000000
386.000000
2401.000000
468.000000
98.000000
3180.000000
413.000000
449.000000
834.000000
242.000000
636.000000
1263.000000
88.000000
267.000000
1522.000000
763.000000
124.000000
406.000000
248.000000
240.000000
325.000000
920.000000
849.000000
65.000000
879.000000
309.000000
126.000000
138.000000
693.000000
492.000000
112.000000
264.000000
143.000000
326.000000
1714.000000
462.000000
223.000000
96.000000
416.000000
243.000000
296.000000
151.000000
358.000000
356.000000
678.000000
172.000000
845.000000
247.000000
303.000000
321.000000
43.000000
194.000000
181.000000
4064.000000
791.000000
389.000000
1402.000000
384.000000
331.000000
559.000000
111.000000
1002.000000
136.000000
239.000000
199.000000
256.000000
175.000000
109.000000
3849.000000
85.000000
352.000000
132.000000
292.000000
731.000000
1290.000000
1776.000000
368.000000
687.000000
65.000000
357.000000
1101.000000
625.000000
951.000000
1140.000000
184.000000
171.000000
848.000000
445.000000
163.000000
1464.000000
421.000000
206.000000
896.000000
1432.000000
373.000000
2321.000000
65.000000
428.000000
246.000000
504.000000
477.000000
484.000000
124.000000
153.000000
133.000000
388.000000
1184.000000
373.000000
87.000000
713.000000
86.000000
1242.000000
427.000000
461.000000
524.000000
351.000000
642.000000
168.000000
157.000000
668.000000
113.000000
691.000000
931.000000
2065.000000
315.000000
214.000000
767.000000
755.000000
90.000000
244.000000
166.000000
104.000000
467.000000
509.000000
108.000000
785.000000
539.000000
34.000000
597.000000
108.000000
376.000000
109.000000
3327.000000
515.000000
544.000000
1075.000000
1551.000000
467.000000
593.000000
432.000000
146.000000
287.000000
107.000000
263.000000
385.000000
773.000000
380.000000
39.000000
814.000000
181.000000
272.000000
227.000000
288.000000
111.000000
1445.000000
135.000000
918.000000
99.000000
1531.000000
944.000000
761.000000
514.000000
151.000000
