255.000000
150.000000
1158.000000
185.000000
317.000000
1932.000000
1927.000000
516.000000
557.000000
367.000000
302.000000
392.000000
479.000000
613.000000
291.000000
2775.000000
1088.000000
121.000000
973.000000
222.000000
253.000000
1827.000000
496.000000
71.000000
2207.000000
343.000000
224.000000
273.000000
698.000000
395.000000
1109.000000
79.000000
276.000000
461.000000
536.000000
1862.000000
2537.000000
2736.000000
741.000000
2773.000000
2260.000000
144.000000
847.000000
3767.000000
258.000000
504.000000
131.000000
6611.000000
662.000000
550.000000
190.000000
556.000000
307.000000
644.000000
209.000000
662.000000
1499.000000
894.000000
1815.000000
85.000000
1266.000000
845.000000
553.000000
346.000000
80.000000
93.000000
474.000000
1062.000000
576.000000
241.000000
103.000000
189.000000
412.000000
237.000000
296.000000
40.000000
773.000000
345.000000
106.000000
1650.000000
601.000000
357.000000
336.000000
915.000000
276.000000
475.000000
190.000000
113.000000
250.000000
54.000000
98.000000
1004.000000
785.000000
336.000000
1230.000000
476.000000
4995.000000
3115.000000
678.000000
938.000000
206.000000
132.000000
767.000000
245.000000
537.000000
1173.000000
270.000000
857.000000
1522.000000
54.000000
2778.000000
261.000000
748.000000
419.000000
2048.000000
524.000000
390.000000
35.000000
79.000000
344.000000
261.000000
499.000000
60.000000
510.000000
1477.000000
363.000000
787.000000
973.000000
627.000000
297.000000
25.000000
164.000000
143.000000
180.000000
831.000000
646.000000
421.000000
3299.000000
113.000000
80.000000
814.000000
282.000000
755.000000
863.000000
343.000000
427.000000
240.000000
321.000000
376.000000
1864.000000
478.000000
5856.000000
3546.000000
53.000000
117.000000
363.000000
716.000000
267.000000
245.000000
374.000000
483.000000
63.000000
3639.000000
570.000000
416.000000
124.000000
202.000000
521.000000
934.000000
274.000000
2356.000000
84.000000
1846.000000
839.000000
16.000000
76.000000
321.000000
233.000000
385.000000
764.000000
419.000000
1692.000000
278.000000
82.000000
525.000000
775.000000
663.000000
167.000000
1720.000000
114.000000
109.000000
726.000000
2572.000000
178.000000
116.000000
377.000000
929.000000
230.000000
219.000000
44.000000
929.000000
263.000000
191.000000
132.000000
365.000000
128.000000
101.000000
250.000000
712.000000
422.000000
4708.000000
1573.000000
920.000000
111.000000
390.000000
1051.000000
953.000000
232.000000
100.000000
585.000000
599.000000
732.000000
1744.000000
1009.000000
417.000000
656.000000
677.000000
1259.000000
539.000000
145.000000
860.000000
681.000000
516.000000
469.000000
205.000000
91.000000
277.000000
369.000000
2600.000000
272.000000
360.000000
1324.000000
430.000000
37.000000
118.000000
3043.000000
371.000000
297.000000
445.000000
1491.000000
333.000000
289.000000
373.000000
320.000000
112.000000
563.000000
308.000000
87.000000
783.000000
251.000000
585.000000
1624.000000
261.000000
594.000000
86.000000
462.000000
882.000000
340.000000
257.000000
171.000000
448.000000
43.000000
808.000000
432.000000
174.000000
229.000000
421.000000
252.000000
521.000000
491.000000
671.000000
288.000000
68.000000
235.000000
362.000000
89.000000
276.000000
890.000000
479.000000
44.000000
1687.000000
341.000000
133.000000
552.000000
338.000000
811.000000
1485.000000
1204.000000
505.000000
219.000000
162.000000
336.000000
240.000000
177.000000
81.000000
312.000000
1781.000000
385.000000
88.000000
366.000000
165.000000
1727.000000
1217.000000
3788.000000
755.000000
347.000000
482.000000
320.000000
574.000000
1628.000000
2551.000000
62.000000
466.000000
214.000000
279.000000
153.000000
381.000000
944.000000
102.000000
256.000000
871.000000
601.000000
197.000000
152.000000
361.000000
252.000000
258.000000
165.000000
2502.000000
28.000000
29.000000
729.000000
259.000000
970.000000
205.000000
121.000000
3697.000000
834.000000
79.000000
443.000000
727.000000
521.000000
307.000000
946.000000
1280.000000
49.000000
455.000000
195.000000
458.000000
916.000000
872.000000
1989.000000
3418.000000
124.000000
197.000000
2939.000000
563.000000
1358.000000
756.000000
575.000000
541.000000
612.000000
90.000000
168.000000
68.000000
282.000000
81.000000
393.000000
430.000000
1505.000000
624.000000
194.000000
495.000000
378.000000
1021.000000
91.000000
541.000000
74.000000
1183.000000
1104.000000
334.000000
63.000000
569.000000
646.000000
276.000000
205.000000
1339.000000
1228.000000
2341.000000
1032.000000
593.000000
3838.000000
444.000000
77.000000
1016.000000
151.000000
1289.000000
564.000000
562.000000
259.000000
177.000000
2046.000000
973.000000
385.000000
2307.000000
446.000000
705.000000
995.000000
652.000000
785.000000
94.000000
508.000000
1594.000000
476.000000
336.000000
72.000000
387.000000
761.000000
120.000000
351.000000
1277.000000
1344.000000
1511.000000
90.000000
152.000000
664.000000
1956.000000
239.000000
106.000000
75.000000
161.000000
349.000000
252.000000
326.000000
265.000000
592.000000
1497.000000
612.000000
292.000000
896.000000
208.000000
437.000000
375.000000
1867.000000
45.000000
2589.000000
218.000000
156.000000
1440.000000
1433.000000
205.000000
512.000000
146.000000
742.000000
1440.000000
226.000000
1004.000000
214.000000
323.000000
588.000000
992.000000
2026.000000
1090.000000
47.000000
98.000000
158.000000
608.000000
325.000000
885.000000
413.000000
1465.000000
512.000000
195.000000
154.000000
90.000000
57.000000
604.000000
2759.000000
678.000000
100.000000
239.000000
275.000000
2447.000000
304.000000
52.000000
167.000000
1294.000000
759.000000
920.000000
527.000000
337.000000
41.000000
1247.000000
2598.000000
1667.000000
1534.000000
341.000000
61.000000
1974.000000
374.000000
1133.000000
117.000000
1256.000000
374.000000
1412.000000
1074.000000
208.000000
219.000000
233.000000
200.000000
1136.000000
267.000000
199.000000
238.000000
194.000000
373.000000
368.000000
178.000000
262.000000
180.000000
117.000000
506.000000
122.000000
111.000000
934.000000
297.000000
144.000000
34.000000
290.000000
187.000000
281.000000
441.000000
1201.000000
2111.000000
868.000000
675.000000
60.000000
262.000000
207.000000
132.000000
122.000000
153.000000
136.000000
292.000000
138.000000
603.000000
657.000000
182.000000
359.000000
1149.000000
545.000000
267.000000
1210.000000
80.000000
786.000000
6188.000000
437.000000
1861.000000
73.000000
347.000000
896.000000
393.000000
133.000000
282.000000
118.000000
757.000000
387.000000
358.000000
182.000000
517.000000
255.000000
440.000000
138.000000
1155.000000
608.000000
583.000000
235.000000
1163.000000
176.000000
831.000000
420.000000
690.000000
296.000000
186.000000
244.000000
281.000000
60.000000
284.000000
152.000000
277.000000
64.000000
429.000000
198.000000
181.000000
149.000000
394.000000
212.000000
261.000000
76.000000
3271.000000
64.000000
296.000000
1062.000000
430.000000
854.000000
149.000000
792.000000
171.000000
1117.000000
1842.000000
137.000000
71.000000
462.000000
375.000000
925.000000
220.000000
1190.000000
234.000000
478.000000
495.000000
139.000000
629.000000
228.000000
417.000000
664.000000
480.000000
895.000000
113.000000
5149.000000
206.000000
520.000000
101.000000
4659.000000
45.000000
2485.000000
82.000000
2646.000000
257.000000
5025.000000
62.000000
1351.000000
247.000000
1726.000000
835.000000
142.000000
780.000000
280.000000
69.000000
95.000000
737.000000
568.000000
1078.000000
244.000000
2559.000000
1497.000000
354.000000
474.000000
126.000000
1173.000000
582.000000
72.000000
868.000000
1098.000000
4236.000000
1074.000000
288.000000
723.000000
43.000000
310.000000
1345.000000
60.000000
385.000000
138.000000
693.000000
2995.000000
240.000000
927.000000
377.000000
156.000000
1101.000000
534.000000
1950.000000
119.000000
502.000000
26.000000
1040.000000
392.000000
551.000000
398.000000
353.000000
276.000000
313.000000
1001.000000
965.000000
997.000000
1695.000000
708.000000
177.000000
433.000000
593.000000
773.000000
43.000000
1585.000000
231.000000
619.000000
1678.000000
134.000000
336.000000
299.000000
203.000000
120.000000
88.000000
49.000000
1586.000000
268.000000
243.000000
879.000000
368.000000
141.000000
329.000000
990.000000
1107.000000
194.000000
161.000000
210.000000
203.000000
722.000000
374.000000
622.000000
246.000000
79.000000
1309.000000
902.000000
354.000000
252.000000
336.000000
23.000000
474.000000
4492.000000
303.000000
326.000000
44.000000
1605.000000
198.000000
123.000000
340.000000
311.000000
1763.000000
77.000000
1247.000000
101.000000
242.000000
70.000000
217.000000
391.000000
289.000000
138.000000
512.000000
6932.000000
288.000000
290.000000
264.000000
733.000000
1948.000000
487.000000
335.000000
1077.000000
303.000000
5164.000000
1195.000000
115.000000
375.000000
3292.000000
434.000000
634.000000
306.000000
823.000000
1063.000000
615.000000
513.000000
110.000000
1146.000000
203.000000
222.000000
303.000000
1095.000000
185.000000
120.000000
443.000000
350.000000
147.000000
817.000000
67.000000
88.000000
725.000000
367.000000
962.000000
123.000000
480.000000
153.000000
234.000000
371.000000
843.000000
191.000000
282.000000
4372.000000
846.000000
588.000000
533.000000
191.000000
205.000000
79.000000
101.000000
388.000000
332.000000
443.000000
1513.000000
383.000000
5780.000000
249.000000
200.000000
107.000000
507.000000
830.000000
166.000000
675.000000
341.000000
2876.000000
3920.000000
2155.000000
236.000000
313.000000
600.000000
980.000000
111.000000
1306.000000
204.000000
2494.000000
199.000000
1046.000000
317.000000
276.000000
131.000000
257.000000
620.000000
193.000000
75.000000
154.000000
230.000000
628.000000
600.000000
877.000000
327.000000
829.000000
858.000000
851.000000
396.000000
578.000000
1177.000000
63.000000
368.000000
1819.000000
162.000000
196.000000
372.000000
2027.000000
1449.000000
386.000000
482.000000
984.000000
328.000000
238.000000
581.000000
1018.000000
40.000000
176.000000
931.000000
136.000000
74.000000
257.000000
955.000000
133.000000
326.000000
186.000000
264.000000
627.000000
21.000000
1364.000000
603.000000
1731.000000
604.000000
24.000000
353.000000
600.000000
291.000000
312.000000
78.000000
131.000000
404.000000
7260.000000
137.000000
369.000000
2483.000000
370.000000
149.000000
901.000000
74.000000
749.000000
1404.000000
169.000000
409.000000
629.000000
1158.000000
346.000000
110.000000
787.000000
393.000000
237.000000
356.000000
1142.000000
617.000000
221.000000
224.000000
672.000000
431.000000
1960.000000
189.000000
1345.000000
501.000000
569.000000
608.000000
109.000000
234.000000
337.000000
491.000000
260.000000
263.000000
5586.000000
360.000000
178.000000
520.000000
414.000000
690.000000
174.000000
319.000000
112.000000
537.000000
3861.000000
2190.000000
256.000000
641.000000
718.000000
87.000000
275.000000
2274.000000
628.000000
370.000000
1846.000000
143.000000
822.000000
137.000000
241.000000
240.000000
526.000000
999.000000
369.000000
123.000000
240.000000
2029.000000
512.000000
173.000000
178.000000
3368.000000
941.000000
637.000000
715.000000
195.000000
147.000000
691.000000
252.000000
1029.000000
117.000000
311.000000
512.000000
977.000000
1299.000000
603.000000
1496.000000
2502.000000
156.000000
