313.000000
293.000000
2670.000000
648.000000
339.000000
164.000000
342.000000
64.000000
384.000000
80.000000
101.000000
464.000000
1033.000000
3915.000000
308.000000
788.000000
49.000000
775.000000
238.000000
774.000000
179.000000
259.000000
211.000000
332.000000
578.000000
158.000000
907.000000
272.000000
948.000000
44.000000
144.000000
96.000000
126.000000
195.000000
895.000000
112.000000
65.000000
928.000000
237.000000
613.000000
387.000000
278.000000
113.000000
868.000000
917.000000
159.000000
80.000000
852.000000
1237.000000
124.000000
2150.000000
657.000000
506.000000
119.000000
103.000000
2602.000000
227.000000
1029.000000
118.000000
677.000000
333.000000
233.000000
195.000000
680.000000
1182.000000
333.000000
99.000000
699.000000
537.000000
1566.000000
684.000000
219.000000
107.000000
178.000000
414.000000
1060.000000
407.000000
364.000000
232.000000
225.000000
409.000000
900.000000
557.000000
467.000000
304.000000
924.000000
353.000000
594.000000
1646.000000
440.000000
238.000000
349.000000
523.000000
219.000000
158.000000
187.000000
63.000000
801.000000
962.000000
353.000000
488.000000
2050.000000
243.000000
559.000000
1749.000000
259.000000
187.000000
239.000000
306.000000
4053.000000
276.000000
152.000000
105.000000
266.000000
166.000000
187.000000
115.000000
481.000000
727.000000
362.000000
1147.000000
371.000000
98.000000
35.000000
67.000000
302.000000
378.000000
184.000000
3789.000000
71.000000
147.000000
822.000000
194.000000
333.000000
38.000000
508.000000
650.000000
2773.000000
374.000000
650.000000
670.000000
239.000000
703.000000
759.000000
450.000000
88.000000
494.000000
1305.000000
81.000000
164.000000
399.000000
926.000000
124.000000
136.000000
2990.000000
381.000000
1214.000000
2770.000000
152.000000
107.000000
1322.000000
1803.000000
112.000000
387.000000
146.000000
104.000000
891.000000
489.000000
159.000000
1982.000000
214.000000
739.000000
475.000000
115.000000
144.000000
803.000000
1056.000000
539.000000
491.000000
417.000000
51.000000
139.000000
1080.000000
866.000000
1380.000000
920.000000
338.000000
881.000000
891.000000
980.000000
441.000000
696.000000
232.000000
1318.000000
118.000000
25.000000
629.000000
121.000000
133.000000
847.000000
2659.000000
1862.000000
263.000000
70.000000
162.000000
368.000000
257.000000
817.000000
777.000000
120.000000
573.000000
490.000000
207.000000
944.000000
193.000000
185.000000
44.000000
195.000000
282.000000
535.000000
221.000000
330.000000
804.000000
174.000000
417.000000
423.000000
130.000000
35.000000
1440.000000
404.000000
959.000000
377.000000
517.000000
216.000000
289.000000
400.000000
158.000000
983.000000
341.000000
136.000000
221.000000
402.000000
1081.000000
1137.000000
1375.000000
3425.000000
85.000000
698.000000
369.000000
1290.000000
512.000000
608.000000
1207.000000
177.000000
188.000000
545.000000
514.000000
1808.000000
514.000000
278.000000
403.000000
94.000000
1319.000000
46.000000
327.000000
1182.000000
238.000000
196.000000
300.000000
1568.000000
462.000000
405.000000
909.000000
218.000000
1171.000000
1040.000000
2206.000000
490.000000
458.000000
539.000000
486.000000
232.000000
2434.000000
88.000000
1373.000000
737.000000
339.000000
2255.000000
538.000000
454.000000
781.000000
65.000000
879.000000
300.000000
172.000000
451.000000
503.000000
2862.000000
464.000000
602.000000
597.000000
433.000000
327.000000
458.000000
69.000000
708.000000
439.000000
864.000000
41.000000
457.000000
1923.000000
420.000000
1067.000000
284.000000
168.000000
611.000000
175.000000
736.000000
77.000000
533.000000
146.000000
432.000000
1252.000000
290.000000
5581.000000
313.000000
966.000000
706.000000
284.000000
262.000000
827.000000
1266.000000
3334.000000
633.000000
2272.000000
1833.000000
25.000000
397.000000
568.000000
742.000000
336.000000
1156.000000
1329.000000
77.000000
692.000000
327.000000
462.000000
294.000000
577.000000
1513.000000
150.000000
969.000000
462.000000
119.000000
196.000000
907.000000
745.000000
313.000000
233.000000
744.000000
682.000000
1207.000000
390.000000
447.000000
239.000000
201.000000
520.000000
1192.000000
34.000000
253.000000
352.000000
955.000000
75.000000
1100.000000
675.000000
212.000000
51.000000
91.000000
224.000000
305.000000
211.000000
2397.000000
201.000000
623.000000
267.000000
607.000000
683.000000
709.000000
167.000000
217.000000
451.000000
238.000000
281.000000
325.000000
389.000000
1151.000000
51.000000
221.000000
544.000000
286.000000
1143.000000
197.000000
3408.000000
414.000000
1967.000000
551.000000
211.000000
253.000000
782.000000
465.000000
1174.000000
795.000000
449.000000
1239.000000
861.000000
35.000000
160.000000
402.000000
330.000000
143.000000
55.000000
709.000000
167.000000
1133.000000
46.000000
124.000000
489.000000
151.000000
1303.000000
326.000000
1223.000000
79.000000
1969.000000
170.000000
3406.000000
74.000000
701.000000
840.000000
604.000000
514.000000
1182.000000
70.000000
339.000000
307.000000
243.000000
1448.000000
576.000000
85.000000
130.000000
545.000000
316.000000
59.000000
338.000000
2523.000000
477.000000
2849.000000
782.000000
182.000000
1365.000000
507.000000
143.000000
219.000000
581.000000
333.000000
99.000000
2167.000000
87.000000
1201.000000
718.000000
1110.000000
992.000000
717.000000
271.000000
91.000000
1816.000000
903.000000
6133.000000
190.000000
495.000000
567.000000
1319.000000
1650.000000
1031.000000
781.000000
4032.000000
572.000000
271.000000
374.000000
269.000000
353.000000
1281.000000
839.000000
47.000000
235.000000
113.000000
427.000000
182.000000
384.000000
620.000000
186.000000
512.000000
425.000000
1207.000000
189.000000
96.000000
234.000000
163.000000
623.000000
233.000000
191.000000
1998.000000
193.000000
373.000000
193.000000
39.000000
798.000000
146.000000
422.000000
270.000000
1742.000000
503.000000
74.000000
893.000000
1104.000000
266.000000
351.000000
491.000000
499.000000
482.000000
207.000000
201.000000
5928.000000
1960.000000
638.000000
250.000000
358.000000
250.000000
409.000000
157.000000
1169.000000
386.000000
356.000000
181.000000
268.000000
63.000000
163.000000
288.000000
2967.000000
2481.000000
47.000000
438.000000
218.000000
132.000000
1534.000000
498.000000
26.000000
101.000000
559.000000
251.000000
653.000000
596.000000
75.000000
63.000000
4131.000000
75.000000
316.000000
478.000000
772.000000
716.000000
466.000000
271.000000
244.000000
1661.000000
113.000000
1459.000000
438.000000
147.000000
969.000000
1398.000000
753.000000
563.000000
658.000000
442.000000
1971.000000
468.000000
1210.000000
452.000000
212.000000
1786.000000
538.000000
414.000000
1004.000000
406.000000
289.000000
1164.000000
222.000000
250.000000
144.000000
166.000000
3678.000000
476.000000
291.000000
355.000000
262.000000
684.000000
103.000000
112.000000
1497.000000
916.000000
2043.000000
261.000000
753.000000
917.000000
638.000000
348.000000
655.000000
287.000000
180.000000
1168.000000
737.000000
1039.000000
1073.000000
1895.000000
760.000000
403.000000
79.000000
1273.000000
164.000000
605.000000
218.000000
531.000000
164.000000
1717.000000
507.000000
323.000000
469.000000
136.000000
489.000000
1431.000000
567.000000
1592.000000
572.000000
242.000000
147.000000
2175.000000
1303.000000
190.000000
405.000000
2323.000000
697.000000
509.000000
1130.000000
288.000000
1378.000000
1416.000000
313.000000
650.000000
371.000000
462.000000
945.000000
97.000000
162.000000
946.000000
206.000000
762.000000
366.000000
1262.000000
729.000000
246.000000
80.000000
581.000000
152.000000
488.000000
688.000000
537.000000
3474.000000
37.000000
180.000000
1139.000000
1056.000000
1954.000000
191.000000
887.000000
225.000000
297.000000
427.000000
246.000000
275.000000
349.000000
386.000000
523.000000
526.000000
1128.000000
46.000000
357.000000
1062.000000
1095.000000
1824.000000
568.000000
1438.000000
7612.000000
483.000000
281.000000
657.000000
553.000000
1422.000000
1871.000000
165.000000
561.000000
250.000000
790.000000
300.000000
619.000000
389.000000
467.000000
406.000000
7110.000000
241.000000
256.000000
88.000000
267.000000
97.000000
270.000000
596.000000
4005.000000
655.000000
3212.000000
553.000000
482.000000
210.000000
277.000000
410.000000
2377.000000
251.000000
52.000000
339.000000
87.000000
1678.000000
175.000000
1778.000000
462.000000
140.000000
519.000000
112.000000
152.000000
1321.000000
441.000000
281.000000
791.000000
216.000000
590.000000
242.000000
888.000000
67.000000
563.000000
898.000000
398.000000
545.000000
167.000000
970.000000
1137.000000
1070.000000
219.000000
142.000000
877.000000
365.000000
1592.000000
292.000000
981.000000
1753.000000
160.000000
1016.000000
1480.000000
139.000000
2113.000000
321.000000
873.000000
2437.000000
1444.000000
269.000000
366.000000
1066.000000
244.000000
90.000000
1340.000000
155.000000
589.000000
350.000000
219.000000
513.000000
2097.000000
1031.000000
1700.000000
303.000000
160.000000
144.000000
558.000000
74.000000
1095.000000
2551.000000
2626.000000
317.000000
500.000000
371.000000
343.000000
251.000000
156.000000
233.000000
292.000000
410.000000
202.000000
749.000000
307.000000
162.000000
77.000000
1552.000000
542.000000
216.000000
1058.000000
843.000000
509.000000
394.000000
1628.000000
1018.000000
354.000000
3661.000000
550.000000
152.000000
865.000000
477.000000
148.000000
1312.000000
361.000000
85.000000
722.000000
384.000000
350.000000
309.000000
1082.000000
203.000000
185.000000
1032.000000
97.000000
283.000000
539.000000
923.000000
666.000000
1508.000000
1608.000000
408.000000
6741.000000
715.000000
278.000000
1052.000000
4371.000000
132.000000
886.000000
221.000000
201.000000
406.000000
452.000000
222.000000
262.000000
813.000000
437.000000
584.000000
261.000000
500.000000
364.000000
858.000000
229.000000
452.000000
865.000000
776.000000
563.000000
264.000000
427.000000
540.000000
965.000000
86.000000
28.000000
249.000000
149.000000
256.000000
228.000000
651.000000
770.000000
118.000000
799.000000
232.000000
432.000000
5782.000000
360.000000
541.000000
184.000000
1647.000000
94.000000
118.000000
7354.000000
176.000000
150.000000
358.000000
225.000000
1055.000000
93.000000
547.000000
903.000000
165.000000
552.000000
136.000000
362.000000
317.000000
928.000000
877.000000
1244.000000
74.000000
361.000000
480.000000
744.000000
246.000000
791.000000
546.000000
1381.000000
422.000000
738.000000
5571.000000
1930.000000
544.000000
289.000000
537.000000
253.000000
362.000000
1117.000000
1631.000000
1303.000000
77.000000
682.000000
426.000000
1034.000000
448.000000
516.000000
1243.000000
183.000000
294.000000
124.000000
433.000000
395.000000
196.000000
532.000000
2442.000000
737.000000
264.000000
748.000000
132.000000
1951.000000
203.000000
171.000000
843.000000
606.000000
226.000000
1320.000000
1055.000000
247.000000
727.000000
30.000000
726.000000
87.000000
602.000000
370.000000
1157.000000
96.000000
251.000000
754.000000
142.000000
1561.000000
265.000000
294.000000
98.000000
1253.000000
443.000000
243.000000
424.000000
914.000000
584.000000
628.000000
65.000000
716.000000
156.000000
638.000000
510.000000
253.000000
31.000000
547.000000
667.000000
117.000000
4155.000000
249.000000
232.000000
220.000000
1334.000000
