313.000000
172.000000
296.000000
216.000000
283.000000
303.000000
430.000000
4414.000000
250.000000
1048.000000
93.000000
578.000000
164.000000
239.000000
4832.000000
515.000000
393.000000
73.000000
245.000000
1950.000000
1381.000000
150.000000
1033.000000
1879.000000
152.000000
337.000000
325.000000
682.000000
183.000000
899.000000
486.000000
323.000000
410.000000
88.000000
521.000000
308.000000
1254.000000
175.000000
169.000000
146.000000
1074.000000
262.000000
595.000000
597.000000
3951.000000
1354.000000
192.000000
988.000000
427.000000
1562.000000
837.000000
393.000000
579.000000
1070.000000
776.000000
302.000000
508.000000
103.000000
29.000000
5144.000000
1081.000000
1416.000000
526.000000
1063.000000
118.000000
441.000000
239.000000
637.000000
831.000000
758.000000
438.000000
109.000000
619.000000
495.000000
171.000000
441.000000
110.000000
1105.000000
1090.000000
135.000000
785.000000
177.000000
167.000000
312.000000
336.000000
1107.000000
1014.000000
108.000000
480.000000
1324.000000
924.000000
936.000000
921.000000
1197.000000
293.000000
138.000000
883.000000
28.000000
3626.000000
141.000000
948.000000
325.000000
513.000000
360.000000
1426.000000
282.000000
335.000000
321.000000
215.000000
33.000000
1398.000000
484.000000
313.000000
1299.000000
1338.000000
107.000000
857.000000
514.000000
1583.000000
49.000000
113.000000
377.000000
591.000000
400.000000
943.000000
1876.000000
140.000000
278.000000
1045.000000
172.000000
88.000000
129.000000
348.000000
35.000000
17.000000
349.000000
671.000000
179.000000
996.000000
1168.000000
1180.000000
913.000000
3301.000000
385.000000
904.000000
48.000000
1230.000000
848.000000
397.000000
285.000000
530.000000
75.000000
498.000000
351.000000
70.000000
69.000000
269.000000
180.000000
1246.000000
127.000000
250.000000
292.000000
238.000000
362.000000
401.000000
899.000000
62.000000
504.000000
605.000000
516.000000
271.000000
26.000000
287.000000
36.000000
110.000000
879.000000
526.000000
1525.000000
229.000000
542.000000
126.000000
153.000000
1780.000000
371.000000
229.000000
193.000000
357.000000
1054.000000
685.000000
75.000000
593.000000
555.000000
716.000000
915.000000
116.000000
3462.000000
119.000000
696.000000
2581.000000
579.000000
470.000000
657.000000
683.000000
350.000000
749.000000
1235.000000
537.000000
269.000000
1065.000000
232.000000
161.000000
956.000000
158.000000
812.000000
620.000000
1078.000000
209.000000
119.000000
2153.000000
340.000000
231.000000
781.000000
147.000000
195.000000
1018.000000
1121.000000
215.000000
430.000000
716.000000
241.000000
122.000000
626.000000
164.000000
198.000000
56.000000
287.000000
632.000000
157.000000
396.000000
462.000000
56.000000
1577.000000
333.000000
269.000000
316.000000
712.000000
133.000000
385.000000
475.000000
188.000000
1627.000000
995.000000
923.000000
408.000000
277.000000
646.000000
144.000000
301.000000
218.000000
156.000000
77.000000
70.000000
3119.000000
615.000000
446.000000
1829.000000
2169.000000
611.000000
74.000000
107.000000
469.000000
596.000000
2616.000000
2031.000000
1238.000000
474.000000
272.000000
123.000000
380.000000
1524.000000
343.000000
95.000000
236.000000
1062.000000
685.000000
187.000000
1110.000000
117.000000
1322.000000
315.000000
1103.000000
1345.000000
2084.000000
73.000000
1091.000000
692.000000
455.000000
138.000000
350.000000
810.000000
134.000000
516.000000
210.000000
2121.000000
390.000000
2757.000000
100.000000
1382.000000
249.000000
488.000000
652.000000
987.000000
327.000000
170.000000
385.000000
82.000000
287.000000
451.000000
413.000000
334.000000
893.000000
507.000000
232.000000
460.000000
423.000000
997.000000
103.000000
1168.000000
179.000000
1231.000000
668.000000
1869.000000
984.000000
519.000000
933.000000
100.000000
189.000000
466.000000
1794.000000
531.000000
901.000000
229.000000
931.000000
400.000000
1149.000000
131.000000
816.000000
592.000000
311.000000
148.000000
862.000000
584.000000
1732.000000
202.000000
675.000000
513.000000
617.000000
480.000000
675.000000
224.000000
1304.000000
229.000000
66.000000
310.000000
220.000000
1143.000000
994.000000
389.000000
253.000000
697.000000
760.000000
539.000000
88.000000
707.000000
1291.000000
153.000000
484.000000
1345.000000
4478.000000
501.000000
179.000000
398.000000
170.000000
53.000000
99.000000
570.000000
382.000000
718.000000
1625.000000
602.000000
642.000000
269.000000
494.000000
868.000000
882.000000
444.000000
777.000000
239.000000
760.000000
649.000000
600.000000
143.000000
652.000000
683.000000
125.000000
693.000000
117.000000
647.000000
387.000000
89.000000
3331.000000
320.000000
188.000000
341.000000
448.000000
1352.000000
35.000000
109.000000
428.000000
565.000000
154.000000
340.000000
64.000000
1805.000000
359.000000
295.000000
702.000000
102.000000
730.000000
111.000000
1041.000000
188.000000
180.000000
1214.000000
162.000000
1990.000000
2669.000000
254.000000
51.000000
258.000000
182.000000
806.000000
943.000000
97.000000
280.000000
2241.000000
124.000000
716.000000
143.000000
83.000000
2385.000000
512.000000
146.000000
152.000000
160.000000
265.000000
578.000000
852.000000
391.000000
135.000000
113.000000
160.000000
1404.000000
277.000000
466.000000
1673.000000
1019.000000
575.000000
358.000000
465.000000
449.000000
317.000000
631.000000
1470.000000
432.000000
748.000000
141.000000
804.000000
1066.000000
223.000000
770.000000
515.000000
2071.000000
2073.000000
626.000000
181.000000
777.000000
128.000000
509.000000
253.000000
782.000000
1618.000000
504.000000
436.000000
452.000000
345.000000
3762.000000
131.000000
53.000000
345.000000
534.000000
108.000000
167.000000
131.000000
542.000000
113.000000
510.000000
3012.000000
468.000000
881.000000
862.000000
145.000000
350.000000
134.000000
393.000000
114.000000
1207.000000
147.000000
497.000000
370.000000
885.000000
521.000000
234.000000
13612.000000
380.000000
373.000000
7799.000000
402.000000
78.000000
219.000000
2860.000000
28.000000
1342.000000
162.000000
439.000000
226.000000
677.000000
198.000000
683.000000
551.000000
240.000000
495.000000
483.000000
544.000000
190.000000
1339.000000
107.000000
271.000000
1251.000000
134.000000
436.000000
1214.000000
934.000000
305.000000
710.000000
554.000000
159.000000
824.000000
621.000000
113.000000
1240.000000
127.000000
546.000000
642.000000
308.000000
70.000000
996.000000
292.000000
2805.000000
1453.000000
526.000000
2250.000000
997.000000
85.000000
217.000000
105.000000
73.000000
731.000000
661.000000
67.000000
251.000000
347.000000
224.000000
257.000000
904.000000
600.000000
1211.000000
711.000000
108.000000
189.000000
295.000000
191.000000
48.000000
267.000000
398.000000
50.000000
421.000000
355.000000
1171.000000
1169.000000
189.000000
497.000000
285.000000
171.000000
1004.000000
224.000000
135.000000
540.000000
135.000000
200.000000
97.000000
197.000000
107.000000
543.000000
109.000000
856.000000
93.000000
689.000000
310.000000
192.000000
950.000000
314.000000
1451.000000
306.000000
184.000000
171.000000
1615.000000
2802.000000
722.000000
225.000000
94.000000
193.000000
2008.000000
679.000000
2164.000000
90.000000
1014.000000
492.000000
1300.000000
421.000000
1189.000000
120.000000
616.000000
479.000000
672.000000
1214.000000
175.000000
247.000000
508.000000
118.000000
108.000000
323.000000
2293.000000
642.000000
889.000000
1137.000000
407.000000
692.000000
452.000000
1645.000000
3033.000000
368.000000
1297.000000
357.000000
329.000000
131.000000
251.000000
185.000000
2134.000000
1219.000000
71.000000
490.000000
303.000000
181.000000
104.000000
98.000000
154.000000
1792.000000
557.000000
822.000000
2775.000000
504.000000
321.000000
46.000000
1210.000000
175.000000
886.000000
211.000000
442.000000
5269.000000
2425.000000
2300.000000
241.000000
711.000000
101.000000
526.000000
1284.000000
883.000000
92.000000
802.000000
122.000000
1169.000000
81.000000
1740.000000
133.000000
638.000000
296.000000
591.000000
941.000000
949.000000
333.000000
135.000000
680.000000
78.000000
291.000000
267.000000
591.000000
304.000000
245.000000
254.000000
402.000000
831.000000
45.000000
654.000000
219.000000
428.000000
690.000000
341.000000
132.000000
980.000000
111.000000
361.000000
536.000000
416.000000
777.000000
1128.000000
136.000000
692.000000
400.000000
200.000000
445.000000
179.000000
2362.000000
73.000000
874.000000
437.000000
783.000000
439.000000
2048.000000
273.000000
1322.000000
777.000000
278.000000
1793.000000
1255.000000
669.000000
801.000000
276.000000
381.000000
1175.000000
527.000000
122.000000
200.000000
2944.000000
165.000000
443.000000
4858.000000
661.000000
145.000000
324.000000
833.000000
484.000000
143.000000
969.000000
820.000000
1464.000000
139.000000
189.000000
2121.000000
208.000000
384.000000
366.000000
95.000000
109.000000
6674.000000
733.000000
650.000000
433.000000
665.000000
72.000000
61.000000
76.000000
1165.000000
554.000000
827.000000
286.000000
699.000000
168.000000
92.000000
419.000000
511.000000
929.000000
566.000000
62.000000
669.000000
395.000000
88.000000
183.000000
466.000000
260.000000
244.000000
142.000000
695.000000
409.000000
355.000000
154.000000
647.000000
1217.000000
81.000000
80.000000
927.000000
191.000000
716.000000
307.000000
873.000000
410.000000
564.000000
2199.000000
246.000000
778.000000
3120.000000
282.000000
634.000000
443.000000
188.000000
2053.000000
267.000000
272.000000
1173.000000
776.000000
59.000000
1455.000000
457.000000
570.000000
823.000000
145.000000
1369.000000
185.000000
90.000000
1250.000000
242.000000
206.000000
131.000000
801.000000
418.000000
5343.000000
1343.000000
170.000000
1019.000000
240.000000
217.000000
120.000000
185.000000
2874.000000
421.000000
339.000000
934.000000
324.000000
1272.000000
665.000000
1307.000000
574.000000
515.000000
270.000000
242.000000
144.000000
230.000000
250.000000
35.000000
951.000000
130.000000
122.000000
132.000000
484.000000
317.000000
325.000000
2764.000000
744.000000
72.000000
546.000000
883.000000
649.000000
336.000000
297.000000
141.000000
49.000000
273.000000
31.000000
703.000000
241.000000
369.000000
212.000000
305.000000
145.000000
1532.000000
208.000000
487.000000
257.000000
200.000000
453.000000
571.000000
4842.000000
190.000000
151.000000
801.000000
1034.000000
830.000000
235.000000
105.000000
429.000000
128.000000
135.000000
907.000000
300.000000
570.000000
642.000000
537.000000
471.000000
358.000000
1125.000000
50.000000
881.000000
781.000000
783.000000
381.000000
3846.000000
111.000000
517.000000
910.000000
405.000000
222.000000
142.000000
746.000000
1355.000000
1783.000000
683.000000
624.000000
489.000000
409.000000
736.000000
469.000000
846.000000
503.000000
260.000000
440.000000
93.000000
226.000000
399.000000
190.000000
1676.000000
299.000000
327.000000
38.000000
163.000000
1166.000000
605.000000
1055.000000
115.000000
149.000000
233.000000
51.000000
108.000000
1525.000000
295.000000
152.000000
216.000000
1109.000000
806.000000
567.000000
2447.000000
592.000000
73.000000
737.000000
1066.000000
2066.000000
215.000000
318.000000
281.000000
249.000000
311.000000
271.000000
160.000000
242.000000
329.000000
410.000000
788.000000
87.000000
372.000000
267.000000
1054.000000
