152.000000
188.000000
284.000000
276.000000
3050.000000
476.000000
537.000000
2352.000000
443.000000
205.000000
103.000000
579.000000
582.000000
1716.000000
970.000000
272.000000
142.000000
308.000000
256.000000
128.000000
1227.000000
1212.000000
132.000000
568.000000
580.000000
453.000000
513.000000
372.000000
1310.000000
863.000000
490.000000
542.000000
662.000000
475.000000
838.000000
1749.000000
767.000000
494.000000
439.000000
297.000000
157.000000
243.000000
492.000000
266.000000
530.000000
799.000000
132.000000
96.000000
488.000000
469.000000
399.000000
651.000000
300.000000
683.000000
85.000000
111.000000
109.000000
1570.000000
119.000000
260.000000
462.000000
380.000000
93.000000
34.000000
662.000000
394.000000
184.000000
242.000000
512.000000
146.000000
1323.000000
157.000000
594.000000
359.000000
368.000000
1834.000000
832.000000
1200.000000
593.000000
191.000000
737.000000
258.000000
1611.000000
636.000000
200.000000
122.000000
399.000000
920.000000
179.000000
689.000000
454.000000
1897.000000
1397.000000
142.000000
709.000000
238.000000
659.000000
74.000000
306.000000
1198.000000
260.000000
330.000000
164.000000
114.000000
476.000000
318.000000
1346.000000
615.000000
106.000000
185.000000
322.000000
764.000000
605.000000
45.000000
325.000000
1402.000000
138.000000
95.000000
671.000000
292.000000
134.000000
1229.000000
272.000000
194.000000
453.000000
70.000000
571.000000
65.000000
975.000000
2484.000000
680.000000
1436.000000
764.000000
117.000000
78.000000
63.000000
440.000000
111.000000
3270.000000
78.000000
280.000000
139.000000
121.000000
632.000000
460.000000
2705.000000
1000.000000
417.000000
594.000000
159.000000
236.000000
492.000000
73.000000
985.000000
406.000000
579.000000
1426.000000
198.000000
819.000000
893.000000
297.000000
425.000000
676.000000
96.000000
47.000000
2044.000000
261.000000
1473.000000
129.000000
163.000000
772.000000
242.000000
465.000000
1101.000000
322.000000
304.000000
677.000000
1988.000000
679.000000
1121.000000
249.000000
90.000000
203.000000
653.000000
154.000000
457.000000
355.000000
457.000000
922.000000
134.000000
150.000000
300.000000
2441.000000
405.000000
469.000000
312.000000
29.000000
235.000000
285.000000
58.000000
1478.000000
162.000000
1272.000000
751.000000
677.000000
899.000000
700.000000
198.000000
141.000000
221.000000
74.000000
1465.000000
291.000000
1601.000000
873.000000
68.000000
201.000000
1568.000000
877.000000
313.000000
530.000000
57.000000
194.000000
2433.000000
609.000000
505.000000
192.000000
142.000000
1080.000000
490.000000
337.000000
704.000000
223.000000
787.000000
3032.000000
340.000000
444.000000
164.000000
218.000000
643.000000
1121.000000
435.000000
163.000000
2126.000000
827.000000
440.000000
204.000000
174.000000
5677.000000
165.000000
1257.000000
1932.000000
542.000000
320.000000
247.000000
212.000000
2065.000000
232.000000
4829.000000
433.000000
398.000000
45.000000
509.000000
247.000000
186.000000
18.000000
57.000000
1262.000000
1004.000000
545.000000
634.000000
265.000000
246.000000
92.000000
373.000000
126.000000
1347.000000
2594.000000
757.000000
852.000000
516.000000
1294.000000
340.000000
715.000000
171.000000
401.000000
576.000000
244.000000
1888.000000
492.000000
603.000000
195.000000
1652.000000
569.000000
493.000000
244.000000
629.000000
507.000000
490.000000
2009.000000
186.000000
650.000000
140.000000
1740.000000
3720.000000
118.000000
127.000000
734.000000
1372.000000
179.000000
321.000000
576.000000
347.000000
1035.000000
881.000000
418.000000
184.000000
1537.000000
727.000000
447.000000
80.000000
638.000000
285.000000
784.000000
205.000000
1212.000000
42.000000
517.000000
742.000000
532.000000
577.000000
448.000000
275.000000
441.000000
735.000000
138.000000
1697.000000
650.000000
3515.000000
335.000000
472.000000
55.000000
241.000000
162.000000
273.000000
144.000000
1330.000000
469.000000
115.000000
527.000000
103.000000
455.000000
2050.000000
423.000000
662.000000
350.000000
97.000000
571.000000
1475.000000
450.000000
305.000000
870.000000
253.000000
305.000000
849.000000
580.000000
103.000000
331.000000
2407.000000
843.000000
837.000000
232.000000
367.000000
430.000000
623.000000
531.000000
1826.000000
1442.000000
259.000000
199.000000
148.000000
849.000000
1676.000000
381.000000
243.000000
603.000000
2181.000000
681.000000
118.000000
501.000000
908.000000
318.000000
660.000000
1240.000000
251.000000
932.000000
1274.000000
285.000000
296.000000
616.000000
2172.000000
853.000000
180.000000
143.000000
197.000000
332.000000
3623.000000
352.000000
144.000000
1259.000000
1248.000000
609.000000
203.000000
349.000000
124.000000
404.000000
3085.000000
297.000000
1411.000000
217.000000
338.000000
322.000000
373.000000
464.000000
2687.000000
348.000000
69.000000
151.000000
149.000000
1059.000000
175.000000
404.000000
177.000000
255.000000
102.000000
367.000000
60.000000
732.000000
445.000000
108.000000
608.000000
78.000000
322.000000
137.000000
1315.000000
917.000000
224.000000
402.000000
186.000000
525.000000
145.000000
1655.000000
927.000000
1246.000000
311.000000
126.000000
373.000000
336.000000
416.000000
1063.000000
295.000000
1342.000000
939.000000
1126.000000
484.000000
16.000000
501.000000
215.000000
497.000000
722.000000
259.000000
199.000000
316.000000
334.000000
55.000000
879.000000
442.000000
868.000000
409.000000
1476.000000
135.000000
164.000000
2257.000000
145.000000
428.000000
843.000000
534.000000
757.000000
271.000000
278.000000
166.000000
1200.000000
1046.000000
399.000000
72.000000
215.000000
545.000000
402.000000
353.000000
70.000000
602.000000
594.000000
209.000000
147.000000
1249.000000
121.000000
666.000000
163.000000
232.000000
75.000000
2177.000000
835.000000
2089.000000
296.000000
38.000000
776.000000
44.000000
780.000000
791.000000
680.000000
997.000000
71.000000
62.000000
56.000000
24.000000
1501.000000
909.000000
229.000000
155.000000
2069.000000
253.000000
232.000000
2246.000000
170.000000
224.000000
703.000000
330.000000
128.000000
256.000000
424.000000
461.000000
825.000000
975.000000
336.000000
2408.000000
343.000000
127.000000
170.000000
254.000000
836.000000
968.000000
37.000000
1114.000000
260.000000
1248.000000
325.000000
58.000000
498.000000
161.000000
246.000000
116.000000
156.000000
872.000000
321.000000
498.000000
238.000000
647.000000
654.000000
1754.000000
196.000000
2217.000000
323.000000
517.000000
787.000000
613.000000
413.000000
159.000000
418.000000
1146.000000
165.000000
1310.000000
190.000000
174.000000
274.000000
135.000000
2579.000000
210.000000
69.000000
248.000000
114.000000
253.000000
1224.000000
763.000000
306.000000
59.000000
753.000000
380.000000
180.000000
200.000000
1517.000000
504.000000
405.000000
508.000000
602.000000
322.000000
59.000000
74.000000
553.000000
503.000000
431.000000
817.000000
1831.000000
83.000000
88.000000
595.000000
181.000000
1057.000000
4503.000000
182.000000
870.000000
307.000000
256.000000
557.000000
2321.000000
275.000000
550.000000
64.000000
191.000000
215.000000
460.000000
877.000000
914.000000
192.000000
68.000000
127.000000
341.000000
247.000000
763.000000
10.000000
924.000000
335.000000
248.000000
516.000000
239.000000
632.000000
261.000000
234.000000
158.000000
147.000000
401.000000
1460.000000
869.000000
254.000000
742.000000
1009.000000
108.000000
139.000000
1646.000000
1154.000000
888.000000
495.000000
1012.000000
1382.000000
1745.000000
402.000000
1262.000000
138.000000
200.000000
133.000000
159.000000
222.000000
104.000000
210.000000
1824.000000
550.000000
613.000000
301.000000
379.000000
60.000000
1798.000000
340.000000
112.000000
2017.000000
1682.000000
248.000000
4756.000000
317.000000
614.000000
731.000000
823.000000
135.000000
173.000000
461.000000
289.000000
1059.000000
1067.000000
139.000000
1451.000000
168.000000
2327.000000
24.000000
278.000000
187.000000
154.000000
232.000000
197.000000
307.000000
280.000000
155.000000
1107.000000
495.000000
63.000000
1972.000000
2507.000000
243.000000
609.000000
136.000000
546.000000
483.000000
177.000000
182.000000
372.000000
206.000000
801.000000
1284.000000
168.000000
270.000000
1041.000000
212.000000
52.000000
310.000000
561.000000
404.000000
549.000000
206.000000
1797.000000
364.000000
85.000000
714.000000
2214.000000
978.000000
182.000000
588.000000
105.000000
346.000000
1358.000000
57.000000
155.000000
174.000000
176.000000
436.000000
876.000000
492.000000
617.000000
403.000000
808.000000
74.000000
138.000000
275.000000
296.000000
230.000000
3416.000000
585.000000
1204.000000
112.000000
250.000000
208.000000
2711.000000
666.000000
1214.000000
445.000000
155.000000
316.000000
977.000000
44.000000
286.000000
948.000000
302.000000
373.000000
1239.000000
1369.000000
60.000000
205.000000
76.000000
156.000000
927.000000
87.000000
449.000000
592.000000
262.000000
138.000000
94.000000
870.000000
355.000000
208.000000
550.000000
1352.000000
3433.000000
428.000000
1220.000000
753.000000
119.000000
450.000000
812.000000
821.000000
212.000000
72.000000
275.000000
52.000000
253.000000
793.000000
840.000000
191.000000
62.000000
1486.000000
1184.000000
836.000000
2505.000000
64.000000
145.000000
133.000000
109.000000
4806.000000
334.000000
387.000000
446.000000
1124.000000
1810.000000
155.000000
230.000000
2141.000000
42.000000
113.000000
459.000000
194.000000
735.000000
10574.000000
265.000000
49.000000
239.000000
553.000000
36.000000
276.000000
113.000000
1845.000000
336.000000
343.000000
139.000000
306.000000
1714.000000
904.000000
315.000000
647.000000
1651.000000
74.000000
263.000000
3113.000000
2837.000000
260.000000
1113.000000
998.000000
188.000000
185.000000
77.000000
2797.000000
449.000000
147.000000
2356.000000
1159.000000
297.000000
229.000000
1055.000000
195.000000
310.000000
621.000000
484.000000
331.000000
141.000000
663.000000
286.000000
764.000000
419.000000
394.000000
236.000000
4047.000000
940.000000
813.000000
298.000000
167.000000
75.000000
91.000000
926.000000
52.000000
460.000000
522.000000
626.000000
3483.000000
919.000000
991.000000
206.000000
602.000000
1067.000000
410.000000
723.000000
984.000000
3099.000000
92.000000
56.000000
338.000000
235.000000
149.000000
845.000000
931.000000
89.000000
1343.000000
1270.000000
332.000000
180.000000
701.000000
252.000000
97.000000
234.000000
233.000000
1879.000000
217.000000
1910.000000
380.000000
594.000000
3015.000000
3137.000000
2117.000000
556.000000
214.000000
1002.000000
25.000000
6463.000000
274.000000
506.000000
66.000000
148.000000
516.000000
471.000000
307.000000
223.000000
263.000000
207.000000
1126.000000
111.000000
238.000000
571.000000
298.000000
1536.000000
927.000000
855.000000
1303.000000
884.000000
627.000000
197.000000
1906.000000
1645.000000
672.000000
558.000000
1530.000000
307.000000
1547.000000
155.000000
46.000000
138.000000
671.000000
672.000000
107.000000
600.000000
444.000000
153.000000
974.000000
199.000000
245.000000
939.000000
394.000000
656.000000
992.000000
331.000000
760.000000
848.000000
127.000000
2805.000000
317.000000
412.000000
229.000000
350.000000
1581.000000
634.000000
501.000000
61.000000
2724.000000
277.000000
133.000000
1604.000000
85.000000
279.000000
