2093.000000
708.000000
383.000000
189.000000
2778.000000
77.000000
822.000000
244.000000
606.000000
1174.000000
610.000000
684.000000
22.000000
2192.000000
419.000000
4468.000000
621.000000
66.000000
196.000000
132.000000
366.000000
144.000000
1517.000000
1016.000000
204.000000
320.000000
503.000000
383.000000
147.000000
963.000000
1315.000000
318.000000
285.000000
372.000000
569.000000
238.000000
251.000000
1138.000000
612.000000
50.000000
612.000000
650.000000
836.000000
516.000000
716.000000
3027.000000
947.000000
700.000000
347.000000
167.000000
469.000000
219.000000
92.000000
330.000000
390.000000
189.000000
1412.000000
1519.000000
248.000000
34.000000
911.000000
692.000000
974.000000
205.000000
1309.000000
295.000000
1710.000000
396.000000
107.000000
615.000000
521.000000
510.000000
463.000000
316.000000
325.000000
553.000000
724.000000
44.000000
344.000000
86.000000
841.000000
239.000000
240.000000
1794.000000
954.000000
179.000000
176.000000
796.000000
1591.000000
272.000000
161.000000
288.000000
596.000000
266.000000
263.000000
249.000000
305.000000
349.000000
415.000000
111.000000
1838.000000
123.000000
140.000000
386.000000
520.000000
133.000000
1003.000000
249.000000
226.000000
481.000000
361.000000
187.000000
343.000000
144.000000
764.000000
837.000000
81.000000
1737.000000
79.000000
269.000000
857.000000
3071.000000
1379.000000
198.000000
104.000000
311.000000
1105.000000
134.000000
188.000000
444.000000
696.000000
526.000000
122.000000
2708.000000
524.000000
314.000000
280.000000
103.000000
1958.000000
590.000000
190.000000
656.000000
3397.000000
141.000000
345.000000
2532.000000
94.000000
756.000000
268.000000
32.000000
1189.000000
395.000000
93.000000
585.000000
457.000000
233.000000
48.000000
1042.000000
2886.000000
642.000000
345.000000
724.000000
420.000000
650.000000
640.000000
257.000000
229.000000
939.000000
533.000000
330.000000
815.000000
52.000000
235.000000
804.000000
448.000000
1128.000000
184.000000
219.000000
2480.000000
618.000000
529.000000
134.000000
1102.000000
381.000000
788.000000
635.000000
544.000000
35.000000
173.000000
720.000000
436.000000
85.000000
465.000000
215.000000
431.000000
338.000000
368.000000
849.000000
115.000000
459.000000
589.000000
121.000000
200.000000
458.000000
195.000000
388.000000
802.000000
941.000000
1159.000000
349.000000
595.000000
216.000000
155.000000
138.000000
121.000000
786.000000
83.000000
1184.000000
1079.000000
99.000000
1060.000000
298.000000
4117.000000
481.000000
765.000000
56.000000
620.000000
1049.000000
338.000000
5540.000000
584.000000
217.000000
373.000000
660.000000
31.000000
756.000000
1519.000000
1020.000000
189.000000
145.000000
1682.000000
181.000000
564.000000
401.000000
649.000000
169.000000
429.000000
370.000000
2163.000000
294.000000
268.000000
597.000000
556.000000
586.000000
2046.000000
762.000000
228.000000
135.000000
1403.000000
343.000000
34.000000
314.000000
1234.000000
938.000000
5096.000000
90.000000
353.000000
692.000000
1116.000000
193.000000
353.000000
148.000000
1739.000000
620.000000
494.000000
244.000000
648.000000
248.000000
591.000000
1974.000000
721.000000
1317.000000
416.000000
149.000000
175.000000
508.000000
416.000000
122.000000
308.000000
595.000000
956.000000
1739.000000
160.000000
212.000000
767.000000
654.000000
518.000000
80.000000
753.000000
771.000000
600.000000
483.000000
264.000000
154.000000
524.000000
224.000000
1460.000000
42.000000
1765.000000
375.000000
260.000000
295.000000
234.000000
101.000000
1039.000000
1602.000000
934.000000
141.000000
951.000000
4572.000000
41.000000
380.000000
263.000000
73.000000
483.000000
255.000000
488.000000
306.000000
327.000000
204.000000
334.000000
218.000000
2896.000000
287.000000
123.000000
702.000000
541.000000
394.000000
625.000000
717.000000
267.000000
1659.000000
77.000000
402.000000
84.000000
462.000000
462.000000
399.000000
660.000000
1758.000000
1245.000000
707.000000
561.000000
12661.000000
618.000000
183.000000
1499.000000
1737.000000
258.000000
475.000000
868.000000
1578.000000
1204.000000
897.000000
3954.000000
791.000000
478.000000
3919.000000
514.000000
366.000000
799.000000
761.000000
285.000000
1896.000000
324.000000
559.000000
189.000000
323.000000
1164.000000
1799.000000
922.000000
488.000000
609.000000
2644.000000
236.000000
652.000000
220.000000
340.000000
576.000000
842.000000
1094.000000
283.000000
653.000000
632.000000
180.000000
460.000000
276.000000
52.000000
214.000000
500.000000
369.000000
1268.000000
729.000000
2266.000000
246.000000
141.000000
721.000000
1081.000000
330.000000
262.000000
531.000000
315.000000
204.000000
259.000000
525.000000
254.000000
1999.000000
725.000000
512.000000
301.000000
1197.000000
106.000000
416.000000
156.000000
262.000000
339.000000
1172.000000
723.000000
699.000000
181.000000
595.000000
1258.000000
34.000000
537.000000
2325.000000
1156.000000
236.000000
569.000000
589.000000
81.000000
185.000000
218.000000
731.000000
637.000000
104.000000
622.000000
298.000000
248.000000
121.000000
1389.000000
4167.000000
195.000000
498.000000
177.000000
91.000000
238.000000
522.000000
186.000000
136.000000
880.000000
48.000000
2068.000000
109.000000
255.000000
214.000000
6517.000000
89.000000
961.000000
93.000000
1777.000000
222.000000
303.000000
387.000000
400.000000
354.000000
282.000000
487.000000
115.000000
142.000000
335.000000
1501.000000
256.000000
453.000000
978.000000
1458.000000
650.000000
1004.000000
198.000000
264.000000
1049.000000
1349.000000
342.000000
142.000000
556.000000
325.000000
168.000000
348.000000
192.000000
1486.000000
1080.000000
181.000000
76.000000
274.000000
1013.000000
937.000000
1182.000000
904.000000
302.000000
4637.000000
74.000000
706.000000
1186.000000
196.000000
378.000000
250.000000
315.000000
252.000000
145.000000
1029.000000
408.000000
1431.000000
581.000000
1242.000000
602.000000
158.000000
137.000000
337.000000
336.000000
42.000000
1474.000000
1664.000000
536.000000
115.000000
254.000000
1402.000000
252.000000
277.000000
398.000000
987.000000
575.000000
4098.000000
91.000000
1044.000000
622.000000
1942.000000
419.000000
888.000000
1095.000000
4121.000000
1631.000000
74.000000
611.000000
48.000000
782.000000
719.000000
348.000000
2204.000000
206.000000
164.000000
1415.000000
1161.000000
2903.000000
197.000000
275.000000
61.000000
1384.000000
235.000000
401.000000
278.000000
85.000000
269.000000
1004.000000
316.000000
41.000000
420.000000
237.000000
769.000000
1412.000000
224.000000
86.000000
569.000000
1439.000000
2284.000000
130.000000
964.000000
114.000000
348.000000
203.000000
1319.000000
567.000000
1092.000000
179.000000
1257.000000
279.000000
192.000000
585.000000
326.000000
3000.000000
114.000000
772.000000
2460.000000
112.000000
745.000000
133.000000
490.000000
797.000000
447.000000
62.000000
667.000000
581.000000
225.000000
434.000000
747.000000
223.000000
107.000000
550.000000
3096.000000
598.000000
287.000000
4708.000000
625.000000
1448.000000
1232.000000
272.000000
115.000000
566.000000
422.000000
1109.000000
1514.000000
380.000000
221.000000
868.000000
223.000000
223.000000
1260.000000
845.000000
1205.000000
2220.000000
2676.000000
407.000000
733.000000
1081.000000
117.000000
547.000000
2926.000000
2266.000000
965.000000
3011.000000
1731.000000
896.000000
557.000000
200.000000
2815.000000
672.000000
534.000000
2095.000000
507.000000
256.000000
240.000000
484.000000
285.000000
658.000000
195.000000
177.000000
661.000000
2528.000000
345.000000
1985.000000
1703.000000
1170.000000
111.000000
578.000000
2615.000000
492.000000
482.000000
322.000000
1074.000000
236.000000
5499.000000
202.000000
322.000000
257.000000
262.000000
295.000000
148.000000
444.000000
307.000000
484.000000
319.000000
331.000000
474.000000
4184.000000
646.000000
496.000000
683.000000
91.000000
790.000000
83.000000
123.000000
247.000000
1822.000000
243.000000
89.000000
230.000000
182.000000
522.000000
357.000000
206.000000
385.000000
314.000000
978.000000
47.000000
241.000000
694.000000
738.000000
133.000000
661.000000
216.000000
92.000000
265.000000
299.000000
158.000000
234.000000
1925.000000
1018.000000
1201.000000
85.000000
536.000000
522.000000
469.000000
444.000000
677.000000
449.000000
565.000000
613.000000
877.000000
244.000000
1863.000000
203.000000
675.000000
428.000000
462.000000
186.000000
90.000000
167.000000
202.000000
761.000000
364.000000
825.000000
292.000000
980.000000
605.000000
1009.000000
423.000000
1391.000000
517.000000
1400.000000
159.000000
512.000000
494.000000
576.000000
1297.000000
364.000000
2475.000000
873.000000
739.000000
228.000000
362.000000
1286.000000
5003.000000
534.000000
986.000000
86.000000
388.000000
193.000000
989.000000
193.000000
615.000000
69.000000
1058.000000
288.000000
511.000000
390.000000
931.000000
475.000000
312.000000
1119.000000
258.000000
522.000000
176.000000
235.000000
251.000000
247.000000
262.000000
509.000000
71.000000
2021.000000
773.000000
3022.000000
86.000000
118.000000
483.000000
151.000000
278.000000
170.000000
163.000000
120.000000
120.000000
1120.000000
206.000000
573.000000
278.000000
336.000000
1307.000000
157.000000
214.000000
56.000000
1055.000000
750.000000
757.000000
130.000000
1475.000000
378.000000
95.000000
829.000000
681.000000
425.000000
388.000000
757.000000
494.000000
286.000000
1836.000000
1053.000000
58.000000
18.000000
1410.000000
729.000000
1075.000000
437.000000
366.000000
422.000000
138.000000
655.000000
463.000000
198.000000
254.000000
636.000000
190.000000
495.000000
650.000000
178.000000
144.000000
404.000000
1038.000000
1409.000000
335.000000
680.000000
97.000000
476.000000
522.000000
174.000000
360.000000
576.000000
533.000000
243.000000
306.000000
98.000000
537.000000
393.000000
296.000000
547.000000
305.000000
267.000000
309.000000
510.000000
689.000000
1853.000000
69.000000
228.000000
490.000000
155.000000
216.000000
236.000000
399.000000
93.000000
1314.000000
299.000000
263.000000
272.000000
584.000000
179.000000
322.000000
1028.000000
1792.000000
404.000000
1391.000000
205.000000
593.000000
1413.000000
604.000000
6967.000000
1350.000000
1274.000000
692.000000
385.000000
45.000000
1811.000000
374.000000
1962.000000
218.000000
232.000000
254.000000
2470.000000
215.000000
1241.000000
249.000000
802.000000
317.000000
595.000000
154.000000
958.000000
326.000000
2897.000000
70.000000
2588.000000
208.000000
73.000000
37.000000
383.000000
832.000000
240.000000
2721.000000
322.000000
412.000000
680.000000
522.000000
595.000000
1069.000000
479.000000
167.000000
370.000000
154.000000
608.000000
2487.000000
74.000000
603.000000
683.000000
57.000000
622.000000
884.000000
839.000000
85.000000
1975.000000
176.000000
475.000000
2582.000000
850.000000
861.000000
114.000000
418.000000
1422.000000
304.000000
138.000000
413.000000
833.000000
26.000000
110.000000
823.000000
296.000000
330.000000
46.000000
704.000000
317.000000
750.000000
293.000000
390.000000
117.000000
198.000000
289.000000
350.000000
281.000000
598.000000
419.000000
75.000000
645.000000
2589.000000
332.000000
492.000000
270.000000
259.000000
146.000000
30.000000
434.000000
95.000000
994.000000
146.000000
306.000000
43.000000
1127.000000
367.000000
