122.000000
459.000000
2119.000000
2303.000000
507.000000
222.000000
528.000000
212.000000
31.000000
241.000000
468.000000
753.000000
656.000000
5573.000000
721.000000
687.000000
991.000000
354.000000
34.000000
1725.000000
249.000000
73.000000
1561.000000
2176.000000
212.000000
335.000000
212.000000
417.000000
226.000000
439.000000
237.000000
531.000000
529.000000
212.000000
1022.000000
1234.000000
906.000000
891.000000
167.000000
266.000000
162.000000
78.000000
337.000000
747.000000
647.000000
139.000000
663.000000
884.000000
1059.000000
1838.000000
576.000000
881.000000
1303.000000
287.000000
758.000000
40.000000
1577.000000
1059.000000
21.000000
514.000000
169.000000
635.000000
127.000000
235.000000
2032.000000
374.000000
606.000000
78.000000
550.000000
174.000000
568.000000
259.000000
191.000000
279.000000
413.000000
284.000000
273.000000
53.000000
894.000000
648.000000
139.000000
267.000000
789.000000
1856.000000
1569.000000
185.000000
687.000000
362.000000
2876.000000
932.000000
466.000000
259.000000
260.000000
2796.000000
487.000000
141.000000
430.000000
370.000000
213.000000
762.000000
128.000000
270.000000
994.000000
405.000000
99.000000
918.000000
7568.000000
48.000000
149.000000
407.000000
206.000000
225.000000
197.000000
241.000000
1850.000000
1238.000000
725.000000
195.000000
1347.000000
1040.000000
137.000000
61.000000
215.000000
1167.000000
406.000000
401.000000
321.000000
426.000000
802.000000
214.000000
826.000000
44.000000
198.000000
385.000000
590.000000
242.000000
389.000000
773.000000
316.000000
1492.000000
342.000000
69.000000
1049.000000
311.000000
942.000000
316.000000
615.000000
610.000000
178.000000
27.000000
232.000000
542.000000
586.000000
223.000000
557.000000
664.000000
952.000000
252.000000
439.000000
556.000000
217.000000
399.000000
515.000000
65.000000
235.000000
162.000000
142.000000
371.000000
666.000000
1077.000000
574.000000
172.000000
649.000000
357.000000
806.000000
722.000000
254.000000
79.000000
530.000000
538.000000
1619.000000
465.000000
192.000000
111.000000
202.000000
81.000000
573.000000
646.000000
1148.000000
432.000000
247.000000
1173.000000
205.000000
586.000000
734.000000
2448.000000
657.000000
830.000000
347.000000
152.000000
153.000000
666.000000
1432.000000
391.000000
348.000000
595.000000
2193.000000
654.000000
309.000000
912.000000
423.000000
524.000000
71.000000
82.000000
594.000000
456.000000
557.000000
654.000000
2463.000000
99.000000
825.000000
489.000000
378.000000
422.000000
551.000000
428.000000
262.000000
143.000000
596.000000
152.000000
1767.000000
422.000000
289.000000
299.000000
180.000000
443.000000
101.000000
1615.000000
710.000000
83.000000
471.000000
262.000000
1122.000000
968.000000
542.000000
281.000000
444.000000
35.000000
2015.000000
49.000000
383.000000
686.000000
2027.000000
433.000000
28.000000
512.000000
1211.000000
669.000000
649.000000
261.000000
2016.000000
780.000000
958.000000
224.000000
861.000000
161.000000
601.000000
319.000000
415.000000
244.000000
293.000000
370.000000
2314.000000
542.000000
213.000000
190.000000
272.000000
167.000000
462.000000
282.000000
235.000000
180.000000
102.000000
203.000000
896.000000
47.000000
1024.000000
390.000000
508.000000
269.000000
234.000000
321.000000
97.000000
417.000000
681.000000
79.000000
947.000000
237.000000
239.000000
261.000000
248.000000
669.000000
293.000000
3374.000000
838.000000
229.000000
204.000000
88.000000
46.000000
237.000000
633.000000
315.000000
350.000000
268.000000
317.000000
577.000000
862.000000
193.000000
496.000000
553.000000
69.000000
362.000000
990.000000
62.000000
293.000000
121.000000
582.000000
207.000000
80.000000
204.000000
131.000000
220.000000
186.000000
822.000000
108.000000
651.000000
304.000000
379.000000
899.000000
619.000000
321.000000
236.000000
445.000000
92.000000
455.000000
889.000000
776.000000
1108.000000
871.000000
441.000000
201.000000
619.000000
90.000000
156.000000
954.000000
1519.000000
1222.000000
38.000000
1669.000000
3849.000000
422.000000
514.000000
201.000000
209.000000
899.000000
4766.000000
243.000000
2815.000000
215.000000
149.000000
385.000000
205.000000
557.000000
320.000000
485.000000
109.000000
441.000000
436.000000
1552.000000
1661.000000
673.000000
873.000000
113.000000
238.000000
213.000000
999.000000
153.000000
468.000000
807.000000
4356.000000
307.000000
875.000000
356.000000
894.000000
222.000000
144.000000
1309.000000
1190.000000
52.000000
629.000000
1373.000000
1077.000000
51.000000
360.000000
484.000000
900.000000
798.000000
2624.000000
336.000000
234.000000
187.000000
22.000000
1006.000000
270.000000
493.000000
182.000000
389.000000
198.000000
189.000000
480.000000
1346.000000
1325.000000
202.000000
1494.000000
2059.000000
292.000000
194.000000
836.000000
527.000000
509.000000
265.000000
1265.000000
254.000000
139.000000
845.000000
427.000000
799.000000
201.000000
264.000000
400.000000
974.000000
91.000000
167.000000
486.000000
1108.000000
176.000000
98.000000
494.000000
471.000000
406.000000
179.000000
943.000000
476.000000
870.000000
1908.000000
1648.000000
1834.000000
486.000000
126.000000
586.000000
215.000000
346.000000
49.000000
386.000000
1622.000000
1006.000000
835.000000
541.000000
340.000000
707.000000
122.000000
223.000000
400.000000
1130.000000
346.000000
70.000000
266.000000
545.000000
711.000000
456.000000
672.000000
265.000000
2478.000000
250.000000
209.000000
56.000000
187.000000
200.000000
79.000000
49.000000
424.000000
141.000000
713.000000
891.000000
403.000000
179.000000
543.000000
291.000000
336.000000
440.000000
767.000000
1067.000000
330.000000
260.000000
3450.000000
255.000000
125.000000
392.000000
1404.000000
125.000000
197.000000
959.000000
517.000000
902.000000
625.000000
411.000000
30.000000
98.000000
678.000000
257.000000
304.000000
82.000000
641.000000
490.000000
244.000000
40.000000
126.000000
1552.000000
2932.000000
492.000000
210.000000
404.000000
43.000000
891.000000
47.000000
543.000000
1475.000000
175.000000
519.000000
62.000000
378.000000
862.000000
96.000000
619.000000
180.000000
533.000000
621.000000
3294.000000
33.000000
2288.000000
1436.000000
50.000000
433.000000
405.000000
265.000000
3158.000000
1673.000000
288.000000
1064.000000
205.000000
306.000000
3189.000000
3033.000000
90.000000
701.000000
866.000000
1806.000000
608.000000
149.000000
512.000000
326.000000
2112.000000
290.000000
121.000000
536.000000
1092.000000
811.000000
1189.000000
454.000000
244.000000
640.000000
170.000000
779.000000
689.000000
848.000000
1341.000000
61.000000
251.000000
1053.000000
147.000000
178.000000
873.000000
1904.000000
246.000000
220.000000
867.000000
427.000000
1940.000000
476.000000
506.000000
228.000000
964.000000
360.000000
697.000000
74.000000
705.000000
337.000000
2382.000000
346.000000
682.000000
29.000000
1175.000000
317.000000
362.000000
1086.000000
372.000000
333.000000
202.000000
321.000000
127.000000
146.000000
2951.000000
2416.000000
213.000000
890.000000
115.000000
1155.000000
395.000000
688.000000
353.000000
1037.000000
158.000000
485.000000
344.000000
240.000000
192.000000
1678.000000
112.000000
215.000000
345.000000
305.000000
161.000000
476.000000
426.000000
75.000000
1055.000000
560.000000
3425.000000
332.000000
544.000000
1130.000000
3911.000000
99.000000
67.000000
316.000000
233.000000
888.000000
167.000000
535.000000
1096.000000
121.000000
791.000000
71.000000
228.000000
370.000000
202.000000
1314.000000
924.000000
8643.000000
1992.000000
387.000000
832.000000
221.000000
456.000000
601.000000
799.000000
876.000000
113.000000
119.000000
145.000000
456.000000
2803.000000
220.000000
83.000000
1002.000000
367.000000
216.000000
386.000000
1569.000000
622.000000
93.000000
99.000000
46.000000
333.000000
7817.000000
104.000000
327.000000
42.000000
516.000000
275.000000
204.000000
141.000000
78.000000
865.000000
187.000000
145.000000
764.000000
109.000000
2020.000000
257.000000
333.000000
2336.000000
586.000000
1746.000000
262.000000
1232.000000
1573.000000
192.000000
143.000000
1110.000000
544.000000
1705.000000
523.000000
1321.000000
405.000000
418.000000
1518.000000
178.000000
194.000000
145.000000
57.000000
668.000000
486.000000
253.000000
1313.000000
431.000000
179.000000
293.000000
678.000000
271.000000
1256.000000
1099.000000
1374.000000
1630.000000
1385.000000
655.000000
1423.000000
851.000000
642.000000
141.000000
148.000000
192.000000
131.000000
349.000000
234.000000
255.000000
1073.000000
438.000000
121.000000
606.000000
737.000000
344.000000
372.000000
321.000000
1636.000000
266.000000
1574.000000
740.000000
1728.000000
174.000000
1255.000000
397.000000
331.000000
427.000000
175.000000
125.000000
1354.000000
630.000000
85.000000
579.000000
60.000000
38.000000
430.000000
324.000000
129.000000
158.000000
674.000000
140.000000
818.000000
214.000000
1114.000000
181.000000
268.000000
378.000000
444.000000
3304.000000
729.000000
909.000000
796.000000
172.000000
561.000000
955.000000
197.000000
253.000000
2344.000000
44.000000
148.000000
537.000000
72.000000
72.000000
263.000000
191.000000
144.000000
103.000000
369.000000
1461.000000
174.000000
294.000000
181.000000
2209.000000
502.000000
849.000000
247.000000
2390.000000
2359.000000
468.000000
257.000000
4589.000000
3092.000000
5354.000000
1100.000000
87.000000
125.000000
100.000000
307.000000
414.000000
1062.000000
889.000000
322.000000
92.000000
2843.000000
282.000000
1070.000000
686.000000
856.000000
660.000000
1842.000000
294.000000
288.000000
134.000000
1288.000000
836.000000
101.000000
617.000000
192.000000
283.000000
710.000000
512.000000
1445.000000
2764.000000
750.000000
1019.000000
609.000000
229.000000
1560.000000
3275.000000
381.000000
613.000000
126.000000
222.000000
51.000000
1546.000000
642.000000
306.000000
514.000000
804.000000
1960.000000
426.000000
115.000000
265.000000
993.000000
603.000000
764.000000
141.000000
548.000000
251.000000
942.000000
236.000000
360.000000
662.000000
714.000000
651.000000
780.000000
479.000000
985.000000
1970.000000
44.000000
818.000000
175.000000
597.000000
958.000000
336.000000
2161.000000
482.000000
204.000000
861.000000
215.000000
188.000000
620.000000
60.000000
2050.000000
812.000000
1159.000000
122.000000
96.000000
40.000000
163.000000
327.000000
372.000000
1583.000000
601.000000
171.000000
414.000000
1509.000000
103.000000
273.000000
68.000000
978.000000
706.000000
124.000000
1160.000000
585.000000
78.000000
106.000000
644.000000
494.000000
144.000000
754.000000
659.000000
275.000000
747.000000
734.000000
491.000000
159.000000
183.000000
976.000000
390.000000
63.000000
443.000000
1913.000000
247.000000
152.000000
200.000000
22.000000
608.000000
933.000000
1845.000000
132.000000
200.000000
1629.000000
743.000000
342.000000
386.000000
82.000000
254.000000
194.000000
184.000000
371.000000
378.000000
1612.000000
735.000000
339.000000
354.000000
440.000000
924.000000
760.000000
247.000000
678.000000
164.000000
204.000000
118.000000
443.000000
852.000000
167.000000
438.000000
116.000000
739.000000
475.000000
260.000000
331.000000
127.000000
217.000000
513.000000
3375.000000
297.000000
886.000000
142.000000
465.000000
1507.000000
166.000000
