200.000000
2234.000000
29.000000
910.000000
563.000000
776.000000
84.000000
414.000000
1029.000000
149.000000
1225.000000
147.000000
390.000000
191.000000
1654.000000
352.000000
609.000000
358.000000
347.000000
354.000000
91.000000
648.000000
97.000000
761.000000
225.000000
128.000000
721.000000
640.000000
514.000000
467.000000
122.000000
141.000000
85.000000
254.000000
367.000000
253.000000
410.000000
655.000000
131.000000
159.000000
1989.000000
3345.000000
382.000000
334.000000
172.000000
650.000000
134.000000
565.000000
430.000000
294.000000
551.000000
5078.000000
57.000000
67.000000
1080.000000
146.000000
225.000000
1524.000000
100.000000
918.000000
192.000000
248.000000
373.000000
391.000000
2239.000000
550.000000
782.000000
227.000000
251.000000
438.000000
2322.000000
108.000000
103.000000
1713.000000
480.000000
607.000000
87.000000
450.000000
443.000000
401.000000
494.000000
1754.000000
446.000000
225.000000
457.000000
1007.000000
488.000000
233.000000
2126.000000
333.000000
1361.000000
212.000000
169.000000
515.000000
353.000000
110.000000
119.000000
306.000000
151.000000
1063.000000
464.000000
133.000000
687.000000
57.000000
1340.000000
692.000000
1277.000000
468.000000
1888.000000
1787.000000
1102.000000
166.000000
441.000000
82.000000
672.000000
691.000000
587.000000
205.000000
283.000000
600.000000
561.000000
1283.000000
71.000000
3090.000000
969.000000
985.000000
626.000000
383.000000
962.000000
596.000000
29.000000
481.000000
119.000000
463.000000
257.000000
532.000000
158.000000
319.000000
2392.000000
183.000000
1191.000000
529.000000
268.000000
166.000000
1394.000000
638.000000
36.000000
1385.000000
203.000000
3970.000000
459.000000
69.000000
640.000000
310.000000
308.000000
2339.000000
148.000000
899.000000
713.000000
1187.000000
836.000000
162.000000
270.000000
499.000000
214.000000
180.000000
599.000000
684.000000
266.000000
623.000000
146.000000
183.000000
6367.000000
596.000000
263.000000
452.000000
498.000000
52.000000
127.000000
512.000000
1198.000000
296.000000
264.000000
2139.000000
274.000000
216.000000
659.000000
380.000000
311.000000
1768.000000
128.000000
1280.000000
977.000000
173.000000
738.000000
472.000000
980.000000
586.000000
44.000000
1369.000000
31.000000
350.000000
142.000000
950.000000
209.000000
5379.000000
324.000000
329.000000
49.000000
397.000000
221.000000
20.000000
102.000000
593.000000
133.000000
80.000000
97.000000
352.000000
273.000000
898.000000
2456.000000
219.000000
181.000000
794.000000
142.000000
1316.000000
251.000000
144.000000
672.000000
86.000000
1333.000000
83.000000
1038.000000
727.000000
832.000000
193.000000
178.000000
836.000000
657.000000
476.000000
392.000000
184.000000
1334.000000
241.000000
421.000000
1207.000000
390.000000
732.000000
72.000000
123.000000
255.000000
272.000000
228.000000
1282.000000
566.000000
312.000000
54.000000
411.000000
437.000000
299.000000
1177.000000
263.000000
415.000000
455.000000
304.000000
171.000000
54.000000
111.000000
100.000000
5449.000000
1891.000000
565.000000
657.000000
65.000000
1474.000000
2439.000000
550.000000
474.000000
569.000000
365.000000
514.000000
335.000000
274.000000
193.000000
836.000000
686.000000
459.000000
1173.000000
1584.000000
261.000000
30.000000
461.000000
587.000000
311.000000
412.000000
279.000000
960.000000
22.000000
1141.000000
1237.000000
405.000000
257.000000
1189.000000
1427.000000
477.000000
391.000000
291.000000
129.000000
7121.000000
4189.000000
384.000000
358.000000
118.000000
135.000000
80.000000
465.000000
295.000000
839.000000
3801.000000
77.000000
666.000000
481.000000
594.000000
100.000000
966.000000
346.000000
352.000000
657.000000
1894.000000
1218.000000
236.000000
210.000000
136.000000
120.000000
1253.000000
1418.000000
1276.000000
75.000000
657.000000
131.000000
312.000000
51.000000
1318.000000
127.000000
74.000000
212.000000
684.000000
875.000000
411.000000
1784.000000
804.000000
96.000000
131.000000
274.000000
96.000000
379.000000
491.000000
141.000000
285.000000
77.000000
320.000000
21.000000
420.000000
889.000000
197.000000
90.000000
510.000000
246.000000
538.000000
2314.000000
104.000000
502.000000
215.000000
78.000000
751.000000
596.000000
70.000000
255.000000
192.000000
674.000000
4363.000000
178.000000
674.000000
2340.000000
2066.000000
404.000000
335.000000
217.000000
437.000000
1128.000000
528.000000
163.000000
262.000000
198.000000
443.000000
372.000000
2597.000000
695.000000
78.000000
208.000000
306.000000
387.000000
414.000000
918.000000
93.000000
188.000000
503.000000
2377.000000
233.000000
1198.000000
122.000000
328.000000
54.000000
4838.000000
105.000000
292.000000
267.000000
279.000000
1243.000000
851.000000
592.000000
424.000000
1180.000000
332.000000
1265.000000
178.000000
124.000000
161.000000
186.000000
45.000000
858.000000
157.000000
223.000000
618.000000
328.000000
147.000000
248.000000
305.000000
24.000000
317.000000
286.000000
408.000000
142.000000
330.000000
1227.000000
669.000000
122.000000
7299.000000
106.000000
602.000000
407.000000
185.000000
2065.000000
792.000000
33.000000
2256.000000
297.000000
357.000000
198.000000
80.000000
363.000000
268.000000
412.000000
268.000000
205.000000
534.000000
2772.000000
112.000000
931.000000
823.000000
305.000000
258.000000
6862.000000
819.000000
25.000000
2158.000000
1057.000000
651.000000
756.000000
265.000000
240.000000
506.000000
727.000000
295.000000
941.000000
495.000000
1631.000000
236.000000
348.000000
2692.000000
1973.000000
3896.000000
297.000000
684.000000
516.000000
591.000000
1004.000000
337.000000
669.000000
361.000000
91.000000
454.000000
164.000000
56.000000
271.000000
963.000000
358.000000
143.000000
348.000000
53.000000
53.000000
118.000000
199.000000
381.000000
805.000000
292.000000
729.000000
395.000000
123.000000
284.000000
1021.000000
164.000000
621.000000
1428.000000
803.000000
159.000000
190.000000
405.000000
1584.000000
88.000000
732.000000
541.000000
1961.000000
116.000000
768.000000
2579.000000
439.000000
609.000000
1072.000000
480.000000
895.000000
260.000000
192.000000
429.000000
306.000000
2444.000000
792.000000
111.000000
406.000000
271.000000
221.000000
622.000000
112.000000
78.000000
843.000000
502.000000
296.000000
400.000000
623.000000
55.000000
420.000000
150.000000
398.000000
4352.000000
761.000000
1675.000000
220.000000
2431.000000
869.000000
269.000000
139.000000
1463.000000
227.000000
477.000000
3766.000000
316.000000
231.000000
1099.000000
2104.000000
159.000000
506.000000
1068.000000
134.000000
606.000000
489.000000
238.000000
792.000000
1008.000000
1334.000000
213.000000
131.000000
717.000000
366.000000
1513.000000
1204.000000
249.000000
371.000000
409.000000
314.000000
1127.000000
1448.000000
295.000000
581.000000
142.000000
864.000000
201.000000
435.000000
608.000000
278.000000
312.000000
2623.000000
203.000000
279.000000
324.000000
830.000000
254.000000
548.000000
514.000000
196.000000
634.000000
249.000000
293.000000
617.000000
125.000000
574.000000
127.000000
196.000000
1566.000000
505.000000
131.000000
1418.000000
53.000000
643.000000
445.000000
1299.000000
43.000000
1452.000000
236.000000
1818.000000
423.000000
497.000000
1207.000000
139.000000
203.000000
1397.000000
1400.000000
367.000000
316.000000
6733.000000
242.000000
734.000000
175.000000
125.000000
605.000000
423.000000
748.000000
95.000000
338.000000
502.000000
636.000000
771.000000
342.000000
323.000000
458.000000
977.000000
215.000000
339.000000
276.000000
199.000000
556.000000
298.000000
488.000000
699.000000
587.000000
271.000000
516.000000
357.000000
174.000000
62.000000
124.000000
759.000000
332.000000
3853.000000
559.000000
63.000000
1115.000000
559.000000
371.000000
282.000000
1215.000000
442.000000
308.000000
1220.000000
843.000000
172.000000
500.000000
390.000000
588.000000
393.000000
110.000000
2863.000000
624.000000
699.000000
417.000000
152.000000
173.000000
292.000000
1714.000000
1050.000000
55.000000
2192.000000
120.000000
238.000000
214.000000
352.000000
1165.000000
1366.000000
213.000000
2902.000000
765.000000
1235.000000
1913.000000
1093.000000
488.000000
199.000000
298.000000
294.000000
589.000000
227.000000
718.000000
662.000000
596.000000
246.000000
444.000000
169.000000
83.000000
345.000000
1975.000000
114.000000
493.000000
50.000000
314.000000
115.000000
710.000000
154.000000
54.000000
1062.000000
174.000000
2959.000000
103.000000
566.000000
153.000000
34.000000
968.000000
711.000000
149.000000
245.000000
1065.000000
602.000000
773.000000
33.000000
532.000000
447.000000
304.000000
215.000000
210.000000
144.000000
319.000000
301.000000
1384.000000
105.000000
373.000000
491.000000
663.000000
2508.000000
434.000000
918.000000
832.000000
748.000000
263.000000
440.000000
338.000000
174.000000
198.000000
312.000000
671.000000
1308.000000
181.000000
981.000000
1881.000000
312.000000
193.000000
708.000000
452.000000
300.000000
72.000000
420.000000
1989.000000
903.000000
532.000000
1019.000000
326.000000
287.000000
373.000000
720.000000
117.000000
69.000000
1066.000000
5404.000000
209.000000
1400.000000
1212.000000
343.000000
494.000000
326.000000
170.000000
371.000000
69.000000
1027.000000
477.000000
326.000000
121.000000
174.000000
642.000000
1257.000000
296.000000
245.000000
299.000000
329.000000
235.000000
564.000000
1720.000000
733.000000
884.000000
291.000000
102.000000
884.000000
375.000000
264.000000
1273.000000
1264.000000
117.000000
603.000000
50.000000
697.000000
1093.000000
490.000000
988.000000
283.000000
256.000000
425.000000
87.000000
629.000000
522.000000
9247.000000
691.000000
237.000000
107.000000
663.000000
470.000000
584.000000
1355.000000
1902.000000
456.000000
2687.000000
367.000000
364.000000
785.000000
141.000000
449.000000
491.000000
1154.000000
307.000000
247.000000
941.000000
162.000000
235.000000
492.000000
361.000000
479.000000
231.000000
410.000000
439.000000
471.000000
60.000000
2620.000000
1607.000000
122.000000
1189.000000
621.000000
725.000000
296.000000
149.000000
392.000000
1171.000000
2084.000000
185.000000
82.000000
414.000000
202.000000
706.000000
726.000000
122.000000
418.000000
965.000000
195.000000
3717.000000
127.000000
128.000000
480.000000
549.000000
5214.000000
623.000000
227.000000
490.000000
425.000000
204.000000
284.000000
241.000000
339.000000
863.000000
66.000000
317.000000
149.000000
452.000000
940.000000
363.000000
142.000000
220.000000
803.000000
2208.000000
332.000000
54.000000
2262.000000
673.000000
334.000000
112.000000
191.000000
530.000000
629.000000
137.000000
853.000000
1594.000000
1115.000000
1074.000000
966.000000
434.000000
322.000000
1658.000000
566.000000
684.000000
116.000000
156.000000
2689.000000
1283.000000
539.000000
57.000000
250.000000
389.000000
83.000000
234.000000
356.000000
520.000000
1012.000000
1731.000000
178.000000
268.000000
1604.000000
77.000000
88.000000
609.000000
1337.000000
274.000000
294.000000
352.000000
465.000000
158.000000
119.000000
798.000000
38.000000
597.000000
161.000000
225.000000
860.000000
352.000000
85.000000
459.000000
345.000000
482.000000
741.000000
75.000000
169.000000
246.000000
298.000000
537.000000
1569.000000
6390.000000
243.000000
88.000000
146.000000
