413.000000
549.000000
80.000000
85.000000
832.000000
1171.000000
75.000000
66.000000
590.000000
396.000000
2130.000000
214.000000
1125.000000
179.000000
903.000000
278.000000
1076.000000
1116.000000
427.000000
120.000000
422.000000
341.000000
190.000000
772.000000
34.000000
627.000000
525.000000
539.000000
1327.000000
453.000000
200.000000
2702.000000
315.000000
1358.000000
579.000000
142.000000
424.000000
841.000000
1137.000000
185.000000
172.000000
870.000000
408.000000
843.000000
1042.000000
882.000000
286.000000
264.000000
93.000000
336.000000
1039.000000
81.000000
150.000000
166.000000
618.000000
130.000000
484.000000
386.000000
836.000000
154.000000
1592.000000
689.000000
223.000000
212.000000
104.000000
404.000000
733.000000
720.000000
181.000000
307.000000
527.000000
118.000000
275.000000
466.000000
602.000000
216.000000
908.000000
345.000000
1244.000000
237.000000
832.000000
442.000000
781.000000
1964.000000
159.000000
1954.000000
334.000000
268.000000
2424.000000
914.000000
196.000000
883.000000
25.000000
726.000000
635.000000
310.000000
832.000000
134.000000
290.000000
243.000000
274.000000
352.000000
2622.000000
460.000000
304.000000
414.000000
781.000000
533.000000
606.000000
182.000000
312.000000
1250.000000
585.000000
431.000000
92.000000
509.000000
446.000000
363.000000
152.000000
456.000000
695.000000
163.000000
333.000000
3570.000000
1672.000000
1591.000000
65.000000
98.000000
303.000000
302.000000
573.000000
241.000000
221.000000
763.000000
589.000000
1832.000000
785.000000
748.000000
410.000000
606.000000
1533.000000
880.000000
638.000000
288.000000
1138.000000
1467.000000
434.000000
679.000000
87.000000
317.000000
360.000000
583.000000
975.000000
185.000000
502.000000
96.000000
393.000000
1017.000000
286.000000
330.000000
867.000000
273.000000
141.000000
552.000000
608.000000
2592.000000
158.000000
430.000000
567.000000
420.000000
373.000000
648.000000
394.000000
806.000000
102.000000
420.000000
133.000000
204.000000
568.000000
444.000000
168.000000
372.000000
294.000000
141.000000
38.000000
131.000000
241.000000
840.000000
438.000000
132.000000
407.000000
1016.000000
1406.000000
212.000000
164.000000
155.000000
1714.000000
653.000000
300.000000
95.000000
258.000000
716.000000
601.000000
686.000000
195.000000
409.000000
1998.000000
228.000000
406.000000
256.000000
249.000000
838.000000
967.000000
179.000000
590.000000
421.000000
275.000000
66.000000
192.000000
243.000000
370.000000
161.000000
435.000000
501.000000
858.000000
233.000000
434.000000
416.000000
947.000000
1037.000000
494.000000
63.000000
370.000000
673.000000
2840.000000
335.000000
471.000000
319.000000
109.000000
838.000000
399.000000
534.000000
102.000000
670.000000
748.000000
440.000000
93.000000
290.000000
1044.000000
736.000000
847.000000
556.000000
927.000000
429.000000
441.000000
704.000000
88.000000
133.000000
270.000000
82.000000
238.000000
88.000000
86.000000
271.000000
841.000000
527.000000
530.000000
1063.000000
1752.000000
540.000000
684.000000
362.000000
211.000000
45.000000
660.000000
301.000000
779.000000
427.000000
1243.000000
346.000000
76.000000
72.000000
1119.000000
124.000000
203.000000
207.000000
352.000000
1685.000000
331.000000
536.000000
337.000000
1519.000000
366.000000
682.000000
176.000000
2012.000000
678.000000
541.000000
66.000000
323.000000
485.000000
388.000000
284.000000
667.000000
1011.000000
905.000000
108.000000
174.000000
1084.000000
366.000000
220.000000
407.000000
265.000000
586.000000
1433.000000
124.000000
97.000000
595.000000
809.000000
346.000000
84.000000
1781.000000
703.000000
74.000000
660.000000
679.000000
308.000000
1361.000000
180.000000
102.000000
204.000000
1107.000000
2459.000000
120.000000
237.000000
589.000000
1652.000000
941.000000
947.000000
68.000000
358.000000
172.000000
923.000000
507.000000
136.000000
161.000000
874.000000
144.000000
169.000000
1865.000000
403.000000
2492.000000
343.000000
1123.000000
141.000000
239.000000
1964.000000
1040.000000
1083.000000
84.000000
1289.000000
666.000000
399.000000
1567.000000
316.000000
83.000000
372.000000
5124.000000
311.000000
357.000000
106.000000
2938.000000
754.000000
321.000000
1114.000000
352.000000
173.000000
3565.000000
284.000000
2928.000000
550.000000
354.000000
62.000000
491.000000
2387.000000
328.000000
294.000000
76.000000
155.000000
293.000000
3771.000000
82.000000
489.000000
38.000000
250.000000
507.000000
695.000000
3726.000000
903.000000
402.000000
333.000000
445.000000
687.000000
582.000000
388.000000
98.000000
308.000000
602.000000
624.000000
304.000000
306.000000
547.000000
184.000000
127.000000
642.000000
316.000000
423.000000
527.000000
381.000000
296.000000
200.000000
178.000000
1037.000000
365.000000
51.000000
378.000000
130.000000
253.000000
123.000000
2081.000000
643.000000
2615.000000
138.000000
302.000000
484.000000
356.000000
367.000000
89.000000
115.000000
2010.000000
184.000000
402.000000
977.000000
371.000000
135.000000
3869.000000
76.000000
535.000000
461.000000
276.000000
908.000000
1513.000000
101.000000
828.000000
79.000000
329.000000
526.000000
174.000000
502.000000
301.000000
403.000000
152.000000
2620.000000
9370.000000
375.000000
368.000000
2519.000000
196.000000
1062.000000
670.000000
448.000000
2658.000000
411.000000
703.000000
743.000000
91.000000
907.000000
1024.000000
637.000000
625.000000
267.000000
412.000000
213.000000
225.000000
373.000000
1141.000000
492.000000
90.000000
1099.000000
569.000000
909.000000
615.000000
1800.000000
1574.000000
213.000000
168.000000
1609.000000
57.000000
279.000000
327.000000
75.000000
697.000000
160.000000
2230.000000
292.000000
186.000000
918.000000
331.000000
799.000000
257.000000
908.000000
2245.000000
391.000000
103.000000
317.000000
936.000000
426.000000
622.000000
180.000000
180.000000
199.000000
120.000000
471.000000
2001.000000
205.000000
376.000000
2308.000000
245.000000
106.000000
6576.000000
1735.000000
340.000000
298.000000
418.000000
692.000000
397.000000
481.000000
1053.000000
869.000000
1535.000000
52.000000
264.000000
153.000000
464.000000
91.000000
150.000000
3210.000000
169.000000
72.000000
396.000000
357.000000
55.000000
1633.000000
4480.000000
460.000000
121.000000
760.000000
862.000000
306.000000
64.000000
1472.000000
84.000000
136.000000
50.000000
213.000000
601.000000
254.000000
123.000000
555.000000
2233.000000
296.000000
663.000000
2393.000000
833.000000
175.000000
204.000000
228.000000
187.000000
439.000000
173.000000
771.000000
3210.000000
110.000000
692.000000
140.000000
90.000000
833.000000
1359.000000
474.000000
853.000000
440.000000
282.000000
220.000000
659.000000
1331.000000
77.000000
1248.000000
571.000000
370.000000
675.000000
625.000000
1120.000000
1017.000000
251.000000
218.000000
585.000000
644.000000
249.000000
210.000000
257.000000
81.000000
132.000000
84.000000
1466.000000
5221.000000
982.000000
87.000000
189.000000
502.000000
139.000000
73.000000
310.000000
277.000000
452.000000
112.000000
623.000000
440.000000
191.000000
1758.000000
281.000000
1225.000000
647.000000
329.000000
1468.000000
334.000000
111.000000
273.000000
316.000000
245.000000
1514.000000
458.000000
401.000000
277.000000
37.000000
149.000000
118.000000
205.000000
602.000000
416.000000
281.000000
63.000000
316.000000
3830.000000
207.000000
1177.000000
443.000000
369.000000
3291.000000
943.000000
499.000000
143.000000
527.000000
2703.000000
770.000000
1205.000000
794.000000
1229.000000
236.000000
1018.000000
106.000000
681.000000
81.000000
624.000000
202.000000
218.000000
141.000000
250.000000
1090.000000
151.000000
80.000000
693.000000
633.000000
408.000000
1608.000000
76.000000
386.000000
1018.000000
730.000000
1221.000000
345.000000
182.000000
125.000000
236.000000
121.000000
2127.000000
679.000000
787.000000
76.000000
424.000000
877.000000
239.000000
135.000000
55.000000
499.000000
758.000000
320.000000
622.000000
88.000000
1010.000000
240.000000
438.000000
100.000000
139.000000
1542.000000
778.000000
296.000000
1431.000000
589.000000
219.000000
2096.000000
366.000000
184.000000
450.000000
238.000000
115.000000
244.000000
357.000000
370.000000
190.000000
421.000000
92.000000
209.000000
402.000000
430.000000
600.000000
515.000000
532.000000
133.000000
101.000000
63.000000
284.000000
356.000000
273.000000
1767.000000
284.000000
106.000000
807.000000
610.000000
628.000000
344.000000
158.000000
137.000000
3097.000000
245.000000
2074.000000
356.000000
39.000000
837.000000
280.000000
309.000000
332.000000
139.000000
204.000000
507.000000
139.000000
228.000000
306.000000
426.000000
868.000000
1452.000000
2748.000000
271.000000
151.000000
361.000000
249.000000
153.000000
219.000000
486.000000
204.000000
94.000000
1454.000000
193.000000
503.000000
722.000000
291.000000
504.000000
145.000000
343.000000
688.000000
154.000000
428.000000
756.000000
286.000000
327.000000
236.000000
153.000000
129.000000
114.000000
466.000000
203.000000
318.000000
191.000000
505.000000
248.000000
1089.000000
434.000000
505.000000
581.000000
537.000000
2253.000000
3464.000000
550.000000
882.000000
61.000000
530.000000
421.000000
577.000000
99.000000
419.000000
344.000000
1113.000000
96.000000
114.000000
252.000000
627.000000
362.000000
475.000000
2010.000000
450.000000
74.000000
625.000000
427.000000
273.000000
241.000000
303.000000
1212.000000
603.000000
624.000000
221.000000
165.000000
524.000000
150.000000
749.000000
206.000000
1578.000000
299.000000
494.000000
340.000000
367.000000
266.000000
293.000000
2091.000000
405.000000
777.000000
268.000000
307.000000
308.000000
146.000000
180.000000
275.000000
372.000000
1295.000000
421.000000
410.000000
352.000000
108.000000
702.000000
791.000000
60.000000
691.000000
236.000000
323.000000
296.000000
186.000000
71.000000
2094.000000
266.000000
368.000000
211.000000
525.000000
3393.000000
437.000000
872.000000
467.000000
354.000000
74.000000
252.000000
208.000000
474.000000
67.000000
1066.000000
133.000000
963.000000
875.000000
246.000000
1938.000000
222.000000
1294.000000
193.000000
20.000000
122.000000
238.000000
1163.000000
482.000000
289.000000
116.000000
166.000000
402.000000
403.000000
2444.000000
174.000000
323.000000
753.000000
285.000000
366.000000
765.000000
814.000000
213.000000
537.000000
891.000000
281.000000
1097.000000
441.000000
396.000000
1216.000000
198.000000
179.000000
622.000000
602.000000
555.000000
717.000000
62.000000
239.000000
660.000000
409.000000
164.000000
802.000000
710.000000
327.000000
66.000000
484.000000
1654.000000
483.000000
644.000000
124.000000
1201.000000
276.000000
85.000000
760.000000
16.000000
67.000000
548.000000
559.000000
432.000000
788.000000
259.000000
555.000000
157.000000
1771.000000
471.000000
696.000000
39.000000
742.000000
699.000000
66.000000
569.000000
452.000000
876.000000
969.000000
146.000000
83.000000
94.000000
670.000000
414.000000
1036.000000
769.000000
660.000000
413.000000
229.000000
1034.000000
323.000000
616.000000
235.000000
893.000000
2026.000000
1012.000000
110.000000
390.000000
1187.000000
579.000000
459.000000
2004.000000
608.000000
105.000000
530.000000
1191.000000
57.000000
267.000000
225.000000
1581.000000
