1511.000000
159.000000
730.000000
144.000000
327.000000
1141.000000
288.000000
504.000000
502.000000
331.000000
177.000000
362.000000
224.000000
96.000000
511.000000
381.000000
878.000000
330.000000
1688.000000
308.000000
226.000000
628.000000
390.000000
4573.000000
160.000000
470.000000
421.000000
76.000000
268.000000
307.000000
240.000000
331.000000
542.000000
62.000000
357.000000
2323.000000
163.000000
668.000000
236.000000
49.000000
751.000000
289.000000
1640.000000
454.000000
454.000000
371.000000
580.000000
1593.000000
685.000000
219.000000
2116.000000
1098.000000
499.000000
127.000000
513.000000
43.000000
80.000000
423.000000
169.000000
1644.000000
571.000000
980.000000
947.000000
334.000000
571.000000
321.000000
334.000000
306.000000
281.000000
165.000000
258.000000
923.000000
1167.000000
143.000000
252.000000
2037.000000
889.000000
552.000000
210.000000
675.000000
953.000000
3972.000000
295.000000
1280.000000
223.000000
1106.000000
250.000000
632.000000
156.000000
640.000000
707.000000
1605.000000
317.000000
439.000000
427.000000
1014.000000
42.000000
1228.000000
86.000000
1665.000000
1756.000000
392.000000
437.000000
460.000000
1360.000000
603.000000
76.000000
221.000000
692.000000
641.000000
1573.000000
378.000000
472.000000
232.000000
298.000000
226.000000
115.000000
317.000000
191.000000
1127.000000
195.000000
363.000000
3151.000000
888.000000
25.000000
221.000000
270.000000
264.000000
114.000000
1218.000000
298.000000
476.000000
370.000000
100.000000
707.000000
223.000000
1128.000000
264.000000
292.000000
346.000000
157.000000
3389.000000
742.000000
286.000000
460.000000
822.000000
307.000000
426.000000
57.000000
207.000000
525.000000
831.000000
393.000000
1539.000000
309.000000
1531.000000
532.000000
100.000000
1097.000000
49.000000
109.000000
429.000000
388.000000
338.000000
560.000000
652.000000
269.000000
1653.000000
118.000000
474.000000
222.000000
345.000000
1336.000000
3566.000000
1894.000000
509.000000
238.000000
141.000000
179.000000
6880.000000
647.000000
178.000000
93.000000
694.000000
156.000000
247.000000
224.000000
63.000000
353.000000
373.000000
360.000000
1505.000000
1275.000000
3924.000000
185.000000
127.000000
367.000000
109.000000
132.000000
412.000000
2992.000000
255.000000
534.000000
146.000000
1558.000000
161.000000
703.000000
314.000000
662.000000
268.000000
333.000000
475.000000
1377.000000
239.000000
372.000000
714.000000
1419.000000
187.000000
300.000000
201.000000
590.000000
48.000000
306.000000
478.000000
531.000000
299.000000
440.000000
2023.000000
199.000000
234.000000
90.000000
134.000000
91.000000
1211.000000
187.000000
1062.000000
1692.000000
250.000000
197.000000
503.000000
277.000000
1553.000000
409.000000
952.000000
91.000000
331.000000
2270.000000
459.000000
275.000000
426.000000
250.000000
113.000000
637.000000
390.000000
359.000000
950.000000
1254.000000
130.000000
1294.000000
1148.000000
151.000000
143.000000
207.000000
1612.000000
207.000000
71.000000
502.000000
891.000000
124.000000
249.000000
187.000000
273.000000
1886.000000
765.000000
1901.000000
653.000000
686.000000
1141.000000
155.000000
496.000000
539.000000
161.000000
381.000000
1502.000000
481.000000
101.000000
52.000000
1106.000000
217.000000
293.000000
875.000000
223.000000
247.000000
113.000000
178.000000
209.000000
461.000000
3628.000000
1243.000000
431.000000
368.000000
917.000000
1252.000000
785.000000
230.000000
423.000000
720.000000
349.000000
237.000000
3554.000000
557.000000
377.000000
699.000000
134.000000
528.000000
168.000000
585.000000
774.000000
69.000000
170.000000
460.000000
934.000000
2485.000000
167.000000
1318.000000
530.000000
91.000000
1030.000000
906.000000
289.000000
131.000000
364.000000
1325.000000
475.000000
187.000000
652.000000
845.000000
307.000000
104.000000
197.000000
267.000000
2418.000000
453.000000
800.000000
304.000000
392.000000
731.000000
548.000000
1000.000000
119.000000
201.000000
671.000000
414.000000
942.000000
128.000000
937.000000
412.000000
142.000000
704.000000
101.000000
767.000000
1136.000000
611.000000
329.000000
53.000000
149.000000
506.000000
49.000000
602.000000
429.000000
365.000000
601.000000
818.000000
1502.000000
67.000000
21.000000
99.000000
56.000000
288.000000
66.000000
548.000000
276.000000
489.000000
180.000000
78.000000
1909.000000
676.000000
538.000000
1545.000000
629.000000
54.000000
86.000000
310.000000
1003.000000
229.000000
102.000000
253.000000
172.000000
91.000000
237.000000
336.000000
118.000000
793.000000
655.000000
1067.000000
333.000000
1903.000000
235.000000
658.000000
5239.000000
2454.000000
188.000000
225.000000
38.000000
46.000000
1376.000000
525.000000
1192.000000
246.000000
43.000000
561.000000
1029.000000
526.000000
343.000000
441.000000
4881.000000
195.000000
152.000000
182.000000
37.000000
889.000000
90.000000
3094.000000
1183.000000
295.000000
857.000000
427.000000
447.000000
1174.000000
509.000000
143.000000
272.000000
713.000000
418.000000
804.000000
939.000000
365.000000
89.000000
296.000000
1107.000000
3338.000000
978.000000
151.000000
415.000000
1100.000000
621.000000
194.000000
2701.000000
299.000000
64.000000
94.000000
197.000000
265.000000
537.000000
36.000000
450.000000
113.000000
387.000000
466.000000
1704.000000
208.000000
471.000000
192.000000
569.000000
459.000000
155.000000
48.000000
5793.000000
310.000000
215.000000
354.000000
312.000000
247.000000
1644.000000
1138.000000
8724.000000
332.000000
57.000000
313.000000
2387.000000
752.000000
779.000000
173.000000
213.000000
848.000000
371.000000
236.000000
386.000000
523.000000
821.000000
397.000000
63.000000
453.000000
258.000000
325.000000
582.000000
275.000000
141.000000
100.000000
510.000000
2137.000000
779.000000
42.000000
3828.000000
535.000000
230.000000
360.000000
297.000000
2077.000000
138.000000
193.000000
738.000000
414.000000
146.000000
179.000000
546.000000
563.000000
247.000000
625.000000
2679.000000
345.000000
180.000000
191.000000
390.000000
1616.000000
694.000000
228.000000
103.000000
182.000000
182.000000
662.000000
627.000000
372.000000
915.000000
260.000000
2656.000000
189.000000
560.000000
357.000000
65.000000
1263.000000
347.000000
156.000000
138.000000
1600.000000
241.000000
200.000000
596.000000
950.000000
634.000000
2199.000000
412.000000
858.000000
387.000000
392.000000
1256.000000
145.000000
307.000000
345.000000
687.000000
812.000000
299.000000
1084.000000
133.000000
446.000000
1573.000000
173.000000
1083.000000
598.000000
135.000000
334.000000
305.000000
1338.000000
170.000000
255.000000
454.000000
228.000000
1191.000000
2632.000000
146.000000
1159.000000
739.000000
266.000000
92.000000
473.000000
475.000000
623.000000
290.000000
160.000000
383.000000
290.000000
179.000000
1839.000000
155.000000
1521.000000
266.000000
272.000000
1516.000000
1580.000000
392.000000
352.000000
1065.000000
705.000000
4692.000000
373.000000
658.000000
2021.000000
180.000000
656.000000
933.000000
148.000000
1501.000000
698.000000
127.000000
1491.000000
1169.000000
128.000000
190.000000
557.000000
316.000000
72.000000
483.000000
108.000000
772.000000
817.000000
139.000000
524.000000
473.000000
35.000000
403.000000
375.000000
521.000000
605.000000
161.000000
393.000000
1125.000000
1954.000000
302.000000
2867.000000
456.000000
310.000000
234.000000
3274.000000
72.000000
268.000000
2498.000000
99.000000
212.000000
501.000000
982.000000
3359.000000
453.000000
1140.000000
316.000000
881.000000
110.000000
2145.000000
865.000000
1587.000000
375.000000
276.000000
1118.000000
363.000000
828.000000
996.000000
291.000000
397.000000
71.000000
1289.000000
2215.000000
1316.000000
133.000000
374.000000
241.000000
508.000000
647.000000
417.000000
766.000000
1202.000000
263.000000
155.000000
154.000000
517.000000
128.000000
107.000000
215.000000
50.000000
165.000000
1042.000000
85.000000
496.000000
193.000000
492.000000
234.000000
345.000000
439.000000
350.000000
144.000000
298.000000
317.000000
615.000000
429.000000
201.000000
352.000000
1150.000000
86.000000
473.000000
161.000000
355.000000
93.000000
852.000000
181.000000
402.000000
36.000000
177.000000
391.000000
542.000000
634.000000
333.000000
294.000000
371.000000
1881.000000
827.000000
147.000000
72.000000
341.000000
851.000000
201.000000
291.000000
634.000000
326.000000
234.000000
242.000000
255.000000
579.000000
2178.000000
326.000000
1821.000000
1188.000000
372.000000
89.000000
137.000000
1010.000000
547.000000
176.000000
175.000000
337.000000
85.000000
132.000000
288.000000
592.000000
1476.000000
332.000000
257.000000
1157.000000
365.000000
134.000000
3293.000000
203.000000
200.000000
217.000000
603.000000
228.000000
110.000000
462.000000
355.000000
57.000000
679.000000
346.000000
519.000000
104.000000
231.000000
153.000000
853.000000
254.000000
570.000000
375.000000
4655.000000
221.000000
1280.000000
342.000000
106.000000
635.000000
147.000000
539.000000
372.000000
385.000000
174.000000
429.000000
420.000000
4130.000000
315.000000
211.000000
587.000000
820.000000
809.000000
272.000000
142.000000
27.000000
241.000000
375.000000
707.000000
114.000000
528.000000
401.000000
485.000000
97.000000
76.000000
2584.000000
208.000000
96.000000
1694.000000
118.000000
96.000000
231.000000
188.000000
801.000000
60.000000
281.000000
6605.000000
172.000000
165.000000
437.000000
765.000000
108.000000
291.000000
168.000000
265.000000
514.000000
335.000000
964.000000
1643.000000
1124.000000
441.000000
1252.000000
125.000000
1387.000000
1027.000000
1080.000000
2601.000000
235.000000
406.000000
242.000000
468.000000
538.000000
601.000000
305.000000
191.000000
288.000000
507.000000
822.000000
299.000000
123.000000
339.000000
559.000000
200.000000
2482.000000
157.000000
585.000000
155.000000
578.000000
49.000000
684.000000
180.000000
1470.000000
445.000000
367.000000
315.000000
1282.000000
2561.000000
522.000000
218.000000
450.000000
176.000000
302.000000
274.000000
254.000000
309.000000
2319.000000
656.000000
1598.000000
154.000000
467.000000
64.000000
246.000000
382.000000
1419.000000
1094.000000
392.000000
187.000000
2186.000000
1332.000000
983.000000
98.000000
725.000000
696.000000
171.000000
483.000000
631.000000
124.000000
369.000000
675.000000
224.000000
160.000000
1128.000000
73.000000
8252.000000
188.000000
761.000000
409.000000
184.000000
96.000000
540.000000
198.000000
1224.000000
171.000000
1555.000000
106.000000
679.000000
161.000000
252.000000
751.000000
1217.000000
594.000000
835.000000
50.000000
788.000000
455.000000
584.000000
530.000000
630.000000
503.000000
317.000000
2412.000000
139.000000
724.000000
1451.000000
265.000000
338.000000
87.000000
733.000000
3310.000000
87.000000
1797.000000
903.000000
1393.000000
453.000000
22.000000
1455.000000
210.000000
1288.000000
1197.000000
261.000000
789.000000
266.000000
208.000000
223.000000
336.000000
2292.000000
187.000000
1997.000000
190.000000
1483.000000
88.000000
549.000000
169.000000
191.000000
722.000000
2606.000000
1965.000000
1440.000000
289.000000
1565.000000
1598.000000
447.000000
1354.000000
846.000000
377.000000
525.000000
158.000000
416.000000
710.000000
394.000000
548.000000
589.000000
833.000000
178.000000
148.000000
489.000000
601.000000
