78.000000
192.000000
860.000000
354.000000
125.000000
74.000000
283.000000
252.000000
1126.000000
469.000000
277.000000
52.000000
409.000000
183.000000
135.000000
528.000000
244.000000
42.000000
757.000000
449.000000
268.000000
448.000000
172.000000
230.000000
633.000000
270.000000
1416.000000
589.000000
126.000000
1500.000000
324.000000
1180.000000
796.000000
389.000000
933.000000
158.000000
317.000000
250.000000
852.000000
244.000000
791.000000
320.000000
700.000000
397.000000
826.000000
336.000000
158.000000
253.000000
211.000000
958.000000
224.000000
383.000000
626.000000
325.000000
181.000000
568.000000
2087.000000
321.000000
486.000000
1640.000000
554.000000
801.000000
704.000000
344.000000
163.000000
576.000000
729.000000
1542.000000
264.000000
3116.000000
1248.000000
1271.000000
157.000000
228.000000
992.000000
193.000000
158.000000
1522.000000
283.000000
134.000000
318.000000
369.000000
1095.000000
434.000000
382.000000
143.000000
452.000000
891.000000
585.000000
145.000000
269.000000
277.000000
910.000000
148.000000
1845.000000
578.000000
201.000000
362.000000
379.000000
777.000000
616.000000
476.000000
782.000000
242.000000
132.000000
1241.000000
190.000000
782.000000
291.000000
269.000000
249.000000
791.000000
79.000000
610.000000
353.000000
1124.000000
738.000000
256.000000
786.000000
262.000000
159.000000
417.000000
313.000000
540.000000
186.000000
137.000000
444.000000
289.000000
516.000000
396.000000
140.000000
1232.000000
991.000000
325.000000
814.000000
980.000000
340.000000
267.000000
67.000000
3755.000000
167.000000
800.000000
147.000000
231.000000
512.000000
1349.000000
217.000000
433.000000
2066.000000
2386.000000
520.000000
1343.000000
347.000000
90.000000
754.000000
1524.000000
656.000000
2426.000000
246.000000
271.000000
260.000000
93.000000
1330.000000
192.000000
360.000000
322.000000
198.000000
157.000000
789.000000
2764.000000
770.000000
96.000000
395.000000
1366.000000
246.000000
1044.000000
332.000000
505.000000
356.000000
1447.000000
160.000000
375.000000
578.000000
343.000000
352.000000
135.000000
109.000000
157.000000
1468.000000
269.000000
1564.000000
661.000000
102.000000
395.000000
3787.000000
165.000000
237.000000
889.000000
1314.000000
190.000000
141.000000
380.000000
119.000000
525.000000
198.000000
301.000000
542.000000
303.000000
457.000000
1579.000000
87.000000
395.000000
391.000000
540.000000
217.000000
2608.000000
1002.000000
52.000000
363.000000
460.000000
102.000000
289.000000
1234.000000
292.000000
74.000000
197.000000
953.000000
3011.000000
906.000000
224.000000
928.000000
79.000000
2067.000000
554.000000
344.000000
238.000000
262.000000
614.000000
44.000000
251.000000
158.000000
471.000000
1110.000000
1466.000000
43.000000
2166.000000
465.000000
639.000000
1691.000000
1095.000000
147.000000
135.000000
162.000000
1205.000000
1104.000000
861.000000
252.000000
1181.000000
299.000000
924.000000
162.000000
1377.000000
1493.000000
623.000000
68.000000
134.000000
134.000000
1505.000000
464.000000
238.000000
191.000000
828.000000
300.000000
855.000000
883.000000
476.000000
73.000000
913.000000
4024.000000
94.000000
144.000000
766.000000
395.000000
2687.000000
741.000000
1161.000000
1685.000000
882.000000
116.000000
1509.000000
67.000000
1960.000000
1095.000000
136.000000
497.000000
380.000000
190.000000
334.000000
94.000000
209.000000
88.000000
156.000000
83.000000
573.000000
127.000000
950.000000
421.000000
1258.000000
903.000000
230.000000
522.000000
82.000000
278.000000
535.000000
196.000000
108.000000
2267.000000
240.000000
439.000000
222.000000
224.000000
977.000000
326.000000
436.000000
340.000000
748.000000
290.000000
569.000000
451.000000
1509.000000
1931.000000
100.000000
286.000000
1119.000000
138.000000
403.000000
92.000000
417.000000
911.000000
1577.000000
825.000000
542.000000
36.000000
581.000000
568.000000
357.000000
315.000000
287.000000
535.000000
262.000000
269.000000
246.000000
612.000000
441.000000
436.000000
147.000000
187.000000
446.000000
54.000000
357.000000
619.000000
832.000000
332.000000
153.000000
141.000000
326.000000
522.000000
382.000000
1757.000000
1976.000000
658.000000
893.000000
199.000000
406.000000
354.000000
45.000000
1647.000000
348.000000
630.000000
997.000000
1612.000000
443.000000
190.000000
245.000000
226.000000
266.000000
275.000000
56.000000
347.000000
488.000000
2842.000000
2451.000000
630.000000
225.000000
888.000000
2518.000000
267.000000
1337.000000
838.000000
201.000000
945.000000
174.000000
229.000000
313.000000
87.000000
99.000000
247.000000
1878.000000
395.000000
235.000000
45.000000
2300.000000
70.000000
187.000000
416.000000
311.000000
1452.000000
749.000000
671.000000
804.000000
812.000000
258.000000
244.000000
100.000000
626.000000
152.000000
312.000000
600.000000
449.000000
247.000000
780.000000
1102.000000
436.000000
786.000000
606.000000
266.000000
370.000000
299.000000
236.000000
531.000000
242.000000
805.000000
1841.000000
337.000000
1567.000000
241.000000
755.000000
8128.000000
213.000000
503.000000
3686.000000
782.000000
68.000000
620.000000
477.000000
224.000000
167.000000
95.000000
1371.000000
3333.000000
110.000000
240.000000
181.000000
394.000000
1229.000000
1239.000000
4527.000000
612.000000
206.000000
683.000000
472.000000
329.000000
1010.000000
128.000000
354.000000
698.000000
208.000000
346.000000
676.000000
241.000000
222.000000
229.000000
78.000000
246.000000
367.000000
688.000000
1061.000000
156.000000
15.000000
404.000000
628.000000
439.000000
1307.000000
598.000000
563.000000
221.000000
796.000000
603.000000
152.000000
966.000000
5082.000000
153.000000
954.000000
644.000000
178.000000
731.000000
147.000000
118.000000
394.000000
447.000000
78.000000
2210.000000
284.000000
199.000000
156.000000
122.000000
1551.000000
158.000000
175.000000
285.000000
316.000000
193.000000
1050.000000
66.000000
2104.000000
592.000000
780.000000
696.000000
54.000000
281.000000
207.000000
203.000000
783.000000
1342.000000
1009.000000
854.000000
857.000000
1760.000000
2072.000000
1192.000000
52.000000
188.000000
231.000000
670.000000
110.000000
1252.000000
118.000000
172.000000
482.000000
556.000000
98.000000
291.000000
853.000000
1688.000000
264.000000
111.000000
1473.000000
163.000000
418.000000
387.000000
486.000000
392.000000
200.000000
514.000000
399.000000
553.000000
714.000000
240.000000
83.000000
483.000000
679.000000
4076.000000
1441.000000
115.000000
637.000000
1031.000000
821.000000
251.000000
149.000000
50.000000
209.000000
625.000000
667.000000
107.000000
204.000000
577.000000
219.000000
791.000000
178.000000
431.000000
163.000000
422.000000
916.000000
1369.000000
793.000000
353.000000
735.000000
453.000000
1726.000000
372.000000
603.000000
229.000000
119.000000
274.000000
2531.000000
389.000000
254.000000
965.000000
378.000000
127.000000
275.000000
301.000000
394.000000
195.000000
3643.000000
163.000000
215.000000
1390.000000
287.000000
2053.000000
764.000000
373.000000
241.000000
3757.000000
178.000000
1522.000000
143.000000
534.000000
65.000000
134.000000
16.000000
231.000000
112.000000
435.000000
354.000000
59.000000
1879.000000
1031.000000
376.000000
584.000000
417.000000
590.000000
469.000000
192.000000
1129.000000
125.000000
1298.000000
3225.000000
729.000000
709.000000
394.000000
609.000000
1463.000000
313.000000
178.000000
1280.000000
223.000000
793.000000
254.000000
389.000000
966.000000
274.000000
107.000000
678.000000
243.000000
335.000000
437.000000
290.000000
1973.000000
35.000000
70.000000
153.000000
576.000000
721.000000
604.000000
1364.000000
63.000000
78.000000
309.000000
1059.000000
497.000000
271.000000
269.000000
1138.000000
463.000000
92.000000
234.000000
619.000000
84.000000
95.000000
231.000000
395.000000
1385.000000
1048.000000
907.000000
758.000000
661.000000
257.000000
147.000000
856.000000
62.000000
1033.000000
76.000000
251.000000
137.000000
507.000000
340.000000
1259.000000
260.000000
1446.000000
786.000000
393.000000
977.000000
946.000000
936.000000
146.000000
1575.000000
431.000000
288.000000
645.000000
1006.000000
382.000000
708.000000
72.000000
1326.000000
622.000000
105.000000
620.000000
1909.000000
555.000000
898.000000
72.000000
636.000000
332.000000
289.000000
1194.000000
1534.000000
115.000000
1680.000000
936.000000
486.000000
187.000000
90.000000
741.000000
204.000000
471.000000
1283.000000
271.000000
43.000000
307.000000
368.000000
345.000000
510.000000
781.000000
283.000000
368.000000
786.000000
182.000000
461.000000
104.000000
350.000000
506.000000
210.000000
209.000000
683.000000
715.000000
331.000000
181.000000
1918.000000
450.000000
222.000000
749.000000
43.000000
118.000000
725.000000
410.000000
976.000000
215.000000
291.000000
1029.000000
150.000000
555.000000
439.000000
538.000000
169.000000
79.000000
650.000000
365.000000
134.000000
522.000000
654.000000
787.000000
307.000000
41.000000
1231.000000
812.000000
314.000000
942.000000
937.000000
3690.000000
1392.000000
305.000000
526.000000
341.000000
662.000000
732.000000
1815.000000
114.000000
1246.000000
730.000000
403.000000
806.000000
192.000000
591.000000
172.000000
170.000000
224.000000
415.000000
135.000000
2894.000000
330.000000
697.000000
206.000000
53.000000
397.000000
595.000000
154.000000
959.000000
50.000000
34.000000
573.000000
97.000000
268.000000
627.000000
931.000000
631.000000
929.000000
1028.000000
815.000000
820.000000
317.000000
316.000000
1039.000000
295.000000
198.000000
1054.000000
85.000000
90.000000
1731.000000
184.000000
1343.000000
323.000000
1770.000000
180.000000
303.000000
221.000000
99.000000
318.000000
1183.000000
785.000000
543.000000
128.000000
629.000000
1165.000000
282.000000
599.000000
1523.000000
2196.000000
73.000000
846.000000
5991.000000
868.000000
274.000000
348.000000
202.000000
1025.000000
737.000000
290.000000
150.000000
48.000000
115.000000
821.000000
2550.000000
187.000000
286.000000
426.000000
92.000000
1486.000000
164.000000
124.000000
200.000000
372.000000
266.000000
231.000000
398.000000
211.000000
964.000000
1056.000000
116.000000
119.000000
283.000000
1088.000000
999.000000
148.000000
429.000000
439.000000
411.000000
282.000000
69.000000
449.000000
253.000000
216.000000
1454.000000
1770.000000
115.000000
1329.000000
1110.000000
339.000000
1377.000000
731.000000
297.000000
846.000000
677.000000
49.000000
592.000000
991.000000
1613.000000
690.000000
75.000000
810.000000
462.000000
1052.000000
381.000000
525.000000
122.000000
575.000000
1195.000000
90.000000
113.000000
382.000000
978.000000
392.000000
1000.000000
459.000000
1618.000000
32.000000
1038.000000
1441.000000
944.000000
324.000000
224.000000
388.000000
500.000000
378.000000
1007.000000
405.000000
2810.000000
1100.000000
210.000000
339.000000
881.000000
438.000000
303.000000
141.000000
1419.000000
1205.000000
1020.000000
526.000000
563.000000
1535.000000
344.000000
4796.000000
167.000000
1937.000000
312.000000
263.000000
93.000000
1382.000000
577.000000
2692.000000
379.000000
236.000000
362.000000
2214.000000
1201.000000
1753.000000
140.000000
255.000000
753.000000
222.000000
1144.000000
47.000000
979.000000
1346.000000
150.000000
738.000000
147.000000
892.000000
95.000000
438.000000
