856.000000
274.000000
376.000000
385.000000
376.000000
357.000000
1070.000000
119.000000
116.000000
117.000000
499.000000
215.000000
245.000000
2183.000000
329.000000
403.000000
25.000000
609.000000
92.000000
1301.000000
711.000000
387.000000
141.000000
165.000000
177.000000
386.000000
1307.000000
730.000000
2326.000000
86.000000
95.000000
269.000000
168.000000
313.000000
1148.000000
1157.000000
477.000000
259.000000
284.000000
144.000000
910.000000
214.000000
881.000000
473.000000
115.000000
491.000000
883.000000
589.000000
474.000000
435.000000
123.000000
352.000000
532.000000
589.000000
77.000000
368.000000
930.000000
151.000000
306.000000
606.000000
66.000000
304.000000
217.000000
1461.000000
464.000000
230.000000
1057.000000
215.000000
365.000000
1186.000000
131.000000
1084.000000
716.000000
160.000000
799.000000
502.000000
311.000000
620.000000
113.000000
490.000000
828.000000
542.000000
674.000000
860.000000
514.000000
2252.000000
366.000000
266.000000
298.000000
130.000000
94.000000
1317.000000
337.000000
199.000000
3740.000000
345.000000
2008.000000
1155.000000
121.000000
273.000000
335.000000
940.000000
478.000000
103.000000
172.000000
448.000000
1342.000000
1276.000000
311.000000
220.000000
378.000000
1525.000000
194.000000
69.000000
145.000000
156.000000
606.000000
689.000000
110.000000
128.000000
213.000000
1287.000000
294.000000
37.000000
401.000000
88.000000
1637.000000
630.000000
64.000000
305.000000
259.000000
373.000000
2500.000000
909.000000
684.000000
1931.000000
154.000000
538.000000
367.000000
748.000000
341.000000
132.000000
353.000000
130.000000
2853.000000
33.000000
77.000000
1932.000000
459.000000
723.000000
74.000000
562.000000
220.000000
86.000000
114.000000
346.000000
532.000000
488.000000
112.000000
1590.000000
52.000000
376.000000
529.000000
1991.000000
164.000000
2150.000000
172.000000
195.000000
424.000000
1481.000000
49.000000
179.000000
515.000000
510.000000
433.000000
464.000000
319.000000
2058.000000
235.000000
420.000000
1372.000000
490.000000
788.000000
217.000000
641.000000
149.000000
635.000000
624.000000
224.000000
769.000000
666.000000
160.000000
194.000000
5912.000000
120.000000
78.000000
361.000000
1039.000000
523.000000
211.000000
848.000000
35.000000
431.000000
473.000000
1192.000000
4299.000000
245.000000
1184.000000
1046.000000
141.000000
490.000000
903.000000
229.000000
635.000000
446.000000
123.000000
266.000000
129.000000
1455.000000
221.000000
383.000000
2850.000000
971.000000
5609.000000
437.000000
1395.000000
555.000000
527.000000
55.000000
2798.000000
221.000000
815.000000
890.000000
510.000000
326.000000
679.000000
85.000000
337.000000
461.000000
152.000000
331.000000
531.000000
3824.000000
33.000000
888.000000
325.000000
272.000000
178.000000
158.000000
189.000000
177.000000
476.000000
1436.000000
49.000000
625.000000
66.000000
1172.000000
252.000000
1044.000000
30.000000
3763.000000
64.000000
149.000000
1167.000000
183.000000
253.000000
1815.000000
1706.000000
622.000000
182.000000
132.000000
1177.000000
262.000000
313.000000
1110.000000
850.000000
231.000000
1232.000000
1689.000000
81.000000
470.000000
245.000000
689.000000
2777.000000
46.000000
168.000000
154.000000
394.000000
185.000000
604.000000
272.000000
30.000000
143.000000
1025.000000
538.000000
2138.000000
1456.000000
276.000000
1172.000000
1032.000000
233.000000
154.000000
347.000000
1588.000000
1257.000000
2913.000000
268.000000
1535.000000
398.000000
3057.000000
871.000000
2768.000000
1281.000000
119.000000
210.000000
255.000000
43.000000
430.000000
558.000000
229.000000
272.000000
628.000000
300.000000
318.000000
182.000000
84.000000
224.000000
410.000000
1089.000000
376.000000
393.000000
1051.000000
372.000000
220.000000
296.000000
81.000000
1546.000000
337.000000
269.000000
1872.000000
223.000000
203.000000
285.000000
108.000000
115.000000
739.000000
33.000000
299.000000
875.000000
268.000000
346.000000
130.000000
655.000000
462.000000
160.000000
120.000000
581.000000
199.000000
163.000000
564.000000
301.000000
871.000000
842.000000
954.000000
108.000000
183.000000
478.000000
332.000000
524.000000
544.000000
676.000000
142.000000
118.000000
780.000000
650.000000
2512.000000
789.000000
251.000000
88.000000
307.000000
1807.000000
32.000000
625.000000
1928.000000
528.000000
128.000000
384.000000
156.000000
666.000000
1153.000000
1955.000000
334.000000
451.000000
343.000000
387.000000
166.000000
762.000000
330.000000
204.000000
249.000000
828.000000
401.000000
507.000000
47.000000
24.000000
1026.000000
185.000000
192.000000
2526.000000
7183.000000
1454.000000
233.000000
479.000000
144.000000
387.000000
140.000000
90.000000
284.000000
98.000000
139.000000
505.000000
540.000000
223.000000
50.000000
1607.000000
436.000000
194.000000
182.000000
302.000000
45.000000
74.000000
389.000000
412.000000
207.000000
2331.000000
916.000000
13910.000000
283.000000
1062.000000
420.000000
1611.000000
125.000000
1377.000000
114.000000
40.000000
183.000000
383.000000
262.000000
658.000000
393.000000
925.000000
345.000000
204.000000
674.000000
482.000000
257.000000
688.000000
2308.000000
235.000000
379.000000
937.000000
668.000000
447.000000
644.000000
1262.000000
864.000000
314.000000
269.000000
654.000000
2247.000000
532.000000
1163.000000
361.000000
422.000000
435.000000
927.000000
686.000000
267.000000
2750.000000
287.000000
57.000000
241.000000
9952.000000
679.000000
151.000000
194.000000
1293.000000
2606.000000
181.000000
514.000000
777.000000
3936.000000
2187.000000
218.000000
1875.000000
797.000000
435.000000
341.000000
300.000000
1018.000000
575.000000
634.000000
183.000000
279.000000
75.000000
227.000000
267.000000
157.000000
1782.000000
464.000000
154.000000
1263.000000
1277.000000
325.000000
85.000000
631.000000
146.000000
35.000000
1115.000000
132.000000
268.000000
1177.000000
161.000000
294.000000
1360.000000
127.000000
255.000000
597.000000
290.000000
324.000000
186.000000
137.000000
350.000000
318.000000
521.000000
214.000000
424.000000
403.000000
354.000000
517.000000
99.000000
135.000000
96.000000
234.000000
224.000000
483.000000
155.000000
1367.000000
2488.000000
190.000000
631.000000
84.000000
1208.000000
1724.000000
733.000000
384.000000
269.000000
818.000000
717.000000
325.000000
360.000000
215.000000
889.000000
296.000000
65.000000
536.000000
452.000000
294.000000
691.000000
511.000000
2087.000000
205.000000
634.000000
127.000000
108.000000
43.000000
157.000000
1260.000000
350.000000
106.000000
81.000000
405.000000
32.000000
746.000000
1272.000000
152.000000
435.000000
199.000000
114.000000
365.000000
3987.000000
1383.000000
1247.000000
165.000000
238.000000
609.000000
188.000000
272.000000
384.000000
1636.000000
91.000000
392.000000
972.000000
396.000000
797.000000
699.000000
519.000000
361.000000
761.000000
293.000000
506.000000
1151.000000
212.000000
423.000000
568.000000
87.000000
112.000000
264.000000
132.000000
243.000000
39.000000
461.000000
577.000000
743.000000
214.000000
930.000000
1333.000000
1456.000000
887.000000
1341.000000
282.000000
232.000000
157.000000
515.000000
678.000000
284.000000
793.000000
275.000000
734.000000
149.000000
529.000000
1690.000000
169.000000
200.000000
3373.000000
414.000000
53.000000
897.000000
243.000000
324.000000
1860.000000
157.000000
333.000000
354.000000
509.000000
548.000000
205.000000
411.000000
352.000000
822.000000
281.000000
399.000000
612.000000
274.000000
444.000000
808.000000
223.000000
811.000000
823.000000
2386.000000
1309.000000
126.000000
320.000000
1057.000000
56.000000
96.000000
152.000000
3311.000000
1039.000000
208.000000
410.000000
710.000000
590.000000
135.000000
226.000000
98.000000
390.000000
575.000000
26.000000
566.000000
601.000000
654.000000
148.000000
178.000000
713.000000
415.000000
1972.000000
323.000000
209.000000
194.000000
131.000000
544.000000
200.000000
646.000000
264.000000
319.000000
307.000000
228.000000
719.000000
398.000000
418.000000
179.000000
126.000000
824.000000
244.000000
145.000000
566.000000
383.000000
422.000000
578.000000
2815.000000
129.000000
73.000000
648.000000
2436.000000
953.000000
100.000000
233.000000
406.000000
632.000000
308.000000
289.000000
518.000000
115.000000
890.000000
81.000000
2143.000000
570.000000
636.000000
801.000000
1480.000000
423.000000
214.000000
497.000000
175.000000
256.000000
578.000000
834.000000
516.000000
542.000000
287.000000
263.000000
3200.000000
265.000000
1519.000000
658.000000
2802.000000
2201.000000
988.000000
1153.000000
369.000000
2183.000000
92.000000
217.000000
351.000000
91.000000
943.000000
1918.000000
577.000000
108.000000
913.000000
795.000000
163.000000
43.000000
527.000000
551.000000
510.000000
335.000000
1610.000000
139.000000
268.000000
646.000000
104.000000
376.000000
93.000000
504.000000
331.000000
490.000000
167.000000
589.000000
1275.000000
842.000000
157.000000
711.000000
829.000000
318.000000
53.000000
869.000000
409.000000
1215.000000
344.000000
310.000000
184.000000
50.000000
102.000000
228.000000
150.000000
180.000000
288.000000
1744.000000
160.000000
928.000000
103.000000
988.000000
73.000000
364.000000
680.000000
159.000000
1048.000000
178.000000
1385.000000
181.000000
350.000000
310.000000
132.000000
300.000000
1682.000000
777.000000
296.000000
30.000000
593.000000
1497.000000
252.000000
1341.000000
1174.000000
1019.000000
566.000000
1237.000000
44.000000
2944.000000
946.000000
663.000000
2576.000000
152.000000
705.000000
334.000000
78.000000
1024.000000
314.000000
207.000000
1075.000000
180.000000
1042.000000
441.000000
383.000000
840.000000
349.000000
258.000000
340.000000
509.000000
486.000000
282.000000
1310.000000
822.000000
269.000000
565.000000
1133.000000
145.000000
1188.000000
379.000000
1685.000000
317.000000
258.000000
304.000000
639.000000
1348.000000
110.000000
486.000000
313.000000
270.000000
103.000000
1554.000000
371.000000
1270.000000
492.000000
881.000000
121.000000
229.000000
279.000000
3928.000000
747.000000
457.000000
290.000000
319.000000
172.000000
222.000000
395.000000
87.000000
925.000000
669.000000
1293.000000
816.000000
2328.000000
30.000000
399.000000
2428.000000
119.000000
240.000000
112.000000
131.000000
713.000000
92.000000
168.000000
440.000000
8981.000000
115.000000
810.000000
417.000000
176.000000
114.000000
424.000000
193.000000
240.000000
258.000000
187.000000
740.000000
238.000000
399.000000
470.000000
93.000000
307.000000
561.000000
139.000000
333.000000
391.000000
2869.000000
5204.000000
629.000000
268.000000
3942.000000
1864.000000
250.000000
890.000000
325.000000
2301.000000
59.000000
98.000000
203.000000
1866.000000
888.000000
786.000000
536.000000
160.000000
484.000000
495.000000
190.000000
85.000000
151.000000
261.000000
158.000000
804.000000
460.000000
453.000000
988.000000
133.000000
128.000000
499.000000
82.000000
89.000000
517.000000
86.000000
569.000000
531.000000
376.000000
487.000000
557.000000
1153.000000
130.000000
604.000000
177.000000
393.000000
511.000000
300.000000
511.000000
225.000000
579.000000
1025.000000
727.000000
283.000000
321.000000
1367.000000
178.000000
465.000000
497.000000
300.000000
406.000000
1257.000000
1186.000000
153.000000
88.000000
