1641.000000
747.000000
928.000000
846.000000
193.000000
1753.000000
76.000000
415.000000
972.000000
258.000000
251.000000
242.000000
713.000000
77.000000
730.000000
867.000000
1076.000000
133.000000
513.000000
883.000000
476.000000
693.000000
387.000000
166.000000
461.000000
183.000000
251.000000
127.000000
179.000000
2454.000000
354.000000
571.000000
495.000000
757.000000
1876.000000
145.000000
1599.000000
598.000000
181.000000
95.000000
156.000000
576.000000
300.000000
32.000000
1084.000000
189.000000
343.000000
3993.000000
185.000000
177.000000
579.000000
588.000000
2270.000000
476.000000
3453.000000
852.000000
844.000000
1896.000000
443.000000
431.000000
620.000000
7706.000000
329.000000
1421.000000
198.000000
221.000000
436.000000
284.000000
116.000000
244.000000
206.000000
1671.000000
505.000000
129.000000
130.000000
97.000000
232.000000
680.000000
629.000000
249.000000
824.000000
2162.000000
368.000000
771.000000
1058.000000
168.000000
477.000000
453.000000
640.000000
341.000000
2405.000000
705.000000
3096.000000
442.000000
1168.000000
794.000000
358.000000
1701.000000
757.000000
678.000000
948.000000
1482.000000
192.000000
252.000000
158.000000
595.000000
978.000000
2025.000000
831.000000
607.000000
1660.000000
1104.000000
114.000000
28.000000
401.000000
255.000000
309.000000
1038.000000
381.000000
700.000000
71.000000
455.000000
616.000000
954.000000
1239.000000
331.000000
1294.000000
342.000000
300.000000
550.000000
94.000000
562.000000
1574.000000
1084.000000
19.000000
2097.000000
45.000000
667.000000
234.000000
1201.000000
101.000000
404.000000
189.000000
690.000000
710.000000
779.000000
132.000000
564.000000
12.000000
180.000000
265.000000
507.000000
458.000000
867.000000
160.000000
1124.000000
811.000000
4960.000000
1511.000000
404.000000
394.000000
622.000000
335.000000
1759.000000
3450.000000
619.000000
170.000000
132.000000
370.000000
192.000000
993.000000
110.000000
390.000000
1104.000000
1155.000000
467.000000
1204.000000
220.000000
1523.000000
1387.000000
275.000000
352.000000
933.000000
161.000000
684.000000
97.000000
1345.000000
41.000000
923.000000
450.000000
36.000000
126.000000
2148.000000
353.000000
805.000000
130.000000
563.000000
415.000000
1301.000000
1422.000000
285.000000
77.000000
89.000000
152.000000
938.000000
1137.000000
597.000000
1454.000000
304.000000
288.000000
293.000000
1228.000000
574.000000
133.000000
283.000000
318.000000
1777.000000
1768.000000
224.000000
342.000000
590.000000
1037.000000
156.000000
5845.000000
641.000000
246.000000
444.000000
1024.000000
492.000000
1014.000000
483.000000
4191.000000
170.000000
67.000000
159.000000
414.000000
175.000000
71.000000
471.000000
434.000000
357.000000
483.000000
1160.000000
45.000000
6354.000000
132.000000
1916.000000
705.000000
666.000000
4368.000000
326.000000
274.000000
557.000000
826.000000
180.000000
101.000000
530.000000
241.000000
215.000000
674.000000
368.000000
157.000000
124.000000
2757.000000
115.000000
1546.000000
837.000000
242.000000
17.000000
138.000000
399.000000
359.000000
554.000000
395.000000
121.000000
606.000000
112.000000
239.000000
994.000000
1182.000000
199.000000
239.000000
1439.000000
543.000000
2256.000000
451.000000
360.000000
72.000000
164.000000
477.000000
251.000000
915.000000
630.000000
1068.000000
269.000000
3017.000000
362.000000
795.000000
97.000000
62.000000
377.000000
443.000000
60.000000
278.000000
493.000000
228.000000
64.000000
1199.000000
338.000000
83.000000
1039.000000
369.000000
193.000000
193.000000
1106.000000
463.000000
393.000000
508.000000
819.000000
513.000000
455.000000
308.000000
532.000000
65.000000
1668.000000
430.000000
238.000000
138.000000
172.000000
1646.000000
320.000000
2119.000000
59.000000
430.000000
853.000000
208.000000
754.000000
1529.000000
552.000000
330.000000
1021.000000
325.000000
1278.000000
479.000000
1121.000000
624.000000
578.000000
287.000000
1343.000000
197.000000
1099.000000
510.000000
502.000000
91.000000
280.000000
687.000000
142.000000
194.000000
7229.000000
353.000000
723.000000
99.000000
768.000000
111.000000
918.000000
1291.000000
705.000000
490.000000
606.000000
331.000000
722.000000
254.000000
71.000000
237.000000
75.000000
992.000000
163.000000
85.000000
773.000000
488.000000
128.000000
211.000000
165.000000
2222.000000
324.000000
1555.000000
319.000000
175.000000
315.000000
234.000000
1893.000000
56.000000
972.000000
2031.000000
159.000000
915.000000
1564.000000
356.000000
86.000000
1255.000000
805.000000
266.000000
350.000000
182.000000
462.000000
244.000000
1254.000000
600.000000
714.000000
214.000000
1055.000000
2231.000000
1557.000000
380.000000
164.000000
667.000000
229.000000
218.000000
280.000000
98.000000
379.000000
868.000000
643.000000
358.000000
1610.000000
940.000000
1382.000000
152.000000
403.000000
80.000000
926.000000
266.000000
169.000000
35.000000
1296.000000
1285.000000
1782.000000
612.000000
422.000000
388.000000
621.000000
299.000000
287.000000
236.000000
1106.000000
957.000000
236.000000
2546.000000
1108.000000
992.000000
251.000000
604.000000
264.000000
108.000000
239.000000
2445.000000
899.000000
1108.000000
976.000000
53.000000
503.000000
215.000000
377.000000
69.000000
1818.000000
236.000000
185.000000
162.000000
843.000000
665.000000
40.000000
299.000000
302.000000
816.000000
200.000000
1724.000000
994.000000
159.000000
551.000000
329.000000
81.000000
123.000000
82.000000
2037.000000
855.000000
858.000000
262.000000
644.000000
859.000000
159.000000
238.000000
106.000000
775.000000
290.000000
108.000000
3603.000000
977.000000
625.000000
658.000000
879.000000
182.000000
152.000000
362.000000
642.000000
542.000000
2848.000000
262.000000
112.000000
105.000000
315.000000
418.000000
233.000000
82.000000
1606.000000
754.000000
46.000000
553.000000
172.000000
65.000000
298.000000
445.000000
222.000000
141.000000
559.000000
2065.000000
389.000000
455.000000
57.000000
105.000000
146.000000
1120.000000
148.000000
1259.000000
904.000000
403.000000
1533.000000
226.000000
1635.000000
314.000000
1953.000000
100.000000
1777.000000
4147.000000
702.000000
374.000000
283.000000
73.000000
141.000000
293.000000
1805.000000
1845.000000
554.000000
698.000000
2020.000000
163.000000
336.000000
485.000000
820.000000
427.000000
207.000000
673.000000
579.000000
749.000000
124.000000
174.000000
337.000000
249.000000
121.000000
107.000000
216.000000
249.000000
493.000000
164.000000
245.000000
110.000000
423.000000
298.000000
792.000000
273.000000
761.000000
2377.000000
227.000000
157.000000
22.000000
144.000000
289.000000
470.000000
779.000000
91.000000
236.000000
487.000000
850.000000
28.000000
1034.000000
269.000000
177.000000
159.000000
106.000000
285.000000
690.000000
161.000000
732.000000
352.000000
243.000000
264.000000
600.000000
321.000000
3297.000000
239.000000
384.000000
967.000000
245.000000
1253.000000
251.000000
839.000000
666.000000
564.000000
1491.000000
535.000000
479.000000
3248.000000
134.000000
237.000000
219.000000
2013.000000
225.000000
267.000000
286.000000
94.000000
476.000000
213.000000
1228.000000
2185.000000
1813.000000
267.000000
1585.000000
520.000000
192.000000
45.000000
83.000000
558.000000
293.000000
1785.000000
439.000000
365.000000
2650.000000
135.000000
503.000000
77.000000
155.000000
1445.000000
501.000000
291.000000
670.000000
68.000000
1100.000000
1073.000000
568.000000
72.000000
670.000000
1536.000000
130.000000
188.000000
253.000000
151.000000
340.000000
662.000000
257.000000
200.000000
282.000000
2238.000000
1607.000000
642.000000
979.000000
247.000000
2494.000000
537.000000
34.000000
103.000000
1042.000000
360.000000
455.000000
1044.000000
347.000000
867.000000
179.000000
223.000000
1061.000000
788.000000
458.000000
249.000000
580.000000
149.000000
154.000000
128.000000
218.000000
677.000000
156.000000
962.000000
946.000000
97.000000
558.000000
475.000000
776.000000
111.000000
79.000000
150.000000
219.000000
110.000000
305.000000
1211.000000
90.000000
92.000000
1016.000000
164.000000
180.000000
567.000000
2349.000000
502.000000
373.000000
257.000000
467.000000
230.000000
127.000000
643.000000
910.000000
974.000000
1298.000000
369.000000
361.000000
213.000000
276.000000
363.000000
132.000000
351.000000
1038.000000
52.000000
247.000000
196.000000
145.000000
64.000000
2680.000000
292.000000
142.000000
907.000000
297.000000
180.000000
1343.000000
1520.000000
254.000000
266.000000
364.000000
3185.000000
920.000000
53.000000
1195.000000
1073.000000
697.000000
1118.000000
143.000000
175.000000
67.000000
400.000000
339.000000
1834.000000
602.000000
2252.000000
432.000000
2425.000000
184.000000
899.000000
253.000000
369.000000
614.000000
3214.000000
403.000000
833.000000
255.000000
525.000000
584.000000
286.000000
727.000000
225.000000
1374.000000
219.000000
588.000000
1337.000000
662.000000
389.000000
2505.000000
533.000000
199.000000
302.000000
227.000000
698.000000
116.000000
409.000000
209.000000
1009.000000
679.000000
2818.000000
1301.000000
2813.000000
218.000000
92.000000
293.000000
106.000000
1673.000000
680.000000
221.000000
138.000000
1464.000000
2317.000000
2503.000000
132.000000
163.000000
382.000000
313.000000
152.000000
1431.000000
290.000000
1412.000000
64.000000
579.000000
124.000000
218.000000
241.000000
311.000000
2220.000000
198.000000
341.000000
251.000000
369.000000
230.000000
500.000000
244.000000
641.000000
392.000000
232.000000
139.000000
582.000000
151.000000
373.000000
690.000000
446.000000
949.000000
104.000000
612.000000
377.000000
203.000000
1282.000000
1034.000000
3536.000000
658.000000
64.000000
151.000000
636.000000
259.000000
409.000000
519.000000
384.000000
1397.000000
87.000000
1195.000000
288.000000
303.000000
126.000000
132.000000
281.000000
163.000000
1168.000000
1162.000000
107.000000
364.000000
637.000000
131.000000
65.000000
147.000000
67.000000
1163.000000
777.000000
2154.000000
358.000000
526.000000
143.000000
1339.000000
415.000000
130.000000
659.000000
71.000000
186.000000
101.000000
774.000000
1427.000000
298.000000
153.000000
446.000000
188.000000
420.000000
685.000000
226.000000
502.000000
371.000000
655.000000
511.000000
921.000000
62.000000
1421.000000
2103.000000
898.000000
194.000000
3093.000000
531.000000
676.000000
161.000000
181.000000
223.000000
639.000000
537.000000
1522.000000
1273.000000
509.000000
51.000000
1487.000000
209.000000
288.000000
1314.000000
701.000000
322.000000
451.000000
1748.000000
1851.000000
66.000000
163.000000
149.000000
576.000000
35.000000
700.000000
1813.000000
63.000000
108.000000
153.000000
1967.000000
1020.000000
961.000000
441.000000
591.000000
699.000000
578.000000
382.000000
1406.000000
534.000000
199.000000
457.000000
675.000000
1117.000000
2176.000000
79.000000
279.000000
670.000000
113.000000
2057.000000
671.000000
1052.000000
574.000000
1516.000000
367.000000
129.000000
520.000000
297.000000
249.000000
861.000000
607.000000
234.000000
383.000000
438.000000
755.000000
283.000000
8377.000000
555.000000
43.000000
270.000000
164.000000
148.000000
231.000000
4867.000000
454.000000
641.000000
224.000000
306.000000
27.000000
2386.000000
2177.000000
404.000000
122.000000
872.000000
363.000000
265.000000
444.000000
194.000000
