363.000000
818.000000
264.000000
414.000000
428.000000
533.000000
240.000000
325.000000
4140.000000
1261.000000
74.000000
222.000000
346.000000
133.000000
239.000000
449.000000
560.000000
221.000000
365.000000
75.000000
430.000000
275.000000
766.000000
3554.000000
929.000000
419.000000
1229.000000
161.000000
742.000000
168.000000
1418.000000
1203.000000
931.000000
82.000000
70.000000
566.000000
172.000000
172.000000
437.000000
1644.000000
253.000000
202.000000
88.000000
1095.000000
731.000000
269.000000
106.000000
72.000000
203.000000
556.000000
765.000000
2729.000000
330.000000
44.000000
568.000000
195.000000
327.000000
596.000000
245.000000
697.000000
1479.000000
1129.000000
164.000000
74.000000
267.000000
126.000000
74.000000
9.000000
842.000000
908.000000
264.000000
116.000000
169.000000
364.000000
695.000000
2077.000000
483.000000
695.000000
307.000000
96.000000
292.000000
808.000000
577.000000
397.000000
1379.000000
36.000000
201.000000
214.000000
215.000000
173.000000
778.000000
1156.000000
1031.000000
339.000000
41.000000
74.000000
143.000000
83.000000
539.000000
708.000000
97.000000
342.000000
275.000000
246.000000
854.000000
147.000000
1017.000000
262.000000
1125.000000
1059.000000
374.000000
198.000000
160.000000
480.000000
3816.000000
164.000000
221.000000
246.000000
944.000000
263.000000
575.000000
1067.000000
379.000000
181.000000
500.000000
398.000000
214.000000
521.000000
1852.000000
523.000000
289.000000
110.000000
602.000000
397.000000
1403.000000
569.000000
2532.000000
780.000000
356.000000
172.000000
1049.000000
401.000000
107.000000
108.000000
122.000000
951.000000
871.000000
317.000000
462.000000
1210.000000
218.000000
425.000000
92.000000
176.000000
181.000000
398.000000
233.000000
364.000000
339.000000
1306.000000
328.000000
294.000000
60.000000
261.000000
235.000000
257.000000
178.000000
657.000000
2748.000000
438.000000
114.000000
2905.000000
180.000000
2722.000000
95.000000
991.000000
301.000000
513.000000
124.000000
561.000000
638.000000
356.000000
1196.000000
503.000000
298.000000
543.000000
8865.000000
490.000000
446.000000
655.000000
785.000000
1440.000000
445.000000
131.000000
332.000000
169.000000
1441.000000
300.000000
202.000000
658.000000
208.000000
291.000000
1227.000000
71.000000
931.000000
408.000000
594.000000
937.000000
232.000000
253.000000
174.000000
419.000000
1179.000000
1820.000000
949.000000
170.000000
363.000000
398.000000
80.000000
498.000000
166.000000
96.000000
759.000000
795.000000
157.000000
370.000000
1379.000000
303.000000
498.000000
815.000000
643.000000
957.000000
1304.000000
158.000000
46.000000
352.000000
223.000000
73.000000
3539.000000
1714.000000
78.000000
723.000000
114.000000
336.000000
125.000000
858.000000
349.000000
213.000000
268.000000
1064.000000
1996.000000
775.000000
263.000000
444.000000
821.000000
541.000000
2852.000000
44.000000
1251.000000
3551.000000
606.000000
3506.000000
390.000000
579.000000
686.000000
29.000000
343.000000
342.000000
483.000000
777.000000
2336.000000
739.000000
198.000000
1241.000000
958.000000
968.000000
418.000000
501.000000
362.000000
1000.000000
3715.000000
83.000000
513.000000
833.000000
178.000000
1821.000000
1187.000000
435.000000
58.000000
1966.000000
859.000000
595.000000
32.000000
238.000000
506.000000
940.000000
823.000000
201.000000
347.000000
96.000000
267.000000
267.000000
904.000000
94.000000
377.000000
600.000000
398.000000
2780.000000
1105.000000
450.000000
133.000000
343.000000
923.000000
469.000000
73.000000
824.000000
451.000000
1089.000000
136.000000
1511.000000
245.000000
153.000000
838.000000
1093.000000
44.000000
233.000000
143.000000
1319.000000
2338.000000
146.000000
1527.000000
2561.000000
610.000000
177.000000
184.000000
561.000000
292.000000
436.000000
129.000000
1259.000000
49.000000
1579.000000
88.000000
95.000000
464.000000
476.000000
437.000000
626.000000
417.000000
457.000000
438.000000
703.000000
924.000000
1495.000000
753.000000
154.000000
562.000000
416.000000
846.000000
367.000000
323.000000
996.000000
196.000000
310.000000
664.000000
845.000000
1357.000000
506.000000
171.000000
90.000000
166.000000
132.000000
209.000000
212.000000
1838.000000
674.000000
126.000000
225.000000
590.000000
514.000000
318.000000
283.000000
1201.000000
155.000000
490.000000
265.000000
565.000000
764.000000
793.000000
588.000000
366.000000
879.000000
58.000000
243.000000
802.000000
189.000000
246.000000
191.000000
604.000000
356.000000
743.000000
70.000000
767.000000
117.000000
360.000000
820.000000
543.000000
494.000000
2485.000000
97.000000
90.000000
776.000000
1282.000000
1716.000000
51.000000
219.000000
466.000000
495.000000
728.000000
651.000000
322.000000
323.000000
3274.000000
99.000000
1143.000000
334.000000
1793.000000
1284.000000
106.000000
162.000000
142.000000
396.000000
234.000000
1452.000000
274.000000
39.000000
1196.000000
126.000000
1689.000000
125.000000
223.000000
658.000000
452.000000
212.000000
251.000000
194.000000
324.000000
842.000000
3487.000000
323.000000
449.000000
1003.000000
3219.000000
711.000000
572.000000
4141.000000
197.000000
126.000000
710.000000
423.000000
497.000000
341.000000
445.000000
339.000000
534.000000
924.000000
384.000000
464.000000
241.000000
180.000000
1216.000000
152.000000
1546.000000
633.000000
292.000000
1245.000000
351.000000
844.000000
1536.000000
212.000000
148.000000
1286.000000
470.000000
306.000000
4790.000000
1143.000000
250.000000
435.000000
397.000000
504.000000
199.000000
87.000000
1531.000000
712.000000
681.000000
1335.000000
127.000000
553.000000
748.000000
121.000000
601.000000
289.000000
321.000000
489.000000
699.000000
351.000000
613.000000
431.000000
2600.000000
910.000000
1136.000000
451.000000
1125.000000
1423.000000
662.000000
265.000000
1093.000000
231.000000
498.000000
475.000000
333.000000
819.000000
550.000000
625.000000
590.000000
646.000000
977.000000
2548.000000
2040.000000
138.000000
1642.000000
108.000000
19.000000
324.000000
494.000000
175.000000
940.000000
3342.000000
821.000000
409.000000
323.000000
1256.000000
307.000000
1142.000000
441.000000
71.000000
209.000000
27.000000
3556.000000
156.000000
748.000000
197.000000
84.000000
319.000000
57.000000
110.000000
4056.000000
439.000000
2611.000000
2044.000000
874.000000
150.000000
616.000000
177.000000
1443.000000
85.000000
167.000000
520.000000
142.000000
94.000000
126.000000
144.000000
2043.000000
151.000000
1293.000000
389.000000
107.000000
261.000000
151.000000
1724.000000
1218.000000
522.000000
536.000000
631.000000
497.000000
420.000000
219.000000
495.000000
742.000000
651.000000
303.000000
172.000000
313.000000
398.000000
1855.000000
1225.000000
438.000000
186.000000
778.000000
1295.000000
155.000000
1282.000000
182.000000
690.000000
411.000000
164.000000
266.000000
478.000000
224.000000
658.000000
269.000000
367.000000
515.000000
115.000000
331.000000
218.000000
79.000000
664.000000
117.000000
2274.000000
403.000000
398.000000
1666.000000
661.000000
415.000000
169.000000
485.000000
648.000000
473.000000
723.000000
3864.000000
458.000000
366.000000
1712.000000
2609.000000
300.000000
1120.000000
490.000000
415.000000
203.000000
619.000000
726.000000
128.000000
113.000000
785.000000
230.000000
252.000000
333.000000
502.000000
194.000000
137.000000
286.000000
91.000000
234.000000
337.000000
1176.000000
396.000000
1494.000000
325.000000
1168.000000
261.000000
1611.000000
903.000000
45.000000
501.000000
3149.000000
275.000000
898.000000
281.000000
331.000000
226.000000
243.000000
996.000000
463.000000
103.000000
541.000000
227.000000
117.000000
505.000000
326.000000
160.000000
484.000000
2455.000000
755.000000
34.000000
307.000000
907.000000
274.000000
75.000000
141.000000
6125.000000
1082.000000
79.000000
333.000000
479.000000
236.000000
87.000000
193.000000
198.000000
402.000000
217.000000
812.000000
321.000000
90.000000
1033.000000
303.000000
1965.000000
185.000000
243.000000
781.000000
131.000000
344.000000
272.000000
602.000000
207.000000
4820.000000
402.000000
1422.000000
1038.000000
1329.000000
409.000000
914.000000
349.000000
1034.000000
219.000000
737.000000
1105.000000
457.000000
1646.000000
678.000000
921.000000
322.000000
76.000000
33.000000
508.000000
220.000000
135.000000
363.000000
329.000000
827.000000
32.000000
526.000000
353.000000
345.000000
653.000000
1763.000000
80.000000
122.000000
2284.000000
1238.000000
423.000000
301.000000
587.000000
166.000000
159.000000
582.000000
69.000000
955.000000
1556.000000
5654.000000
776.000000
160.000000
188.000000
99.000000
433.000000
160.000000
614.000000
1158.000000
645.000000
184.000000
224.000000
73.000000
197.000000
611.000000
161.000000
753.000000
170.000000
684.000000
297.000000
209.000000
1466.000000
160.000000
729.000000
1499.000000
386.000000
320.000000
397.000000
132.000000
129.000000
85.000000
1575.000000
349.000000
58.000000
228.000000
3468.000000
367.000000
3051.000000
354.000000
608.000000
98.000000
287.000000
192.000000
379.000000
345.000000
155.000000
529.000000
186.000000
267.000000
300.000000
261.000000
1629.000000
663.000000
130.000000
377.000000
1305.000000
248.000000
199.000000
71.000000
941.000000
360.000000
632.000000
2401.000000
299.000000
509.000000
89.000000
459.000000
2318.000000
264.000000
222.000000
423.000000
539.000000
591.000000
1597.000000
387.000000
403.000000
467.000000
971.000000
558.000000
264.000000
981.000000
449.000000
592.000000
1421.000000
251.000000
413.000000
909.000000
494.000000
208.000000
562.000000
196.000000
381.000000
148.000000
314.000000
392.000000
405.000000
1237.000000
462.000000
1883.000000
574.000000
374.000000
233.000000
200.000000
390.000000
175.000000
234.000000
633.000000
108.000000
280.000000
493.000000
416.000000
745.000000
3677.000000
232.000000
640.000000
317.000000
40.000000
883.000000
687.000000
123.000000
127.000000
322.000000
2080.000000
82.000000
587.000000
601.000000
1143.000000
137.000000
110.000000
91.000000
835.000000
741.000000
760.000000
687.000000
187.000000
253.000000
609.000000
177.000000
85.000000
175.000000
410.000000
308.000000
54.000000
200.000000
103.000000
587.000000
819.000000
85.000000
383.000000
429.000000
564.000000
63.000000
1038.000000
2246.000000
155.000000
63.000000
423.000000
207.000000
191.000000
297.000000
598.000000
509.000000
242.000000
313.000000
677.000000
725.000000
248.000000
159.000000
343.000000
494.000000
206.000000
55.000000
37.000000
394.000000
408.000000
1344.000000
1063.000000
317.000000
1805.000000
1086.000000
2575.000000
377.000000
268.000000
319.000000
797.000000
273.000000
994.000000
181.000000
96.000000
171.000000
478.000000
260.000000
357.000000
483.000000
446.000000
97.000000
1140.000000
1159.000000
968.000000
64.000000
200.000000
1116.000000
489.000000
147.000000
493.000000
238.000000
322.000000
150.000000
1033.000000
1187.000000
880.000000
258.000000
276.000000
1249.000000
118.000000
302.000000
442.000000
910.000000
128.000000
175.000000
2458.000000
831.000000
198.000000
2513.000000
329.000000
877.000000
535.000000
93.000000
105.000000
535.000000
187.000000
236.000000
283.000000
2805.000000
156.000000
1099.000000
901.000000
1391.000000
364.000000
1110.000000
49.000000
