299.000000
582.000000
547.000000
348.000000
386.000000
83.000000
1059.000000
68.000000
1184.000000
124.000000
624.000000
453.000000
194.000000
254.000000
928.000000
714.000000
4237.000000
933.000000
279.000000
40.000000
368.000000
252.000000
700.000000
730.000000
312.000000
731.000000
138.000000
567.000000
149.000000
1119.000000
3557.000000
860.000000
3310.000000
1184.000000
417.000000
172.000000
1021.000000
593.000000
236.000000
301.000000
765.000000
420.000000
1793.000000
38.000000
225.000000
60.000000
332.000000
576.000000
409.000000
486.000000
177.000000
519.000000
1212.000000
754.000000
456.000000
127.000000
193.000000
168.000000
67.000000
388.000000
896.000000
158.000000
207.000000
423.000000
1233.000000
482.000000
440.000000
246.000000
2672.000000
276.000000
860.000000
1020.000000
172.000000
86.000000
2338.000000
88.000000
614.000000
889.000000
698.000000
257.000000
492.000000
322.000000
363.000000
193.000000
1891.000000
338.000000
323.000000
79.000000
423.000000
270.000000
265.000000
30.000000
336.000000
318.000000
490.000000
764.000000
667.000000
278.000000
176.000000
418.000000
837.000000
1168.000000
772.000000
592.000000
366.000000
152.000000
191.000000
153.000000
1283.000000
375.000000
357.000000
1401.000000
1524.000000
1203.000000
72.000000
244.000000
328.000000
77.000000
570.000000
115.000000
77.000000
264.000000
805.000000
1496.000000
70.000000
179.000000
1168.000000
108.000000
176.000000
486.000000
485.000000
838.000000
836.000000
201.000000
174.000000
219.000000
950.000000
894.000000
1241.000000
360.000000
349.000000
84.000000
128.000000
404.000000
219.000000
377.000000
1448.000000
745.000000
718.000000
390.000000
404.000000
4135.000000
1796.000000
100.000000
119.000000
303.000000
1066.000000
714.000000
125.000000
286.000000
148.000000
1095.000000
604.000000
602.000000
4496.000000
307.000000
260.000000
1061.000000
98.000000
761.000000
370.000000
870.000000
170.000000
38.000000
289.000000
912.000000
6553.000000
155.000000
210.000000
811.000000
450.000000
704.000000
97.000000
381.000000
644.000000
1247.000000
379.000000
880.000000
1144.000000
209.000000
2237.000000
104.000000
9612.000000
285.000000
46.000000
745.000000
245.000000
528.000000
957.000000
1250.000000
250.000000
310.000000
701.000000
4231.000000
1151.000000
67.000000
390.000000
1445.000000
49.000000
1740.000000
4863.000000
503.000000
366.000000
1125.000000
153.000000
382.000000
1563.000000
2270.000000
986.000000
518.000000
349.000000
921.000000
409.000000
271.000000
116.000000
74.000000
976.000000
265.000000
1973.000000
2386.000000
303.000000
773.000000
264.000000
661.000000
304.000000
585.000000
486.000000
118.000000
582.000000
220.000000
1177.000000
668.000000
594.000000
944.000000
541.000000
140.000000
522.000000
615.000000
753.000000
1988.000000
434.000000
1566.000000
349.000000
389.000000
292.000000
277.000000
370.000000
1050.000000
198.000000
2672.000000
908.000000
691.000000
1244.000000
729.000000
261.000000
571.000000
649.000000
870.000000
398.000000
314.000000
639.000000
1499.000000
485.000000
87.000000
1012.000000
824.000000
151.000000
252.000000
877.000000
64.000000
138.000000
262.000000
440.000000
51.000000
381.000000
2128.000000
1275.000000
413.000000
814.000000
507.000000
209.000000
1116.000000
212.000000
569.000000
1476.000000
1695.000000
453.000000
423.000000
233.000000
923.000000
662.000000
76.000000
522.000000
234.000000
150.000000
121.000000
589.000000
432.000000
977.000000
735.000000
577.000000
629.000000
185.000000
559.000000
47.000000
173.000000
1794.000000
922.000000
105.000000
296.000000
1182.000000
1250.000000
225.000000
552.000000
73.000000
271.000000
928.000000
1282.000000
1310.000000
299.000000
235.000000
328.000000
1224.000000
679.000000
810.000000
562.000000
111.000000
187.000000
1694.000000
697.000000
4240.000000
332.000000
4878.000000
245.000000
21.000000
90.000000
284.000000
534.000000
774.000000
556.000000
950.000000
153.000000
565.000000
1112.000000
173.000000
439.000000
979.000000
270.000000
1319.000000
682.000000
870.000000
656.000000
102.000000
238.000000
1478.000000
21.000000
416.000000
154.000000
232.000000
234.000000
2684.000000
383.000000
343.000000
911.000000
258.000000
257.000000
144.000000
953.000000
722.000000
328.000000
418.000000
1537.000000
1238.000000
442.000000
103.000000
1390.000000
1409.000000
900.000000
765.000000
435.000000
1337.000000
359.000000
576.000000
300.000000
123.000000
464.000000
2469.000000
393.000000
2106.000000
982.000000
701.000000
86.000000
31.000000
175.000000
52.000000
828.000000
437.000000
130.000000
347.000000
225.000000
868.000000
440.000000
112.000000
40.000000
121.000000
1765.000000
110.000000
736.000000
422.000000
70.000000
98.000000
1021.000000
358.000000
122.000000
999.000000
6117.000000
374.000000
570.000000
654.000000
1732.000000
768.000000
67.000000
540.000000
475.000000
74.000000
1469.000000
233.000000
593.000000
959.000000
461.000000
284.000000
898.000000
664.000000
582.000000
355.000000
464.000000
112.000000
510.000000
362.000000
238.000000
618.000000
889.000000
114.000000
259.000000
100.000000
271.000000
1372.000000
260.000000
92.000000
290.000000
1082.000000
63.000000
163.000000
372.000000
1514.000000
1375.000000
510.000000
908.000000
460.000000
1192.000000
173.000000
894.000000
1033.000000
1259.000000
1655.000000
252.000000
204.000000
1019.000000
992.000000
400.000000
53.000000
218.000000
254.000000
1457.000000
570.000000
71.000000
3174.000000
1327.000000
379.000000
606.000000
364.000000
1346.000000
1129.000000
672.000000
1365.000000
525.000000
1117.000000
335.000000
174.000000
536.000000
1135.000000
509.000000
855.000000
822.000000
376.000000
264.000000
1304.000000
788.000000
171.000000
542.000000
295.000000
318.000000
296.000000
570.000000
542.000000
1623.000000
131.000000
773.000000
1185.000000
238.000000
1141.000000
107.000000
1735.000000
1125.000000
346.000000
726.000000
161.000000
2047.000000
440.000000
75.000000
385.000000
519.000000
291.000000
273.000000
98.000000
215.000000
2661.000000
703.000000
210.000000
816.000000
172.000000
246.000000
892.000000
419.000000
318.000000
382.000000
750.000000
187.000000
594.000000
86.000000
1207.000000
825.000000
662.000000
1023.000000
191.000000
335.000000
503.000000
106.000000
77.000000
1196.000000
507.000000
144.000000
133.000000
2518.000000
605.000000
173.000000
449.000000
139.000000
212.000000
7034.000000
1134.000000
442.000000
1036.000000
341.000000
1885.000000
138.000000
151.000000
615.000000
1101.000000
158.000000
593.000000
317.000000
178.000000
292.000000
829.000000
221.000000
1086.000000
92.000000
268.000000
367.000000
559.000000
101.000000
1869.000000
523.000000
368.000000
273.000000
229.000000
1570.000000
355.000000
505.000000
583.000000
450.000000
409.000000
285.000000
1137.000000
1204.000000
71.000000
164.000000
1128.000000
206.000000
333.000000
398.000000
251.000000
437.000000
197.000000
96.000000
426.000000
145.000000
2157.000000
238.000000
113.000000
1042.000000
694.000000
546.000000
483.000000
1144.000000
131.000000
286.000000
72.000000
188.000000
714.000000
740.000000
436.000000
165.000000
692.000000
427.000000
1146.000000
44.000000
851.000000
153.000000
1759.000000
319.000000
1297.000000
65.000000
2334.000000
166.000000
289.000000
139.000000
610.000000
200.000000
742.000000
219.000000
280.000000
437.000000
1501.000000
84.000000
212.000000
418.000000
927.000000
651.000000
405.000000
87.000000
242.000000
684.000000
366.000000
141.000000
158.000000
203.000000
296.000000
63.000000
960.000000
369.000000
188.000000
100.000000
1128.000000
470.000000
135.000000
349.000000
254.000000
463.000000
280.000000
84.000000
104.000000
442.000000
384.000000
498.000000
1808.000000
109.000000
242.000000
1333.000000
160.000000
6224.000000
318.000000
110.000000
171.000000
304.000000
1639.000000
71.000000
92.000000
135.000000
1007.000000
219.000000
286.000000
1452.000000
157.000000
504.000000
545.000000
164.000000
215.000000
270.000000
435.000000
365.000000
310.000000
356.000000
152.000000
751.000000
40.000000
376.000000
754.000000
68.000000
36.000000
315.000000
575.000000
377.000000
214.000000
79.000000
1697.000000
520.000000
1968.000000
260.000000
686.000000
143.000000
3368.000000
140.000000
394.000000
1508.000000
196.000000
184.000000
288.000000
738.000000
46.000000
896.000000
1759.000000
1140.000000
520.000000
384.000000
631.000000
249.000000
615.000000
139.000000
550.000000
1007.000000
145.000000
665.000000
336.000000
138.000000
216.000000
98.000000
331.000000
434.000000
1090.000000
1932.000000
219.000000
120.000000
527.000000
326.000000
542.000000
176.000000
125.000000
293.000000
1091.000000
503.000000
190.000000
2224.000000
87.000000
1429.000000
918.000000
379.000000
407.000000
452.000000
1235.000000
968.000000
504.000000
345.000000
386.000000
208.000000
477.000000
1521.000000
343.000000
514.000000
738.000000
26.000000
227.000000
711.000000
515.000000
364.000000
226.000000
369.000000
1765.000000
253.000000
341.000000
429.000000
566.000000
1447.000000
406.000000
1748.000000
766.000000
799.000000
947.000000
3524.000000
716.000000
466.000000
80.000000
131.000000
626.000000
1088.000000
91.000000
1293.000000
105.000000
114.000000
2036.000000
147.000000
1117.000000
715.000000
44.000000
1082.000000
671.000000
398.000000
1770.000000
191.000000
646.000000
202.000000
235.000000
239.000000
940.000000
185.000000
851.000000
1013.000000
200.000000
183.000000
1268.000000
505.000000
1232.000000
1450.000000
467.000000
581.000000
323.000000
252.000000
58.000000
1117.000000
142.000000
3574.000000
208.000000
480.000000
270.000000
188.000000
546.000000
171.000000
796.000000
251.000000
760.000000
1900.000000
583.000000
2340.000000
674.000000
2461.000000
3151.000000
2306.000000
233.000000
979.000000
122.000000
320.000000
401.000000
99.000000
1053.000000
455.000000
159.000000
249.000000
520.000000
262.000000
267.000000
958.000000
449.000000
240.000000
1012.000000
1265.000000
244.000000
85.000000
3478.000000
778.000000
246.000000
776.000000
261.000000
201.000000
450.000000
863.000000
355.000000
743.000000
182.000000
134.000000
235.000000
478.000000
254.000000
1118.000000
246.000000
305.000000
179.000000
538.000000
745.000000
680.000000
164.000000
683.000000
114.000000
39.000000
153.000000
1431.000000
278.000000
765.000000
1669.000000
450.000000
451.000000
939.000000
429.000000
390.000000
989.000000
286.000000
886.000000
259.000000
24.000000
316.000000
169.000000
359.000000
292.000000
407.000000
133.000000
238.000000
1158.000000
868.000000
422.000000
250.000000
2227.000000
236.000000
950.000000
685.000000
2370.000000
773.000000
475.000000
787.000000
522.000000
661.000000
254.000000
103.000000
299.000000
2102.000000
154.000000
1259.000000
793.000000
1614.000000
853.000000
484.000000
283.000000
1139.000000
168.000000
1100.000000
387.000000
185.000000
653.000000
746.000000
439.000000
194.000000
1443.000000
847.000000
5078.000000
888.000000
257.000000
119.000000
68.000000
109.000000
538.000000
281.000000
488.000000
134.000000
512.000000
496.000000
337.000000
208.000000
145.000000
202.000000
67.000000
271.000000
36.000000
572.000000
953.000000
1516.000000
1014.000000
1224.000000
113.000000
2429.000000
2868.000000
865.000000
