148.000000
633.000000
3357.000000
1496.000000
810.000000
702.000000
238.000000
91.000000
122.000000
868.000000
183.000000
688.000000
176.000000
384.000000
99.000000
775.000000
367.000000
471.000000
1876.000000
858.000000
422.000000
523.000000
3553.000000
244.000000
202.000000
448.000000
1160.000000
432.000000
2023.000000
483.000000
46.000000
937.000000
974.000000
294.000000
1122.000000
436.000000
726.000000
217.000000
137.000000
1285.000000
992.000000
173.000000
115.000000
1038.000000
476.000000
198.000000
795.000000
57.000000
163.000000
569.000000
344.000000
257.000000
546.000000
75.000000
175.000000
1436.000000
65.000000
239.000000
345.000000
71.000000
306.000000
790.000000
1613.000000
306.000000
780.000000
70.000000
534.000000
75.000000
34.000000
470.000000
2815.000000
1450.000000
1065.000000
67.000000
85.000000
665.000000
1962.000000
837.000000
1487.000000
140.000000
181.000000
384.000000
1301.000000
4015.000000
823.000000
501.000000
162.000000
810.000000
303.000000
243.000000
370.000000
73.000000
60.000000
351.000000
163.000000
1391.000000
408.000000
289.000000
105.000000
407.000000
1353.000000
1153.000000
185.000000
812.000000
131.000000
221.000000
305.000000
268.000000
761.000000
425.000000
159.000000
58.000000
693.000000
1720.000000
447.000000
1109.000000
1786.000000
163.000000
471.000000
375.000000
414.000000
1342.000000
1252.000000
622.000000
1885.000000
255.000000
612.000000
790.000000
509.000000
735.000000
315.000000
754.000000
973.000000
230.000000
198.000000
104.000000
965.000000
370.000000
96.000000
1044.000000
797.000000
126.000000
387.000000
2385.000000
371.000000
137.000000
1509.000000
1826.000000
1443.000000
955.000000
713.000000
229.000000
188.000000
513.000000
243.000000
161.000000
920.000000
341.000000
1123.000000
906.000000
2794.000000
196.000000
409.000000
752.000000
1460.000000
212.000000
614.000000
413.000000
327.000000
1186.000000
166.000000
219.000000
1275.000000
77.000000
1419.000000
374.000000
373.000000
675.000000
1037.000000
479.000000
174.000000
255.000000
650.000000
173.000000
316.000000
717.000000
138.000000
269.000000
148.000000
550.000000
2167.000000
684.000000
802.000000
249.000000
178.000000
996.000000
305.000000
263.000000
1305.000000
254.000000
433.000000
225.000000
283.000000
76.000000
172.000000
323.000000
48.000000
2006.000000
106.000000
1124.000000
1314.000000
939.000000
2341.000000
362.000000
382.000000
254.000000
104.000000
326.000000
955.000000
2333.000000
853.000000
412.000000
272.000000
181.000000
96.000000
1079.000000
228.000000
413.000000
61.000000
5401.000000
114.000000
143.000000
766.000000
156.000000
1190.000000
313.000000
69.000000
630.000000
222.000000
866.000000
210.000000
705.000000
1198.000000
507.000000
522.000000
184.000000
455.000000
740.000000
532.000000
617.000000
688.000000
2287.000000
244.000000
919.000000
1378.000000
644.000000
397.000000
330.000000
226.000000
390.000000
701.000000
368.000000
356.000000
1289.000000
399.000000
395.000000
353.000000
370.000000
4353.000000
638.000000
2570.000000
514.000000
144.000000
88.000000
164.000000
173.000000
432.000000
1931.000000
533.000000
1167.000000
357.000000
116.000000
171.000000
1339.000000
344.000000
169.000000
106.000000
577.000000
798.000000
417.000000
309.000000
284.000000
401.000000
652.000000
827.000000
2639.000000
330.000000
367.000000
896.000000
657.000000
1708.000000
231.000000
145.000000
386.000000
244.000000
223.000000
153.000000
326.000000
107.000000
223.000000
100.000000
142.000000
308.000000
350.000000
134.000000
2558.000000
823.000000
2050.000000
436.000000
163.000000
398.000000
710.000000
170.000000
586.000000
252.000000
211.000000
254.000000
1348.000000
98.000000
19.000000
251.000000
256.000000
147.000000
44.000000
2159.000000
121.000000
208.000000
265.000000
325.000000
81.000000
1066.000000
45.000000
2430.000000
1040.000000
303.000000
198.000000
477.000000
27.000000
826.000000
2970.000000
359.000000
1662.000000
21.000000
134.000000
123.000000
893.000000
860.000000
313.000000
1335.000000
103.000000
236.000000
573.000000
167.000000
99.000000
276.000000
40.000000
456.000000
137.000000
250.000000
139.000000
2300.000000
220.000000
902.000000
1304.000000
329.000000
236.000000
153.000000
68.000000
966.000000
590.000000
300.000000
1031.000000
224.000000
92.000000
125.000000
2345.000000
669.000000
1237.000000
49.000000
1042.000000
471.000000
942.000000
193.000000
400.000000
297.000000
323.000000
797.000000
642.000000
156.000000
328.000000
63.000000
274.000000
1456.000000
797.000000
1091.000000
592.000000
345.000000
190.000000
719.000000
87.000000
1706.000000
236.000000
126.000000
213.000000
239.000000
400.000000
246.000000
484.000000
298.000000
373.000000
161.000000
373.000000
249.000000
40.000000
586.000000
87.000000
1098.000000
1434.000000
353.000000
90.000000
490.000000
776.000000
581.000000
396.000000
113.000000
53.000000
366.000000
1132.000000
419.000000
210.000000
45.000000
2865.000000
66.000000
101.000000
705.000000
1124.000000
1070.000000
1568.000000
705.000000
835.000000
280.000000
590.000000
148.000000
475.000000
1551.000000
175.000000
1023.000000
197.000000
275.000000
1023.000000
556.000000
197.000000
381.000000
2281.000000
907.000000
178.000000
273.000000
791.000000
951.000000
666.000000
82.000000
248.000000
653.000000
154.000000
389.000000
839.000000
3903.000000
534.000000
580.000000
327.000000
189.000000
153.000000
57.000000
1280.000000
333.000000
351.000000
532.000000
367.000000
638.000000
202.000000
56.000000
244.000000
2351.000000
242.000000
2193.000000
283.000000
224.000000
272.000000
412.000000
50.000000
46.000000
227.000000
130.000000
616.000000
274.000000
201.000000
3865.000000
203.000000
2071.000000
4511.000000
315.000000
370.000000
682.000000
81.000000
231.000000
187.000000
1719.000000
87.000000
2513.000000
164.000000
76.000000
1307.000000
557.000000
720.000000
776.000000
335.000000
77.000000
269.000000
3035.000000
617.000000
397.000000
849.000000
237.000000
181.000000
461.000000
306.000000
171.000000
105.000000
210.000000
142.000000
422.000000
161.000000
372.000000
1245.000000
157.000000
1196.000000
341.000000
180.000000
359.000000
368.000000
188.000000
678.000000
759.000000
44.000000
155.000000
536.000000
270.000000
2565.000000
299.000000
286.000000
485.000000
386.000000
784.000000
543.000000
291.000000
601.000000
178.000000
806.000000
769.000000
1474.000000
1432.000000
37.000000
345.000000
2004.000000
1067.000000
177.000000
1896.000000
125.000000
1717.000000
615.000000
387.000000
468.000000
229.000000
574.000000
335.000000
485.000000
555.000000
892.000000
895.000000
556.000000
158.000000
730.000000
617.000000
492.000000
60.000000
461.000000
546.000000
199.000000
3719.000000
4590.000000
431.000000
1913.000000
269.000000
818.000000
383.000000
1240.000000
975.000000
34.000000
98.000000
1340.000000
108.000000
7843.000000
117.000000
996.000000
1797.000000
692.000000
1188.000000
138.000000
402.000000
250.000000
450.000000
313.000000
343.000000
603.000000
378.000000
197.000000
350.000000
1550.000000
170.000000
482.000000
541.000000
789.000000
247.000000
247.000000
166.000000
25.000000
591.000000
1032.000000
272.000000
778.000000
1872.000000
297.000000
232.000000
131.000000
292.000000
872.000000
142.000000
1219.000000
36.000000
1234.000000
972.000000
688.000000
310.000000
424.000000
333.000000
206.000000
325.000000
941.000000
556.000000
290.000000
241.000000
426.000000
930.000000
206.000000
383.000000
151.000000
248.000000
95.000000
1011.000000
56.000000
610.000000
316.000000
270.000000
237.000000
183.000000
109.000000
109.000000
115.000000
755.000000
633.000000
4122.000000
371.000000
2420.000000
253.000000
198.000000
412.000000
441.000000
755.000000
67.000000
41.000000
648.000000
574.000000
528.000000
563.000000
128.000000
697.000000
188.000000
590.000000
976.000000
1641.000000
483.000000
234.000000
173.000000
1943.000000
1145.000000
495.000000
583.000000
1077.000000
53.000000
948.000000
582.000000
444.000000
3077.000000
213.000000
101.000000
135.000000
31.000000
87.000000
109.000000
226.000000
510.000000
581.000000
2252.000000
484.000000
209.000000
172.000000
2279.000000
1899.000000
307.000000
1503.000000
112.000000
122.000000
3038.000000
128.000000
573.000000
86.000000
303.000000
1747.000000
106.000000
269.000000
93.000000
433.000000
868.000000
272.000000
941.000000
1509.000000
230.000000
475.000000
3357.000000
750.000000
629.000000
1236.000000
456.000000
766.000000
10729.000000
305.000000
530.000000
293.000000
107.000000
103.000000
90.000000
160.000000
514.000000
450.000000
2046.000000
155.000000
212.000000
142.000000
1078.000000
101.000000
327.000000
375.000000
561.000000
2185.000000
267.000000
720.000000
538.000000
275.000000
2054.000000
763.000000
888.000000
388.000000
537.000000
91.000000
884.000000
389.000000
346.000000
265.000000
498.000000
272.000000
2092.000000
441.000000
722.000000
1288.000000
232.000000
137.000000
147.000000
1124.000000
204.000000
692.000000
357.000000
312.000000
521.000000
981.000000
222.000000
591.000000
373.000000
213.000000
486.000000
107.000000
454.000000
969.000000
1747.000000
470.000000
1718.000000
242.000000
220.000000
487.000000
722.000000
442.000000
639.000000
468.000000
266.000000
58.000000
243.000000
2892.000000
399.000000
440.000000
509.000000
262.000000
286.000000
655.000000
38.000000
2792.000000
266.000000
472.000000
8292.000000
534.000000
482.000000
362.000000
635.000000
240.000000
345.000000
860.000000
56.000000
994.000000
811.000000
677.000000
635.000000
1052.000000
485.000000
821.000000
171.000000
437.000000
1138.000000
780.000000
392.000000
726.000000
158.000000
193.000000
1059.000000
815.000000
908.000000
424.000000
85.000000
178.000000
154.000000
239.000000
57.000000
1054.000000
338.000000
228.000000
1962.000000
194.000000
215.000000
341.000000
525.000000
261.000000
524.000000
156.000000
608.000000
429.000000
627.000000
101.000000
189.000000
1327.000000
239.000000
375.000000
1097.000000
218.000000
176.000000
730.000000
187.000000
1346.000000
68.000000
512.000000
614.000000
1524.000000
321.000000
1436.000000
1743.000000
123.000000
223.000000
447.000000
34.000000
173.000000
1585.000000
343.000000
137.000000
693.000000
337.000000
108.000000
139.000000
1505.000000
6017.000000
318.000000
651.000000
857.000000
607.000000
325.000000
148.000000
136.000000
155.000000
216.000000
212.000000
479.000000
362.000000
366.000000
553.000000
194.000000
127.000000
195.000000
4236.000000
593.000000
2659.000000
669.000000
284.000000
1297.000000
110.000000
483.000000
335.000000
767.000000
565.000000
268.000000
65.000000
1140.000000
209.000000
1042.000000
875.000000
5869.000000
705.000000
205.000000
314.000000
536.000000
1742.000000
564.000000
110.000000
1568.000000
66.000000
500.000000
281.000000
437.000000
124.000000
353.000000
327.000000
434.000000
128.000000
751.000000
468.000000
745.000000
127.000000
848.000000
1030.000000
296.000000
133.000000
256.000000
2818.000000
616.000000
1583.000000
1545.000000
180.000000
195.000000
1029.000000
899.000000
271.000000
310.000000
459.000000
301.000000
447.000000
374.000000
1011.000000
185.000000
846.000000
723.000000
864.000000
875.000000
427.000000
225.000000
251.000000
439.000000
