2012.000000
84.000000
306.000000
214.000000
538.000000
966.000000
2005.000000
71.000000
83.000000
617.000000
199.000000
121.000000
992.000000
1483.000000
182.000000
740.000000
1964.000000
427.000000
296.000000
175.000000
1436.000000
1757.000000
20.000000
224.000000
682.000000
421.000000
2239.000000
184.000000
285.000000
383.000000
324.000000
1441.000000
2648.000000
285.000000
289.000000
699.000000
57.000000
100.000000
106.000000
205.000000
222.000000
1616.000000
407.000000
89.000000
150.000000
634.000000
548.000000
468.000000
1822.000000
3615.000000
2923.000000
480.000000
861.000000
1940.000000
268.000000
68.000000
317.000000
93.000000
996.000000
124.000000
427.000000
200.000000
158.000000
51.000000
314.000000
194.000000
299.000000
188.000000
65.000000
1241.000000
1196.000000
1030.000000
39.000000
803.000000
269.000000
149.000000
418.000000
29.000000
2240.000000
1426.000000
893.000000
964.000000
464.000000
1211.000000
119.000000
140.000000
422.000000
1635.000000
57.000000
1001.000000
117.000000
243.000000
54.000000
51.000000
597.000000
442.000000
600.000000
3565.000000
361.000000
451.000000
131.000000
177.000000
114.000000
1257.000000
425.000000
302.000000
216.000000
252.000000
609.000000
2785.000000
351.000000
247.000000
832.000000
1834.000000
332.000000
2386.000000
196.000000
100.000000
765.000000
851.000000
606.000000
8992.000000
652.000000
295.000000
153.000000
467.000000
794.000000
207.000000
150.000000
796.000000
117.000000
480.000000
958.000000
1259.000000
298.000000
297.000000
554.000000
401.000000
6194.000000
444.000000
615.000000
130.000000
160.000000
241.000000
10739.000000
218.000000
137.000000
1224.000000
400.000000
1560.000000
1022.000000
515.000000
653.000000
73.000000
616.000000
85.000000
467.000000
570.000000
359.000000
216.000000
321.000000
2441.000000
889.000000
739.000000
285.000000
867.000000
458.000000
608.000000
69.000000
304.000000
836.000000
576.000000
972.000000
460.000000
243.000000
150.000000
631.000000
942.000000
988.000000
1690.000000
87.000000
308.000000
187.000000
315.000000
389.000000
439.000000
180.000000
126.000000
391.000000
146.000000
111.000000
261.000000
484.000000
472.000000
260.000000
1724.000000
96.000000
728.000000
1720.000000
161.000000
308.000000
46.000000
312.000000
254.000000
1260.000000
238.000000
213.000000
317.000000
139.000000
159.000000
228.000000
366.000000
278.000000
861.000000
1204.000000
391.000000
1311.000000
617.000000
2266.000000
255.000000
243.000000
1049.000000
375.000000
320.000000
203.000000
278.000000
698.000000
226.000000
1099.000000
116.000000
247.000000
315.000000
298.000000
456.000000
140.000000
228.000000
291.000000
1062.000000
323.000000
349.000000
442.000000
717.000000
1310.000000
114.000000
3627.000000
233.000000
622.000000
479.000000
303.000000
1901.000000
352.000000
908.000000
1809.000000
862.000000
157.000000
1768.000000
490.000000
306.000000
390.000000
113.000000
67.000000
341.000000
1627.000000
186.000000
219.000000
347.000000
1863.000000
1540.000000
118.000000
529.000000
384.000000
191.000000
221.000000
1293.000000
690.000000
1527.000000
474.000000
130.000000
113.000000
1773.000000
231.000000
72.000000
1715.000000
429.000000
148.000000
219.000000
142.000000
796.000000
216.000000
311.000000
379.000000
75.000000
330.000000
2967.000000
323.000000
3450.000000
72.000000
1322.000000
5178.000000
517.000000
503.000000
492.000000
34.000000
276.000000
490.000000
1287.000000
172.000000
743.000000
680.000000
1123.000000
149.000000
916.000000
488.000000
336.000000
208.000000
129.000000
498.000000
238.000000
1164.000000
508.000000
511.000000
340.000000
321.000000
314.000000
164.000000
755.000000
779.000000
156.000000
796.000000
1435.000000
698.000000
1020.000000
1679.000000
105.000000
69.000000
140.000000
1262.000000
112.000000
394.000000
69.000000
214.000000
955.000000
449.000000
270.000000
1544.000000
771.000000
398.000000
1025.000000
355.000000
2170.000000
5502.000000
463.000000
186.000000
3422.000000
1096.000000
273.000000
1991.000000
645.000000
861.000000
345.000000
390.000000
466.000000
1677.000000
171.000000
421.000000
183.000000
519.000000
330.000000
569.000000
162.000000
771.000000
331.000000
492.000000
288.000000
706.000000
267.000000
150.000000
517.000000
2022.000000
98.000000
335.000000
2268.000000
301.000000
217.000000
333.000000
87.000000
1241.000000
93.000000
531.000000
1695.000000
3344.000000
822.000000
302.000000
863.000000
201.000000
1038.000000
848.000000
1623.000000
470.000000
394.000000
2258.000000
395.000000
3252.000000
246.000000
215.000000
72.000000
292.000000
223.000000
280.000000
1048.000000
697.000000
3437.000000
452.000000
280.000000
150.000000
121.000000
271.000000
331.000000
1337.000000
2141.000000
151.000000
522.000000
432.000000
103.000000
290.000000
1362.000000
158.000000
674.000000
4010.000000
141.000000
286.000000
750.000000
725.000000
382.000000
1953.000000
925.000000
1021.000000
405.000000
435.000000
2200.000000
271.000000
493.000000
245.000000
305.000000
206.000000
503.000000
160.000000
2340.000000
881.000000
173.000000
434.000000
3637.000000
230.000000
152.000000
781.000000
150.000000
430.000000
2082.000000
290.000000
550.000000
515.000000
459.000000
324.000000
149.000000
877.000000
89.000000
317.000000
585.000000
369.000000
651.000000
818.000000
647.000000
440.000000
497.000000
178.000000
139.000000
157.000000
105.000000
644.000000
1280.000000
145.000000
1029.000000
692.000000
202.000000
2283.000000
359.000000
90.000000
578.000000
98.000000
369.000000
1463.000000
26.000000
1520.000000
1041.000000
219.000000
1260.000000
298.000000
1015.000000
58.000000
1894.000000
980.000000
1431.000000
284.000000
84.000000
2982.000000
1532.000000
235.000000
274.000000
135.000000
1461.000000
522.000000
542.000000
2263.000000
282.000000
104.000000
230.000000
677.000000
94.000000
915.000000
506.000000
316.000000
112.000000
335.000000
65.000000
91.000000
464.000000
77.000000
645.000000
844.000000
187.000000
705.000000
28.000000
144.000000
1730.000000
164.000000
144.000000
1099.000000
73.000000
620.000000
495.000000
1147.000000
649.000000
1133.000000
895.000000
2045.000000
1256.000000
431.000000
1007.000000
3702.000000
1298.000000
1257.000000
1856.000000
796.000000
642.000000
296.000000
896.000000
228.000000
105.000000
209.000000
356.000000
873.000000
393.000000
670.000000
425.000000
439.000000
600.000000
207.000000
206.000000
101.000000
283.000000
398.000000
142.000000
213.000000
390.000000
764.000000
340.000000
86.000000
258.000000
1821.000000
162.000000
84.000000
517.000000
895.000000
159.000000
1853.000000
24.000000
835.000000
502.000000
678.000000
238.000000
502.000000
292.000000
244.000000
445.000000
258.000000
316.000000
2376.000000
88.000000
182.000000
845.000000
349.000000
238.000000
1449.000000
797.000000
310.000000
41.000000
125.000000
631.000000
296.000000
615.000000
3374.000000
250.000000
1087.000000
480.000000
659.000000
185.000000
13648.000000
171.000000
741.000000
137.000000
384.000000
332.000000
352.000000
116.000000
438.000000
1115.000000
235.000000
420.000000
200.000000
173.000000
181.000000
245.000000
913.000000
129.000000
353.000000
70.000000
1636.000000
851.000000
301.000000
521.000000
176.000000
669.000000
148.000000
121.000000
609.000000
980.000000
1017.000000
3039.000000
403.000000
304.000000
368.000000
3960.000000
502.000000
207.000000
529.000000
2187.000000
1324.000000
686.000000
101.000000
182.000000
514.000000
492.000000
1135.000000
1626.000000
846.000000
820.000000
379.000000
177.000000
51.000000
1909.000000
151.000000
229.000000
276.000000
116.000000
181.000000
340.000000
111.000000
190.000000
751.000000
310.000000
297.000000
798.000000
399.000000
153.000000
5305.000000
45.000000
1588.000000
97.000000
289.000000
651.000000
372.000000
86.000000
641.000000
1258.000000
341.000000
681.000000
96.000000
1705.000000
76.000000
886.000000
215.000000
263.000000
406.000000
3340.000000
193.000000
124.000000
1364.000000
728.000000
1498.000000
2381.000000
1248.000000
262.000000
1935.000000
1601.000000
381.000000
125.000000
1696.000000
196.000000
313.000000
690.000000
443.000000
652.000000
1473.000000
1574.000000
853.000000
889.000000
506.000000
300.000000
348.000000
3913.000000
151.000000
1734.000000
395.000000
145.000000
155.000000
1032.000000
2950.000000
1419.000000
1916.000000
833.000000
638.000000
219.000000
1659.000000
993.000000
903.000000
335.000000
1659.000000
372.000000
495.000000
882.000000
833.000000
158.000000
231.000000
274.000000
161.000000
953.000000
124.000000
39.000000
324.000000
189.000000
333.000000
683.000000
789.000000
1109.000000
670.000000
215.000000
65.000000
385.000000
212.000000
892.000000
31.000000
221.000000
560.000000
640.000000
790.000000
38.000000
59.000000
443.000000
257.000000
427.000000
72.000000
211.000000
569.000000
245.000000
455.000000
223.000000
728.000000
2518.000000
818.000000
144.000000
137.000000
374.000000
251.000000
1355.000000
481.000000
854.000000
522.000000
286.000000
463.000000
371.000000
509.000000
50.000000
103.000000
741.000000
124.000000
1030.000000
257.000000
4361.000000
251.000000
470.000000
640.000000
352.000000
216.000000
568.000000
685.000000
488.000000
344.000000
97.000000
122.000000
539.000000
123.000000
168.000000
502.000000
1505.000000
519.000000
491.000000
1821.000000
224.000000
2048.000000
616.000000
612.000000
910.000000
229.000000
58.000000
67.000000
313.000000
182.000000
238.000000
199.000000
626.000000
164.000000
371.000000
235.000000
168.000000
323.000000
1068.000000
116.000000
116.000000
2219.000000
2791.000000
390.000000
526.000000
865.000000
2059.000000
81.000000
108.000000
241.000000
811.000000
404.000000
306.000000
259.000000
334.000000
175.000000
697.000000
260.000000
209.000000
566.000000
264.000000
239.000000
283.000000
283.000000
2880.000000
215.000000
105.000000
274.000000
377.000000
1727.000000
438.000000
911.000000
468.000000
1531.000000
383.000000
285.000000
2820.000000
86.000000
520.000000
68.000000
671.000000
99.000000
350.000000
78.000000
1532.000000
184.000000
230.000000
146.000000
2079.000000
726.000000
432.000000
537.000000
74.000000
168.000000
782.000000
777.000000
346.000000
2913.000000
206.000000
1095.000000
929.000000
263.000000
177.000000
105.000000
499.000000
1509.000000
1751.000000
498.000000
284.000000
897.000000
101.000000
281.000000
263.000000
122.000000
210.000000
128.000000
1034.000000
895.000000
327.000000
274.000000
6195.000000
866.000000
121.000000
1961.000000
190.000000
158.000000
546.000000
144.000000
552.000000
541.000000
125.000000
659.000000
533.000000
372.000000
478.000000
258.000000
1218.000000
748.000000
245.000000
269.000000
585.000000
528.000000
267.000000
162.000000
171.000000
117.000000
424.000000
760.000000
164.000000
567.000000
297.000000
1838.000000
55.000000
954.000000
301.000000
60.000000
70.000000
322.000000
649.000000
221.000000
1140.000000
602.000000
1558.000000
204.000000
675.000000
684.000000
46.000000
821.000000
303.000000
336.000000
1094.000000
400.000000
423.000000
1491.000000
663.000000
251.000000
168.000000
241.000000
1334.000000
1115.000000
194.000000
331.000000
404.000000
29.000000
229.000000
456.000000
862.000000
1207.000000
418.000000
48.000000
645.000000
375.000000
415.000000
