425.000000
155.000000
1090.000000
260.000000
185.000000
303.000000
226.000000
881.000000
322.000000
1281.000000
849.000000
771.000000
396.000000
345.000000
949.000000
136.000000
726.000000
186.000000
89.000000
512.000000
752.000000
433.000000
1394.000000
601.000000
315.000000
229.000000
332.000000
148.000000
623.000000
671.000000
608.000000
439.000000
212.000000
57.000000
579.000000
193.000000
247.000000
245.000000
799.000000
578.000000
602.000000
213.000000
609.000000
773.000000
154.000000
236.000000
747.000000
458.000000
4172.000000
1033.000000
53.000000
1745.000000
64.000000
650.000000
1320.000000
273.000000
252.000000
166.000000
791.000000
147.000000
238.000000
919.000000
494.000000
672.000000
607.000000
2456.000000
508.000000
1378.000000
1273.000000
948.000000
550.000000
390.000000
354.000000
652.000000
419.000000
1726.000000
1197.000000
532.000000
1459.000000
133.000000
2849.000000
433.000000
870.000000
2381.000000
595.000000
407.000000
471.000000
372.000000
992.000000
293.000000
1319.000000
367.000000
316.000000
342.000000
239.000000
62.000000
171.000000
531.000000
60.000000
1944.000000
836.000000
378.000000
2248.000000
158.000000
364.000000
234.000000
147.000000
584.000000
649.000000
98.000000
115.000000
285.000000
291.000000
290.000000
454.000000
411.000000
28.000000
153.000000
218.000000
236.000000
290.000000
1853.000000
557.000000
361.000000
390.000000
1956.000000
242.000000
832.000000
54.000000
221.000000
1660.000000
99.000000
96.000000
923.000000
439.000000
3621.000000
757.000000
118.000000
262.000000
260.000000
187.000000
654.000000
97.000000
517.000000
574.000000
218.000000
604.000000
649.000000
350.000000
107.000000
1472.000000
155.000000
185.000000
202.000000
819.000000
654.000000
314.000000
215.000000
383.000000
197.000000
377.000000
597.000000
1833.000000
994.000000
211.000000
194.000000
2385.000000
2439.000000
577.000000
334.000000
3192.000000
243.000000
892.000000
311.000000
253.000000
219.000000
652.000000
97.000000
1468.000000
133.000000
433.000000
1015.000000
1271.000000
522.000000
164.000000
235.000000
375.000000
544.000000
473.000000
252.000000
394.000000
511.000000
612.000000
463.000000
768.000000
260.000000
316.000000
177.000000
1156.000000
125.000000
609.000000
877.000000
706.000000
124.000000
1041.000000
462.000000
353.000000
3509.000000
1662.000000
676.000000
196.000000
217.000000
734.000000
109.000000
150.000000
215.000000
480.000000
420.000000
90.000000
1393.000000
699.000000
1243.000000
187.000000
1503.000000
169.000000
152.000000
149.000000
175.000000
141.000000
62.000000
1501.000000
183.000000
519.000000
235.000000
547.000000
241.000000
5557.000000
594.000000
147.000000
206.000000
17.000000
967.000000
226.000000
458.000000
1430.000000
83.000000
1112.000000
471.000000
28.000000
273.000000
64.000000
180.000000
1169.000000
137.000000
726.000000
215.000000
3043.000000
50.000000
259.000000
1480.000000
112.000000
634.000000
1637.000000
592.000000
419.000000
235.000000
904.000000
1648.000000
283.000000
1776.000000
1378.000000
202.000000
778.000000
279.000000
410.000000
175.000000
1200.000000
458.000000
96.000000
87.000000
267.000000
55.000000
127.000000
960.000000
89.000000
1305.000000
1927.000000
341.000000
475.000000
2464.000000
720.000000
220.000000
519.000000
572.000000
388.000000
249.000000
120.000000
79.000000
237.000000
211.000000
296.000000
111.000000
470.000000
629.000000
324.000000
159.000000
384.000000
270.000000
89.000000
1166.000000
362.000000
308.000000
407.000000
2450.000000
701.000000
194.000000
571.000000
407.000000
546.000000
1071.000000
23.000000
68.000000
331.000000
426.000000
310.000000
140.000000
119.000000
384.000000
262.000000
926.000000
184.000000
744.000000
126.000000
418.000000
4871.000000
183.000000
210.000000
108.000000
425.000000
378.000000
1171.000000
145.000000
163.000000
502.000000
279.000000
294.000000
2769.000000
1368.000000
111.000000
374.000000
285.000000
1352.000000
846.000000
844.000000
192.000000
162.000000
136.000000
1394.000000
2113.000000
139.000000
270.000000
491.000000
507.000000
119.000000
1347.000000
328.000000
430.000000
1336.000000
2355.000000
349.000000
1005.000000
82.000000
169.000000
991.000000
210.000000
208.000000
186.000000
202.000000
997.000000
819.000000
562.000000
185.000000
396.000000
609.000000
154.000000
1302.000000
225.000000
550.000000
465.000000
198.000000
76.000000
317.000000
284.000000
162.000000
447.000000
1830.000000
210.000000
348.000000
638.000000
351.000000
1329.000000
1691.000000
111.000000
300.000000
333.000000
428.000000
2832.000000
196.000000
117.000000
1259.000000
148.000000
345.000000
1332.000000
2704.000000
526.000000
1395.000000
338.000000
144.000000
683.000000
636.000000
951.000000
123.000000
2982.000000
110.000000
546.000000
582.000000
793.000000
280.000000
397.000000
154.000000
341.000000
140.000000
558.000000
393.000000
204.000000
3047.000000
441.000000
234.000000
372.000000
544.000000
323.000000
90.000000
701.000000
573.000000
3176.000000
62.000000
296.000000
131.000000
1529.000000
115.000000
97.000000
169.000000
237.000000
485.000000
207.000000
254.000000
1217.000000
741.000000
588.000000
80.000000
665.000000
222.000000
631.000000
886.000000
901.000000
236.000000
129.000000
957.000000
146.000000
338.000000
418.000000
572.000000
86.000000
384.000000
416.000000
163.000000
559.000000
798.000000
763.000000
459.000000
69.000000
264.000000
2054.000000
346.000000
1168.000000
100.000000
447.000000
167.000000
371.000000
5282.000000
410.000000
638.000000
555.000000
65.000000
1063.000000
67.000000
506.000000
586.000000
707.000000
1063.000000
4298.000000
476.000000
249.000000
161.000000
154.000000
746.000000
1090.000000
663.000000
1632.000000
320.000000
133.000000
202.000000
977.000000
191.000000
193.000000
110.000000
123.000000
42.000000
199.000000
168.000000
287.000000
286.000000
1703.000000
571.000000
785.000000
130.000000
1058.000000
294.000000
888.000000
660.000000
227.000000
880.000000
678.000000
991.000000
202.000000
147.000000
4237.000000
126.000000
261.000000
170.000000
196.000000
788.000000
56.000000
91.000000
742.000000
264.000000
157.000000
3081.000000
91.000000
545.000000
328.000000
947.000000
624.000000
412.000000
149.000000
195.000000
595.000000
1058.000000
177.000000
120.000000
3276.000000
525.000000
627.000000
1291.000000
1532.000000
624.000000
231.000000
173.000000
175.000000
115.000000
233.000000
790.000000
72.000000
302.000000
769.000000
1641.000000
619.000000
244.000000
532.000000
666.000000
875.000000
59.000000
514.000000
423.000000
1457.000000
662.000000
2179.000000
111.000000
383.000000
1410.000000
448.000000
639.000000
374.000000
493.000000
1138.000000
446.000000
806.000000
103.000000
99.000000
29.000000
523.000000
4121.000000
391.000000
449.000000
615.000000
778.000000
265.000000
184.000000
1003.000000
1165.000000
173.000000
4209.000000
300.000000
474.000000
320.000000
691.000000
386.000000
51.000000
1457.000000
492.000000
2086.000000
228.000000
137.000000
1102.000000
260.000000
724.000000
685.000000
651.000000
546.000000
88.000000
414.000000
1484.000000
119.000000
409.000000
99.000000
159.000000
120.000000
803.000000
5740.000000
373.000000
1089.000000
1006.000000
1285.000000
1427.000000
208.000000
2187.000000
781.000000
534.000000
1094.000000
141.000000
157.000000
346.000000
2464.000000
79.000000
408.000000
910.000000
1642.000000
457.000000
477.000000
546.000000
594.000000
829.000000
162.000000
437.000000
500.000000
578.000000
275.000000
3321.000000
106.000000
456.000000
492.000000
494.000000
438.000000
621.000000
361.000000
1266.000000
347.000000
201.000000
367.000000
376.000000
774.000000
757.000000
6306.000000
448.000000
158.000000
3346.000000
939.000000
1628.000000
136.000000
142.000000
725.000000
658.000000
529.000000
703.000000
1087.000000
825.000000
1060.000000
623.000000
1316.000000
545.000000
438.000000
462.000000
898.000000
206.000000
383.000000
253.000000
237.000000
516.000000
690.000000
132.000000
311.000000
407.000000
669.000000
563.000000
499.000000
2693.000000
341.000000
1105.000000
194.000000
104.000000
179.000000
149.000000
373.000000
694.000000
4223.000000
783.000000
116.000000
192.000000
264.000000
303.000000
247.000000
1049.000000
1153.000000
1908.000000
934.000000
794.000000
1445.000000
85.000000
246.000000
828.000000
531.000000
1083.000000
106.000000
2692.000000
923.000000
406.000000
784.000000
325.000000
667.000000
2606.000000
237.000000
1389.000000
419.000000
373.000000
1419.000000
898.000000
316.000000
828.000000
177.000000
243.000000
983.000000
1806.000000
682.000000
759.000000
1101.000000
123.000000
547.000000
755.000000
794.000000
2478.000000
622.000000
1175.000000
302.000000
211.000000
184.000000
1306.000000
352.000000
136.000000
1339.000000
480.000000
659.000000
2285.000000
62.000000
142.000000
387.000000
225.000000
459.000000
1561.000000
3333.000000
165.000000
56.000000
28.000000
398.000000
211.000000
458.000000
760.000000
486.000000
76.000000
261.000000
136.000000
562.000000
1504.000000
474.000000
336.000000
897.000000
105.000000
494.000000
6367.000000
336.000000
651.000000
34.000000
401.000000
169.000000
137.000000
1359.000000
511.000000
678.000000
115.000000
278.000000
164.000000
1127.000000
186.000000
512.000000
528.000000
413.000000
976.000000
218.000000
98.000000
43.000000
313.000000
1010.000000
438.000000
213.000000
892.000000
713.000000
1004.000000
484.000000
164.000000
330.000000
316.000000
967.000000
161.000000
301.000000
306.000000
153.000000
393.000000
331.000000
465.000000
942.000000
315.000000
220.000000
701.000000
1254.000000
47.000000
154.000000
259.000000
171.000000
487.000000
246.000000
751.000000
347.000000
170.000000
423.000000
953.000000
512.000000
378.000000
1014.000000
905.000000
758.000000
151.000000
1758.000000
260.000000
45.000000
565.000000
315.000000
146.000000
2371.000000
188.000000
1394.000000
549.000000
165.000000
219.000000
1520.000000
196.000000
1430.000000
574.000000
156.000000
179.000000
545.000000
337.000000
812.000000
680.000000
529.000000
284.000000
1123.000000
1506.000000
902.000000
131.000000
217.000000
757.000000
287.000000
108.000000
2051.000000
1267.000000
677.000000
207.000000
320.000000
328.000000
384.000000
266.000000
827.000000
952.000000
1110.000000
458.000000
272.000000
482.000000
338.000000
544.000000
482.000000
121.000000
375.000000
367.000000
182.000000
364.000000
276.000000
274.000000
412.000000
325.000000
164.000000
789.000000
71.000000
189.000000
317.000000
519.000000
1254.000000
690.000000
659.000000
82.000000
190.000000
51.000000
158.000000
130.000000
555.000000
201.000000
383.000000
85.000000
338.000000
946.000000
401.000000
1073.000000
509.000000
1340.000000
470.000000
212.000000
133.000000
205.000000
302.000000
157.000000
1068.000000
754.000000
180.000000
997.000000
652.000000
148.000000
494.000000
34.000000
524.000000
990.000000
126.000000
265.000000
253.000000
1507.000000
249.000000
642.000000
700.000000
184.000000
1266.000000
139.000000
1476.000000
618.000000
74.000000
98.000000
274.000000
390.000000
645.000000
619.000000
570.000000
631.000000
1643.000000
377.000000
391.000000
319.000000
199.000000
381.000000
162.000000
1335.000000
88.000000
343.000000
2355.000000
418.000000
