56.000000
896.000000
1387.000000
164.000000
548.000000
345.000000
4588.000000
702.000000
1111.000000
1734.000000
2172.000000
26.000000
555.000000
577.000000
3054.000000
172.000000
488.000000
106.000000
520.000000
339.000000
438.000000
688.000000
526.000000
218.000000
95.000000
168.000000
75.000000
210.000000
718.000000
196.000000
974.000000
647.000000
643.000000
115.000000
195.000000
448.000000
392.000000
214.000000
358.000000
793.000000
791.000000
1122.000000
162.000000
333.000000
809.000000
449.000000
1292.000000
417.000000
590.000000
579.000000
534.000000
368.000000
134.000000
887.000000
215.000000
165.000000
132.000000
735.000000
162.000000
321.000000
383.000000
77.000000
294.000000
1215.000000
286.000000
249.000000
408.000000
827.000000
430.000000
174.000000
60.000000
246.000000
390.000000
321.000000
318.000000
212.000000
982.000000
978.000000
1145.000000
662.000000
936.000000
597.000000
386.000000
110.000000
565.000000
275.000000
250.000000
254.000000
3194.000000
117.000000
312.000000
125.000000
468.000000
1254.000000
682.000000
180.000000
119.000000
989.000000
421.000000
1586.000000
177.000000
200.000000
472.000000
988.000000
247.000000
495.000000
922.000000
801.000000
271.000000
95.000000
453.000000
712.000000
193.000000
800.000000
3780.000000
198.000000
428.000000
1027.000000
498.000000
297.000000
325.000000
97.000000
578.000000
387.000000
203.000000
65.000000
1181.000000
161.000000
154.000000
323.000000
278.000000
435.000000
225.000000
38.000000
80.000000
1327.000000
452.000000
98.000000
790.000000
217.000000
699.000000
1301.000000
109.000000
169.000000
2361.000000
272.000000
450.000000
875.000000
229.000000
848.000000
103.000000
3371.000000
641.000000
561.000000
257.000000
116.000000
530.000000
155.000000
257.000000
330.000000
187.000000
97.000000
207.000000
36.000000
3455.000000
104.000000
345.000000
279.000000
1734.000000
104.000000
1462.000000
187.000000
980.000000
1254.000000
885.000000
837.000000
345.000000
882.000000
293.000000
64.000000
62.000000
260.000000
576.000000
657.000000
245.000000
1662.000000
826.000000
1644.000000
1283.000000
315.000000
879.000000
60.000000
966.000000
1089.000000
669.000000
1033.000000
1317.000000
964.000000
1593.000000
240.000000
182.000000
268.000000
498.000000
248.000000
1742.000000
437.000000
1832.000000
237.000000
194.000000
380.000000
237.000000
1252.000000
85.000000
809.000000
294.000000
420.000000
146.000000
128.000000
330.000000
421.000000
97.000000
129.000000
3059.000000
2173.000000
516.000000
1502.000000
204.000000
76.000000
1059.000000
347.000000
858.000000
119.000000
127.000000
1300.000000
1574.000000
1058.000000
259.000000
146.000000
343.000000
108.000000
608.000000
570.000000
412.000000
598.000000
117.000000
2780.000000
1048.000000
237.000000
106.000000
430.000000
203.000000
1151.000000
240.000000
1189.000000
96.000000
355.000000
251.000000
2329.000000
987.000000
854.000000
413.000000
385.000000
510.000000
859.000000
527.000000
498.000000
150.000000
446.000000
529.000000
76.000000
1534.000000
188.000000
2085.000000
122.000000
91.000000
1073.000000
3407.000000
208.000000
139.000000
2288.000000
68.000000
731.000000
1640.000000
217.000000
598.000000
110.000000
269.000000
228.000000
215.000000
234.000000
948.000000
592.000000
4082.000000
387.000000
196.000000
34.000000
354.000000
41.000000
2270.000000
174.000000
374.000000
71.000000
311.000000
104.000000
94.000000
381.000000
87.000000
381.000000
902.000000
148.000000
259.000000
1358.000000
327.000000
219.000000
378.000000
781.000000
128.000000
94.000000
786.000000
431.000000
1329.000000
1454.000000
155.000000
329.000000
538.000000
595.000000
190.000000
318.000000
152.000000
591.000000
611.000000
143.000000
2468.000000
1028.000000
220.000000
155.000000
636.000000
262.000000
414.000000
116.000000
453.000000
146.000000
4082.000000
161.000000
944.000000
768.000000
1525.000000
406.000000
473.000000
5891.000000
218.000000
914.000000
668.000000
388.000000
620.000000
1649.000000
89.000000
103.000000
1695.000000
218.000000
983.000000
69.000000
194.000000
1303.000000
844.000000
284.000000
686.000000
1315.000000
2110.000000
1384.000000
65.000000
163.000000
88.000000
184.000000
555.000000
139.000000
185.000000
362.000000
427.000000
174.000000
258.000000
482.000000
432.000000
1048.000000
787.000000
423.000000
246.000000
466.000000
382.000000
1341.000000
377.000000
276.000000
852.000000
136.000000
1147.000000
690.000000
292.000000
156.000000
191.000000
4792.000000
515.000000
573.000000
198.000000
1853.000000
452.000000
414.000000
573.000000
343.000000
713.000000
708.000000
667.000000
205.000000
396.000000
358.000000
144.000000
1358.000000
220.000000
1129.000000
156.000000
261.000000
462.000000
259.000000
323.000000
1143.000000
2605.000000
86.000000
209.000000
35.000000
423.000000
515.000000
755.000000
72.000000
271.000000
932.000000
75.000000
47.000000
459.000000
1136.000000
1232.000000
587.000000
295.000000
3848.000000
218.000000
67.000000
1397.000000
93.000000
292.000000
4040.000000
1338.000000
373.000000
700.000000
120.000000
854.000000
303.000000
389.000000
717.000000
302.000000
581.000000
96.000000
120.000000
458.000000
263.000000
102.000000
691.000000
746.000000
2957.000000
225.000000
1202.000000
341.000000
1867.000000
6673.000000
414.000000
911.000000
840.000000
1657.000000
674.000000
302.000000
785.000000
347.000000
171.000000
248.000000
547.000000
136.000000
731.000000
904.000000
1242.000000
204.000000
1903.000000
1017.000000
563.000000
472.000000
1661.000000
550.000000
2036.000000
337.000000
167.000000
562.000000
469.000000
192.000000
1388.000000
197.000000
88.000000
377.000000
179.000000
176.000000
1528.000000
396.000000
264.000000
219.000000
185.000000
764.000000
479.000000
954.000000
552.000000
180.000000
428.000000
759.000000
518.000000
672.000000
254.000000
960.000000
558.000000
69.000000
455.000000
743.000000
226.000000
525.000000
550.000000
4831.000000
246.000000
374.000000
3495.000000
1107.000000
840.000000
66.000000
728.000000
467.000000
253.000000
369.000000
41.000000
636.000000
2383.000000
703.000000
854.000000
285.000000
1189.000000
1475.000000
317.000000
423.000000
276.000000
566.000000
448.000000
408.000000
267.000000
250.000000
1184.000000
100.000000
559.000000
1046.000000
586.000000
1756.000000
997.000000
988.000000
1447.000000
146.000000
965.000000
6929.000000
281.000000
248.000000
319.000000
2824.000000
3596.000000
250.000000
208.000000
154.000000
440.000000
322.000000
206.000000
207.000000
282.000000
669.000000
1099.000000
85.000000
972.000000
65.000000
122.000000
292.000000
153.000000
288.000000
1339.000000
145.000000
224.000000
342.000000
226.000000
555.000000
900.000000
559.000000
1504.000000
205.000000
1410.000000
109.000000
121.000000
8274.000000
449.000000
150.000000
773.000000
1165.000000
564.000000
563.000000
253.000000
502.000000
174.000000
23.000000
1512.000000
2176.000000
733.000000
1051.000000
444.000000
618.000000
823.000000
404.000000
828.000000
116.000000
821.000000
568.000000
32.000000
436.000000
318.000000
425.000000
574.000000
85.000000
838.000000
384.000000
641.000000
616.000000
196.000000
140.000000
95.000000
386.000000
435.000000
190.000000
2946.000000
62.000000
395.000000
306.000000
120.000000
223.000000
249.000000
937.000000
328.000000
3415.000000
211.000000
65.000000
329.000000
3244.000000
251.000000
1327.000000
426.000000
273.000000
479.000000
1716.000000
732.000000
486.000000
316.000000
150.000000
227.000000
453.000000
745.000000
521.000000
159.000000
1008.000000
97.000000
83.000000
502.000000
319.000000
86.000000
245.000000
318.000000
194.000000
295.000000
307.000000
1209.000000
529.000000
705.000000
43.000000
1357.000000
572.000000
249.000000
787.000000
363.000000
534.000000
632.000000
766.000000
165.000000
830.000000
457.000000
1519.000000
181.000000
1370.000000
265.000000
1240.000000
677.000000
1414.000000
1194.000000
225.000000
81.000000
115.000000
460.000000
724.000000
309.000000
467.000000
145.000000
188.000000
355.000000
350.000000
366.000000
359.000000
82.000000
215.000000
223.000000
1608.000000
1257.000000
165.000000
1070.000000
1450.000000
455.000000
46.000000
452.000000
169.000000
53.000000
47.000000
240.000000
920.000000
770.000000
158.000000
3179.000000
478.000000
128.000000
146.000000
693.000000
726.000000
572.000000
648.000000
2311.000000
805.000000
95.000000
554.000000
565.000000
98.000000
58.000000
213.000000
146.000000
416.000000
697.000000
380.000000
153.000000
227.000000
323.000000
755.000000
664.000000
229.000000
687.000000
396.000000
101.000000
85.000000
812.000000
135.000000
131.000000
368.000000
776.000000
1364.000000
425.000000
5740.000000
448.000000
391.000000
378.000000
4099.000000
1272.000000
356.000000
1538.000000
581.000000
88.000000
515.000000
355.000000
233.000000
304.000000
597.000000
1734.000000
434.000000
1396.000000
1518.000000
1040.000000
1322.000000
218.000000
942.000000
134.000000
159.000000
3889.000000
522.000000
58.000000
16.000000
108.000000
528.000000
410.000000
1847.000000
69.000000
156.000000
47.000000
83.000000
128.000000
253.000000
1021.000000
239.000000
209.000000
10457.000000
714.000000
89.000000
1199.000000
346.000000
1051.000000
65.000000
652.000000
604.000000
333.000000
373.000000
772.000000
78.000000
953.000000
78.000000
297.000000
4299.000000
146.000000
316.000000
131.000000
1407.000000
2413.000000
556.000000
351.000000
104.000000
161.000000
102.000000
171.000000
730.000000
350.000000
2441.000000
192.000000
239.000000
635.000000
215.000000
235.000000
545.000000
268.000000
191.000000
408.000000
450.000000
735.000000
182.000000
304.000000
2487.000000
456.000000
176.000000
27.000000
109.000000
2579.000000
650.000000
559.000000
479.000000
471.000000
139.000000
280.000000
403.000000
1264.000000
107.000000
689.000000
446.000000
644.000000
453.000000
376.000000
393.000000
677.000000
85.000000
351.000000
498.000000
199.000000
203.000000
616.000000
204.000000
1338.000000
345.000000
429.000000
1730.000000
459.000000
222.000000
71.000000
432.000000
146.000000
188.000000
118.000000
146.000000
434.000000
512.000000
1726.000000
103.000000
708.000000
1183.000000
784.000000
257.000000
300.000000
272.000000
244.000000
683.000000
886.000000
182.000000
211.000000
375.000000
67.000000
104.000000
440.000000
164.000000
1060.000000
391.000000
187.000000
3124.000000
573.000000
148.000000
115.000000
1184.000000
180.000000
302.000000
68.000000
731.000000
147.000000
225.000000
281.000000
1960.000000
854.000000
236.000000
109.000000
268.000000
694.000000
1449.000000
148.000000
496.000000
491.000000
1911.000000
623.000000
859.000000
52.000000
2799.000000
413.000000
1008.000000
717.000000
43.000000
1933.000000
392.000000
1074.000000
207.000000
105.000000
413.000000
244.000000
120.000000
175.000000
274.000000
203.000000
301.000000
137.000000
858.000000
689.000000
82.000000
375.000000
133.000000
797.000000
66.000000
334.000000
276.000000
195.000000
201.000000
1510.000000
139.000000
649.000000
194.000000
143.000000
364.000000
2175.000000
4513.000000
284.000000
242.000000
1167.000000
587.000000
747.000000
501.000000
257.000000
212.000000
141.000000
66.000000
752.000000
265.000000
254.000000
89.000000
1760.000000
