423.000000
547.000000
235.000000
929.000000
298.000000
624.000000
862.000000
256.000000
1348.000000
286.000000
1223.000000
427.000000
562.000000
332.000000
2760.000000
375.000000
163.000000
368.000000
1793.000000
886.000000
181.000000
100.000000
223.000000
68.000000
2485.000000
2737.000000
233.000000
1023.000000
90.000000
203.000000
222.000000
108.000000
3271.000000
2935.000000
389.000000
316.000000
56.000000
134.000000
399.000000
291.000000
238.000000
230.000000
528.000000
317.000000
239.000000
402.000000
765.000000
433.000000
234.000000
199.000000
324.000000
665.000000
416.000000
1170.000000
44.000000
548.000000
397.000000
1674.000000
261.000000
64.000000
187.000000
235.000000
548.000000
961.000000
457.000000
452.000000
384.000000
218.000000
300.000000
1322.000000
220.000000
224.000000
680.000000
1443.000000
996.000000
468.000000
316.000000
213.000000
243.000000
572.000000
49.000000
310.000000
32.000000
419.000000
322.000000
849.000000
451.000000
399.000000
228.000000
303.000000
547.000000
611.000000
778.000000
1327.000000
339.000000
872.000000
112.000000
387.000000
141.000000
2082.000000
160.000000
2030.000000
1403.000000
275.000000
46.000000
957.000000
209.000000
667.000000
539.000000
311.000000
40.000000
1955.000000
1803.000000
226.000000
233.000000
363.000000
956.000000
134.000000
358.000000
493.000000
227.000000
532.000000
1057.000000
224.000000
1224.000000
802.000000
182.000000
296.000000
613.000000
71.000000
578.000000
266.000000
848.000000
254.000000
76.000000
285.000000
167.000000
897.000000
210.000000
467.000000
251.000000
125.000000
111.000000
1223.000000
65.000000
970.000000
2405.000000
159.000000
666.000000
286.000000
874.000000
552.000000
142.000000
89.000000
679.000000
776.000000
134.000000
323.000000
159.000000
1301.000000
159.000000
1679.000000
630.000000
514.000000
246.000000
135.000000
247.000000
58.000000
2866.000000
281.000000
408.000000
36.000000
113.000000
1090.000000
3906.000000
1648.000000
346.000000
917.000000
168.000000
2515.000000
112.000000
856.000000
738.000000
718.000000
511.000000
418.000000
664.000000
181.000000
296.000000
270.000000
328.000000
263.000000
1128.000000
123.000000
806.000000
1041.000000
71.000000
457.000000
68.000000
188.000000
783.000000
2076.000000
335.000000
507.000000
266.000000
2964.000000
3440.000000
662.000000
505.000000
560.000000
476.000000
78.000000
490.000000
1339.000000
1819.000000
277.000000
41.000000
334.000000
1245.000000
2605.000000
1791.000000
2919.000000
654.000000
129.000000
301.000000
343.000000
399.000000
8598.000000
2144.000000
217.000000
541.000000
121.000000
129.000000
407.000000
565.000000
225.000000
823.000000
759.000000
265.000000
368.000000
6176.000000
527.000000
2836.000000
875.000000
2134.000000
249.000000
670.000000
317.000000
556.000000
386.000000
158.000000
2317.000000
218.000000
433.000000
188.000000
130.000000
749.000000
562.000000
1326.000000
379.000000
375.000000
45.000000
371.000000
490.000000
1181.000000
713.000000
541.000000
861.000000
152.000000
67.000000
340.000000
515.000000
780.000000
145.000000
368.000000
127.000000
1895.000000
766.000000
109.000000
1003.000000
201.000000
692.000000
897.000000
550.000000
112.000000
375.000000
1242.000000
475.000000
254.000000
169.000000
2031.000000
324.000000
378.000000
123.000000
94.000000
285.000000
330.000000
1203.000000
269.000000
83.000000
139.000000
1778.000000
447.000000
561.000000
309.000000
221.000000
199.000000
276.000000
310.000000
581.000000
273.000000
237.000000
2301.000000
406.000000
1680.000000
140.000000
844.000000
642.000000
399.000000
343.000000
261.000000
184.000000
546.000000
1065.000000
133.000000
106.000000
667.000000
277.000000
373.000000
2111.000000
157.000000
1852.000000
2633.000000
199.000000
202.000000
1305.000000
192.000000
322.000000
291.000000
129.000000
716.000000
1469.000000
296.000000
347.000000
62.000000
248.000000
97.000000
1977.000000
331.000000
92.000000
68.000000
961.000000
316.000000
1783.000000
2100.000000
216.000000
282.000000
141.000000
150.000000
859.000000
113.000000
414.000000
1766.000000
236.000000
442.000000
289.000000
373.000000
247.000000
330.000000
1483.000000
969.000000
529.000000
326.000000
1153.000000
1209.000000
1671.000000
663.000000
2568.000000
204.000000
117.000000
378.000000
170.000000
223.000000
3753.000000
1391.000000
862.000000
173.000000
1014.000000
162.000000
599.000000
455.000000
1010.000000
1489.000000
1664.000000
536.000000
484.000000
42.000000
356.000000
725.000000
158.000000
320.000000
1018.000000
215.000000
69.000000
554.000000
520.000000
1783.000000
594.000000
2631.000000
364.000000
261.000000
168.000000
500.000000
97.000000
204.000000
144.000000
63.000000
274.000000
163.000000
718.000000
254.000000
749.000000
381.000000
89.000000
1064.000000
1477.000000
2030.000000
420.000000
41.000000
1300.000000
2277.000000
90.000000
834.000000
375.000000
371.000000
1580.000000
376.000000
1122.000000
348.000000
199.000000
2155.000000
974.000000
274.000000
1179.000000
348.000000
252.000000
507.000000
399.000000
558.000000
439.000000
193.000000
1857.000000
397.000000
88.000000
40.000000
479.000000
287.000000
1876.000000
1190.000000
281.000000
229.000000
164.000000
263.000000
242.000000
39.000000
257.000000
886.000000
993.000000
332.000000
65.000000
321.000000
3312.000000
445.000000
2767.000000
8008.000000
332.000000
470.000000
638.000000
545.000000
405.000000
3864.000000
621.000000
791.000000
564.000000
1055.000000
236.000000
1074.000000
220.000000
122.000000
129.000000
313.000000
3857.000000
459.000000
251.000000
114.000000
139.000000
1146.000000
350.000000
209.000000
545.000000
112.000000
1307.000000
2367.000000
233.000000
597.000000
45.000000
519.000000
688.000000
755.000000
299.000000
120.000000
255.000000
1352.000000
397.000000
1260.000000
259.000000
1251.000000
1783.000000
137.000000
444.000000
525.000000
601.000000
1234.000000
142.000000
388.000000
117.000000
676.000000
475.000000
277.000000
452.000000
734.000000
798.000000
2163.000000
255.000000
853.000000
404.000000
385.000000
97.000000
592.000000
2695.000000
596.000000
607.000000
184.000000
121.000000
427.000000
170.000000
375.000000
167.000000
122.000000
493.000000
376.000000
206.000000
171.000000
799.000000
256.000000
1414.000000
2280.000000
824.000000
1142.000000
386.000000
188.000000
842.000000
443.000000
304.000000
303.000000
268.000000
145.000000
196.000000
877.000000
2066.000000
551.000000
134.000000
1411.000000
207.000000
2226.000000
200.000000
331.000000
510.000000
677.000000
198.000000
336.000000
758.000000
520.000000
482.000000
3906.000000
113.000000
292.000000
486.000000
690.000000
192.000000
61.000000
337.000000
100.000000
756.000000
865.000000
240.000000
1604.000000
1013.000000
138.000000
756.000000
1745.000000
454.000000
72.000000
106.000000
77.000000
462.000000
157.000000
162.000000
9966.000000
351.000000
202.000000
750.000000
427.000000
1657.000000
245.000000
185.000000
300.000000
64.000000
229.000000
2516.000000
1122.000000
87.000000
122.000000
2013.000000
554.000000
376.000000
339.000000
179.000000
306.000000
1657.000000
3386.000000
163.000000
162.000000
1296.000000
1103.000000
1207.000000
4628.000000
704.000000
466.000000
933.000000
108.000000
163.000000
129.000000
606.000000
343.000000
1099.000000
606.000000
682.000000
791.000000
1467.000000
254.000000
59.000000
704.000000
191.000000
72.000000
299.000000
139.000000
2462.000000
171.000000
430.000000
2134.000000
153.000000
1152.000000
609.000000
715.000000
519.000000
1091.000000
120.000000
381.000000
90.000000
1967.000000
1033.000000
583.000000
381.000000
188.000000
198.000000
957.000000
106.000000
591.000000
4013.000000
5325.000000
324.000000
1525.000000
152.000000
520.000000
232.000000
904.000000
875.000000
2038.000000
428.000000
170.000000
64.000000
626.000000
798.000000
650.000000
835.000000
600.000000
402.000000
1323.000000
187.000000
603.000000
533.000000
273.000000
1426.000000
2135.000000
79.000000
683.000000
2615.000000
1195.000000
124.000000
1014.000000
49.000000
454.000000
305.000000
372.000000
252.000000
684.000000
153.000000
870.000000
360.000000
666.000000
1358.000000
1963.000000
1043.000000
236.000000
237.000000
568.000000
494.000000
1241.000000
4519.000000
134.000000
528.000000
77.000000
108.000000
1196.000000
647.000000
114.000000
135.000000
728.000000
767.000000
229.000000
1259.000000
584.000000
247.000000
20.000000
1372.000000
382.000000
349.000000
440.000000
73.000000
195.000000
481.000000
1490.000000
334.000000
4112.000000
620.000000
148.000000
567.000000
212.000000
759.000000
452.000000
86.000000
556.000000
21.000000
1273.000000
180.000000
1079.000000
476.000000
230.000000
428.000000
507.000000
515.000000
234.000000
270.000000
1013.000000
79.000000
4742.000000
1096.000000
1894.000000
153.000000
868.000000
172.000000
109.000000
202.000000
370.000000
220.000000
234.000000
301.000000
84.000000
666.000000
1108.000000
647.000000
196.000000
1043.000000
1070.000000
2155.000000
493.000000
430.000000
729.000000
548.000000
375.000000
308.000000
204.000000
539.000000
39.000000
407.000000
210.000000
639.000000
117.000000
342.000000
441.000000
4109.000000
268.000000
357.000000
138.000000
101.000000
828.000000
218.000000
1061.000000
758.000000
369.000000
520.000000
1272.000000
986.000000
242.000000
1765.000000
689.000000
243.000000
37.000000
103.000000
248.000000
748.000000
283.000000
96.000000
751.000000
1211.000000
198.000000
473.000000
1917.000000
450.000000
468.000000
609.000000
163.000000
358.000000
1077.000000
1795.000000
2605.000000
122.000000
469.000000
1122.000000
239.000000
292.000000
82.000000
139.000000
449.000000
110.000000
166.000000
610.000000
610.000000
158.000000
1652.000000
78.000000
231.000000
897.000000
818.000000
905.000000
502.000000
869.000000
259.000000
1845.000000
1293.000000
1268.000000
189.000000
192.000000
391.000000
234.000000
515.000000
124.000000
160.000000
121.000000
904.000000
1368.000000
4651.000000
80.000000
154.000000
109.000000
225.000000
1015.000000
505.000000
5186.000000
1308.000000
2279.000000
1094.000000
523.000000
531.000000
249.000000
400.000000
359.000000
2270.000000
122.000000
291.000000
265.000000
2073.000000
104.000000
131.000000
389.000000
130.000000
460.000000
571.000000
178.000000
992.000000
218.000000
1069.000000
815.000000
860.000000
2103.000000
768.000000
3967.000000
267.000000
3997.000000
284.000000
536.000000
7061.000000
130.000000
525.000000
987.000000
351.000000
380.000000
1052.000000
273.000000
888.000000
775.000000
924.000000
430.000000
1670.000000
1528.000000
374.000000
332.000000
117.000000
934.000000
1209.000000
745.000000
331.000000
3791.000000
369.000000
446.000000
1027.000000
348.000000
2034.000000
541.000000
382.000000
266.000000
417.000000
392.000000
320.000000
612.000000
354.000000
410.000000
602.000000
469.000000
216.000000
476.000000
1051.000000
364.000000
633.000000
258.000000
274.000000
453.000000
291.000000
869.000000
300.000000
107.000000
2051.000000
203.000000
2415.000000
140.000000
609.000000
131.000000
160.000000
416.000000
680.000000
2010.000000
47.000000
287.000000
2085.000000
366.000000
1224.000000
363.000000
539.000000
236.000000
1091.000000
1440.000000
187.000000
128.000000
916.000000
954.000000
160.000000
740.000000
277.000000
46.000000
