327.000000
249.000000
703.000000
891.000000
103.000000
1823.000000
753.000000
2413.000000
435.000000
319.000000
615.000000
356.000000
297.000000
646.000000
353.000000
312.000000
332.000000
260.000000
405.000000
116.000000
79.000000
311.000000
202.000000
426.000000
714.000000
1459.000000
351.000000
714.000000
204.000000
1041.000000
407.000000
194.000000
2599.000000
95.000000
127.000000
360.000000
447.000000
2036.000000
184.000000
5333.000000
478.000000
164.000000
425.000000
282.000000
96.000000
1126.000000
459.000000
1234.000000
1725.000000
58.000000
376.000000
629.000000
1243.000000
212.000000
105.000000
108.000000
510.000000
333.000000
38.000000
330.000000
1178.000000
184.000000
137.000000
514.000000
287.000000
302.000000
247.000000
109.000000
1641.000000
171.000000
1474.000000
111.000000
577.000000
326.000000
608.000000
695.000000
179.000000
185.000000
92.000000
411.000000
176.000000
984.000000
469.000000
643.000000
1191.000000
277.000000
327.000000
339.000000
378.000000
261.000000
4440.000000
151.000000
80.000000
793.000000
376.000000
155.000000
1165.000000
600.000000
266.000000
304.000000
1037.000000
2200.000000
603.000000
1416.000000
1190.000000
160.000000
789.000000
89.000000
589.000000
689.000000
123.000000
96.000000
579.000000
415.000000
512.000000
115.000000
734.000000
39.000000
102.000000
431.000000
539.000000
1002.000000
241.000000
1456.000000
60.000000
340.000000
104.000000
2432.000000
1456.000000
1002.000000
444.000000
437.000000
1199.000000
2132.000000
110.000000
361.000000
59.000000
278.000000
707.000000
494.000000
430.000000
660.000000
416.000000
927.000000
270.000000
377.000000
789.000000
349.000000
26.000000
158.000000
660.000000
268.000000
194.000000
382.000000
68.000000
300.000000
171.000000
170.000000
194.000000
865.000000
670.000000
95.000000
83.000000
134.000000
1132.000000
93.000000
476.000000
424.000000
340.000000
382.000000
334.000000
41.000000
256.000000
607.000000
89.000000
991.000000
1746.000000
207.000000
373.000000
248.000000
118.000000
1485.000000
82.000000
258.000000
100.000000
237.000000
195.000000
127.000000
691.000000
878.000000
217.000000
472.000000
656.000000
150.000000
811.000000
215.000000
693.000000
2780.000000
320.000000
350.000000
1774.000000
387.000000
210.000000
291.000000
140.000000
929.000000
1861.000000
1448.000000
632.000000
266.000000
632.000000
1406.000000
86.000000
314.000000
218.000000
433.000000
73.000000
355.000000
818.000000
321.000000
562.000000
148.000000
702.000000
581.000000
101.000000
138.000000
132.000000
1765.000000
79.000000
453.000000
25.000000
162.000000
665.000000
416.000000
1000.000000
2801.000000
975.000000
37.000000
218.000000
236.000000
201.000000
230.000000
562.000000
1046.000000
1912.000000
174.000000
199.000000
414.000000
303.000000
75.000000
328.000000
769.000000
172.000000
166.000000
757.000000
3061.000000
153.000000
233.000000
173.000000
213.000000
377.000000
306.000000
131.000000
23.000000
449.000000
1058.000000
498.000000
358.000000
92.000000
325.000000
113.000000
151.000000
414.000000
110.000000
752.000000
670.000000
101.000000
894.000000
372.000000
581.000000
1438.000000
161.000000
134.000000
223.000000
365.000000
257.000000
95.000000
509.000000
874.000000
150.000000
649.000000
638.000000
278.000000
434.000000
459.000000
2032.000000
1030.000000
569.000000
772.000000
454.000000
1091.000000
41.000000
75.000000
452.000000
128.000000
75.000000
942.000000
131.000000
388.000000
792.000000
206.000000
1384.000000
1608.000000
1033.000000
2735.000000
346.000000
683.000000
861.000000
250.000000
594.000000
312.000000
84.000000
408.000000
283.000000
256.000000
531.000000
228.000000
5503.000000
368.000000
1000.000000
251.000000
1154.000000
776.000000
418.000000
447.000000
1256.000000
204.000000
2329.000000
970.000000
204.000000
60.000000
554.000000
317.000000
673.000000
941.000000
402.000000
1404.000000
1057.000000
350.000000
261.000000
478.000000
800.000000
123.000000
1674.000000
1952.000000
182.000000
211.000000
208.000000
300.000000
409.000000
208.000000
1016.000000
654.000000
482.000000
118.000000
1820.000000
850.000000
152.000000
454.000000
125.000000
736.000000
133.000000
599.000000
361.000000
1751.000000
133.000000
586.000000
263.000000
323.000000
135.000000
268.000000
119.000000
842.000000
188.000000
358.000000
944.000000
671.000000
1066.000000
747.000000
323.000000
174.000000
203.000000
141.000000
1759.000000
716.000000
81.000000
152.000000
1850.000000
508.000000
408.000000
161.000000
256.000000
409.000000
2239.000000
1050.000000
554.000000
512.000000
302.000000
354.000000
398.000000
991.000000
1674.000000
281.000000
521.000000
495.000000
710.000000
251.000000
1839.000000
173.000000
108.000000
104.000000
200.000000
311.000000
160.000000
176.000000
285.000000
796.000000
213.000000
1422.000000
201.000000
262.000000
398.000000
1160.000000
215.000000
982.000000
147.000000
998.000000
2900.000000
751.000000
1836.000000
328.000000
354.000000
183.000000
256.000000
40.000000
458.000000
128.000000
162.000000
857.000000
160.000000
253.000000
1008.000000
1284.000000
112.000000
90.000000
638.000000
306.000000
247.000000
236.000000
11425.000000
101.000000
209.000000
177.000000
103.000000
270.000000
570.000000
721.000000
252.000000
348.000000
454.000000
1024.000000
497.000000
162.000000
1784.000000
171.000000
70.000000
401.000000
468.000000
170.000000
40.000000
310.000000
703.000000
310.000000
513.000000
422.000000
610.000000
643.000000
449.000000
1016.000000
331.000000
1272.000000
162.000000
169.000000
239.000000
904.000000
2290.000000
570.000000
536.000000
803.000000
156.000000
692.000000
150.000000
399.000000
496.000000
439.000000
342.000000
259.000000
564.000000
1153.000000
886.000000
190.000000
394.000000
99.000000
542.000000
311.000000
809.000000
463.000000
295.000000
964.000000
387.000000
1317.000000
98.000000
220.000000
2622.000000
221.000000
232.000000
1307.000000
766.000000
695.000000
74.000000
679.000000
532.000000
3599.000000
604.000000
3085.000000
256.000000
332.000000
535.000000
383.000000
27.000000
80.000000
720.000000
197.000000
136.000000
1057.000000
728.000000
172.000000
104.000000
689.000000
322.000000
319.000000
357.000000
285.000000
3686.000000
375.000000
308.000000
209.000000
729.000000
3246.000000
263.000000
434.000000
650.000000
1484.000000
171.000000
504.000000
846.000000
472.000000
535.000000
983.000000
298.000000
763.000000
196.000000
293.000000
206.000000
208.000000
212.000000
29.000000
1043.000000
161.000000
159.000000
1919.000000
445.000000
929.000000
471.000000
1215.000000
1142.000000
858.000000
884.000000
366.000000
1433.000000
2056.000000
379.000000
150.000000
382.000000
941.000000
854.000000
388.000000
192.000000
1553.000000
1362.000000
442.000000
436.000000
456.000000
71.000000
106.000000
1678.000000
241.000000
232.000000
376.000000
211.000000
61.000000
188.000000
817.000000
150.000000
239.000000
433.000000
138.000000
641.000000
708.000000
182.000000
900.000000
415.000000
455.000000
330.000000
872.000000
346.000000
711.000000
101.000000
337.000000
384.000000
338.000000
931.000000
294.000000
299.000000
341.000000
595.000000
760.000000
1044.000000
460.000000
865.000000
177.000000
54.000000
285.000000
1527.000000
1010.000000
149.000000
557.000000
2168.000000
1044.000000
137.000000
150.000000
383.000000
835.000000
119.000000
1503.000000
336.000000
440.000000
522.000000
102.000000
279.000000
223.000000
762.000000
269.000000
170.000000
696.000000
435.000000
864.000000
2133.000000
1452.000000
752.000000
2225.000000
174.000000
199.000000
123.000000
77.000000
387.000000
66.000000
790.000000
288.000000
187.000000
125.000000
121.000000
1556.000000
478.000000
454.000000
1046.000000
406.000000
236.000000
1032.000000
273.000000
771.000000
740.000000
960.000000
466.000000
155.000000
300.000000
921.000000
499.000000
2117.000000
346.000000
421.000000
499.000000
1139.000000
301.000000
6739.000000
272.000000
586.000000
417.000000
192.000000
1295.000000
191.000000
111.000000
101.000000
1238.000000
134.000000
3393.000000
74.000000
999.000000
252.000000
372.000000
117.000000
401.000000
397.000000
269.000000
971.000000
323.000000
678.000000
462.000000
72.000000
194.000000
623.000000
1006.000000
1106.000000
1042.000000
504.000000
3814.000000
447.000000
341.000000
660.000000
353.000000
147.000000
280.000000
252.000000
118.000000
1436.000000
65.000000
222.000000
389.000000
335.000000
348.000000
1188.000000
182.000000
1212.000000
1171.000000
54.000000
548.000000
3089.000000
3110.000000
225.000000
1001.000000
203.000000
520.000000
390.000000
192.000000
622.000000
294.000000
1118.000000
92.000000
296.000000
168.000000
782.000000
296.000000
23.000000
250.000000
78.000000
271.000000
114.000000
43.000000
80.000000
2336.000000
672.000000
823.000000
599.000000
1015.000000
298.000000
968.000000
467.000000
154.000000
381.000000
240.000000
452.000000
599.000000
333.000000
218.000000
377.000000
110.000000
251.000000
112.000000
1420.000000
414.000000
602.000000
198.000000
352.000000
221.000000
319.000000
158.000000
1892.000000
125.000000
80.000000
1554.000000
2135.000000
1023.000000
190.000000
168.000000
210.000000
332.000000
149.000000
535.000000
191.000000
278.000000
1560.000000
954.000000
771.000000
596.000000
208.000000
98.000000
47.000000
206.000000
697.000000
373.000000
76.000000
966.000000
609.000000
2633.000000
482.000000
607.000000
160.000000
368.000000
190.000000
507.000000
251.000000
99.000000
167.000000
1165.000000
47.000000
147.000000
617.000000
421.000000
527.000000
660.000000
291.000000
178.000000
173.000000
190.000000
677.000000
320.000000
486.000000
227.000000
47.000000
414.000000
1438.000000
250.000000
1099.000000
941.000000
338.000000
911.000000
929.000000
102.000000
500.000000
125.000000
357.000000
375.000000
107.000000
533.000000
153.000000
2387.000000
65.000000
436.000000
106.000000
821.000000
672.000000
2642.000000
112.000000
256.000000
236.000000
515.000000
211.000000
283.000000
1065.000000
1808.000000
237.000000
397.000000
312.000000
626.000000
280.000000
148.000000
5471.000000
407.000000
121.000000
191.000000
556.000000
3031.000000
653.000000
1359.000000
678.000000
203.000000
113.000000
255.000000
423.000000
788.000000
341.000000
1507.000000
218.000000
158.000000
129.000000
521.000000
122.000000
333.000000
347.000000
300.000000
323.000000
75.000000
154.000000
272.000000
843.000000
3055.000000
2119.000000
627.000000
87.000000
505.000000
263.000000
167.000000
300.000000
491.000000
635.000000
947.000000
2558.000000
429.000000
753.000000
291.000000
886.000000
251.000000
217.000000
602.000000
173.000000
272.000000
405.000000
280.000000
857.000000
915.000000
1877.000000
5307.000000
1121.000000
104.000000
736.000000
1986.000000
40.000000
351.000000
274.000000
256.000000
211.000000
155.000000
298.000000
171.000000
133.000000
862.000000
232.000000
342.000000
200.000000
718.000000
1554.000000
137.000000
253.000000
4170.000000
765.000000
572.000000
571.000000
392.000000
772.000000
505.000000
339.000000
585.000000
439.000000
802.000000
867.000000
1678.000000
231.000000
16.000000
807.000000
60.000000
748.000000
381.000000
103.000000
576.000000
1291.000000
546.000000
500.000000
1099.000000
440.000000
86.000000
