204.000000
300.000000
1386.000000
729.000000
116.000000
445.000000
68.000000
277.000000
910.000000
51.000000
257.000000
1168.000000
868.000000
254.000000
105.000000
412.000000
333.000000
224.000000
2388.000000
439.000000
203.000000
1878.000000
3388.000000
129.000000
609.000000
262.000000
464.000000
470.000000
578.000000
741.000000
1328.000000
410.000000
98.000000
683.000000
144.000000
392.000000
526.000000
42.000000
239.000000
151.000000
281.000000
309.000000
1603.000000
738.000000
98.000000
1288.000000
283.000000
816.000000
23.000000
308.000000
534.000000
768.000000
338.000000
1508.000000
2596.000000
1171.000000
1035.000000
1500.000000
154.000000
572.000000
1869.000000
138.000000
541.000000
2392.000000
395.000000
1073.000000
206.000000
185.000000
538.000000
43.000000
92.000000
344.000000
487.000000
286.000000
165.000000
447.000000
84.000000
90.000000
267.000000
1586.000000
895.000000
1335.000000
487.000000
317.000000
214.000000
217.000000
1777.000000
1507.000000
1280.000000
640.000000
269.000000
135.000000
101.000000
86.000000
178.000000
267.000000
516.000000
381.000000
166.000000
128.000000
1016.000000
839.000000
1072.000000
360.000000
644.000000
42.000000
512.000000
224.000000
317.000000
272.000000
459.000000
165.000000
170.000000
2375.000000
247.000000
2352.000000
965.000000
318.000000
898.000000
57.000000
169.000000
1365.000000
262.000000
141.000000
303.000000
1811.000000
857.000000
345.000000
2266.000000
276.000000
1283.000000
1652.000000
494.000000
2765.000000
84.000000
101.000000
151.000000
168.000000
1282.000000
791.000000
613.000000
548.000000
1777.000000
180.000000
950.000000
3391.000000
1123.000000
1457.000000
303.000000
210.000000
79.000000
226.000000
383.000000
82.000000
542.000000
32.000000
215.000000
266.000000
261.000000
760.000000
282.000000
3821.000000
122.000000
464.000000
1404.000000
525.000000
739.000000
370.000000
840.000000
133.000000
759.000000
607.000000
913.000000
637.000000
70.000000
342.000000
345.000000
285.000000
301.000000
269.000000
77.000000
827.000000
488.000000
181.000000
175.000000
418.000000
115.000000
572.000000
1150.000000
62.000000
245.000000
139.000000
845.000000
35.000000
360.000000
1400.000000
610.000000
316.000000
781.000000
209.000000
429.000000
58.000000
418.000000
667.000000
478.000000
530.000000
153.000000
936.000000
818.000000
162.000000
208.000000
154.000000
1046.000000
851.000000
383.000000
2495.000000
3564.000000
1062.000000
282.000000
647.000000
845.000000
98.000000
1519.000000
387.000000
49.000000
341.000000
300.000000
2321.000000
1271.000000
142.000000
560.000000
2151.000000
614.000000
1079.000000
493.000000
79.000000
170.000000
144.000000
224.000000
421.000000
194.000000
933.000000
206.000000
217.000000
101.000000
811.000000
630.000000
732.000000
261.000000
1788.000000
59.000000
282.000000
992.000000
775.000000
148.000000
107.000000
943.000000
243.000000
126.000000
1390.000000
83.000000
571.000000
180.000000
276.000000
437.000000
252.000000
422.000000
941.000000
501.000000
555.000000
121.000000
239.000000
719.000000
988.000000
1730.000000
248.000000
178.000000
779.000000
181.000000
3307.000000
188.000000
347.000000
402.000000
187.000000
148.000000
406.000000
327.000000
2160.000000
281.000000
177.000000
889.000000
1204.000000
570.000000
1766.000000
85.000000
1061.000000
1966.000000
1529.000000
96.000000
1440.000000
315.000000
261.000000
235.000000
159.000000
125.000000
1002.000000
708.000000
96.000000
793.000000
671.000000
111.000000
418.000000
442.000000
108.000000
237.000000
274.000000
275.000000
584.000000
443.000000
1104.000000
324.000000
222.000000
554.000000
2004.000000
286.000000
192.000000
267.000000
335.000000
225.000000
558.000000
927.000000
654.000000
1788.000000
55.000000
134.000000
564.000000
422.000000
260.000000
161.000000
825.000000
391.000000
2294.000000
226.000000
118.000000
1390.000000
566.000000
359.000000
223.000000
603.000000
231.000000
419.000000
345.000000
423.000000
1067.000000
730.000000
945.000000
227.000000
888.000000
124.000000
557.000000
188.000000
68.000000
133.000000
36.000000
456.000000
125.000000
237.000000
1001.000000
261.000000
168.000000
44.000000
834.000000
1114.000000
239.000000
336.000000
596.000000
174.000000
716.000000
697.000000
633.000000
55.000000
543.000000
65.000000
376.000000
299.000000
422.000000
769.000000
389.000000
59.000000
662.000000
121.000000
377.000000
489.000000
1408.000000
404.000000
90.000000
2616.000000
3708.000000
668.000000
512.000000
2469.000000
5246.000000
578.000000
466.000000
338.000000
1266.000000
70.000000
1782.000000
475.000000
594.000000
1221.000000
331.000000
116.000000
1693.000000
1392.000000
1784.000000
102.000000
750.000000
101.000000
403.000000
98.000000
763.000000
833.000000
1159.000000
340.000000
347.000000
2077.000000
376.000000
163.000000
379.000000
285.000000
1296.000000
120.000000
137.000000
68.000000
197.000000
11.000000
68.000000
1027.000000
523.000000
246.000000
268.000000
90.000000
221.000000
141.000000
484.000000
1952.000000
445.000000
503.000000
118.000000
631.000000
2316.000000
535.000000
1245.000000
53.000000
613.000000
190.000000
182.000000
726.000000
1289.000000
211.000000
196.000000
1137.000000
454.000000
177.000000
495.000000
553.000000
246.000000
64.000000
25.000000
5749.000000
108.000000
93.000000
122.000000
87.000000
146.000000
1934.000000
376.000000
77.000000
19.000000
87.000000
647.000000
750.000000
456.000000
566.000000
210.000000
316.000000
612.000000
293.000000
1519.000000
613.000000
241.000000
260.000000
222.000000
149.000000
1048.000000
279.000000
101.000000
52.000000
855.000000
635.000000
396.000000
631.000000
1448.000000
1321.000000
1837.000000
905.000000
38.000000
252.000000
1297.000000
537.000000
456.000000
105.000000
895.000000
1560.000000
296.000000
167.000000
729.000000
216.000000
188.000000
206.000000
280.000000
1924.000000
1019.000000
172.000000
136.000000
285.000000
156.000000
59.000000
106.000000
630.000000
151.000000
388.000000
1994.000000
657.000000
377.000000
428.000000
504.000000
183.000000
634.000000
1677.000000
1818.000000
185.000000
348.000000
179.000000
85.000000
96.000000
453.000000
681.000000
2526.000000
173.000000
285.000000
437.000000
247.000000
129.000000
226.000000
613.000000
500.000000
161.000000
531.000000
868.000000
570.000000
1116.000000
198.000000
104.000000
170.000000
2624.000000
33.000000
467.000000
97.000000
176.000000
45.000000
682.000000
67.000000
1575.000000
595.000000
222.000000
1677.000000
140.000000
272.000000
480.000000
1040.000000
1038.000000
403.000000
204.000000
479.000000
260.000000
1377.000000
1154.000000
520.000000
585.000000
315.000000
345.000000
646.000000
829.000000
342.000000
4311.000000
425.000000
306.000000
716.000000
194.000000
2132.000000
2384.000000
214.000000
434.000000
153.000000
212.000000
1324.000000
268.000000
1061.000000
763.000000
4468.000000
99.000000
137.000000
4528.000000
339.000000
127.000000
115.000000
1099.000000
133.000000
1786.000000
1434.000000
768.000000
1689.000000
4692.000000
397.000000
2543.000000
2714.000000
1578.000000
177.000000
498.000000
157.000000
455.000000
173.000000
84.000000
419.000000
170.000000
310.000000
318.000000
532.000000
463.000000
2094.000000
209.000000
528.000000
630.000000
2865.000000
682.000000
559.000000
452.000000
121.000000
637.000000
696.000000
221.000000
935.000000
423.000000
493.000000
254.000000
320.000000
935.000000
238.000000
270.000000
2179.000000
973.000000
1198.000000
190.000000
649.000000
864.000000
563.000000
656.000000
838.000000
303.000000
280.000000
344.000000
200.000000
723.000000
3634.000000
9838.000000
1932.000000
84.000000
891.000000
328.000000
1918.000000
153.000000
1347.000000
186.000000
1534.000000
1183.000000
387.000000
302.000000
1750.000000
819.000000
4140.000000
649.000000
170.000000
260.000000
476.000000
285.000000
114.000000
1764.000000
694.000000
1385.000000
553.000000
519.000000
272.000000
200.000000
674.000000
423.000000
1983.000000
156.000000
281.000000
2051.000000
393.000000
1000.000000
708.000000
881.000000
213.000000
36.000000
469.000000
613.000000
880.000000
657.000000
199.000000
3003.000000
203.000000
185.000000
123.000000
1184.000000
190.000000
665.000000
34.000000
226.000000
83.000000
253.000000
349.000000
659.000000
2536.000000
771.000000
54.000000
297.000000
463.000000
113.000000
192.000000
130.000000
639.000000
1084.000000
219.000000
565.000000
294.000000
830.000000
140.000000
1555.000000
371.000000
670.000000
738.000000
204.000000
572.000000
487.000000
204.000000
101.000000
100.000000
187.000000
2069.000000
391.000000
373.000000
96.000000
167.000000
629.000000
523.000000
1380.000000
62.000000
123.000000
143.000000
245.000000
155.000000
437.000000
359.000000
181.000000
403.000000
3573.000000
147.000000
580.000000
712.000000
1089.000000
492.000000
439.000000
129.000000
492.000000
118.000000
41.000000
235.000000
685.000000
577.000000
109.000000
306.000000
1268.000000
216.000000
173.000000
1624.000000
822.000000
89.000000
1280.000000
59.000000
120.000000
77.000000
483.000000
636.000000
805.000000
151.000000
527.000000
741.000000
1294.000000
553.000000
1473.000000
346.000000
166.000000
796.000000
337.000000
783.000000
327.000000
217.000000
2017.000000
667.000000
340.000000
311.000000
190.000000
517.000000
225.000000
845.000000
778.000000
1124.000000
775.000000
1535.000000
374.000000
208.000000
115.000000
985.000000
362.000000
305.000000
386.000000
120.000000
790.000000
158.000000
520.000000
219.000000
427.000000
95.000000
111.000000
721.000000
140.000000
355.000000
166.000000
1775.000000
1128.000000
415.000000
322.000000
166.000000
1546.000000
818.000000
819.000000
1595.000000
283.000000
451.000000
516.000000
81.000000
160.000000
530.000000
2265.000000
510.000000
666.000000
264.000000
527.000000
255.000000
589.000000
68.000000
731.000000
549.000000
817.000000
349.000000
612.000000
1060.000000
2086.000000
86.000000
2818.000000
637.000000
1101.000000
733.000000
343.000000
362.000000
202.000000
278.000000
671.000000
1098.000000
1273.000000
652.000000
2209.000000
1556.000000
936.000000
75.000000
2608.000000
1597.000000
60.000000
315.000000
821.000000
832.000000
61.000000
447.000000
49.000000
2806.000000
845.000000
266.000000
81.000000
146.000000
100.000000
433.000000
208.000000
225.000000
323.000000
59.000000
175.000000
1532.000000
458.000000
155.000000
815.000000
191.000000
327.000000
579.000000
463.000000
64.000000
402.000000
165.000000
292.000000
646.000000
125.000000
478.000000
1963.000000
844.000000
1406.000000
970.000000
113.000000
266.000000
506.000000
1497.000000
2479.000000
88.000000
348.000000
267.000000
304.000000
4269.000000
36.000000
709.000000
93.000000
77.000000
185.000000
404.000000
407.000000
292.000000
1158.000000
90.000000
417.000000
583.000000
75.000000
310.000000
909.000000
216.000000
45.000000
70.000000
289.000000
78.000000
790.000000
74.000000
184.000000
668.000000
1249.000000
53.000000
892.000000
502.000000
768.000000
1198.000000
663.000000
218.000000
812.000000
336.000000
288.000000
341.000000
79.000000
1292.000000
202.000000
180.000000
238.000000
1234.000000
98.000000
1379.000000
402.000000
44.000000
335.000000
1848.000000
1203.000000
555.000000
155.000000
36.000000
