559.000000
271.000000
169.000000
187.000000
323.000000
551.000000
207.000000
169.000000
484.000000
429.000000
1678.000000
368.000000
1110.000000
186.000000
151.000000
222.000000
1010.000000
116.000000
226.000000
930.000000
143.000000
488.000000
357.000000
1394.000000
625.000000
120.000000
137.000000
388.000000
1864.000000
316.000000
67.000000
365.000000
529.000000
74.000000
343.000000
318.000000
272.000000
692.000000
292.000000
602.000000
1316.000000
347.000000
220.000000
1179.000000
452.000000
3344.000000
405.000000
150.000000
271.000000
335.000000
235.000000
219.000000
503.000000
623.000000
313.000000
703.000000
1977.000000
332.000000
1216.000000
979.000000
199.000000
436.000000
591.000000
1272.000000
1165.000000
3733.000000
317.000000
1108.000000
526.000000
1665.000000
1902.000000
643.000000
255.000000
176.000000
467.000000
277.000000
1007.000000
29.000000
67.000000
204.000000
181.000000
1519.000000
54.000000
171.000000
259.000000
214.000000
1170.000000
403.000000
730.000000
1178.000000
660.000000
337.000000
1854.000000
222.000000
1310.000000
860.000000
322.000000
380.000000
315.000000
55.000000
357.000000
330.000000
593.000000
576.000000
727.000000
97.000000
25.000000
218.000000
336.000000
797.000000
365.000000
136.000000
229.000000
459.000000
65.000000
295.000000
1298.000000
1309.000000
102.000000
779.000000
718.000000
156.000000
637.000000
177.000000
295.000000
46.000000
101.000000
219.000000
224.000000
268.000000
164.000000
334.000000
7142.000000
640.000000
447.000000
534.000000
277.000000
442.000000
275.000000
218.000000
798.000000
866.000000
550.000000
1549.000000
233.000000
311.000000
167.000000
106.000000
316.000000
310.000000
115.000000
1669.000000
215.000000
133.000000
170.000000
862.000000
61.000000
1576.000000
309.000000
190.000000
117.000000
259.000000
206.000000
90.000000
303.000000
91.000000
116.000000
382.000000
396.000000
104.000000
1074.000000
599.000000
727.000000
3552.000000
1188.000000
388.000000
871.000000
721.000000
265.000000
919.000000
516.000000
203.000000
98.000000
646.000000
232.000000
950.000000
111.000000
256.000000
225.000000
286.000000
468.000000
926.000000
653.000000
1142.000000
661.000000
230.000000
83.000000
611.000000
260.000000
429.000000
926.000000
1133.000000
460.000000
532.000000
149.000000
205.000000
1213.000000
859.000000
673.000000
308.000000
2099.000000
578.000000
322.000000
508.000000
1056.000000
1614.000000
112.000000
299.000000
448.000000
122.000000
214.000000
898.000000
467.000000
513.000000
194.000000
1019.000000
193.000000
763.000000
1680.000000
583.000000
27.000000
107.000000
368.000000
759.000000
32.000000
120.000000
53.000000
36.000000
81.000000
3010.000000
173.000000
106.000000
1389.000000
798.000000
247.000000
108.000000
464.000000
497.000000
543.000000
571.000000
106.000000
303.000000
459.000000
240.000000
687.000000
203.000000
681.000000
2241.000000
760.000000
182.000000
324.000000
379.000000
354.000000
544.000000
683.000000
3793.000000
843.000000
973.000000
3108.000000
1090.000000
616.000000
235.000000
300.000000
265.000000
99.000000
374.000000
40.000000
294.000000
835.000000
254.000000
1007.000000
764.000000
396.000000
625.000000
151.000000
281.000000
387.000000
444.000000
257.000000
212.000000
483.000000
1002.000000
1039.000000
683.000000
227.000000
81.000000
826.000000
3851.000000
204.000000
1916.000000
388.000000
460.000000
189.000000
589.000000
111.000000
1268.000000
127.000000
385.000000
279.000000
332.000000
1147.000000
601.000000
235.000000
756.000000
161.000000
838.000000
405.000000
2903.000000
437.000000
127.000000
824.000000
1237.000000
1812.000000
2996.000000
260.000000
958.000000
350.000000
566.000000
549.000000
203.000000
740.000000
1285.000000
329.000000
2490.000000
854.000000
148.000000
110.000000
530.000000
262.000000
300.000000
346.000000
266.000000
630.000000
945.000000
764.000000
869.000000
3829.000000
618.000000
1581.000000
102.000000
201.000000
566.000000
214.000000
282.000000
119.000000
167.000000
445.000000
1122.000000
419.000000
574.000000
200.000000
199.000000
425.000000
1743.000000
64.000000
164.000000
619.000000
1115.000000
654.000000
698.000000
158.000000
399.000000
330.000000
1060.000000
288.000000
411.000000
423.000000
138.000000
391.000000
3138.000000
1217.000000
1031.000000
309.000000
338.000000
731.000000
127.000000
1429.000000
232.000000
531.000000
600.000000
100.000000
700.000000
1115.000000
497.000000
337.000000
1270.000000
224.000000
649.000000
291.000000
29.000000
747.000000
315.000000
479.000000
229.000000
186.000000
635.000000
1741.000000
68.000000
994.000000
865.000000
103.000000
130.000000
1787.000000
1415.000000
96.000000
193.000000
461.000000
403.000000
1405.000000
375.000000
863.000000
557.000000
254.000000
258.000000
338.000000
658.000000
848.000000
3584.000000
778.000000
568.000000
33.000000
344.000000
530.000000
124.000000
1300.000000
214.000000
1664.000000
175.000000
173.000000
709.000000
705.000000
1549.000000
193.000000
313.000000
151.000000
896.000000
661.000000
68.000000
384.000000
564.000000
217.000000
325.000000
1145.000000
1249.000000
52.000000
1117.000000
178.000000
1005.000000
94.000000
113.000000
852.000000
168.000000
231.000000
220.000000
609.000000
1659.000000
662.000000
221.000000
305.000000
394.000000
78.000000
498.000000
223.000000
817.000000
131.000000
1538.000000
652.000000
257.000000
116.000000
42.000000
109.000000
337.000000
212.000000
1217.000000
260.000000
346.000000
290.000000
278.000000
472.000000
106.000000
221.000000
655.000000
177.000000
759.000000
110.000000
233.000000
795.000000
217.000000
225.000000
1559.000000
1150.000000
974.000000
713.000000
47.000000
188.000000
1176.000000
778.000000
387.000000
1487.000000
1170.000000
494.000000
193.000000
148.000000
1927.000000
627.000000
1714.000000
303.000000
715.000000
2478.000000
438.000000
220.000000
224.000000
872.000000
635.000000
1434.000000
48.000000
129.000000
219.000000
296.000000
740.000000
98.000000
1604.000000
613.000000
81.000000
219.000000
1062.000000
226.000000
114.000000
263.000000
755.000000
191.000000
992.000000
435.000000
435.000000
1305.000000
2174.000000
226.000000
355.000000
743.000000
351.000000
329.000000
153.000000
655.000000
726.000000
437.000000
650.000000
2379.000000
537.000000
296.000000
766.000000
794.000000
936.000000
342.000000
86.000000
152.000000
1001.000000
221.000000
969.000000
314.000000
1928.000000
690.000000
317.000000
765.000000
279.000000
428.000000
533.000000
317.000000
627.000000
535.000000
377.000000
261.000000
56.000000
165.000000
1055.000000
489.000000
408.000000
2547.000000
577.000000
1031.000000
743.000000
2121.000000
590.000000
115.000000
670.000000
322.000000
225.000000
839.000000
115.000000
524.000000
298.000000
1041.000000
587.000000
221.000000
543.000000
133.000000
137.000000
365.000000
248.000000
259.000000
642.000000
328.000000
392.000000
1891.000000
1856.000000
53.000000
733.000000
111.000000
105.000000
386.000000
439.000000
995.000000
320.000000
325.000000
129.000000
2047.000000
510.000000
128.000000
768.000000
2178.000000
985.000000
1336.000000
941.000000
2595.000000
728.000000
617.000000
462.000000
177.000000
198.000000
1075.000000
668.000000
55.000000
1342.000000
147.000000
524.000000
91.000000
1240.000000
849.000000
58.000000
587.000000
91.000000
394.000000
150.000000
301.000000
415.000000
1396.000000
479.000000
1417.000000
163.000000
1202.000000
922.000000
254.000000
64.000000
3676.000000
125.000000
880.000000
256.000000
242.000000
1510.000000
1049.000000
109.000000
276.000000
270.000000
648.000000
852.000000
523.000000
634.000000
85.000000
113.000000
810.000000
306.000000
262.000000
2185.000000
29.000000
1522.000000
289.000000
281.000000
1337.000000
332.000000
514.000000
178.000000
91.000000
2105.000000
1216.000000
694.000000
978.000000
1474.000000
204.000000
139.000000
671.000000
736.000000
203.000000
1764.000000
347.000000
145.000000
109.000000
1480.000000
800.000000
869.000000
797.000000
506.000000
915.000000
434.000000
221.000000
148.000000
218.000000
263.000000
881.000000
941.000000
937.000000
266.000000
472.000000
79.000000
179.000000
2423.000000
349.000000
768.000000
589.000000
1537.000000
56.000000
685.000000
200.000000
512.000000
805.000000
693.000000
226.000000
607.000000
366.000000
842.000000
282.000000
124.000000
54.000000
243.000000
600.000000
188.000000
816.000000
1041.000000
1525.000000
674.000000
345.000000
987.000000
53.000000
252.000000
635.000000
1109.000000
789.000000
796.000000
145.000000
130.000000
409.000000
169.000000
280.000000
231.000000
210.000000
519.000000
327.000000
250.000000
352.000000
336.000000
240.000000
704.000000
452.000000
297.000000
1194.000000
788.000000
239.000000
1585.000000
364.000000
422.000000
153.000000
263.000000
300.000000
1205.000000
1477.000000
180.000000
850.000000
46.000000
296.000000
493.000000
75.000000
625.000000
468.000000
960.000000
1605.000000
896.000000
551.000000
585.000000
1199.000000
253.000000
1466.000000
78.000000
12254.000000
147.000000
192.000000
41.000000
2181.000000
2662.000000
543.000000
620.000000
656.000000
646.000000
926.000000
499.000000
268.000000
312.000000
1572.000000
287.000000
179.000000
302.000000
175.000000
320.000000
140.000000
3598.000000
117.000000
911.000000
125.000000
271.000000
176.000000
1146.000000
115.000000
784.000000
126.000000
953.000000
201.000000
232.000000
351.000000
160.000000
151.000000
239.000000
1868.000000
1873.000000
746.000000
798.000000
516.000000
408.000000
197.000000
2369.000000
119.000000
266.000000
329.000000
144.000000
259.000000
1518.000000
797.000000
223.000000
431.000000
1175.000000
865.000000
505.000000
646.000000
91.000000
130.000000
1218.000000
185.000000
339.000000
40.000000
730.000000
91.000000
681.000000
1332.000000
786.000000
690.000000
1711.000000
468.000000
196.000000
380.000000
335.000000
924.000000
281.000000
123.000000
88.000000
189.000000
275.000000
1829.000000
301.000000
253.000000
1463.000000
929.000000
969.000000
678.000000
206.000000
365.000000
475.000000
2196.000000
1429.000000
295.000000
1435.000000
364.000000
778.000000
372.000000
426.000000
445.000000
524.000000
779.000000
88.000000
113.000000
519.000000
327.000000
70.000000
185.000000
418.000000
976.000000
194.000000
332.000000
4367.000000
3604.000000
152.000000
181.000000
832.000000
405.000000
1112.000000
673.000000
482.000000
45.000000
260.000000
292.000000
123.000000
1093.000000
228.000000
205.000000
2066.000000
356.000000
2520.000000
270.000000
4695.000000
8428.000000
1175.000000
227.000000
844.000000
674.000000
232.000000
62.000000
237.000000
478.000000
283.000000
236.000000
203.000000
1056.000000
193.000000
1224.000000
291.000000
119.000000
257.000000
1247.000000
262.000000
1181.000000
117.000000
821.000000
179.000000
279.000000
215.000000
225.000000
413.000000
1070.000000
65.000000
54.000000
625.000000
158.000000
1426.000000
1218.000000
123.000000
1046.000000
351.000000
725.000000
109.000000
1717.000000
687.000000
82.000000
457.000000
769.000000
87.000000
2992.000000
102.000000
496.000000
190.000000
4181.000000
646.000000
1169.000000
126.000000
1090.000000
1211.000000
2922.000000
1267.000000
247.000000
627.000000
123.000000
739.000000
235.000000
212.000000
1141.000000
248.000000
