4849.000000
818.000000
547.000000
317.000000
120.000000
119.000000
426.000000
875.000000
491.000000
266.000000
2074.000000
238.000000
1128.000000
523.000000
534.000000
336.000000
304.000000
1673.000000
734.000000
607.000000
132.000000
295.000000
594.000000
166.000000
66.000000
809.000000
100.000000
271.000000
128.000000
1469.000000
163.000000
998.000000
1158.000000
379.000000
2069.000000
4236.000000
223.000000
248.000000
3689.000000
17.000000
455.000000
371.000000
739.000000
838.000000
152.000000
223.000000
430.000000
312.000000
125.000000
468.000000
152.000000
317.000000
247.000000
27.000000
541.000000
297.000000
550.000000
710.000000
1431.000000
313.000000
146.000000
612.000000
492.000000
50.000000
1595.000000
1894.000000
1459.000000
642.000000
280.000000
101.000000
72.000000
182.000000
765.000000
319.000000
491.000000
492.000000
842.000000
713.000000
72.000000
2458.000000
373.000000
232.000000
296.000000
504.000000
237.000000
443.000000
115.000000
305.000000
2025.000000
116.000000
2191.000000
510.000000
88.000000
201.000000
406.000000
298.000000
540.000000
288.000000
522.000000
420.000000
347.000000
251.000000
379.000000
495.000000
639.000000
44.000000
335.000000
261.000000
1436.000000
217.000000
220.000000
180.000000
1290.000000
513.000000
898.000000
467.000000
655.000000
244.000000
244.000000
365.000000
1089.000000
206.000000
1051.000000
277.000000
2350.000000
755.000000
1523.000000
253.000000
359.000000
463.000000
268.000000
322.000000
2212.000000
941.000000
289.000000
68.000000
551.000000
138.000000
1611.000000
5349.000000
822.000000
267.000000
92.000000
262.000000
184.000000
151.000000
257.000000
812.000000
4478.000000
175.000000
142.000000
1078.000000
1619.000000
350.000000
863.000000
53.000000
196.000000
637.000000
942.000000
248.000000
330.000000
1107.000000
89.000000
50.000000
622.000000
382.000000
910.000000
162.000000
388.000000
653.000000
523.000000
5746.000000
620.000000
1323.000000
929.000000
1293.000000
1315.000000
449.000000
489.000000
275.000000
433.000000
1040.000000
135.000000
47.000000
125.000000
1757.000000
299.000000
663.000000
640.000000
269.000000
1666.000000
392.000000
289.000000
826.000000
791.000000
550.000000
138.000000
1332.000000
364.000000
1335.000000
1614.000000
74.000000
269.000000
471.000000
2789.000000
452.000000
1407.000000
629.000000
142.000000
127.000000
210.000000
863.000000
730.000000
2413.000000
220.000000
481.000000
2369.000000
563.000000
492.000000
830.000000
858.000000
909.000000
251.000000
697.000000
190.000000
169.000000
147.000000
475.000000
89.000000
233.000000
476.000000
397.000000
69.000000
367.000000
526.000000
994.000000
1651.000000
592.000000
187.000000
387.000000
265.000000
470.000000
394.000000
197.000000
1164.000000
566.000000
355.000000
385.000000
1973.000000
333.000000
587.000000
44.000000
194.000000
1552.000000
387.000000
521.000000
1184.000000
108.000000
791.000000
447.000000
574.000000
1013.000000
164.000000
81.000000
1802.000000
2657.000000
1389.000000
880.000000
56.000000
252.000000
1188.000000
412.000000
792.000000
761.000000
1563.000000
468.000000
895.000000
425.000000
301.000000
61.000000
745.000000
98.000000
992.000000
642.000000
570.000000
198.000000
730.000000
183.000000
359.000000
250.000000
380.000000
377.000000
367.000000
503.000000
471.000000
3222.000000
2140.000000
334.000000
1007.000000
408.000000
85.000000
642.000000
1552.000000
1232.000000
346.000000
685.000000
254.000000
123.000000
497.000000
139.000000
544.000000
636.000000
781.000000
625.000000
1275.000000
251.000000
99.000000
764.000000
193.000000
378.000000
1741.000000
436.000000
189.000000
574.000000
1312.000000
45.000000
103.000000
800.000000
397.000000
163.000000
41.000000
861.000000
645.000000
763.000000
88.000000
640.000000
91.000000
3133.000000
328.000000
328.000000
206.000000
184.000000
512.000000
194.000000
1895.000000
600.000000
20.000000
715.000000
1994.000000
288.000000
1827.000000
613.000000
1740.000000
960.000000
899.000000
2678.000000
2158.000000
559.000000
1061.000000
296.000000
30.000000
159.000000
1571.000000
939.000000
613.000000
534.000000
482.000000
683.000000
1105.000000
517.000000
1199.000000
238.000000
185.000000
308.000000
204.000000
688.000000
414.000000
1317.000000
762.000000
2059.000000
685.000000
339.000000
151.000000
258.000000
304.000000
425.000000
422.000000
288.000000
288.000000
139.000000
545.000000
230.000000
899.000000
89.000000
44.000000
113.000000
158.000000
193.000000
2108.000000
2875.000000
15894.000000
695.000000
25.000000
233.000000
813.000000
239.000000
1649.000000
569.000000
138.000000
215.000000
291.000000
2461.000000
154.000000
244.000000
1015.000000
494.000000
682.000000
2702.000000
84.000000
552.000000
115.000000
1704.000000
1089.000000
188.000000
775.000000
222.000000
264.000000
2264.000000
855.000000
285.000000
797.000000
730.000000
524.000000
58.000000
464.000000
63.000000
321.000000
6163.000000
1207.000000
121.000000
259.000000
510.000000
775.000000
155.000000
311.000000
425.000000
2472.000000
85.000000
2746.000000
567.000000
2057.000000
276.000000
525.000000
601.000000
612.000000
56.000000
1519.000000
659.000000
459.000000
1217.000000
14.000000
234.000000
421.000000
429.000000
689.000000
151.000000
719.000000
1362.000000
678.000000
1658.000000
694.000000
46.000000
281.000000
243.000000
825.000000
1193.000000
773.000000
193.000000
1624.000000
81.000000
366.000000
323.000000
192.000000
58.000000
828.000000
47.000000
719.000000
1058.000000
1667.000000
609.000000
506.000000
240.000000
153.000000
160.000000
487.000000
493.000000
61.000000
520.000000
156.000000
137.000000
226.000000
198.000000
300.000000
706.000000
290.000000
63.000000
394.000000
427.000000
557.000000
1516.000000
7765.000000
459.000000
276.000000
143.000000
248.000000
890.000000
660.000000
40.000000
67.000000
163.000000
297.000000
325.000000
1278.000000
343.000000
581.000000
807.000000
445.000000
214.000000
306.000000
272.000000
400.000000
1497.000000
688.000000
298.000000
552.000000
535.000000
102.000000
997.000000
187.000000
216.000000
520.000000
31.000000
674.000000
252.000000
63.000000
440.000000
1517.000000
80.000000
2205.000000
330.000000
977.000000
89.000000
644.000000
137.000000
228.000000
703.000000
3591.000000
619.000000
257.000000
160.000000
214.000000
186.000000
3520.000000
669.000000
455.000000
1872.000000
430.000000
869.000000
196.000000
127.000000
171.000000
41.000000
348.000000
82.000000
717.000000
125.000000
783.000000
195.000000
167.000000
946.000000
556.000000
796.000000
1333.000000
586.000000
573.000000
328.000000
233.000000
134.000000
202.000000
140.000000
734.000000
1444.000000
93.000000
1479.000000
198.000000
632.000000
256.000000
26.000000
430.000000
735.000000
220.000000
878.000000
256.000000
19.000000
371.000000
172.000000
1264.000000
2509.000000
1048.000000
55.000000
222.000000
302.000000
428.000000
649.000000
1403.000000
2555.000000
294.000000
289.000000
490.000000
403.000000
172.000000
1482.000000
203.000000
808.000000
236.000000
61.000000
1466.000000
51.000000
511.000000
429.000000
1086.000000
110.000000
2576.000000
407.000000
1334.000000
125.000000
416.000000
320.000000
412.000000
227.000000
625.000000
644.000000
114.000000
236.000000
446.000000
904.000000
74.000000
168.000000
142.000000
1861.000000
141.000000
464.000000
127.000000
142.000000
208.000000
1729.000000
555.000000
209.000000
156.000000
91.000000
137.000000
540.000000
93.000000
147.000000
292.000000
256.000000
76.000000
118.000000
498.000000
221.000000
1433.000000
1560.000000
394.000000
1729.000000
373.000000
612.000000
3292.000000
1350.000000
905.000000
795.000000
908.000000
88.000000
1702.000000
742.000000
2974.000000
638.000000
58.000000
295.000000
399.000000
98.000000
485.000000
250.000000
126.000000
922.000000
1241.000000
373.000000
1078.000000
168.000000
452.000000
258.000000
302.000000
590.000000
229.000000
491.000000
10.000000
1047.000000
664.000000
286.000000
555.000000
149.000000
178.000000
376.000000
487.000000
648.000000
132.000000
126.000000
185.000000
677.000000
699.000000
924.000000
831.000000
653.000000
303.000000
118.000000
309.000000
484.000000
305.000000
225.000000
87.000000
102.000000
349.000000
741.000000
1061.000000
177.000000
458.000000
480.000000
2182.000000
286.000000
619.000000
190.000000
136.000000
227.000000
125.000000
1158.000000
92.000000
658.000000
270.000000
1911.000000
308.000000
1133.000000
1783.000000
208.000000
5216.000000
384.000000
1547.000000
369.000000
1324.000000
108.000000
552.000000
715.000000
328.000000
697.000000
209.000000
63.000000
685.000000
2714.000000
121.000000
81.000000
564.000000
296.000000
70.000000
296.000000
390.000000
202.000000
519.000000
262.000000
125.000000
784.000000
6558.000000
57.000000
275.000000
989.000000
335.000000
515.000000
344.000000
222.000000
453.000000
1074.000000
289.000000
357.000000
452.000000
821.000000
538.000000
432.000000
1051.000000
221.000000
672.000000
238.000000
186.000000
147.000000
1247.000000
3614.000000
343.000000
213.000000
267.000000
464.000000
601.000000
919.000000
2966.000000
127.000000
90.000000
837.000000
175.000000
322.000000
860.000000
268.000000
244.000000
355.000000
363.000000
278.000000
253.000000
118.000000
563.000000
1568.000000
280.000000
131.000000
132.000000
122.000000
282.000000
89.000000
214.000000
1840.000000
214.000000
129.000000
325.000000
535.000000
998.000000
412.000000
499.000000
140.000000
185.000000
876.000000
423.000000
755.000000
177.000000
787.000000
350.000000
1286.000000
1472.000000
374.000000
1452.000000
580.000000
924.000000
1295.000000
345.000000
356.000000
338.000000
821.000000
1251.000000
822.000000
544.000000
414.000000
586.000000
80.000000
467.000000
1596.000000
229.000000
160.000000
168.000000
322.000000
437.000000
1547.000000
584.000000
370.000000
156.000000
317.000000
866.000000
60.000000
1463.000000
581.000000
285.000000
393.000000
641.000000
259.000000
173.000000
150.000000
165.000000
421.000000
715.000000
361.000000
560.000000
208.000000
302.000000
153.000000
190.000000
119.000000
1504.000000
148.000000
126.000000
1463.000000
1928.000000
439.000000
117.000000
143.000000
51.000000
305.000000
246.000000
465.000000
1253.000000
415.000000
1135.000000
112.000000
358.000000
1645.000000
244.000000
346.000000
123.000000
220.000000
777.000000
1219.000000
358.000000
1010.000000
481.000000
580.000000
226.000000
591.000000
1500.000000
294.000000
141.000000
2286.000000
413.000000
198.000000
329.000000
141.000000
2416.000000
816.000000
298.000000
532.000000
501.000000
212.000000
1920.000000
182.000000
395.000000
279.000000
868.000000
3537.000000
572.000000
359.000000
186.000000
2013.000000
1059.000000
1415.000000
197.000000
1282.000000
1351.000000
265.000000
565.000000
629.000000
429.000000
155.000000
1031.000000
162.000000
904.000000
55.000000
435.000000
59.000000
1371.000000
114.000000
2468.000000
637.000000
177.000000
2508.000000
203.000000
426.000000
657.000000
796.000000
360.000000
598.000000
487.000000
295.000000
163.000000
737.000000
237.000000
1106.000000
988.000000
1222.000000
633.000000
122.000000
415.000000
675.000000
167.000000
1017.000000
644.000000
1918.000000
699.000000
1014.000000
730.000000
1151.000000
355.000000
1093.000000
