1809.000000
378.000000
143.000000
268.000000
338.000000
267.000000
601.000000
174.000000
298.000000
368.000000
157.000000
836.000000
129.000000
183.000000
58.000000
489.000000
119.000000
1514.000000
386.000000
1669.000000
312.000000
231.000000
413.000000
245.000000
243.000000
172.000000
494.000000
759.000000
715.000000
418.000000
73.000000
216.000000
99.000000
366.000000
182.000000
784.000000
289.000000
38.000000
278.000000
271.000000
1136.000000
1049.000000
698.000000
325.000000
1073.000000
298.000000
323.000000
226.000000
148.000000
376.000000
154.000000
357.000000
1685.000000
215.000000
1227.000000
183.000000
319.000000
1089.000000
141.000000
492.000000
679.000000
492.000000
1370.000000
278.000000
207.000000
166.000000
154.000000
236.000000
197.000000
1716.000000
258.000000
449.000000
609.000000
198.000000
213.000000
3196.000000
630.000000
380.000000
337.000000
873.000000
364.000000
550.000000
481.000000
414.000000
368.000000
103.000000
464.000000
436.000000
555.000000
924.000000
946.000000
2368.000000
1432.000000
392.000000
217.000000
208.000000
538.000000
537.000000
147.000000
578.000000
416.000000
313.000000
187.000000
76.000000
1184.000000
276.000000
1818.000000
1274.000000
2482.000000
290.000000
432.000000
330.000000
96.000000
251.000000
707.000000
685.000000
1305.000000
1055.000000
530.000000
6521.000000
1001.000000
1088.000000
520.000000
274.000000
159.000000
127.000000
541.000000
582.000000
331.000000
1040.000000
233.000000
476.000000
374.000000
260.000000
921.000000
694.000000
499.000000
574.000000
2959.000000
58.000000
499.000000
511.000000
823.000000
215.000000
110.000000
552.000000
2576.000000
241.000000
302.000000
168.000000
799.000000
827.000000
2542.000000
222.000000
184.000000
248.000000
611.000000
321.000000
561.000000
694.000000
4298.000000
179.000000
227.000000
1007.000000
204.000000
473.000000
205.000000
589.000000
162.000000
634.000000
279.000000
257.000000
271.000000
177.000000
181.000000
524.000000
1436.000000
234.000000
389.000000
516.000000
309.000000
1090.000000
314.000000
2324.000000
1234.000000
1317.000000
201.000000
184.000000
1051.000000
564.000000
245.000000
933.000000
82.000000
215.000000
503.000000
3167.000000
598.000000
80.000000
1198.000000
185.000000
707.000000
588.000000
793.000000
1869.000000
97.000000
815.000000
447.000000
1579.000000
92.000000
117.000000
2298.000000
252.000000
79.000000
478.000000
375.000000
770.000000
457.000000
264.000000
960.000000
294.000000
334.000000
751.000000
431.000000
1013.000000
82.000000
457.000000
732.000000
1097.000000
131.000000
253.000000
771.000000
532.000000
65.000000
1560.000000
205.000000
175.000000
745.000000
266.000000
358.000000
342.000000
944.000000
313.000000
166.000000
47.000000
169.000000
474.000000
525.000000
559.000000
292.000000
296.000000
2073.000000
125.000000
197.000000
469.000000
502.000000
618.000000
1052.000000
675.000000
162.000000
89.000000
769.000000
235.000000
412.000000
553.000000
779.000000
777.000000
202.000000
755.000000
393.000000
198.000000
151.000000
857.000000
102.000000
180.000000
46.000000
227.000000
2104.000000
434.000000
385.000000
728.000000
2316.000000
662.000000
2895.000000
180.000000
21.000000
478.000000
1291.000000
723.000000
198.000000
3982.000000
125.000000
99.000000
2008.000000
282.000000
1082.000000
495.000000
201.000000
182.000000
125.000000
6527.000000
854.000000
51.000000
672.000000
720.000000
183.000000
269.000000
1851.000000
1346.000000
418.000000
643.000000
474.000000
42.000000
157.000000
970.000000
1920.000000
1938.000000
185.000000
353.000000
554.000000
790.000000
106.000000
200.000000
233.000000
1487.000000
684.000000
886.000000
710.000000
868.000000
139.000000
477.000000
110.000000
220.000000
323.000000
194.000000
239.000000
712.000000
1470.000000
46.000000
1357.000000
459.000000
29.000000
509.000000
1692.000000
134.000000
1000.000000
79.000000
398.000000
480.000000
430.000000
235.000000
558.000000
1070.000000
125.000000
1320.000000
101.000000
583.000000
531.000000
284.000000
1293.000000
176.000000
158.000000
38.000000
236.000000
609.000000
215.000000
367.000000
313.000000
316.000000
985.000000
1685.000000
168.000000
131.000000
1075.000000
322.000000
1896.000000
406.000000
225.000000
352.000000
589.000000
936.000000
98.000000
124.000000
767.000000
93.000000
1151.000000
776.000000
287.000000
2435.000000
2743.000000
472.000000
1037.000000
205.000000
488.000000
234.000000
4483.000000
516.000000
119.000000
308.000000
149.000000
157.000000
1429.000000
134.000000
1115.000000
404.000000
294.000000
728.000000
331.000000
843.000000
322.000000
71.000000
242.000000
693.000000
401.000000
1314.000000
69.000000
687.000000
184.000000
1108.000000
184.000000
1247.000000
15.000000
595.000000
159.000000
323.000000
1008.000000
5345.000000
349.000000
252.000000
537.000000
26.000000
212.000000
789.000000
472.000000
106.000000
526.000000
1478.000000
331.000000
194.000000
524.000000
572.000000
377.000000
81.000000
549.000000
1114.000000
163.000000
3647.000000
2591.000000
1022.000000
436.000000
291.000000
1674.000000
1724.000000
442.000000
149.000000
158.000000
847.000000
613.000000
1207.000000
394.000000
224.000000
596.000000
116.000000
221.000000
569.000000
619.000000
353.000000
111.000000
1735.000000
994.000000
221.000000
1628.000000
69.000000
639.000000
94.000000
2875.000000
366.000000
76.000000
346.000000
63.000000
167.000000
600.000000
526.000000
272.000000
957.000000
137.000000
944.000000
1360.000000
689.000000
233.000000
346.000000
226.000000
147.000000
248.000000
1356.000000
2488.000000
180.000000
570.000000
121.000000
282.000000
712.000000
105.000000
724.000000
361.000000
362.000000
2766.000000
3072.000000
780.000000
522.000000
147.000000
1284.000000
2022.000000
209.000000
314.000000
310.000000
1671.000000
57.000000
125.000000
524.000000
7231.000000
118.000000
326.000000
341.000000
168.000000
1130.000000
376.000000
132.000000
593.000000
179.000000
818.000000
972.000000
221.000000
960.000000
625.000000
726.000000
355.000000
16.000000
211.000000
166.000000
68.000000
1929.000000
687.000000
580.000000
218.000000
776.000000
156.000000
1516.000000
158.000000
186.000000
1198.000000
104.000000
704.000000
44.000000
228.000000
1275.000000
432.000000
310.000000
494.000000
1022.000000
652.000000
248.000000
658.000000
3347.000000
873.000000
276.000000
554.000000
1104.000000
944.000000
225.000000
203.000000
1956.000000
3089.000000
350.000000
150.000000
205.000000
735.000000
208.000000
656.000000
372.000000
386.000000
1294.000000
731.000000
576.000000
299.000000
162.000000
1582.000000
1089.000000
2439.000000
698.000000
201.000000
88.000000
165.000000
214.000000
3412.000000
1560.000000
1668.000000
71.000000
732.000000
2100.000000
324.000000
816.000000
543.000000
353.000000
597.000000
849.000000
368.000000
1490.000000
263.000000
469.000000
853.000000
112.000000
107.000000
224.000000
3543.000000
283.000000
381.000000
483.000000
511.000000
722.000000
865.000000
601.000000
559.000000
168.000000
1028.000000
293.000000
303.000000
499.000000
136.000000
570.000000
191.000000
561.000000
283.000000
3659.000000
108.000000
110.000000
173.000000
310.000000
817.000000
191.000000
496.000000
124.000000
1920.000000
957.000000
979.000000
330.000000
621.000000
992.000000
313.000000
865.000000
192.000000
407.000000
277.000000
271.000000
926.000000
345.000000
1116.000000
590.000000
506.000000
386.000000
187.000000
85.000000
154.000000
186.000000
228.000000
4658.000000
240.000000
2188.000000
1233.000000
71.000000
332.000000
200.000000
113.000000
15.000000
417.000000
1248.000000
118.000000
158.000000
144.000000
137.000000
2326.000000
957.000000
186.000000
407.000000
571.000000
97.000000
240.000000
364.000000
302.000000
323.000000
329.000000
1332.000000
175.000000
111.000000
128.000000
579.000000
81.000000
538.000000
107.000000
932.000000
3863.000000
1443.000000
466.000000
427.000000
1018.000000
1033.000000
327.000000
4261.000000
458.000000
419.000000
1484.000000
206.000000
890.000000
260.000000
166.000000
2483.000000
174.000000
894.000000
533.000000
315.000000
147.000000
125.000000
133.000000
35.000000
1102.000000
131.000000
629.000000
234.000000
638.000000
244.000000
1531.000000
412.000000
61.000000
161.000000
2373.000000
115.000000
688.000000
286.000000
581.000000
518.000000
51.000000
1011.000000
355.000000
299.000000
1480.000000
93.000000
921.000000
912.000000
421.000000
188.000000
3685.000000
818.000000
1553.000000
1925.000000
388.000000
90.000000
222.000000
928.000000
400.000000
1148.000000
117.000000
277.000000
1201.000000
210.000000
329.000000
84.000000
850.000000
97.000000
723.000000
177.000000
305.000000
124.000000
202.000000
989.000000
258.000000
72.000000
265.000000
532.000000
657.000000
348.000000
464.000000
1837.000000
301.000000
10662.000000
653.000000
176.000000
444.000000
132.000000
89.000000
202.000000
250.000000
360.000000
958.000000
608.000000
267.000000
929.000000
259.000000
307.000000
2132.000000
253.000000
181.000000
230.000000
485.000000
155.000000
80.000000
921.000000
596.000000
479.000000
44.000000
270.000000
480.000000
38.000000
68.000000
181.000000
741.000000
867.000000
232.000000
382.000000
1833.000000
922.000000
283.000000
192.000000
364.000000
715.000000
6140.000000
224.000000
473.000000
4876.000000
504.000000
518.000000
161.000000
237.000000
312.000000
332.000000
525.000000
300.000000
121.000000
949.000000
255.000000
1170.000000
1199.000000
389.000000
1812.000000
150.000000
671.000000
188.000000
285.000000
403.000000
53.000000
669.000000
188.000000
114.000000
421.000000
827.000000
370.000000
298.000000
237.000000
267.000000
393.000000
463.000000
340.000000
2117.000000
247.000000
113.000000
224.000000
400.000000
536.000000
273.000000
483.000000
295.000000
391.000000
193.000000
101.000000
217.000000
367.000000
635.000000
155.000000
73.000000
119.000000
879.000000
121.000000
2844.000000
271.000000
1362.000000
1063.000000
347.000000
3054.000000
2470.000000
209.000000
1247.000000
229.000000
60.000000
38.000000
761.000000
669.000000
654.000000
137.000000
95.000000
68.000000
136.000000
961.000000
291.000000
740.000000
266.000000
229.000000
149.000000
629.000000
260.000000
358.000000
1322.000000
1373.000000
458.000000
1051.000000
275.000000
1220.000000
189.000000
1398.000000
155.000000
206.000000
590.000000
296.000000
362.000000
478.000000
492.000000
633.000000
1479.000000
319.000000
358.000000
104.000000
92.000000
2466.000000
816.000000
200.000000
347.000000
3052.000000
442.000000
43.000000
2120.000000
105.000000
576.000000
722.000000
66.000000
2206.000000
89.000000
193.000000
1526.000000
45.000000
93.000000
1372.000000
122.000000
627.000000
138.000000
198.000000
1277.000000
92.000000
943.000000
47.000000
583.000000
822.000000
72.000000
1321.000000
644.000000
246.000000
557.000000
1042.000000
504.000000
754.000000
1314.000000
287.000000
317.000000
631.000000
558.000000
1492.000000
178.000000
2048.000000
188.000000
433.000000
128.000000
639.000000
1107.000000
211.000000
519.000000
872.000000
118.000000
267.000000
865.000000
403.000000
147.000000
252.000000
291.000000
300.000000
61.000000
3055.000000
472.000000
249.000000
172.000000
212.000000
379.000000
85.000000
1321.000000
1517.000000
585.000000
