111.000000
889.000000
3859.000000
405.000000
205.000000
434.000000
922.000000
189.000000
491.000000
140.000000
669.000000
566.000000
333.000000
224.000000
463.000000
423.000000
440.000000
166.000000
1777.000000
362.000000
119.000000
674.000000
575.000000
312.000000
95.000000
215.000000
151.000000
372.000000
134.000000
361.000000
117.000000
731.000000
2970.000000
480.000000
181.000000
671.000000
135.000000
54.000000
202.000000
166.000000
684.000000
843.000000
1592.000000
130.000000
772.000000
74.000000
282.000000
92.000000
665.000000
1122.000000
1126.000000
410.000000
460.000000
1431.000000
771.000000
26.000000
723.000000
413.000000
54.000000
124.000000
387.000000
312.000000
121.000000
647.000000
590.000000
8184.000000
6365.000000
582.000000
414.000000
2920.000000
450.000000
245.000000
169.000000
466.000000
170.000000
89.000000
235.000000
147.000000
87.000000
365.000000
693.000000
52.000000
396.000000
558.000000
393.000000
37.000000
342.000000
126.000000
215.000000
868.000000
68.000000
379.000000
447.000000
136.000000
53.000000
289.000000
120.000000
845.000000
245.000000
324.000000
2936.000000
480.000000
175.000000
313.000000
235.000000
911.000000
347.000000
399.000000
286.000000
111.000000
73.000000
252.000000
96.000000
199.000000
657.000000
125.000000
656.000000
381.000000
106.000000
4658.000000
3964.000000
42.000000
1420.000000
55.000000
753.000000
113.000000
304.000000
702.000000
960.000000
469.000000
1436.000000
679.000000
256.000000
361.000000
266.000000
569.000000
224.000000
1474.000000
21.000000
145.000000
134.000000
369.000000
486.000000
674.000000
148.000000
92.000000
2124.000000
232.000000
2048.000000
187.000000
749.000000
332.000000
378.000000
369.000000
989.000000
1136.000000
907.000000
603.000000
582.000000
1272.000000
695.000000
329.000000
106.000000
260.000000
71.000000
1662.000000
239.000000
321.000000
484.000000
827.000000
357.000000
120.000000
75.000000
295.000000
1965.000000
522.000000
485.000000
75.000000
867.000000
771.000000
118.000000
381.000000
314.000000
482.000000
420.000000
142.000000
662.000000
689.000000
1054.000000
281.000000
327.000000
120.000000
367.000000
218.000000
234.000000
783.000000
142.000000
106.000000
1372.000000
537.000000
469.000000
410.000000
129.000000
399.000000
298.000000
612.000000
1577.000000
466.000000
71.000000
938.000000
988.000000
32.000000
196.000000
422.000000
285.000000
1144.000000
187.000000
178.000000
367.000000
702.000000
290.000000
88.000000
288.000000
228.000000
202.000000
385.000000
654.000000
830.000000
4384.000000
793.000000
411.000000
866.000000
4374.000000
257.000000
74.000000
191.000000
407.000000
38.000000
246.000000
42.000000
198.000000
226.000000
934.000000
151.000000
140.000000
1430.000000
386.000000
2126.000000
40.000000
216.000000
83.000000
517.000000
1018.000000
679.000000
469.000000
349.000000
59.000000
45.000000
518.000000
1819.000000
288.000000
1452.000000
357.000000
223.000000
252.000000
531.000000
1406.000000
522.000000
41.000000
109.000000
4013.000000
168.000000
359.000000
1371.000000
889.000000
44.000000
1052.000000
235.000000
565.000000
276.000000
1610.000000
422.000000
274.000000
473.000000
99.000000
486.000000
1530.000000
629.000000
1034.000000
66.000000
1393.000000
781.000000
2702.000000
647.000000
638.000000
126.000000
656.000000
270.000000
610.000000
160.000000
344.000000
1070.000000
1685.000000
151.000000
145.000000
776.000000
512.000000
187.000000
113.000000
1813.000000
1062.000000
615.000000
152.000000
1405.000000
692.000000
896.000000
1074.000000
2930.000000
113.000000
750.000000
537.000000
2219.000000
99.000000
338.000000
2717.000000
572.000000
83.000000
134.000000
214.000000
721.000000
191.000000
369.000000
181.000000
243.000000
444.000000
1400.000000
2244.000000
1126.000000
217.000000
689.000000
168.000000
160.000000
408.000000
108.000000
131.000000
76.000000
685.000000
515.000000
736.000000
2829.000000
397.000000
2872.000000
126.000000
1014.000000
283.000000
291.000000
502.000000
487.000000
211.000000
145.000000
297.000000
143.000000
2415.000000
2707.000000
995.000000
555.000000
491.000000
355.000000
274.000000
607.000000
379.000000
1472.000000
136.000000
209.000000
1952.000000
887.000000
507.000000
344.000000
1304.000000
402.000000
2992.000000
89.000000
1777.000000
1149.000000
167.000000
1610.000000
1577.000000
765.000000
155.000000
2934.000000
2617.000000
243.000000
346.000000
1159.000000
1872.000000
21.000000
113.000000
131.000000
226.000000
494.000000
4938.000000
276.000000
108.000000
177.000000
1050.000000
308.000000
81.000000
69.000000
346.000000
543.000000
203.000000
775.000000
5163.000000
65.000000
599.000000
122.000000
144.000000
754.000000
1114.000000
139.000000
572.000000
237.000000
1687.000000
198.000000
2627.000000
373.000000
248.000000
113.000000
462.000000
1301.000000
561.000000
514.000000
977.000000
1052.000000
85.000000
715.000000
1087.000000
184.000000
3099.000000
215.000000
1008.000000
430.000000
522.000000
278.000000
328.000000
395.000000
423.000000
891.000000
236.000000
383.000000
948.000000
599.000000
213.000000
315.000000
116.000000
57.000000
269.000000
211.000000
1066.000000
113.000000
873.000000
738.000000
532.000000
475.000000
50.000000
386.000000
912.000000
195.000000
183.000000
168.000000
476.000000
475.000000
716.000000
125.000000
325.000000
121.000000
1146.000000
387.000000
605.000000
348.000000
2431.000000
17.000000
547.000000
328.000000
109.000000
39.000000
314.000000
857.000000
831.000000
1781.000000
522.000000
358.000000
289.000000
292.000000
914.000000
91.000000
792.000000
119.000000
73.000000
387.000000
1154.000000
462.000000
124.000000
113.000000
351.000000
1150.000000
1323.000000
22.000000
622.000000
776.000000
201.000000
183.000000
414.000000
1441.000000
350.000000
1612.000000
56.000000
127.000000
1119.000000
395.000000
2288.000000
1107.000000
22.000000
65.000000
868.000000
254.000000
1420.000000
134.000000
810.000000
2494.000000
269.000000
882.000000
524.000000
404.000000
468.000000
265.000000
623.000000
538.000000
414.000000
702.000000
117.000000
111.000000
751.000000
395.000000
923.000000
537.000000
948.000000
1113.000000
1847.000000
495.000000
432.000000
472.000000
216.000000
140.000000
275.000000
788.000000
128.000000
358.000000
514.000000
237.000000
57.000000
8550.000000
728.000000
1167.000000
209.000000
100.000000
180.000000
716.000000
3309.000000
537.000000
221.000000
1092.000000
966.000000
156.000000
840.000000
497.000000
184.000000
2191.000000
1674.000000
407.000000
795.000000
127.000000
611.000000
366.000000
112.000000
204.000000
1845.000000
140.000000
379.000000
350.000000
431.000000
1271.000000
136.000000
11097.000000
1008.000000
740.000000
649.000000
282.000000
111.000000
96.000000
421.000000
432.000000
952.000000
688.000000
236.000000
186.000000
333.000000
814.000000
268.000000
145.000000
761.000000
5873.000000
703.000000
297.000000
244.000000
174.000000
2004.000000
147.000000
172.000000
815.000000
78.000000
77.000000
226.000000
1467.000000
410.000000
604.000000
781.000000
728.000000
225.000000
596.000000
1630.000000
1461.000000
1228.000000
692.000000
127.000000
746.000000
614.000000
105.000000
1118.000000
507.000000
538.000000
40.000000
173.000000
678.000000
636.000000
454.000000
832.000000
310.000000
110.000000
714.000000
1291.000000
2993.000000
304.000000
269.000000
341.000000
46.000000
422.000000
168.000000
426.000000
1300.000000
394.000000
683.000000
84.000000
439.000000
3288.000000
125.000000
1101.000000
1260.000000
131.000000
167.000000
283.000000
632.000000
313.000000
526.000000
368.000000
514.000000
278.000000
1633.000000
88.000000
1243.000000
120.000000
781.000000
693.000000
1562.000000
230.000000
272.000000
96.000000
114.000000
210.000000
743.000000
503.000000
1036.000000
854.000000
148.000000
413.000000
364.000000
250.000000
277.000000
631.000000
116.000000
68.000000
596.000000
1739.000000
1031.000000
70.000000
623.000000
426.000000
867.000000
1211.000000
674.000000
471.000000
1117.000000
1195.000000
596.000000
263.000000
1216.000000
717.000000
475.000000
126.000000
586.000000
154.000000
2878.000000
189.000000
738.000000
1946.000000
555.000000
726.000000
196.000000
116.000000
293.000000
654.000000
771.000000
373.000000
1043.000000
112.000000
2286.000000
249.000000
467.000000
129.000000
122.000000
1069.000000
154.000000
2431.000000
516.000000
1805.000000
486.000000
291.000000
505.000000
268.000000
759.000000
356.000000
1677.000000
99.000000
85.000000
3849.000000
57.000000
1151.000000
16564.000000
201.000000
1667.000000
178.000000
359.000000
91.000000
569.000000
1502.000000
114.000000
306.000000
760.000000
228.000000
339.000000
501.000000
314.000000
607.000000
880.000000
1190.000000
791.000000
601.000000
564.000000
108.000000
181.000000
466.000000
797.000000
335.000000
500.000000
626.000000
569.000000
361.000000
286.000000
592.000000
643.000000
354.000000
762.000000
1043.000000
350.000000
306.000000
145.000000
291.000000
503.000000
2010.000000
1799.000000
217.000000
318.000000
687.000000
123.000000
351.000000
959.000000
2359.000000
85.000000
740.000000
3208.000000
100.000000
675.000000
1488.000000
26.000000
418.000000
207.000000
412.000000
172.000000
2991.000000
81.000000
159.000000
719.000000
1557.000000
548.000000
250.000000
450.000000
148.000000
2298.000000
564.000000
525.000000
251.000000
1280.000000
506.000000
355.000000
563.000000
133.000000
535.000000
79.000000
816.000000
597.000000
965.000000
1060.000000
204.000000
1982.000000
231.000000
139.000000
87.000000
1710.000000
730.000000
882.000000
823.000000
1460.000000
374.000000
1325.000000
818.000000
221.000000
316.000000
1336.000000
933.000000
127.000000
261.000000
190.000000
175.000000
3420.000000
387.000000
303.000000
1080.000000
283.000000
459.000000
758.000000
166.000000
481.000000
507.000000
298.000000
246.000000
617.000000
129.000000
2486.000000
1077.000000
1920.000000
100.000000
144.000000
506.000000
61.000000
3237.000000
96.000000
4057.000000
221.000000
460.000000
177.000000
266.000000
812.000000
237.000000
409.000000
198.000000
317.000000
319.000000
407.000000
587.000000
242.000000
406.000000
311.000000
2835.000000
186.000000
171.000000
337.000000
49.000000
644.000000
1484.000000
870.000000
152.000000
318.000000
206.000000
7537.000000
156.000000
328.000000
492.000000
522.000000
731.000000
57.000000
1325.000000
308.000000
540.000000
897.000000
142.000000
254.000000
329.000000
131.000000
406.000000
441.000000
122.000000
3067.000000
141.000000
254.000000
744.000000
285.000000
888.000000
907.000000
1086.000000
317.000000
1501.000000
344.000000
41.000000
677.000000
431.000000
1597.000000
99.000000
261.000000
102.000000
2586.000000
369.000000
272.000000
516.000000
169.000000
5027.000000
776.000000
862.000000
253.000000
241.000000
1411.000000
2140.000000
99.000000
490.000000
399.000000
846.000000
425.000000
1222.000000
442.000000
225.000000
190.000000
2311.000000
192.000000
1048.000000
144.000000
93.000000
422.000000
710.000000
363.000000
184.000000
826.000000
575.000000
415.000000
605.000000
285.000000
581.000000
253.000000
272.000000
666.000000
1669.000000
686.000000
272.000000
204.000000
370.000000
327.000000
116.000000
1142.000000
1259.000000
219.000000
4232.000000
925.000000
