156.000000
217.000000
1101.000000
1266.000000
252.000000
1242.000000
367.000000
154.000000
1481.000000
171.000000
268.000000
373.000000
72.000000
715.000000
511.000000
1397.000000
2451.000000
272.000000
706.000000
513.000000
202.000000
1243.000000
1518.000000
78.000000
338.000000
1230.000000
272.000000
373.000000
363.000000
78.000000
172.000000
249.000000
584.000000
714.000000
1152.000000
470.000000
2375.000000
1181.000000
1162.000000
823.000000
307.000000
34.000000
567.000000
354.000000
179.000000
394.000000
2614.000000
1072.000000
1089.000000
672.000000
500.000000
2178.000000
192.000000
18.000000
349.000000
70.000000
200.000000
175.000000
138.000000
298.000000
1026.000000
164.000000
722.000000
195.000000
61.000000
503.000000
437.000000
3425.000000
161.000000
227.000000
280.000000
573.000000
865.000000
87.000000
374.000000
306.000000
329.000000
171.000000
233.000000
185.000000
67.000000
447.000000
237.000000
4064.000000
246.000000
241.000000
675.000000
891.000000
1236.000000
230.000000
155.000000
5932.000000
1084.000000
524.000000
410.000000
119.000000
781.000000
175.000000
466.000000
441.000000
572.000000
3401.000000
63.000000
590.000000
367.000000
1398.000000
3741.000000
569.000000
309.000000
153.000000
1033.000000
1232.000000
686.000000
846.000000
151.000000
1269.000000
95.000000
634.000000
263.000000
778.000000
1426.000000
543.000000
3353.000000
98.000000
1356.000000
596.000000
657.000000
1209.000000
927.000000
1232.000000
448.000000
161.000000
1652.000000
203.000000
317.000000
799.000000
163.000000
131.000000
1290.000000
1713.000000
220.000000
261.000000
947.000000
580.000000
64.000000
359.000000
80.000000
417.000000
676.000000
3316.000000
514.000000
226.000000
506.000000
411.000000
1514.000000
142.000000
331.000000
183.000000
299.000000
256.000000
112.000000
245.000000
227.000000
329.000000
432.000000
1097.000000
235.000000
260.000000
1095.000000
176.000000
3115.000000
92.000000
423.000000
769.000000
343.000000
42.000000
605.000000
556.000000
954.000000
256.000000
768.000000
157.000000
122.000000
77.000000
540.000000
1523.000000
552.000000
1056.000000
224.000000
517.000000
866.000000
948.000000
85.000000
512.000000
431.000000
362.000000
676.000000
381.000000
223.000000
86.000000
103.000000
221.000000
219.000000
162.000000
603.000000
78.000000
533.000000
285.000000
895.000000
319.000000
1182.000000
565.000000
46.000000
50.000000
3358.000000
488.000000
158.000000
283.000000
324.000000
466.000000
4999.000000
643.000000
512.000000
172.000000
343.000000
1959.000000
981.000000
406.000000
505.000000
119.000000
440.000000
192.000000
733.000000
959.000000
81.000000
670.000000
296.000000
412.000000
210.000000
960.000000
103.000000
198.000000
470.000000
477.000000
119.000000
366.000000
1625.000000
89.000000
651.000000
143.000000
353.000000
21.000000
2630.000000
1072.000000
125.000000
640.000000
60.000000
279.000000
281.000000
556.000000
245.000000
503.000000
2608.000000
50.000000
314.000000
323.000000
957.000000
1034.000000
2010.000000
443.000000
364.000000
417.000000
239.000000
134.000000
676.000000
259.000000
839.000000
1716.000000
202.000000
530.000000
1580.000000
221.000000
1777.000000
215.000000
205.000000
642.000000
747.000000
259.000000
377.000000
261.000000
675.000000
717.000000
245.000000
501.000000
869.000000
537.000000
956.000000
242.000000
140.000000
187.000000
1354.000000
201.000000
212.000000
79.000000
113.000000
85.000000
373.000000
158.000000
800.000000
435.000000
2029.000000
722.000000
178.000000
3050.000000
278.000000
113.000000
242.000000
220.000000
1317.000000
1170.000000
805.000000
810.000000
96.000000
350.000000
370.000000
65.000000
566.000000
247.000000
342.000000
539.000000
96.000000
459.000000
56.000000
947.000000
410.000000
1088.000000
627.000000
212.000000
91.000000
436.000000
857.000000
314.000000
618.000000
173.000000
215.000000
801.000000
1373.000000
2051.000000
733.000000
347.000000
549.000000
327.000000
464.000000
62.000000
785.000000
1235.000000
721.000000
665.000000
186.000000
400.000000
163.000000
535.000000
712.000000
829.000000
748.000000
256.000000
2815.000000
89.000000
361.000000
292.000000
48.000000
1780.000000
934.000000
4851.000000
170.000000
6536.000000
579.000000
104.000000
457.000000
1068.000000
285.000000
838.000000
151.000000
1739.000000
111.000000
555.000000
801.000000
233.000000
365.000000
295.000000
344.000000
218.000000
1100.000000
1426.000000
358.000000
563.000000
845.000000
448.000000
258.000000
88.000000
86.000000
1114.000000
1383.000000
554.000000
138.000000
616.000000
1677.000000
567.000000
203.000000
117.000000
3303.000000
428.000000
87.000000
989.000000
107.000000
4190.000000
435.000000
508.000000
1496.000000
1047.000000
756.000000
328.000000
1681.000000
22.000000
849.000000
447.000000
759.000000
398.000000
439.000000
93.000000
188.000000
1020.000000
549.000000
670.000000
247.000000
170.000000
199.000000
141.000000
1158.000000
80.000000
64.000000
372.000000
635.000000
1253.000000
97.000000
1121.000000
694.000000
297.000000
90.000000
2029.000000
213.000000
452.000000
600.000000
403.000000
239.000000
1312.000000
549.000000
222.000000
110.000000
626.000000
1865.000000
1227.000000
268.000000
146.000000
306.000000
298.000000
269.000000
654.000000
82.000000
523.000000
270.000000
62.000000
452.000000
224.000000
520.000000
39.000000
112.000000
70.000000
575.000000
413.000000
742.000000
259.000000
741.000000
308.000000
1958.000000
618.000000
639.000000
314.000000
61.000000
141.000000
165.000000
301.000000
1971.000000
1203.000000
121.000000
212.000000
195.000000
270.000000
1162.000000
157.000000
1328.000000
418.000000
128.000000
427.000000
348.000000
1330.000000
271.000000
822.000000
611.000000
1199.000000
286.000000
845.000000
107.000000
880.000000
399.000000
436.000000
173.000000
174.000000
1876.000000
813.000000
229.000000
325.000000
386.000000
55.000000
167.000000
217.000000
1941.000000
324.000000
287.000000
1133.000000
282.000000
399.000000
673.000000
385.000000
291.000000
533.000000
391.000000
185.000000
190.000000
1713.000000
146.000000
586.000000
1445.000000
238.000000
236.000000
1631.000000
801.000000
80.000000
146.000000
260.000000
366.000000
109.000000
524.000000
3220.000000
369.000000
154.000000
1079.000000
105.000000
630.000000
302.000000
222.000000
96.000000
658.000000
248.000000
577.000000
85.000000
37.000000
1076.000000
639.000000
638.000000
208.000000
1029.000000
202.000000
773.000000
241.000000
106.000000
52.000000
1670.000000
121.000000
1337.000000
720.000000
279.000000
795.000000
967.000000
442.000000
2655.000000
1949.000000
183.000000
2524.000000
824.000000
58.000000
443.000000
1431.000000
579.000000
758.000000
171.000000
1109.000000
449.000000
91.000000
128.000000
264.000000
665.000000
392.000000
179.000000
470.000000
147.000000
1126.000000
46.000000
68.000000
963.000000
851.000000
246.000000
669.000000
254.000000
477.000000
331.000000
101.000000
1017.000000
370.000000
650.000000
739.000000
83.000000
223.000000
1117.000000
1415.000000
446.000000
1339.000000
550.000000
657.000000
641.000000
631.000000
315.000000
562.000000
679.000000
878.000000
616.000000
392.000000
477.000000
770.000000
644.000000
109.000000
1769.000000
168.000000
664.000000
311.000000
1036.000000
2021.000000
515.000000
498.000000
644.000000
43.000000
110.000000
254.000000
138.000000
2055.000000
256.000000
449.000000
253.000000
60.000000
59.000000
238.000000
45.000000
467.000000
309.000000
2238.000000
355.000000
1032.000000
501.000000
503.000000
1195.000000
165.000000
1032.000000
503.000000
324.000000
454.000000
918.000000
236.000000
1423.000000
137.000000
79.000000
735.000000
78.000000
1605.000000
86.000000
617.000000
590.000000
205.000000
352.000000
668.000000
152.000000
701.000000
2722.000000
59.000000
1081.000000
582.000000
97.000000
369.000000
191.000000
176.000000
204.000000
158.000000
1063.000000
2670.000000
380.000000
2652.000000
535.000000
526.000000
530.000000
1271.000000
858.000000
165.000000
451.000000
829.000000
1054.000000
1124.000000
4725.000000
675.000000
49.000000
274.000000
808.000000
136.000000
58.000000
670.000000
55.000000
820.000000
553.000000
1340.000000
367.000000
792.000000
344.000000
1243.000000
69.000000
1735.000000
477.000000
292.000000
590.000000
228.000000
110.000000
470.000000
157.000000
267.000000
88.000000
1477.000000
415.000000
1969.000000
337.000000
2717.000000
783.000000
428.000000
357.000000
457.000000
153.000000
8374.000000
652.000000
759.000000
3001.000000
191.000000
439.000000
837.000000
799.000000
106.000000
606.000000
771.000000
656.000000
144.000000
959.000000
3710.000000
2705.000000
606.000000
536.000000
422.000000
175.000000
980.000000
90.000000
224.000000
613.000000
2701.000000
248.000000
102.000000
933.000000
199.000000
549.000000
416.000000
947.000000
66.000000
2233.000000
283.000000
599.000000
1319.000000
189.000000
939.000000
431.000000
8753.000000
1034.000000
638.000000
314.000000
200.000000
1191.000000
108.000000
188.000000
347.000000
1183.000000
147.000000
1130.000000
869.000000
2250.000000
687.000000
557.000000
107.000000
1013.000000
167.000000
448.000000
1346.000000
203.000000
202.000000
434.000000
286.000000
382.000000
656.000000
2063.000000
153.000000
1250.000000
902.000000
280.000000
393.000000
164.000000
391.000000
1357.000000
362.000000
862.000000
1940.000000
313.000000
47.000000
80.000000
306.000000
129.000000
589.000000
545.000000
141.000000
2065.000000
283.000000
288.000000
192.000000
1342.000000
880.000000
190.000000
448.000000
999.000000
334.000000
906.000000
129.000000
570.000000
713.000000
580.000000
197.000000
793.000000
484.000000
55.000000
2156.000000
824.000000
968.000000
251.000000
915.000000
418.000000
758.000000
232.000000
489.000000
367.000000
136.000000
548.000000
135.000000
233.000000
292.000000
1448.000000
523.000000
190.000000
139.000000
779.000000
1401.000000
153.000000
79.000000
162.000000
195.000000
15.000000
805.000000
285.000000
1049.000000
411.000000
304.000000
1143.000000
650.000000
512.000000
275.000000
149.000000
837.000000
24.000000
1732.000000
125.000000
1039.000000
779.000000
234.000000
185.000000
838.000000
123.000000
622.000000
271.000000
637.000000
63.000000
421.000000
317.000000
624.000000
308.000000
61.000000
135.000000
718.000000
439.000000
1415.000000
107.000000
169.000000
342.000000
111.000000
292.000000
235.000000
101.000000
1036.000000
3586.000000
288.000000
124.000000
426.000000
358.000000
73.000000
1000.000000
102.000000
448.000000
1645.000000
506.000000
180.000000
230.000000
91.000000
251.000000
1546.000000
740.000000
1366.000000
353.000000
307.000000
590.000000
200.000000
104.000000
688.000000
2367.000000
198.000000
743.000000
272.000000
847.000000
80.000000
136.000000
173.000000
2175.000000
531.000000
514.000000
315.000000
260.000000
731.000000
1389.000000
575.000000
305.000000
232.000000
1351.000000
1016.000000
296.000000
683.000000
357.000000
159.000000
359.000000
256.000000
57.000000
516.000000
346.000000
398.000000
390.000000
71.000000
116.000000
517.000000
1490.000000
542.000000
116.000000
197.000000
3527.000000
943.000000
620.000000
174.000000
80.000000
2835.000000
77.000000
225.000000
552.000000
350.000000
137.000000
337.000000
382.000000
