158.000000
813.000000
615.000000
745.000000
1486.000000
894.000000
149.000000
312.000000
190.000000
64.000000
698.000000
239.000000
82.000000
117.000000
677.000000
239.000000
1233.000000
242.000000
167.000000
6764.000000
529.000000
255.000000
612.000000
242.000000
1985.000000
540.000000
158.000000
223.000000
110.000000
474.000000
478.000000
4507.000000
811.000000
799.000000
980.000000
453.000000
640.000000
142.000000
327.000000
456.000000
609.000000
336.000000
283.000000
349.000000
1328.000000
426.000000
673.000000
1869.000000
1072.000000
3075.000000
265.000000
136.000000
1070.000000
215.000000
158.000000
122.000000
1661.000000
158.000000
139.000000
430.000000
1426.000000
79.000000
371.000000
136.000000
2162.000000
557.000000
108.000000
622.000000
145.000000
1076.000000
363.000000
2533.000000
214.000000
3519.000000
726.000000
462.000000
624.000000
182.000000
418.000000
1340.000000
86.000000
1638.000000
5776.000000
499.000000
1297.000000
1033.000000
545.000000
846.000000
81.000000
1366.000000
1063.000000
252.000000
1179.000000
148.000000
345.000000
4861.000000
347.000000
462.000000
477.000000
114.000000
427.000000
1379.000000
572.000000
228.000000
112.000000
151.000000
777.000000
236.000000
2631.000000
75.000000
136.000000
239.000000
167.000000
298.000000
45.000000
575.000000
368.000000
603.000000
1220.000000
471.000000
64.000000
852.000000
506.000000
1090.000000
800.000000
1024.000000
1090.000000
1414.000000
571.000000
411.000000
750.000000
803.000000
239.000000
64.000000
182.000000
346.000000
460.000000
641.000000
1180.000000
189.000000
1310.000000
702.000000
494.000000
1064.000000
1082.000000
317.000000
517.000000
309.000000
737.000000
365.000000
188.000000
1726.000000
1151.000000
1974.000000
82.000000
1473.000000
269.000000
411.000000
3570.000000
56.000000
221.000000
770.000000
495.000000
553.000000
443.000000
630.000000
364.000000
251.000000
1333.000000
86.000000
59.000000
172.000000
180.000000
1091.000000
1813.000000
388.000000
499.000000
170.000000
187.000000
38.000000
219.000000
789.000000
1517.000000
187.000000
387.000000
533.000000
361.000000
390.000000
1272.000000
170.000000
1135.000000
472.000000
351.000000
120.000000
1595.000000
139.000000
1523.000000
671.000000
104.000000
806.000000
1488.000000
587.000000
1226.000000
608.000000
421.000000
1000.000000
199.000000
215.000000
474.000000
166.000000
1159.000000
681.000000
768.000000
328.000000
474.000000
363.000000
375.000000
290.000000
307.000000
1201.000000
360.000000
270.000000
411.000000
86.000000
283.000000
239.000000
288.000000
417.000000
412.000000
3039.000000
109.000000
2695.000000
864.000000
702.000000
382.000000
658.000000
1285.000000
362.000000
149.000000
1097.000000
90.000000
279.000000
473.000000
476.000000
396.000000
413.000000
1656.000000
271.000000
1030.000000
640.000000
266.000000
1606.000000
75.000000
1853.000000
292.000000
326.000000
970.000000
79.000000
1373.000000
323.000000
313.000000
407.000000
516.000000
152.000000
422.000000
6480.000000
507.000000
284.000000
148.000000
218.000000
1098.000000
1188.000000
717.000000
226.000000
1145.000000
1018.000000
579.000000
415.000000
897.000000
137.000000
645.000000
124.000000
218.000000
52.000000
1263.000000
165.000000
118.000000
59.000000
317.000000
240.000000
49.000000
1537.000000
219.000000
211.000000
87.000000
90.000000
502.000000
1951.000000
910.000000
201.000000
636.000000
390.000000
1498.000000
558.000000
140.000000
419.000000
959.000000
2185.000000
107.000000
962.000000
184.000000
694.000000
2731.000000
82.000000
128.000000
202.000000
1323.000000
19.000000
350.000000
495.000000
774.000000
329.000000
343.000000
1320.000000
175.000000
133.000000
288.000000
180.000000
189.000000
48.000000
134.000000
275.000000
202.000000
307.000000
393.000000
588.000000
726.000000
1181.000000
222.000000
605.000000
476.000000
169.000000
386.000000
1588.000000
433.000000
629.000000
1090.000000
1454.000000
231.000000
222.000000
556.000000
986.000000
125.000000
1357.000000
414.000000
130.000000
770.000000
1460.000000
5010.000000
812.000000
986.000000
240.000000
214.000000
646.000000
308.000000
460.000000
692.000000
1021.000000
324.000000
297.000000
283.000000
472.000000
864.000000
556.000000
88.000000
467.000000
399.000000
154.000000
324.000000
209.000000
894.000000
2514.000000
1019.000000
379.000000
1223.000000
72.000000
204.000000
79.000000
3779.000000
413.000000
189.000000
186.000000
229.000000
1119.000000
329.000000
951.000000
186.000000
523.000000
151.000000
526.000000
205.000000
988.000000
1417.000000
93.000000
857.000000
1534.000000
1219.000000
1057.000000
2382.000000
505.000000
1015.000000
534.000000
296.000000
263.000000
590.000000
746.000000
261.000000
524.000000
377.000000
1352.000000
757.000000
430.000000
765.000000
701.000000
786.000000
352.000000
249.000000
1177.000000
458.000000
126.000000
598.000000
762.000000
105.000000
98.000000
375.000000
145.000000
275.000000
464.000000
250.000000
262.000000
418.000000
197.000000
185.000000
686.000000
231.000000
1728.000000
95.000000
218.000000
505.000000
247.000000
244.000000
161.000000
385.000000
220.000000
277.000000
2900.000000
365.000000
359.000000
204.000000
917.000000
846.000000
90.000000
127.000000
1247.000000
1282.000000
63.000000
103.000000
990.000000
303.000000
41.000000
1066.000000
226.000000
1211.000000
2085.000000
698.000000
310.000000
540.000000
890.000000
631.000000
136.000000
182.000000
1882.000000
364.000000
141.000000
534.000000
119.000000
198.000000
240.000000
282.000000
200.000000
461.000000
72.000000
102.000000
558.000000
183.000000
283.000000
325.000000
1139.000000
134.000000
302.000000
157.000000
792.000000
1070.000000
1181.000000
651.000000
420.000000
124.000000
926.000000
917.000000
263.000000
272.000000
169.000000
47.000000
892.000000
498.000000
2745.000000
264.000000
107.000000
318.000000
100.000000
619.000000
1109.000000
806.000000
320.000000
31.000000
51.000000
352.000000
424.000000
102.000000
395.000000
155.000000
211.000000
1612.000000
77.000000
195.000000
344.000000
239.000000
232.000000
327.000000
239.000000
783.000000
428.000000
215.000000
34.000000
103.000000
319.000000
268.000000
318.000000
530.000000
240.000000
141.000000
353.000000
628.000000
213.000000
625.000000
437.000000
108.000000
3670.000000
741.000000
368.000000
162.000000
1303.000000
827.000000
164.000000
143.000000
1377.000000
303.000000
511.000000
695.000000
571.000000
195.000000
297.000000
402.000000
157.000000
271.000000
882.000000
192.000000
265.000000
159.000000
892.000000
455.000000
341.000000
95.000000
123.000000
536.000000
107.000000
2663.000000
767.000000
372.000000
292.000000
118.000000
133.000000
230.000000
1073.000000
143.000000
949.000000
545.000000
44.000000
173.000000
1262.000000
164.000000
143.000000
741.000000
1478.000000
71.000000
86.000000
359.000000
835.000000
367.000000
723.000000
170.000000
1945.000000
190.000000
330.000000
186.000000
645.000000
1356.000000
1156.000000
2832.000000
855.000000
1044.000000
1323.000000
686.000000
89.000000
394.000000
1102.000000
503.000000
94.000000
308.000000
781.000000
182.000000
364.000000
349.000000
1069.000000
315.000000
935.000000
1414.000000
900.000000
1588.000000
401.000000
225.000000
239.000000
4210.000000
467.000000
599.000000
202.000000
95.000000
389.000000
411.000000
129.000000
185.000000
263.000000
510.000000
344.000000
474.000000
605.000000
10392.000000
429.000000
389.000000
584.000000
198.000000
185.000000
170.000000
29.000000
305.000000
247.000000
158.000000
864.000000
445.000000
380.000000
1575.000000
1044.000000
120.000000
197.000000
659.000000
1125.000000
231.000000
520.000000
72.000000
391.000000
1177.000000
974.000000
206.000000
174.000000
277.000000
252.000000
479.000000
3747.000000
270.000000
320.000000
363.000000
575.000000
574.000000
514.000000
320.000000
461.000000
184.000000
134.000000
693.000000
1285.000000
499.000000
135.000000
627.000000
87.000000
80.000000
153.000000
29.000000
77.000000
59.000000
1049.000000
137.000000
296.000000
277.000000
311.000000
268.000000
133.000000
1289.000000
557.000000
420.000000
620.000000
535.000000
394.000000
656.000000
356.000000
447.000000
101.000000
129.000000
71.000000
263.000000
133.000000
786.000000
671.000000
271.000000
544.000000
223.000000
236.000000
91.000000
180.000000
129.000000
593.000000
1252.000000
65.000000
405.000000
253.000000
185.000000
285.000000
1622.000000
412.000000
614.000000
97.000000
347.000000
790.000000
4857.000000
86.000000
806.000000
329.000000
581.000000
990.000000
663.000000
92.000000
276.000000
313.000000
494.000000
1086.000000
234.000000
104.000000
1534.000000
2702.000000
157.000000
53.000000
209.000000
326.000000
581.000000
405.000000
939.000000
641.000000
375.000000
184.000000
322.000000
269.000000
640.000000
375.000000
322.000000
295.000000
71.000000
1464.000000
204.000000
783.000000
80.000000
745.000000
1188.000000
880.000000
567.000000
140.000000
198.000000
506.000000
3256.000000
1130.000000
564.000000
459.000000
418.000000
1359.000000
602.000000
106.000000
242.000000
882.000000
114.000000
95.000000
77.000000
323.000000
316.000000
652.000000
534.000000
66.000000
365.000000
876.000000
538.000000
335.000000
1029.000000
206.000000
354.000000
337.000000
872.000000
248.000000
201.000000
67.000000
581.000000
1430.000000
684.000000
131.000000
516.000000
63.000000
1077.000000
491.000000
195.000000
499.000000
165.000000
143.000000
514.000000
879.000000
322.000000
340.000000
130.000000
71.000000
305.000000
506.000000
2677.000000
124.000000
1053.000000
430.000000
263.000000
280.000000
601.000000
164.000000
596.000000
788.000000
317.000000
931.000000
4967.000000
621.000000
223.000000
320.000000
818.000000
298.000000
108.000000
247.000000
599.000000
455.000000
358.000000
301.000000
544.000000
249.000000
2256.000000
125.000000
128.000000
370.000000
151.000000
189.000000
321.000000
255.000000
767.000000
2746.000000
634.000000
489.000000
2068.000000
2104.000000
952.000000
233.000000
298.000000
161.000000
1082.000000
395.000000
328.000000
133.000000
625.000000
789.000000
82.000000
774.000000
396.000000
224.000000
951.000000
337.000000
645.000000
409.000000
296.000000
800.000000
56.000000
336.000000
2362.000000
88.000000
378.000000
289.000000
1692.000000
320.000000
1169.000000
359.000000
1355.000000
367.000000
1764.000000
871.000000
2667.000000
449.000000
69.000000
880.000000
75.000000
600.000000
149.000000
232.000000
127.000000
382.000000
899.000000
1617.000000
1026.000000
315.000000
99.000000
310.000000
984.000000
144.000000
58.000000
183.000000
326.000000
2175.000000
484.000000
650.000000
134.000000
202.000000
1020.000000
640.000000
959.000000
600.000000
353.000000
357.000000
334.000000
1821.000000
113.000000
415.000000
1654.000000
6929.000000
1145.000000
592.000000
517.000000
128.000000
1157.000000
310.000000
290.000000
475.000000
97.000000
937.000000
111.000000
487.000000
507.000000
113.000000
328.000000
128.000000
494.000000
189.000000
373.000000
409.000000
1606.000000
109.000000
129.000000
318.000000
23.000000
766.000000
1206.000000
761.000000
198.000000
436.000000
3199.000000
26.000000
779.000000
1393.000000
89.000000
925.000000
287.000000
215.000000
683.000000
2369.000000
576.000000
316.000000
