316.000000
837.000000
1032.000000
90.000000
442.000000
488.000000
888.000000
721.000000
75.000000
79.000000
248.000000
355.000000
446.000000
215.000000
81.000000
390.000000
41.000000
993.000000
471.000000
209.000000
197.000000
438.000000
271.000000
359.000000
2306.000000
755.000000
78.000000
221.000000
2499.000000
325.000000
334.000000
254.000000
416.000000
1570.000000
197.000000
315.000000
485.000000
277.000000
470.000000
2397.000000
167.000000
790.000000
258.000000
133.000000
336.000000
163.000000
587.000000
314.000000
551.000000
170.000000
346.000000
434.000000
1057.000000
250.000000
513.000000
729.000000
235.000000
144.000000
244.000000
49.000000
598.000000
277.000000
2469.000000
109.000000
399.000000
423.000000
451.000000
3487.000000
84.000000
155.000000
2248.000000
173.000000
1757.000000
703.000000
684.000000
335.000000
451.000000
902.000000
1173.000000
224.000000
1452.000000
305.000000
1784.000000
468.000000
203.000000
288.000000
255.000000
602.000000
201.000000
504.000000
673.000000
492.000000
139.000000
390.000000
908.000000
232.000000
92.000000
231.000000
133.000000
92.000000
903.000000
174.000000
144.000000
439.000000
34.000000
448.000000
134.000000
51.000000
1759.000000
849.000000
189.000000
1851.000000
556.000000
264.000000
195.000000
418.000000
362.000000
159.000000
398.000000
1657.000000
136.000000
305.000000
432.000000
274.000000
244.000000
148.000000
452.000000
127.000000
575.000000
502.000000
226.000000
72.000000
1449.000000
136.000000
572.000000
3008.000000
198.000000
3301.000000
612.000000
174.000000
65.000000
205.000000
324.000000
319.000000
360.000000
116.000000
121.000000
534.000000
808.000000
690.000000
221.000000
80.000000
169.000000
724.000000
599.000000
191.000000
496.000000
533.000000
2822.000000
339.000000
166.000000
1409.000000
133.000000
637.000000
416.000000
98.000000
280.000000
366.000000
223.000000
609.000000
209.000000
93.000000
91.000000
659.000000
240.000000
567.000000
444.000000
676.000000
447.000000
80.000000
705.000000
276.000000
77.000000
710.000000
34.000000
41.000000
927.000000
193.000000
113.000000
123.000000
165.000000
40.000000
319.000000
201.000000
270.000000
3118.000000
265.000000
83.000000
462.000000
428.000000
202.000000
458.000000
279.000000
657.000000
928.000000
325.000000
1357.000000
260.000000
234.000000
231.000000
497.000000
827.000000
620.000000
878.000000
1149.000000
242.000000
162.000000
1715.000000
4430.000000
59.000000
383.000000
521.000000
240.000000
543.000000
381.000000
1772.000000
118.000000
299.000000
723.000000
1316.000000
1346.000000
285.000000
167.000000
624.000000
417.000000
293.000000
180.000000
612.000000
179.000000
64.000000
822.000000
437.000000
526.000000
391.000000
446.000000
1313.000000
1234.000000
147.000000
1276.000000
1138.000000
362.000000
501.000000
324.000000
236.000000
125.000000
474.000000
43.000000
771.000000
373.000000
408.000000
1435.000000
204.000000
382.000000
261.000000
277.000000
1049.000000
149.000000
44.000000
1671.000000
927.000000
502.000000
836.000000
456.000000
1120.000000
253.000000
1216.000000
842.000000
74.000000
1010.000000
210.000000
1294.000000
291.000000
529.000000
1035.000000
2482.000000
441.000000
1365.000000
4697.000000
551.000000
702.000000
674.000000
933.000000
236.000000
261.000000
108.000000
135.000000
410.000000
1063.000000
160.000000
281.000000
105.000000
1321.000000
754.000000
206.000000
1205.000000
379.000000
499.000000
262.000000
427.000000
289.000000
90.000000
264.000000
307.000000
511.000000
80.000000
593.000000
351.000000
751.000000
71.000000
232.000000
590.000000
117.000000
713.000000
251.000000
1061.000000
232.000000
717.000000
1680.000000
794.000000
396.000000
649.000000
250.000000
815.000000
221.000000
111.000000
558.000000
437.000000
138.000000
137.000000
1073.000000
372.000000
2772.000000
273.000000
387.000000
2802.000000
128.000000
94.000000
418.000000
480.000000
179.000000
168.000000
250.000000
734.000000
831.000000
896.000000
208.000000
1814.000000
519.000000
825.000000
1104.000000
1646.000000
634.000000
650.000000
280.000000
33.000000
209.000000
368.000000
244.000000
2262.000000
1137.000000
611.000000
101.000000
174.000000
512.000000
198.000000
88.000000
393.000000
105.000000
285.000000
296.000000
281.000000
582.000000
122.000000
139.000000
235.000000
446.000000
306.000000
345.000000
352.000000
760.000000
183.000000
402.000000
1570.000000
346.000000
60.000000
889.000000
690.000000
1015.000000
344.000000
308.000000
278.000000
212.000000
364.000000
3966.000000
847.000000
1386.000000
250.000000
595.000000
763.000000
1662.000000
1462.000000
644.000000
517.000000
289.000000
365.000000
350.000000
165.000000
1506.000000
926.000000
1127.000000
107.000000
137.000000
228.000000
156.000000
208.000000
474.000000
168.000000
1838.000000
491.000000
255.000000
2109.000000
96.000000
270.000000
95.000000
337.000000
330.000000
345.000000
1886.000000
499.000000
507.000000
67.000000
754.000000
475.000000
439.000000
581.000000
1607.000000
934.000000
61.000000
1941.000000
334.000000
49.000000
223.000000
275.000000
570.000000
289.000000
1847.000000
197.000000
421.000000
364.000000
86.000000
134.000000
566.000000
143.000000
190.000000
709.000000
271.000000
2618.000000
567.000000
626.000000
759.000000
121.000000
69.000000
414.000000
1624.000000
473.000000
586.000000
937.000000
399.000000
500.000000
143.000000
831.000000
283.000000
463.000000
1592.000000
383.000000
576.000000
354.000000
891.000000
666.000000
324.000000
313.000000
1609.000000
172.000000
250.000000
294.000000
707.000000
1894.000000
707.000000
217.000000
1765.000000
146.000000
60.000000
285.000000
40.000000
292.000000
481.000000
431.000000
222.000000
309.000000
2963.000000
1780.000000
4448.000000
140.000000
56.000000
633.000000
3059.000000
154.000000
75.000000
65.000000
1170.000000
5016.000000
596.000000
409.000000
2089.000000
189.000000
1053.000000
137.000000
180.000000
1515.000000
662.000000
245.000000
223.000000
70.000000
1638.000000
79.000000
739.000000
627.000000
353.000000
551.000000
263.000000
306.000000
264.000000
41.000000
674.000000
151.000000
148.000000
507.000000
290.000000
308.000000
413.000000
480.000000
267.000000
391.000000
555.000000
177.000000
80.000000
2013.000000
582.000000
619.000000
330.000000
272.000000
897.000000
244.000000
401.000000
233.000000
181.000000
265.000000
140.000000
220.000000
980.000000
1195.000000
346.000000
265.000000
244.000000
745.000000
136.000000
542.000000
373.000000
452.000000
279.000000
270.000000
314.000000
121.000000
602.000000
342.000000
257.000000
114.000000
385.000000
337.000000
589.000000
189.000000
1607.000000
509.000000
220.000000
221.000000
498.000000
551.000000
126.000000
183.000000
387.000000
247.000000
158.000000
159.000000
287.000000
1840.000000
857.000000
601.000000
122.000000
407.000000
53.000000
1658.000000
503.000000
543.000000
761.000000
473.000000
165.000000
229.000000
289.000000
201.000000
238.000000
613.000000
546.000000
155.000000
341.000000
2115.000000
125.000000
911.000000
1438.000000
201.000000
2634.000000
572.000000
349.000000
473.000000
262.000000
1065.000000
304.000000
269.000000
321.000000
871.000000
145.000000
2031.000000
432.000000
98.000000
982.000000
1242.000000
450.000000
399.000000
67.000000
83.000000
425.000000
257.000000
355.000000
222.000000
2581.000000
257.000000
273.000000
117.000000
630.000000
323.000000
86.000000
532.000000
5483.000000
653.000000
70.000000
436.000000
5098.000000
646.000000
69.000000
214.000000
426.000000
130.000000
2260.000000
2430.000000
332.000000
273.000000
3795.000000
30.000000
849.000000
856.000000
105.000000
22.000000
170.000000
1435.000000
589.000000
181.000000
793.000000
158.000000
137.000000
543.000000
299.000000
420.000000
429.000000
581.000000
90.000000
448.000000
93.000000
722.000000
557.000000
1166.000000
164.000000
48.000000
312.000000
1221.000000
2590.000000
140.000000
254.000000
1286.000000
354.000000
327.000000
120.000000
6209.000000
66.000000
285.000000
1196.000000
168.000000
4120.000000
1149.000000
677.000000
728.000000
313.000000
965.000000
227.000000
550.000000
371.000000
599.000000
67.000000
90.000000
590.000000
164.000000
870.000000
169.000000
568.000000
412.000000
449.000000
234.000000
1151.000000
280.000000
377.000000
235.000000
236.000000
400.000000
315.000000
181.000000
2440.000000
345.000000
129.000000
386.000000
920.000000
450.000000
202.000000
413.000000
285.000000
143.000000
153.000000
641.000000
846.000000
864.000000
46.000000
216.000000
96.000000
300.000000
95.000000
337.000000
111.000000
345.000000
183.000000
870.000000
224.000000
2020.000000
804.000000
313.000000
677.000000
286.000000
168.000000
512.000000
322.000000
20925.000000
479.000000
3291.000000
667.000000
478.000000
1041.000000
197.000000
270.000000
315.000000
155.000000
198.000000
2335.000000
612.000000
170.000000
1784.000000
949.000000
116.000000
506.000000
205.000000
1506.000000
383.000000
97.000000
1424.000000
778.000000
450.000000
171.000000
1250.000000
120.000000
335.000000
629.000000
893.000000
206.000000
286.000000
879.000000
318.000000
123.000000
283.000000
270.000000
68.000000
1635.000000
450.000000
6457.000000
444.000000
512.000000
1674.000000
2507.000000
355.000000
273.000000
654.000000
302.000000
394.000000
325.000000
159.000000
364.000000
390.000000
316.000000
984.000000
895.000000
1541.000000
265.000000
215.000000
219.000000
821.000000
296.000000
336.000000
290.000000
4092.000000
307.000000
413.000000
232.000000
75.000000
1738.000000
495.000000
818.000000
1411.000000
45.000000
658.000000
69.000000
315.000000
755.000000
284.000000
308.000000
700.000000
237.000000
1751.000000
882.000000
218.000000
115.000000
63.000000
298.000000
269.000000
237.000000
413.000000
54.000000
122.000000
326.000000
192.000000
1062.000000
155.000000
1261.000000
830.000000
1452.000000
503.000000
3753.000000
413.000000
610.000000
1053.000000
392.000000
705.000000
1015.000000
1202.000000
309.000000
176.000000
525.000000
65.000000
1349.000000
277.000000
379.000000
178.000000
475.000000
1177.000000
2600.000000
185.000000
418.000000
649.000000
571.000000
1018.000000
747.000000
782.000000
359.000000
311.000000
243.000000
2322.000000
598.000000
766.000000
326.000000
754.000000
2005.000000
219.000000
801.000000
354.000000
930.000000
275.000000
260.000000
130.000000
939.000000
230.000000
203.000000
550.000000
398.000000
649.000000
426.000000
66.000000
396.000000
3964.000000
95.000000
397.000000
185.000000
2090.000000
348.000000
498.000000
50.000000
61.000000
1301.000000
814.000000
446.000000
652.000000
172.000000
233.000000
341.000000
203.000000
50.000000
212.000000
1210.000000
185.000000
158.000000
285.000000
1002.000000
89.000000
76.000000
619.000000
272.000000
1237.000000
627.000000
603.000000
79.000000
673.000000
206.000000
4336.000000
1247.000000
3889.000000
557.000000
52.000000
676.000000
1245.000000
248.000000
1141.000000
293.000000
1079.000000
83.000000
471.000000
796.000000
82.000000
221.000000
869.000000
153.000000
332.000000
1147.000000
1172.000000
1027.000000
863.000000
226.000000
232.000000
34.000000
828.000000
123.000000
881.000000
791.000000
125.000000
1224.000000
107.000000
499.000000
655.000000
715.000000
