357.000000
221.000000
147.000000
434.000000
29.000000
72.000000
138.000000
403.000000
626.000000
133.000000
219.000000
613.000000
466.000000
148.000000
584.000000
229.000000
213.000000
374.000000
116.000000
622.000000
957.000000
738.000000
196.000000
128.000000
80.000000
1890.000000
293.000000
375.000000
409.000000
600.000000
1241.000000
56.000000
525.000000
330.000000
821.000000
417.000000
476.000000
881.000000
583.000000
226.000000
602.000000
124.000000
110.000000
286.000000
711.000000
489.000000
271.000000
705.000000
2296.000000
93.000000
94.000000
221.000000
478.000000
375.000000
1661.000000
38.000000
1540.000000
100.000000
514.000000
1945.000000
88.000000
242.000000
2245.000000
1778.000000
620.000000
36.000000
166.000000
350.000000
669.000000
369.000000
1528.000000
177.000000
340.000000
2843.000000
498.000000
34.000000
846.000000
294.000000
371.000000
83.000000
135.000000
752.000000
911.000000
300.000000
101.000000
187.000000
161.000000
129.000000
883.000000
384.000000
554.000000
1773.000000
94.000000
301.000000
419.000000
71.000000
274.000000
2867.000000
129.000000
1223.000000
440.000000
1275.000000
970.000000
45.000000
206.000000
61.000000
630.000000
335.000000
161.000000
316.000000
260.000000
90.000000
1152.000000
417.000000
167.000000
330.000000
104.000000
987.000000
1367.000000
17.000000
777.000000
447.000000
656.000000
83.000000
197.000000
1159.000000
48.000000
223.000000
22.000000
126.000000
108.000000
597.000000
234.000000
512.000000
1012.000000
397.000000
306.000000
368.000000
412.000000
592.000000
70.000000
37.000000
157.000000
676.000000
61.000000
5881.000000
321.000000
1636.000000
902.000000
210.000000
99.000000
230.000000
446.000000
562.000000
380.000000
996.000000
241.000000
354.000000
200.000000
337.000000
1878.000000
856.000000
631.000000
571.000000
74.000000
378.000000
927.000000
1524.000000
426.000000
2251.000000
634.000000
330.000000
10878.000000
1303.000000
51.000000
94.000000
2126.000000
222.000000
1581.000000
879.000000
457.000000
1102.000000
258.000000
496.000000
748.000000
1657.000000
246.000000
2927.000000
415.000000
728.000000
162.000000
638.000000
780.000000
295.000000
5275.000000
725.000000
288.000000
1713.000000
356.000000
255.000000
789.000000
443.000000
566.000000
46.000000
207.000000
69.000000
765.000000
96.000000
1201.000000
306.000000
475.000000
323.000000
828.000000
220.000000
965.000000
244.000000
462.000000
306.000000
312.000000
30.000000
555.000000
199.000000
1186.000000
142.000000
424.000000
142.000000
85.000000
221.000000
1763.000000
2674.000000
617.000000
603.000000
1577.000000
1026.000000
390.000000
1025.000000
107.000000
106.000000
512.000000
386.000000
67.000000
148.000000
171.000000
695.000000
692.000000
307.000000
909.000000
327.000000
203.000000
145.000000
873.000000
161.000000
472.000000
377.000000
1894.000000
156.000000
374.000000
440.000000
268.000000
1328.000000
992.000000
211.000000
212.000000
353.000000
361.000000
74.000000
1092.000000
29.000000
397.000000
1337.000000
374.000000
150.000000
126.000000
69.000000
166.000000
1388.000000
328.000000
292.000000
1454.000000
3369.000000
734.000000
411.000000
81.000000
380.000000
229.000000
229.000000
230.000000
142.000000
341.000000
362.000000
402.000000
189.000000
486.000000
971.000000
376.000000
560.000000
326.000000
67.000000
331.000000
706.000000
360.000000
110.000000
413.000000
473.000000
2829.000000
663.000000
530.000000
417.000000
635.000000
221.000000
1713.000000
582.000000
465.000000
365.000000
934.000000
1450.000000
333.000000
516.000000
1254.000000
1290.000000
1115.000000
271.000000
488.000000
41.000000
217.000000
1372.000000
176.000000
443.000000
164.000000
215.000000
567.000000
49.000000
853.000000
265.000000
172.000000
331.000000
208.000000
324.000000
107.000000
1034.000000
445.000000
493.000000
501.000000
716.000000
269.000000
281.000000
1164.000000
1604.000000
1347.000000
756.000000
864.000000
42.000000
735.000000
2667.000000
257.000000
199.000000
813.000000
886.000000
78.000000
1655.000000
162.000000
1079.000000
1551.000000
352.000000
47.000000
358.000000
552.000000
4263.000000
353.000000
295.000000
237.000000
208.000000
2923.000000
405.000000
630.000000
112.000000
421.000000
373.000000
268.000000
163.000000
1610.000000
617.000000
418.000000
310.000000
398.000000
132.000000
351.000000
29.000000
134.000000
143.000000
209.000000
306.000000
1655.000000
1012.000000
123.000000
617.000000
444.000000
1976.000000
545.000000
736.000000
347.000000
189.000000
5323.000000
2803.000000
213.000000
377.000000
1073.000000
437.000000
118.000000
161.000000
342.000000
72.000000
512.000000
76.000000
129.000000
647.000000
1185.000000
255.000000
186.000000
1201.000000
228.000000
111.000000
665.000000
468.000000
108.000000
629.000000
999.000000
4625.000000
402.000000
147.000000
381.000000
404.000000
1415.000000
218.000000
1112.000000
373.000000
1135.000000
241.000000
127.000000
660.000000
211.000000
1223.000000
1131.000000
209.000000
900.000000
1032.000000
146.000000
189.000000
631.000000
920.000000
572.000000
63.000000
1752.000000
1083.000000
1059.000000
148.000000
125.000000
195.000000
488.000000
423.000000
419.000000
307.000000
792.000000
95.000000
120.000000
332.000000
2511.000000
482.000000
494.000000
387.000000
385.000000
171.000000
137.000000
435.000000
396.000000
1282.000000
1110.000000
504.000000
550.000000
146.000000
207.000000
633.000000
509.000000
265.000000
441.000000
1203.000000
49.000000
208.000000
302.000000
197.000000
171.000000
438.000000
852.000000
178.000000
897.000000
69.000000
253.000000
944.000000
453.000000
500.000000
331.000000
119.000000
1895.000000
1577.000000
279.000000
879.000000
246.000000
68.000000
542.000000
674.000000
104.000000
327.000000
90.000000
472.000000
59.000000
335.000000
934.000000
335.000000
471.000000
468.000000
630.000000
257.000000
2857.000000
463.000000
763.000000
448.000000
526.000000
478.000000
980.000000
814.000000
2555.000000
949.000000
487.000000
240.000000
928.000000
209.000000
423.000000
167.000000
213.000000
591.000000
268.000000
357.000000
281.000000
132.000000
130.000000
688.000000
221.000000
804.000000
292.000000
87.000000
451.000000
765.000000
126.000000
260.000000
1346.000000
453.000000
449.000000
98.000000
465.000000
774.000000
649.000000
167.000000
618.000000
633.000000
140.000000
1450.000000
50.000000
1114.000000
596.000000
157.000000
409.000000
1042.000000
578.000000
520.000000
309.000000
771.000000
213.000000
89.000000
125.000000
617.000000
165.000000
247.000000
3934.000000
284.000000
609.000000
128.000000
174.000000
460.000000
598.000000
475.000000
258.000000
121.000000
370.000000
129.000000
242.000000
741.000000
2291.000000
700.000000
567.000000
81.000000
781.000000
396.000000
99.000000
855.000000
376.000000
2307.000000
38.000000
303.000000
950.000000
424.000000
2138.000000
815.000000
1511.000000
1817.000000
321.000000
350.000000
188.000000
211.000000
481.000000
1919.000000
242.000000
491.000000
440.000000
15.000000
891.000000
339.000000
1013.000000
675.000000
882.000000
513.000000
2531.000000
1268.000000
422.000000
71.000000
254.000000
2251.000000
311.000000
590.000000
279.000000
139.000000
93.000000
309.000000
252.000000
168.000000
185.000000
866.000000
243.000000
204.000000
400.000000
372.000000
719.000000
168.000000
650.000000
155.000000
61.000000
343.000000
93.000000
17.000000
771.000000
415.000000
519.000000
842.000000
3074.000000
234.000000
703.000000
168.000000
999.000000
1041.000000
1712.000000
138.000000
259.000000
73.000000
510.000000
125.000000
56.000000
234.000000
425.000000
233.000000
311.000000
163.000000
523.000000
75.000000
51.000000
643.000000
3477.000000
444.000000
163.000000
322.000000
227.000000
45.000000
199.000000
1530.000000
478.000000
291.000000
274.000000
63.000000
275.000000
1328.000000
700.000000
989.000000
53.000000
813.000000
161.000000
816.000000
1208.000000
222.000000
118.000000
1055.000000
328.000000
405.000000
307.000000
395.000000
243.000000
580.000000
892.000000
366.000000
691.000000
195.000000
525.000000
28.000000
1199.000000
1836.000000
822.000000
350.000000
149.000000
194.000000
1395.000000
325.000000
752.000000
73.000000
338.000000
270.000000
170.000000
460.000000
138.000000
257.000000
175.000000
453.000000
1767.000000
772.000000
1260.000000
694.000000
1039.000000
121.000000
1933.000000
870.000000
268.000000
256.000000
934.000000
209.000000
255.000000
1698.000000
1003.000000
2048.000000
247.000000
896.000000
730.000000
684.000000
80.000000
631.000000
432.000000
990.000000
452.000000
931.000000
529.000000
235.000000
580.000000
315.000000
1280.000000
95.000000
233.000000
126.000000
1630.000000
1401.000000
1018.000000
82.000000
460.000000
685.000000
1227.000000
42.000000
814.000000
81.000000
314.000000
336.000000
429.000000
209.000000
1952.000000
303.000000
419.000000
1160.000000
422.000000
94.000000
597.000000
268.000000
237.000000
144.000000
1351.000000
633.000000
2050.000000
644.000000
382.000000
227.000000
119.000000
325.000000
268.000000
399.000000
219.000000
568.000000
2296.000000
90.000000
635.000000
832.000000
3560.000000
1912.000000
88.000000
1483.000000
97.000000
480.000000
336.000000
2326.000000
251.000000
2634.000000
3859.000000
251.000000
209.000000
380.000000
2073.000000
86.000000
1836.000000
3562.000000
351.000000
868.000000
140.000000
970.000000
474.000000
254.000000
46.000000
722.000000
246.000000
102.000000
155.000000
569.000000
401.000000
1906.000000
2425.000000
1315.000000
1787.000000
400.000000
144.000000
333.000000
323.000000
154.000000
23.000000
2889.000000
548.000000
119.000000
855.000000
136.000000
378.000000
2739.000000
564.000000
78.000000
751.000000
628.000000
135.000000
659.000000
771.000000
341.000000
148.000000
231.000000
323.000000
71.000000
706.000000
478.000000
901.000000
111.000000
976.000000
244.000000
140.000000
192.000000
1277.000000
428.000000
783.000000
1094.000000
215.000000
72.000000
337.000000
1817.000000
136.000000
239.000000
620.000000
203.000000
357.000000
252.000000
499.000000
104.000000
301.000000
1018.000000
495.000000
1754.000000
115.000000
225.000000
438.000000
536.000000
66.000000
69.000000
84.000000
237.000000
391.000000
143.000000
217.000000
1109.000000
378.000000
91.000000
353.000000
791.000000
278.000000
222.000000
558.000000
535.000000
422.000000
3546.000000
4471.000000
569.000000
464.000000
341.000000
1305.000000
686.000000
310.000000
808.000000
322.000000
761.000000
132.000000
175.000000
1001.000000
112.000000
293.000000
627.000000
1386.000000
316.000000
1087.000000
100.000000
303.000000
302.000000
154.000000
319.000000
129.000000
336.000000
1257.000000
658.000000
199.000000
791.000000
278.000000
528.000000
88.000000
202.000000
247.000000
163.000000
108.000000
343.000000
434.000000
525.000000
171.000000
241.000000
1500.000000
3515.000000
315.000000
145.000000
766.000000
1300.000000
952.000000
770.000000
2654.000000
1124.000000
366.000000
1405.000000
1881.000000
823.000000
51.000000
53.000000
167.000000
1189.000000
1356.000000
1432.000000
299.000000
363.000000
113.000000
90.000000
733.000000
55.000000
92.000000
136.000000
264.000000
1273.000000
237.000000
227.000000
72.000000
1013.000000
178.000000
174.000000
