232.000000
288.000000
294.000000
1758.000000
640.000000
734.000000
252.000000
45.000000
5781.000000
1068.000000
745.000000
120.000000
624.000000
1550.000000
323.000000
222.000000
520.000000
51.000000
275.000000
1188.000000
775.000000
240.000000
193.000000
594.000000
1788.000000
225.000000
1005.000000
323.000000
1229.000000
822.000000
313.000000
1423.000000
479.000000
797.000000
138.000000
244.000000
75.000000
1005.000000
1582.000000
54.000000
1265.000000
377.000000
673.000000
160.000000
58.000000
946.000000
611.000000
1125.000000
219.000000
1142.000000
4507.000000
425.000000
100.000000
596.000000
85.000000
253.000000
544.000000
1890.000000
316.000000
108.000000
968.000000
226.000000
131.000000
161.000000
590.000000
684.000000
55.000000
586.000000
804.000000
82.000000
428.000000
149.000000
282.000000
1075.000000
678.000000
738.000000
249.000000
1438.000000
126.000000
1428.000000
994.000000
193.000000
1782.000000
120.000000
531.000000
271.000000
3216.000000
257.000000
838.000000
1444.000000
288.000000
2740.000000
971.000000
438.000000
458.000000
350.000000
894.000000
456.000000
96.000000
1417.000000
399.000000
388.000000
518.000000
723.000000
678.000000
3867.000000
1125.000000
209.000000
750.000000
671.000000
121.000000
552.000000
639.000000
260.000000
268.000000
347.000000
420.000000
750.000000
69.000000
76.000000
634.000000
561.000000
268.000000
620.000000
1246.000000
206.000000
1103.000000
231.000000
553.000000
199.000000
98.000000
85.000000
1106.000000
413.000000
3063.000000
895.000000
874.000000
644.000000
414.000000
418.000000
418.000000
714.000000
1866.000000
2603.000000
386.000000
2649.000000
510.000000
227.000000
2508.000000
258.000000
528.000000
149.000000
2135.000000
1131.000000
115.000000
181.000000
773.000000
644.000000
1699.000000
57.000000
703.000000
1160.000000
96.000000
136.000000
4319.000000
682.000000
219.000000
68.000000
194.000000
77.000000
1168.000000
300.000000
890.000000
207.000000
223.000000
457.000000
247.000000
155.000000
158.000000
244.000000
510.000000
432.000000
454.000000
395.000000
162.000000
768.000000
283.000000
427.000000
158.000000
729.000000
377.000000
435.000000
127.000000
218.000000
839.000000
1105.000000
41.000000
456.000000
1602.000000
1230.000000
219.000000
93.000000
221.000000
662.000000
569.000000
724.000000
304.000000
509.000000
633.000000
1614.000000
913.000000
235.000000
677.000000
103.000000
679.000000
260.000000
254.000000
239.000000
1588.000000
121.000000
49.000000
230.000000
54.000000
243.000000
101.000000
2682.000000
420.000000
253.000000
286.000000
124.000000
507.000000
3215.000000
293.000000
1297.000000
104.000000
237.000000
958.000000
363.000000
690.000000
690.000000
441.000000
3316.000000
376.000000
159.000000
930.000000
1129.000000
2752.000000
103.000000
812.000000
212.000000
747.000000
346.000000
744.000000
2003.000000
404.000000
945.000000
636.000000
347.000000
247.000000
191.000000
292.000000
153.000000
1156.000000
229.000000
2230.000000
702.000000
66.000000
1271.000000
322.000000
880.000000
511.000000
407.000000
452.000000
424.000000
209.000000
612.000000
1027.000000
160.000000
937.000000
201.000000
71.000000
276.000000
252.000000
345.000000
444.000000
305.000000
233.000000
362.000000
790.000000
573.000000
336.000000
557.000000
138.000000
1132.000000
64.000000
855.000000
400.000000
790.000000
36.000000
72.000000
539.000000
543.000000
57.000000
357.000000
151.000000
679.000000
2094.000000
641.000000
262.000000
147.000000
308.000000
605.000000
3100.000000
13811.000000
213.000000
1636.000000
1155.000000
59.000000
2264.000000
1359.000000
1305.000000
157.000000
363.000000
321.000000
519.000000
368.000000
835.000000
285.000000
522.000000
260.000000
1007.000000
158.000000
146.000000
360.000000
267.000000
152.000000
583.000000
165.000000
257.000000
236.000000
244.000000
285.000000
3280.000000
661.000000
90.000000
29.000000
4068.000000
411.000000
553.000000
205.000000
189.000000
92.000000
2947.000000
1507.000000
103.000000
511.000000
1209.000000
859.000000
681.000000
1040.000000
309.000000
751.000000
639.000000
2929.000000
718.000000
248.000000
409.000000
123.000000
537.000000
455.000000
128.000000
3089.000000
334.000000
913.000000
125.000000
306.000000
367.000000
5432.000000
123.000000
760.000000
103.000000
52.000000
81.000000
445.000000
357.000000
635.000000
6710.000000
501.000000
717.000000
821.000000
1412.000000
799.000000
1277.000000
2961.000000
326.000000
1120.000000
259.000000
452.000000
32.000000
33.000000
90.000000
1483.000000
179.000000
589.000000
734.000000
1446.000000
1113.000000
1213.000000
829.000000
1002.000000
112.000000
1043.000000
1114.000000
274.000000
1336.000000
459.000000
79.000000
477.000000
527.000000
980.000000
1077.000000
79.000000
845.000000
154.000000
196.000000
72.000000
1656.000000
936.000000
207.000000
1603.000000
63.000000
98.000000
1138.000000
546.000000
256.000000
91.000000
322.000000
444.000000
255.000000
517.000000
1439.000000
246.000000
329.000000
511.000000
140.000000
283.000000
554.000000
366.000000
318.000000
28.000000
341.000000
1785.000000
1219.000000
703.000000
171.000000
227.000000
2337.000000
152.000000
488.000000
1289.000000
1432.000000
416.000000
390.000000
356.000000
122.000000
303.000000
258.000000
492.000000
2068.000000
2108.000000
284.000000
2123.000000
361.000000
187.000000
132.000000
256.000000
594.000000
533.000000
352.000000
431.000000
344.000000
767.000000
914.000000
212.000000
337.000000
109.000000
572.000000
211.000000
1890.000000
99.000000
292.000000
1992.000000
612.000000
375.000000
2795.000000
803.000000
1054.000000
5427.000000
466.000000
272.000000
173.000000
243.000000
1191.000000
242.000000
163.000000
1259.000000
440.000000
397.000000
1507.000000
237.000000
495.000000
609.000000
633.000000
1060.000000
359.000000
295.000000
94.000000
249.000000
130.000000
512.000000
542.000000
1512.000000
227.000000
214.000000
1179.000000
474.000000
536.000000
311.000000
988.000000
5510.000000
263.000000
124.000000
178.000000
362.000000
525.000000
2456.000000
382.000000
835.000000
447.000000
808.000000
193.000000
67.000000
255.000000
133.000000
327.000000
982.000000
250.000000
578.000000
410.000000
430.000000
106.000000
382.000000
105.000000
3272.000000
276.000000
349.000000
452.000000
650.000000
91.000000
84.000000
1080.000000
886.000000
408.000000
1857.000000
11.000000
660.000000
337.000000
561.000000
51.000000
205.000000
283.000000
85.000000
709.000000
325.000000
708.000000
172.000000
376.000000
281.000000
4052.000000
941.000000
506.000000
386.000000
921.000000
127.000000
1092.000000
347.000000
274.000000
1035.000000
71.000000
95.000000
270.000000
1088.000000
385.000000
142.000000
144.000000
520.000000
1277.000000
221.000000
146.000000
96.000000
396.000000
591.000000
264.000000
1777.000000
399.000000
88.000000
139.000000
621.000000
2201.000000
141.000000
295.000000
115.000000
236.000000
352.000000
131.000000
63.000000
1269.000000
331.000000
39.000000
765.000000
193.000000
24.000000
128.000000
93.000000
1028.000000
773.000000
479.000000
606.000000
182.000000
275.000000
1026.000000
108.000000
87.000000
6077.000000
800.000000
1005.000000
1130.000000
221.000000
924.000000
234.000000
1339.000000
830.000000
328.000000
564.000000
633.000000
153.000000
2518.000000
497.000000
504.000000
458.000000
226.000000
1014.000000
640.000000
9453.000000
4074.000000
160.000000
212.000000
309.000000
485.000000
233.000000
150.000000
1149.000000
4960.000000
195.000000
227.000000
422.000000
362.000000
255.000000
268.000000
241.000000
183.000000
316.000000
916.000000
273.000000
2271.000000
482.000000
200.000000
106.000000
66.000000
237.000000
246.000000
116.000000
122.000000
338.000000
236.000000
922.000000
164.000000
360.000000
1798.000000
148.000000
136.000000
618.000000
403.000000
159.000000
137.000000
669.000000
1079.000000
1170.000000
156.000000
327.000000
827.000000
1183.000000
1919.000000
84.000000
231.000000
421.000000
149.000000
271.000000
82.000000
1311.000000
468.000000
720.000000
355.000000
682.000000
159.000000
671.000000
474.000000
125.000000
1163.000000
375.000000
300.000000
652.000000
297.000000
111.000000
159.000000
529.000000
150.000000
98.000000
508.000000
560.000000
605.000000
555.000000
456.000000
492.000000
1909.000000
1466.000000
215.000000
618.000000
54.000000
829.000000
193.000000
635.000000
229.000000
203.000000
59.000000
166.000000
337.000000
110.000000
182.000000
707.000000
466.000000
400.000000
356.000000
125.000000
246.000000
161.000000
109.000000
335.000000
53.000000
385.000000
640.000000
850.000000
408.000000
39.000000
248.000000
77.000000
1947.000000
1351.000000
147.000000
606.000000
2278.000000
607.000000
160.000000
1479.000000
146.000000
198.000000
161.000000
1731.000000
1186.000000
150.000000
161.000000
436.000000
850.000000
370.000000
1307.000000
763.000000
212.000000
443.000000
29.000000
1484.000000
1790.000000
106.000000
71.000000
397.000000
870.000000
239.000000
290.000000
315.000000
576.000000
1663.000000
101.000000
110.000000
57.000000
3201.000000
531.000000
995.000000
163.000000
384.000000
170.000000
1328.000000
175.000000
532.000000
295.000000
215.000000
205.000000
267.000000
1272.000000
1200.000000
1794.000000
150.000000
376.000000
1332.000000
2676.000000
936.000000
325.000000
293.000000
1083.000000
66.000000
196.000000
125.000000
530.000000
1101.000000
112.000000
130.000000
669.000000
122.000000
333.000000
249.000000
135.000000
1869.000000
156.000000
226.000000
599.000000
941.000000
270.000000
392.000000
315.000000
360.000000
68.000000
951.000000
137.000000
482.000000
425.000000
104.000000
228.000000
154.000000
391.000000
351.000000
168.000000
311.000000
553.000000
250.000000
208.000000
680.000000
99.000000
831.000000
163.000000
624.000000
493.000000
916.000000
191.000000
706.000000
83.000000
1459.000000
298.000000
230.000000
461.000000
212.000000
3087.000000
150.000000
47.000000
90.000000
5900.000000
543.000000
282.000000
251.000000
1180.000000
568.000000
397.000000
487.000000
77.000000
350.000000
1582.000000
406.000000
341.000000
105.000000
406.000000
560.000000
711.000000
325.000000
645.000000
612.000000
236.000000
932.000000
42.000000
407.000000
2394.000000
161.000000
139.000000
183.000000
1874.000000
1075.000000
785.000000
74.000000
2673.000000
1066.000000
24.000000
523.000000
315.000000
362.000000
271.000000
2723.000000
859.000000
1179.000000
394.000000
418.000000
615.000000
102.000000
194.000000
606.000000
362.000000
570.000000
241.000000
67.000000
1089.000000
1076.000000
134.000000
349.000000
197.000000
112.000000
1667.000000
183.000000
351.000000
578.000000
2476.000000
204.000000
116.000000
1219.000000
525.000000
119.000000
356.000000
221.000000
1264.000000
173.000000
157.000000
653.000000
1249.000000
1754.000000
452.000000
295.000000
890.000000
1226.000000
400.000000
312.000000
844.000000
65.000000
1122.000000
36.000000
363.000000
521.000000
394.000000
395.000000
468.000000
762.000000
820.000000
351.000000
571.000000
401.000000
621.000000
629.000000
217.000000
336.000000
302.000000
166.000000
237.000000
1198.000000
358.000000
196.000000
664.000000
350.000000
521.000000
339.000000
602.000000
433.000000
218.000000
3181.000000
540.000000
1196.000000
189.000000
278.000000
