179.000000
250.000000
893.000000
683.000000
1336.000000
245.000000
1556.000000
3185.000000
275.000000
846.000000
282.000000
188.000000
183.000000
1902.000000
382.000000
3514.000000
722.000000
284.000000
2150.000000
117.000000
721.000000
188.000000
255.000000
144.000000
323.000000
159.000000
552.000000
94.000000
541.000000
557.000000
1549.000000
1066.000000
1031.000000
482.000000
622.000000
1434.000000
147.000000
921.000000
128.000000
388.000000
911.000000
399.000000
573.000000
280.000000
301.000000
93.000000
415.000000
167.000000
2822.000000
1514.000000
210.000000
559.000000
189.000000
222.000000
207.000000
615.000000
629.000000
168.000000
597.000000
355.000000
1929.000000
2227.000000
781.000000
531.000000
2124.000000
2672.000000
646.000000
409.000000
208.000000
80.000000
1516.000000
151.000000
276.000000
1177.000000
346.000000
1273.000000
1135.000000
325.000000
845.000000
584.000000
107.000000
200.000000
169.000000
465.000000
487.000000
1022.000000
608.000000
119.000000
606.000000
179.000000
507.000000
117.000000
365.000000
331.000000
230.000000
265.000000
2554.000000
1378.000000
2191.000000
4988.000000
661.000000
1840.000000
408.000000
128.000000
219.000000
693.000000
144.000000
104.000000
470.000000
518.000000
585.000000
600.000000
542.000000
146.000000
216.000000
1436.000000
4186.000000
269.000000
281.000000
1056.000000
537.000000
144.000000
120.000000
108.000000
1520.000000
119.000000
1232.000000
290.000000
94.000000
262.000000
224.000000
1337.000000
220.000000
651.000000
958.000000
688.000000
186.000000
1081.000000
438.000000
233.000000
287.000000
456.000000
870.000000
294.000000
1784.000000
71.000000
313.000000
301.000000
615.000000
315.000000
485.000000
1060.000000
505.000000
578.000000
24.000000
110.000000
156.000000
556.000000
257.000000
301.000000
307.000000
291.000000
591.000000
646.000000
127.000000
145.000000
193.000000
366.000000
1805.000000
410.000000
204.000000
1814.000000
92.000000
1007.000000
1314.000000
560.000000
1167.000000
133.000000
111.000000
456.000000
142.000000
945.000000
628.000000
242.000000
238.000000
185.000000
909.000000
472.000000
310.000000
7099.000000
352.000000
179.000000
892.000000
2333.000000
2047.000000
2559.000000
433.000000
163.000000
99.000000
370.000000
384.000000
284.000000
432.000000
498.000000
272.000000
267.000000
844.000000
1872.000000
169.000000
2479.000000
1088.000000
827.000000
424.000000
201.000000
478.000000
127.000000
1002.000000
278.000000
3584.000000
945.000000
169.000000
1079.000000
135.000000
394.000000
577.000000
664.000000
107.000000
1008.000000
594.000000
436.000000
742.000000
908.000000
388.000000
434.000000
76.000000
1434.000000
192.000000
412.000000
237.000000
515.000000
1477.000000
184.000000
254.000000
132.000000
375.000000
229.000000
226.000000
391.000000
547.000000
2692.000000
60.000000
424.000000
800.000000
3632.000000
538.000000
66.000000
1962.000000
847.000000
1935.000000
859.000000
79.000000
371.000000
94.000000
804.000000
101.000000
1345.000000
1195.000000
589.000000
75.000000
1044.000000
900.000000
794.000000
747.000000
1144.000000
136.000000
889.000000
85.000000
374.000000
655.000000
356.000000
1440.000000
405.000000
621.000000
990.000000
748.000000
507.000000
154.000000
145.000000
87.000000
757.000000
133.000000
1045.000000
26.000000
122.000000
706.000000
807.000000
300.000000
31.000000
752.000000
320.000000
501.000000
612.000000
254.000000
120.000000
417.000000
1759.000000
1755.000000
581.000000
3555.000000
638.000000
118.000000
1487.000000
771.000000
776.000000
92.000000
365.000000
1708.000000
1173.000000
38.000000
1769.000000
343.000000
681.000000
762.000000
142.000000
639.000000
180.000000
232.000000
31.000000
234.000000
227.000000
82.000000
557.000000
750.000000
355.000000
1316.000000
746.000000
709.000000
482.000000
517.000000
814.000000
354.000000
235.000000
795.000000
96.000000
859.000000
1227.000000
366.000000
1121.000000
53.000000
954.000000
4058.000000
274.000000
431.000000
261.000000
506.000000
703.000000
269.000000
1653.000000
440.000000
198.000000
335.000000
3796.000000
906.000000
277.000000
791.000000
1602.000000
496.000000
388.000000
95.000000
280.000000
48.000000
956.000000
2930.000000
1491.000000
538.000000
6622.000000
1979.000000
223.000000
144.000000
703.000000
609.000000
103.000000
345.000000
1145.000000
161.000000
389.000000
234.000000
926.000000
965.000000
594.000000
57.000000
373.000000
156.000000
319.000000
167.000000
221.000000
128.000000
68.000000
124.000000
495.000000
1929.000000
171.000000
486.000000
424.000000
811.000000
446.000000
424.000000
356.000000
75.000000
593.000000
232.000000
626.000000
74.000000
373.000000
246.000000
248.000000
776.000000
683.000000
467.000000
480.000000
119.000000
340.000000
283.000000
344.000000
798.000000
54.000000
305.000000
672.000000
96.000000
505.000000
4405.000000
488.000000
336.000000
667.000000
514.000000
209.000000
73.000000
395.000000
117.000000
263.000000
3540.000000
219.000000
303.000000
687.000000
573.000000
640.000000
83.000000
1292.000000
164.000000
2292.000000
767.000000
157.000000
78.000000
664.000000
173.000000
1098.000000
209.000000
391.000000
82.000000
23.000000
652.000000
497.000000
489.000000
365.000000
382.000000
254.000000
495.000000
555.000000
175.000000
240.000000
360.000000
66.000000
89.000000
201.000000
202.000000
1328.000000
243.000000
271.000000
479.000000
1445.000000
1489.000000
807.000000
437.000000
845.000000
2657.000000
113.000000
515.000000
342.000000
18.000000
198.000000
85.000000
272.000000
299.000000
769.000000
459.000000
413.000000
211.000000
91.000000
2118.000000
91.000000
1973.000000
369.000000
197.000000
316.000000
274.000000
379.000000
1186.000000
1235.000000
1045.000000
742.000000
776.000000
260.000000
950.000000
293.000000
614.000000
55.000000
252.000000
559.000000
501.000000
1325.000000
1247.000000
45.000000
2104.000000
188.000000
640.000000
1109.000000
377.000000
265.000000
494.000000
5558.000000
1025.000000
702.000000
333.000000
296.000000
1861.000000
322.000000
2726.000000
993.000000
1199.000000
193.000000
426.000000
457.000000
106.000000
1211.000000
801.000000
221.000000
399.000000
712.000000
721.000000
504.000000
552.000000
1434.000000
380.000000
131.000000
181.000000
535.000000
333.000000
966.000000
249.000000
197.000000
150.000000
45.000000
334.000000
557.000000
197.000000
1610.000000
1779.000000
232.000000
298.000000
1486.000000
205.000000
630.000000
37.000000
625.000000
1057.000000
51.000000
108.000000
444.000000
356.000000
174.000000
208.000000
389.000000
273.000000
715.000000
84.000000
406.000000
482.000000
205.000000
757.000000
1360.000000
805.000000
312.000000
754.000000
285.000000
974.000000
404.000000
1218.000000
107.000000
2997.000000
368.000000
1556.000000
1046.000000
155.000000
488.000000
246.000000
580.000000
135.000000
1037.000000
348.000000
283.000000
146.000000
403.000000
148.000000
67.000000
163.000000
485.000000
538.000000
561.000000
164.000000
695.000000
2185.000000
597.000000
1168.000000
1212.000000
700.000000
1465.000000
586.000000
498.000000
515.000000
229.000000
90.000000
526.000000
95.000000
375.000000
732.000000
3776.000000
184.000000
73.000000
2318.000000
628.000000
735.000000
380.000000
392.000000
86.000000
80.000000
632.000000
1835.000000
632.000000
100.000000
140.000000
238.000000
401.000000
112.000000
387.000000
143.000000
734.000000
1024.000000
775.000000
628.000000
428.000000
359.000000
118.000000
664.000000
456.000000
529.000000
368.000000
142.000000
229.000000
470.000000
265.000000
267.000000
368.000000
80.000000
357.000000
313.000000
703.000000
607.000000
5081.000000
186.000000
14.000000
857.000000
494.000000
776.000000
251.000000
336.000000
369.000000
1397.000000
583.000000
1018.000000
1790.000000
272.000000
336.000000
432.000000
231.000000
302.000000
123.000000
1084.000000
127.000000
568.000000
1281.000000
77.000000
530.000000
129.000000
1689.000000
1640.000000
598.000000
987.000000
323.000000
273.000000
4685.000000
327.000000
330.000000
519.000000
682.000000
653.000000
491.000000
360.000000
645.000000
132.000000
2493.000000
685.000000
301.000000
1489.000000
938.000000
245.000000
373.000000
668.000000
1458.000000
103.000000
2239.000000
232.000000
1155.000000
950.000000
3446.000000
544.000000
483.000000
270.000000
254.000000
463.000000
129.000000
398.000000
103.000000
14740.000000
151.000000
128.000000
228.000000
1831.000000
1020.000000
639.000000
371.000000
117.000000
139.000000
542.000000
479.000000
382.000000
1001.000000
608.000000
257.000000
80.000000
2416.000000
252.000000
723.000000
161.000000
950.000000
56.000000
726.000000
189.000000
91.000000
344.000000
139.000000
249.000000
772.000000
125.000000
880.000000
78.000000
904.000000
2162.000000
131.000000
130.000000
1116.000000
825.000000
477.000000
418.000000
368.000000
450.000000
584.000000
194.000000
687.000000
280.000000
143.000000
287.000000
584.000000
31.000000
247.000000
1615.000000
1325.000000
348.000000
239.000000
246.000000
650.000000
75.000000
301.000000
258.000000
968.000000
123.000000
279.000000
451.000000
188.000000
387.000000
61.000000
278.000000
271.000000
81.000000
369.000000
206.000000
1275.000000
819.000000
341.000000
656.000000
795.000000
611.000000
331.000000
3214.000000
512.000000
151.000000
556.000000
310.000000
846.000000
658.000000
509.000000
256.000000
727.000000
259.000000
781.000000
366.000000
385.000000
661.000000
623.000000
585.000000
249.000000
946.000000
630.000000
1380.000000
392.000000
817.000000
914.000000
184.000000
90.000000
120.000000
757.000000
210.000000
983.000000
219.000000
580.000000
824.000000
141.000000
190.000000
893.000000
336.000000
566.000000
442.000000
728.000000
308.000000
965.000000
337.000000
1073.000000
523.000000
551.000000
412.000000
456.000000
127.000000
1487.000000
56.000000
83.000000
732.000000
211.000000
368.000000
820.000000
1947.000000
530.000000
1008.000000
257.000000
227.000000
162.000000
374.000000
39.000000
2115.000000
445.000000
646.000000
139.000000
388.000000
1443.000000
199.000000
136.000000
863.000000
80.000000
1015.000000
366.000000
929.000000
1127.000000
170.000000
310.000000
938.000000
118.000000
107.000000
377.000000
100.000000
322.000000
1365.000000
1114.000000
422.000000
715.000000
344.000000
1090.000000
326.000000
785.000000
309.000000
181.000000
899.000000
644.000000
313.000000
638.000000
1513.000000
252.000000
102.000000
675.000000
2025.000000
136.000000
1234.000000
627.000000
127.000000
1379.000000
64.000000
290.000000
652.000000
689.000000
711.000000
300.000000
127.000000
1194.000000
223.000000
932.000000
1406.000000
122.000000
259.000000
1620.000000
319.000000
46.000000
184.000000
1156.000000
2817.000000
206.000000
361.000000
565.000000
584.000000
2384.000000
807.000000
302.000000
836.000000
358.000000
925.000000
96.000000
160.000000
2957.000000
774.000000
48.000000
400.000000
1207.000000
367.000000
524.000000
271.000000
502.000000
250.000000
253.000000
497.000000
979.000000
198.000000
301.000000
483.000000
737.000000
207.000000
210.000000
774.000000
429.000000
233.000000
2870.000000
263.000000
620.000000
309.000000
462.000000
451.000000
819.000000
7767.000000
1284.000000
767.000000
747.000000
129.000000
140.000000
295.000000
155.000000
