1150.000000
124.000000
139.000000
341.000000
812.000000
230.000000
1002.000000
754.000000
421.000000
2017.000000
148.000000
297.000000
620.000000
371.000000
301.000000
777.000000
67.000000
458.000000
747.000000
221.000000
239.000000
833.000000
563.000000
788.000000
537.000000
377.000000
881.000000
1092.000000
950.000000
70.000000
80.000000
458.000000
697.000000
196.000000
927.000000
401.000000
728.000000
2222.000000
4087.000000
337.000000
86.000000
928.000000
403.000000
543.000000
1477.000000
324.000000
635.000000
1087.000000
245.000000
194.000000
592.000000
83.000000
597.000000
165.000000
312.000000
175.000000
1563.000000
236.000000
1828.000000
118.000000
138.000000
200.000000
145.000000
589.000000
227.000000
258.000000
1085.000000
1268.000000
40.000000
1092.000000
470.000000
80.000000
1168.000000
123.000000
630.000000
111.000000
1138.000000
305.000000
331.000000
932.000000
1044.000000
894.000000
522.000000
186.000000
132.000000
564.000000
201.000000
480.000000
261.000000
684.000000
321.000000
213.000000
993.000000
339.000000
85.000000
339.000000
1498.000000
333.000000
551.000000
431.000000
697.000000
4407.000000
204.000000
384.000000
255.000000
157.000000
1305.000000
305.000000
1368.000000
80.000000
163.000000
522.000000
235.000000
254.000000
212.000000
1642.000000
186.000000
456.000000
515.000000
572.000000
767.000000
47.000000
285.000000
1452.000000
846.000000
517.000000
440.000000
147.000000
271.000000
384.000000
662.000000
351.000000
1611.000000
527.000000
376.000000
139.000000
329.000000
287.000000
1342.000000
533.000000
163.000000
243.000000
218.000000
599.000000
356.000000
1161.000000
65.000000
559.000000
84.000000
436.000000
334.000000
28.000000
173.000000
103.000000
774.000000
742.000000
335.000000
1550.000000
198.000000
334.000000
261.000000
198.000000
415.000000
354.000000
136.000000
4816.000000
186.000000
279.000000
166.000000
718.000000
244.000000
168.000000
162.000000
645.000000
657.000000
348.000000
554.000000
1498.000000
296.000000
6849.000000
216.000000
234.000000
148.000000
130.000000
2153.000000
281.000000
103.000000
125.000000
390.000000
534.000000
632.000000
182.000000
877.000000
343.000000
634.000000
405.000000
2547.000000
277.000000
1019.000000
1013.000000
362.000000
142.000000
520.000000
638.000000
2592.000000
239.000000
411.000000
343.000000
245.000000
502.000000
142.000000
467.000000
441.000000
291.000000
97.000000
1025.000000
304.000000
387.000000
553.000000
751.000000
730.000000
711.000000
1200.000000
484.000000
276.000000
393.000000
150.000000
815.000000
701.000000
724.000000
680.000000
310.000000
515.000000
213.000000
900.000000
343.000000
2001.000000
55.000000
227.000000
345.000000
274.000000
337.000000
230.000000
518.000000
315.000000
92.000000
52.000000
1135.000000
118.000000
643.000000
247.000000
1282.000000
192.000000
64.000000
2320.000000
799.000000
920.000000
1702.000000
295.000000
682.000000
69.000000
121.000000
135.000000
563.000000
1422.000000
977.000000
744.000000
479.000000
978.000000
440.000000
82.000000
465.000000
121.000000
98.000000
186.000000
880.000000
926.000000
524.000000
712.000000
2147.000000
92.000000
158.000000
151.000000
194.000000
358.000000
167.000000
451.000000
846.000000
616.000000
432.000000
393.000000
37.000000
223.000000
1375.000000
146.000000
313.000000
433.000000
1586.000000
371.000000
299.000000
284.000000
383.000000
160.000000
176.000000
82.000000
568.000000
679.000000
317.000000
600.000000
1056.000000
339.000000
217.000000
138.000000
432.000000
259.000000
222.000000
290.000000
184.000000
273.000000
445.000000
112.000000
2085.000000
384.000000
286.000000
78.000000
816.000000
27.000000
323.000000
1234.000000
534.000000
387.000000
1292.000000
63.000000
173.000000
3053.000000
802.000000
412.000000
150.000000
394.000000
253.000000
149.000000
434.000000
2436.000000
385.000000
1246.000000
389.000000
40.000000
1007.000000
546.000000
1864.000000
882.000000
119.000000
1464.000000
306.000000
2453.000000
213.000000
462.000000
273.000000
830.000000
1074.000000
360.000000
264.000000
848.000000
367.000000
1060.000000
167.000000
500.000000
982.000000
329.000000
1075.000000
20.000000
504.000000
1258.000000
262.000000
261.000000
948.000000
1995.000000
189.000000
145.000000
829.000000
153.000000
331.000000
291.000000
86.000000
515.000000
886.000000
61.000000
1363.000000
425.000000
1067.000000
222.000000
174.000000
121.000000
332.000000
997.000000
77.000000
924.000000
359.000000
370.000000
807.000000
206.000000
735.000000
938.000000
195.000000
684.000000
216.000000
3291.000000
524.000000
211.000000
619.000000
100.000000
763.000000
298.000000
203.000000
5104.000000
459.000000
685.000000
721.000000
975.000000
127.000000
128.000000
473.000000
643.000000
652.000000
263.000000
693.000000
103.000000
323.000000
162.000000
1879.000000
601.000000
1394.000000
72.000000
354.000000
620.000000
1560.000000
2350.000000
350.000000
46.000000
1375.000000
110.000000
343.000000
791.000000
432.000000
231.000000
426.000000
874.000000
401.000000
189.000000
131.000000
144.000000
297.000000
1152.000000
667.000000
545.000000
324.000000
523.000000
826.000000
626.000000
1217.000000
1739.000000
639.000000
1025.000000
512.000000
957.000000
564.000000
841.000000
187.000000
1486.000000
258.000000
49.000000
696.000000
215.000000
125.000000
1359.000000
293.000000
269.000000
43.000000
464.000000
1695.000000
625.000000
468.000000
413.000000
103.000000
198.000000
63.000000
1296.000000
227.000000
2514.000000
2344.000000
1829.000000
100.000000
44.000000
111.000000
91.000000
340.000000
178.000000
340.000000
567.000000
193.000000
155.000000
301.000000
140.000000
315.000000
763.000000
191.000000
225.000000
582.000000
605.000000
132.000000
192.000000
1115.000000
671.000000
141.000000
274.000000
317.000000
541.000000
249.000000
100.000000
125.000000
785.000000
653.000000
1020.000000
324.000000
584.000000
183.000000
1588.000000
273.000000
276.000000
507.000000
1243.000000
1355.000000
311.000000
223.000000
185.000000
1687.000000
843.000000
1052.000000
357.000000
1150.000000
799.000000
47.000000
447.000000
325.000000
1820.000000
678.000000
391.000000
2479.000000
662.000000
93.000000
886.000000
405.000000
1301.000000
169.000000
422.000000
690.000000
368.000000
655.000000
224.000000
274.000000
346.000000
240.000000
552.000000
116.000000
1371.000000
586.000000
572.000000
534.000000
565.000000
1731.000000
193.000000
168.000000
141.000000
706.000000
1450.000000
596.000000
287.000000
1522.000000
381.000000
400.000000
4912.000000
292.000000
326.000000
86.000000
408.000000
213.000000
946.000000
274.000000
522.000000
54.000000
657.000000
88.000000
233.000000
90.000000
41.000000
97.000000
405.000000
433.000000
182.000000
553.000000
35.000000
1461.000000
138.000000
322.000000
158.000000
995.000000
63.000000
206.000000
141.000000
1581.000000
3600.000000
735.000000
9359.000000
1786.000000
191.000000
10125.000000
378.000000
1138.000000
1477.000000
485.000000
338.000000
146.000000
709.000000
462.000000
1123.000000
739.000000
120.000000
415.000000
442.000000
905.000000
164.000000
706.000000
561.000000
907.000000
133.000000
873.000000
342.000000
66.000000
1084.000000
2325.000000
1466.000000
153.000000
192.000000
790.000000
318.000000
645.000000
692.000000
119.000000
1169.000000
1019.000000
629.000000
350.000000
480.000000
149.000000
1711.000000
468.000000
985.000000
1118.000000
636.000000
689.000000
1670.000000
508.000000
708.000000
1567.000000
338.000000
626.000000
419.000000
139.000000
553.000000
2678.000000
347.000000
609.000000
214.000000
146.000000
847.000000
864.000000
220.000000
114.000000
757.000000
384.000000
1143.000000
439.000000
1023.000000
181.000000
289.000000
177.000000
440.000000
634.000000
345.000000
5648.000000
419.000000
1791.000000
790.000000
2906.000000
120.000000
529.000000
140.000000
186.000000
652.000000
821.000000
175.000000
212.000000
224.000000
177.000000
85.000000
5339.000000
726.000000
536.000000
143.000000
1807.000000
2018.000000
1991.000000
1252.000000
345.000000
207.000000
1930.000000
1406.000000
1627.000000
741.000000
470.000000
799.000000
920.000000
29.000000
232.000000
1270.000000
231.000000
203.000000
227.000000
855.000000
2541.000000
1971.000000
1037.000000
1185.000000
399.000000
507.000000
433.000000
258.000000
748.000000
183.000000
69.000000
422.000000
673.000000
1135.000000
281.000000
244.000000
51.000000
1093.000000
179.000000
194.000000
421.000000
171.000000
472.000000
362.000000
57.000000
2114.000000
353.000000
597.000000
496.000000
970.000000
592.000000
284.000000
169.000000
543.000000
297.000000
248.000000
268.000000
488.000000
291.000000
962.000000
1365.000000
6944.000000
209.000000
659.000000
510.000000
197.000000
674.000000
1457.000000
465.000000
95.000000
829.000000
362.000000
500.000000
804.000000
267.000000
7774.000000
1239.000000
147.000000
541.000000
321.000000
894.000000
1080.000000
175.000000
247.000000
122.000000
1748.000000
329.000000
1827.000000
421.000000
1095.000000
756.000000
351.000000
105.000000
571.000000
269.000000
2870.000000
162.000000
700.000000
395.000000
122.000000
63.000000
137.000000
4009.000000
388.000000
1280.000000
150.000000
1509.000000
209.000000
435.000000
1103.000000
665.000000
1489.000000
41.000000
162.000000
1622.000000
1251.000000
731.000000
295.000000
860.000000
1596.000000
141.000000
830.000000
753.000000
561.000000
104.000000
409.000000
121.000000
2513.000000
427.000000
170.000000
701.000000
1167.000000
840.000000
2374.000000
1288.000000
471.000000
1335.000000
689.000000
2663.000000
114.000000
392.000000
257.000000
1411.000000
576.000000
727.000000
121.000000
396.000000
125.000000
761.000000
301.000000
5041.000000
1790.000000
1161.000000
293.000000
233.000000
1943.000000
4065.000000
500.000000
705.000000
3071.000000
435.000000
387.000000
305.000000
1191.000000
702.000000
477.000000
207.000000
1848.000000
1212.000000
680.000000
157.000000
1821.000000
246.000000
345.000000
52.000000
1819.000000
613.000000
1025.000000
251.000000
185.000000
593.000000
706.000000
164.000000
1710.000000
224.000000
7560.000000
997.000000
279.000000
459.000000
530.000000
311.000000
874.000000
273.000000
193.000000
381.000000
512.000000
218.000000
1567.000000
1217.000000
133.000000
384.000000
735.000000
362.000000
971.000000
514.000000
244.000000
485.000000
707.000000
377.000000
248.000000
675.000000
471.000000
429.000000
43.000000
634.000000
289.000000
386.000000
103.000000
259.000000
822.000000
314.000000
250.000000
206.000000
210.000000
313.000000
237.000000
186.000000
4943.000000
109.000000
316.000000
1033.000000
382.000000
538.000000
95.000000
2396.000000
1230.000000
202.000000
1008.000000
98.000000
1751.000000
2208.000000
970.000000
402.000000
303.000000
143.000000
386.000000
193.000000
109.000000
476.000000
392.000000
289.000000
2294.000000
347.000000
369.000000
81.000000
3222.000000
274.000000
475.000000
504.000000
222.000000
897.000000
96.000000
74.000000
717.000000
1473.000000
1039.000000
512.000000
408.000000
442.000000
937.000000
512.000000
1640.000000
1630.000000
2227.000000
226.000000
238.000000
545.000000
1177.000000
611.000000
143.000000
774.000000
72.000000
168.000000
1296.000000
191.000000
3298.000000
287.000000
918.000000
586.000000
74.000000
907.000000
