330.000000
2782.000000
170.000000
65.000000
412.000000
112.000000
154.000000
603.000000
582.000000
770.000000
76.000000
467.000000
1440.000000
563.000000
1329.000000
238.000000
208.000000
328.000000
780.000000
440.000000
1550.000000
189.000000
426.000000
316.000000
253.000000
551.000000
188.000000
1836.000000
619.000000
365.000000
1849.000000
2788.000000
1585.000000
199.000000
343.000000
792.000000
1930.000000
279.000000
241.000000
197.000000
1581.000000
1545.000000
672.000000
219.000000
254.000000
653.000000
332.000000
388.000000
158.000000
411.000000
282.000000
2936.000000
136.000000
1469.000000
156.000000
202.000000
619.000000
425.000000
432.000000
129.000000
396.000000
1094.000000
144.000000
1257.000000
1427.000000
506.000000
62.000000
479.000000
326.000000
952.000000
540.000000
212.000000
214.000000
200.000000
212.000000
137.000000
434.000000
415.000000
403.000000
6708.000000
93.000000
1218.000000
214.000000
564.000000
741.000000
549.000000
210.000000
272.000000
221.000000
433.000000
104.000000
97.000000
138.000000
1002.000000
412.000000
476.000000
228.000000
363.000000
136.000000
256.000000
217.000000
855.000000
667.000000
266.000000
1316.000000
1040.000000
1023.000000
738.000000
214.000000
273.000000
793.000000
537.000000
343.000000
479.000000
93.000000
1099.000000
930.000000
413.000000
165.000000
863.000000
43.000000
2066.000000
604.000000
1056.000000
122.000000
429.000000
745.000000
1059.000000
1955.000000
225.000000
950.000000
358.000000
353.000000
291.000000
228.000000
482.000000
561.000000
1514.000000
199.000000
126.000000
1070.000000
150.000000
595.000000
52.000000
2000.000000
210.000000
1011.000000
1125.000000
299.000000
1552.000000
121.000000
669.000000
1491.000000
491.000000
687.000000
447.000000
918.000000
129.000000
2216.000000
392.000000
245.000000
2103.000000
373.000000
256.000000
442.000000
503.000000
166.000000
836.000000
696.000000
395.000000
461.000000
1673.000000
55.000000
175.000000
1092.000000
624.000000
232.000000
1255.000000
494.000000
184.000000
364.000000
124.000000
1001.000000
370.000000
1438.000000
529.000000
1013.000000
1971.000000
108.000000
551.000000
441.000000
1949.000000
577.000000
92.000000
719.000000
223.000000
1098.000000
361.000000
986.000000
163.000000
142.000000
609.000000
3460.000000
1273.000000
214.000000
173.000000
886.000000
1746.000000
788.000000
711.000000
376.000000
855.000000
765.000000
2014.000000
1665.000000
444.000000
261.000000
157.000000
176.000000
552.000000
292.000000
358.000000
368.000000
1699.000000
264.000000
846.000000
173.000000
122.000000
514.000000
997.000000
517.000000
821.000000
226.000000
230.000000
572.000000
2460.000000
306.000000
184.000000
786.000000
804.000000
87.000000
313.000000
1814.000000
190.000000
164.000000
830.000000
473.000000
449.000000
105.000000
240.000000
80.000000
501.000000
269.000000
1226.000000
66.000000
431.000000
1157.000000
362.000000
767.000000
142.000000
653.000000
1210.000000
273.000000
75.000000
1397.000000
205.000000
173.000000
1265.000000
144.000000
113.000000
625.000000
180.000000
313.000000
111.000000
115.000000
266.000000
836.000000
545.000000
1139.000000
74.000000
714.000000
200.000000
634.000000
909.000000
2656.000000
4024.000000
161.000000
791.000000
1245.000000
2594.000000
163.000000
764.000000
199.000000
508.000000
502.000000
283.000000
405.000000
188.000000
280.000000
175.000000
77.000000
319.000000
176.000000
741.000000
277.000000
1053.000000
179.000000
108.000000
548.000000
1834.000000
95.000000
840.000000
105.000000
969.000000
343.000000
835.000000
883.000000
1365.000000
413.000000
374.000000
79.000000
435.000000
1188.000000
263.000000
312.000000
210.000000
457.000000
676.000000
73.000000
546.000000
808.000000
557.000000
880.000000
782.000000
591.000000
196.000000
767.000000
97.000000
614.000000
583.000000
197.000000
45.000000
222.000000
141.000000
3690.000000
62.000000
452.000000
205.000000
231.000000
1926.000000
102.000000
1665.000000
501.000000
123.000000
1123.000000
1424.000000
423.000000
445.000000
333.000000
391.000000
254.000000
1260.000000
305.000000
306.000000
493.000000
3633.000000
442.000000
449.000000
1860.000000
1078.000000
346.000000
829.000000
8399.000000
662.000000
2042.000000
47.000000
182.000000
126.000000
2268.000000
276.000000
117.000000
427.000000
376.000000
2313.000000
96.000000
624.000000
184.000000
119.000000
574.000000
300.000000
1931.000000
499.000000
3102.000000
124.000000
72.000000
405.000000
411.000000
859.000000
1101.000000
423.000000
1438.000000
785.000000
723.000000
120.000000
1576.000000
46.000000
177.000000
1523.000000
554.000000
770.000000
498.000000
1129.000000
90.000000
164.000000
636.000000
393.000000
2086.000000
2307.000000
707.000000
80.000000
155.000000
112.000000
169.000000
119.000000
97.000000
1034.000000
468.000000
504.000000
540.000000
555.000000
140.000000
73.000000
1127.000000
1699.000000
1072.000000
204.000000
2290.000000
429.000000
85.000000
4854.000000
477.000000
259.000000
929.000000
1596.000000
622.000000
114.000000
285.000000
117.000000
133.000000
1065.000000
196.000000
63.000000
529.000000
101.000000
152.000000
63.000000
126.000000
606.000000
257.000000
266.000000
1255.000000
345.000000
341.000000
1700.000000
2996.000000
105.000000
430.000000
2004.000000
150.000000
113.000000
553.000000
211.000000
1331.000000
885.000000
495.000000
1385.000000
683.000000
318.000000
161.000000
355.000000
5675.000000
341.000000
128.000000
50.000000
174.000000
259.000000
153.000000
61.000000
999.000000
881.000000
80.000000
360.000000
230.000000
719.000000
1222.000000
688.000000
178.000000
1143.000000
470.000000
209.000000
156.000000
175.000000
376.000000
180.000000
350.000000
823.000000
508.000000
335.000000
144.000000
1126.000000
244.000000
878.000000
178.000000
327.000000
593.000000
351.000000
656.000000
177.000000
1390.000000
344.000000
1148.000000
204.000000
729.000000
721.000000
398.000000
150.000000
2521.000000
218.000000
117.000000
282.000000
182.000000
91.000000
125.000000
953.000000
828.000000
323.000000
1496.000000
129.000000
278.000000
579.000000
471.000000
299.000000
2655.000000
1536.000000
303.000000
688.000000
203.000000
844.000000
345.000000
72.000000
173.000000
449.000000
148.000000
260.000000
1091.000000
415.000000
277.000000
173.000000
931.000000
377.000000
1212.000000
298.000000
127.000000
1662.000000
572.000000
240.000000
488.000000
420.000000
241.000000
506.000000
79.000000
511.000000
126.000000
2246.000000
655.000000
1209.000000
2152.000000
2767.000000
183.000000
448.000000
59.000000
226.000000
26.000000
937.000000
489.000000
374.000000
216.000000
1082.000000
884.000000
103.000000
233.000000
1304.000000
739.000000
354.000000
218.000000
95.000000
208.000000
402.000000
185.000000
1971.000000
916.000000
713.000000
200.000000
778.000000
86.000000
995.000000
1023.000000
62.000000
1383.000000
542.000000
75.000000
1776.000000
419.000000
197.000000
173.000000
51.000000
831.000000
431.000000
1939.000000
922.000000
373.000000
666.000000
615.000000
160.000000
437.000000
1093.000000
200.000000
194.000000
981.000000
947.000000
206.000000
880.000000
806.000000
630.000000
109.000000
679.000000
157.000000
308.000000
112.000000
1521.000000
166.000000
3420.000000
837.000000
269.000000
495.000000
262.000000
112.000000
1864.000000
1575.000000
1257.000000
338.000000
320.000000
537.000000
353.000000
747.000000
292.000000
275.000000
635.000000
598.000000
977.000000
72.000000
528.000000
1034.000000
556.000000
380.000000
530.000000
257.000000
1934.000000
1352.000000
825.000000
394.000000
777.000000
162.000000
198.000000
878.000000
1866.000000
149.000000
1637.000000
302.000000
721.000000
443.000000
348.000000
640.000000
1919.000000
320.000000
306.000000
151.000000
261.000000
193.000000
118.000000
1389.000000
830.000000
194.000000
450.000000
177.000000
1206.000000
1316.000000
1163.000000
145.000000
202.000000
114.000000
441.000000
5886.000000
73.000000
828.000000
625.000000
242.000000
265.000000
123.000000
338.000000
393.000000
528.000000
1102.000000
703.000000
1377.000000
1501.000000
1188.000000
360.000000
407.000000
309.000000
585.000000
237.000000
302.000000
307.000000
3275.000000
5235.000000
2009.000000
214.000000
587.000000
780.000000
76.000000
324.000000
652.000000
468.000000
147.000000
494.000000
122.000000
155.000000
40.000000
187.000000
19.000000
301.000000
697.000000
255.000000
143.000000
102.000000
1946.000000
183.000000
396.000000
162.000000
248.000000
514.000000
329.000000
115.000000
59.000000
255.000000
481.000000
227.000000
492.000000
420.000000
1011.000000
460.000000
336.000000
725.000000
1439.000000
196.000000
85.000000
643.000000
833.000000
305.000000
376.000000
524.000000
2152.000000
975.000000
674.000000
832.000000
467.000000
344.000000
599.000000
442.000000
515.000000
256.000000
722.000000
1410.000000
186.000000
1341.000000
111.000000
348.000000
989.000000
56.000000
59.000000
1460.000000
2192.000000
1561.000000
330.000000
1354.000000
229.000000
374.000000
4359.000000
244.000000
254.000000
232.000000
399.000000
344.000000
101.000000
49.000000
105.000000
223.000000
356.000000
2080.000000
365.000000
308.000000
816.000000
278.000000
139.000000
87.000000
1822.000000
153.000000
492.000000
1000.000000
1190.000000
559.000000
763.000000
286.000000
605.000000
231.000000
776.000000
228.000000
1658.000000
403.000000
993.000000
468.000000
72.000000
180.000000
841.000000
2123.000000
181.000000
2644.000000
194.000000
954.000000
490.000000
696.000000
273.000000
88.000000
1399.000000
193.000000
661.000000
1363.000000
1208.000000
879.000000
867.000000
696.000000
116.000000
224.000000
68.000000
82.000000
6297.000000
682.000000
211.000000
115.000000
345.000000
814.000000
907.000000
795.000000
212.000000
248.000000
1092.000000
327.000000
793.000000
811.000000
144.000000
245.000000
196.000000
537.000000
2477.000000
472.000000
125.000000
976.000000
417.000000
321.000000
188.000000
424.000000
411.000000
1380.000000
1340.000000
385.000000
575.000000
533.000000
293.000000
174.000000
659.000000
973.000000
288.000000
110.000000
810.000000
403.000000
207.000000
108.000000
161.000000
34.000000
100.000000
388.000000
286.000000
439.000000
1964.000000
730.000000
218.000000
217.000000
85.000000
253.000000
973.000000
1717.000000
2165.000000
429.000000
895.000000
444.000000
258.000000
130.000000
879.000000
204.000000
162.000000
403.000000
964.000000
684.000000
972.000000
308.000000
179.000000
5616.000000
665.000000
67.000000
100.000000
581.000000
4197.000000
1513.000000
528.000000
357.000000
2416.000000
476.000000
383.000000
129.000000
315.000000
328.000000
112.000000
174.000000
443.000000
146.000000
1092.000000
44.000000
859.000000
498.000000
124.000000
343.000000
126.000000
91.000000
616.000000
110.000000
366.000000
2240.000000
200.000000
376.000000
1385.000000
209.000000
103.000000
930.000000
2167.000000
809.000000
1069.000000
981.000000
300.000000
1690.000000
822.000000
1337.000000
92.000000
957.000000
1824.000000
402.000000
1352.000000
2428.000000
435.000000
341.000000
180.000000
654.000000
191.000000
283.000000
154.000000
1225.000000
95.000000
169.000000
635.000000
1367.000000
276.000000
427.000000
135.000000
1030.000000
1683.000000
328.000000
286.000000
165.000000
41.000000
257.000000
