1083.000000
115.000000
245.000000
548.000000
117.000000
1013.000000
79.000000
165.000000
595.000000
955.000000
33.000000
91.000000
2096.000000
184.000000
426.000000
156.000000
1394.000000
977.000000
357.000000
120.000000
2326.000000
1197.000000
112.000000
4400.000000
207.000000
1458.000000
216.000000
353.000000
1095.000000
280.000000
313.000000
436.000000
624.000000
172.000000
2707.000000
735.000000
285.000000
106.000000
142.000000
454.000000
161.000000
473.000000
144.000000
630.000000
259.000000
186.000000
290.000000
466.000000
231.000000
1270.000000
73.000000
243.000000
305.000000
383.000000
591.000000
438.000000
583.000000
335.000000
122.000000
958.000000
482.000000
105.000000
418.000000
500.000000
994.000000
831.000000
299.000000
199.000000
28.000000
425.000000
214.000000
303.000000
245.000000
228.000000
122.000000
224.000000
694.000000
307.000000
191.000000
744.000000
940.000000
5766.000000
1215.000000
1009.000000
304.000000
1333.000000
601.000000
95.000000
267.000000
1125.000000
253.000000
332.000000
99.000000
827.000000
1285.000000
350.000000
692.000000
31.000000
619.000000
746.000000
879.000000
204.000000
764.000000
877.000000
441.000000
1421.000000
1899.000000
106.000000
489.000000
746.000000
129.000000
482.000000
270.000000
804.000000
179.000000
1098.000000
1180.000000
320.000000
958.000000
1174.000000
274.000000
477.000000
71.000000
53.000000
571.000000
780.000000
130.000000
319.000000
154.000000
1992.000000
476.000000
1042.000000
5713.000000
130.000000
207.000000
64.000000
673.000000
75.000000
105.000000
237.000000
2766.000000
249.000000
867.000000
248.000000
57.000000
1054.000000
456.000000
365.000000
1930.000000
1093.000000
634.000000
632.000000
275.000000
311.000000
118.000000
200.000000
95.000000
766.000000
802.000000
877.000000
445.000000
477.000000
522.000000
84.000000
743.000000
73.000000
505.000000
537.000000
1505.000000
319.000000
437.000000
418.000000
692.000000
155.000000
130.000000
3852.000000
719.000000
417.000000
614.000000
673.000000
73.000000
919.000000
582.000000
443.000000
332.000000
632.000000
875.000000
2305.000000
3921.000000
806.000000
435.000000
490.000000
849.000000
176.000000
869.000000
697.000000
1096.000000
564.000000
121.000000
688.000000
119.000000
165.000000
669.000000
1209.000000
503.000000
1054.000000
76.000000
399.000000
844.000000
216.000000
448.000000
182.000000
106.000000
688.000000
126.000000
500.000000
1125.000000
87.000000
184.000000
1487.000000
294.000000
632.000000
1519.000000
2733.000000
1573.000000
2954.000000
565.000000
832.000000
542.000000
65.000000
52.000000
856.000000
360.000000
668.000000
1182.000000
168.000000
327.000000
193.000000
790.000000
69.000000
1728.000000
1445.000000
163.000000
111.000000
435.000000
406.000000
323.000000
153.000000
615.000000
1574.000000
176.000000
727.000000
514.000000
284.000000
435.000000
109.000000
599.000000
388.000000
506.000000
378.000000
164.000000
858.000000
1751.000000
409.000000
1007.000000
461.000000
467.000000
1283.000000
279.000000
92.000000
1269.000000
1221.000000
424.000000
1282.000000
1510.000000
180.000000
421.000000
485.000000
3818.000000
209.000000
786.000000
358.000000
392.000000
1675.000000
65.000000
189.000000
217.000000
380.000000
171.000000
104.000000
153.000000
1403.000000
746.000000
483.000000
445.000000
356.000000
103.000000
48.000000
1136.000000
394.000000
405.000000
528.000000
119.000000
362.000000
584.000000
463.000000
16.000000
203.000000
164.000000
770.000000
1184.000000
880.000000
344.000000
622.000000
629.000000
211.000000
777.000000
1308.000000
226.000000
2893.000000
230.000000
126.000000
396.000000
6720.000000
305.000000
1005.000000
272.000000
625.000000
514.000000
140.000000
1339.000000
376.000000
656.000000
171.000000
331.000000
801.000000
4826.000000
1041.000000
677.000000
373.000000
1663.000000
117.000000
122.000000
172.000000
491.000000
1771.000000
220.000000
108.000000
539.000000
60.000000
257.000000
5332.000000
2839.000000
891.000000
254.000000
2802.000000
913.000000
586.000000
4284.000000
44.000000
1733.000000
2596.000000
840.000000
412.000000
1358.000000
2265.000000
560.000000
147.000000
640.000000
207.000000
295.000000
997.000000
419.000000
2274.000000
857.000000
656.000000
415.000000
151.000000
1139.000000
126.000000
97.000000
595.000000
440.000000
258.000000
213.000000
282.000000
369.000000
651.000000
172.000000
116.000000
147.000000
478.000000
442.000000
573.000000
2952.000000
736.000000
377.000000
528.000000
271.000000
707.000000
379.000000
90.000000
149.000000
678.000000
361.000000
3044.000000
1016.000000
456.000000
122.000000
950.000000
650.000000
613.000000
123.000000
62.000000
328.000000
104.000000
242.000000
448.000000
989.000000
916.000000
87.000000
642.000000
451.000000
365.000000
1374.000000
188.000000
1663.000000
497.000000
200.000000
356.000000
168.000000
163.000000
343.000000
242.000000
1202.000000
1443.000000
99.000000
645.000000
1086.000000
246.000000
899.000000
413.000000
794.000000
1329.000000
582.000000
381.000000
764.000000
246.000000
448.000000
1169.000000
2813.000000
101.000000
377.000000
280.000000
425.000000
909.000000
139.000000
204.000000
156.000000
383.000000
1221.000000
580.000000
309.000000
279.000000
460.000000
39.000000
825.000000
224.000000
309.000000
149.000000
259.000000
1672.000000
345.000000
455.000000
866.000000
300.000000
729.000000
1653.000000
452.000000
883.000000
440.000000
46.000000
53.000000
992.000000
408.000000
245.000000
837.000000
713.000000
284.000000
388.000000
85.000000
879.000000
402.000000
127.000000
605.000000
1407.000000
468.000000
334.000000
4536.000000
228.000000
423.000000
594.000000
738.000000
139.000000
388.000000
207.000000
44.000000
67.000000
177.000000
219.000000
458.000000
584.000000
297.000000
1355.000000
1986.000000
1887.000000
928.000000
2049.000000
229.000000
320.000000
95.000000
1318.000000
482.000000
44.000000
504.000000
354.000000
340.000000
223.000000
376.000000
622.000000
217.000000
261.000000
116.000000
920.000000
3130.000000
423.000000
178.000000
2398.000000
546.000000
405.000000
569.000000
645.000000
552.000000
331.000000
386.000000
277.000000
435.000000
308.000000
411.000000
910.000000
330.000000
346.000000
680.000000
145.000000
330.000000
1055.000000
107.000000
479.000000
202.000000
956.000000
1302.000000
1449.000000
4351.000000
517.000000
92.000000
301.000000
89.000000
317.000000
828.000000
208.000000
158.000000
1421.000000
338.000000
142.000000
9051.000000
538.000000
258.000000
348.000000
166.000000
338.000000
270.000000
1466.000000
123.000000
246.000000
313.000000
969.000000
376.000000
592.000000
698.000000
935.000000
1126.000000
92.000000
88.000000
1482.000000
295.000000
441.000000
443.000000
1154.000000
2166.000000
704.000000
215.000000
1706.000000
242.000000
655.000000
1050.000000
170.000000
229.000000
209.000000
1110.000000
188.000000
93.000000
620.000000
1058.000000
397.000000
261.000000
254.000000
725.000000
65.000000
239.000000
243.000000
1092.000000
387.000000
178.000000
375.000000
943.000000
485.000000
1300.000000
339.000000
249.000000
149.000000
120.000000
81.000000
37.000000
365.000000
279.000000
43.000000
572.000000
348.000000
45.000000
1116.000000
352.000000
2632.000000
244.000000
216.000000
358.000000
166.000000
2529.000000
212.000000
387.000000
157.000000
298.000000
722.000000
293.000000
99.000000
146.000000
1964.000000
2340.000000
414.000000
135.000000
482.000000
548.000000
994.000000
941.000000
380.000000
180.000000
1440.000000
359.000000
1205.000000
849.000000
602.000000
1049.000000
1142.000000
988.000000
319.000000
145.000000
153.000000
563.000000
168.000000
806.000000
179.000000
1200.000000
1297.000000
3287.000000
172.000000
466.000000
469.000000
65.000000
133.000000
95.000000
1257.000000
323.000000
1129.000000
633.000000
1498.000000
236.000000
210.000000
1842.000000
1053.000000
467.000000
1911.000000
1285.000000
510.000000
706.000000
128.000000
280.000000
220.000000
776.000000
196.000000
894.000000
567.000000
522.000000
460.000000
1683.000000
260.000000
292.000000
152.000000
86.000000
25.000000
394.000000
53.000000
531.000000
1278.000000
1159.000000
288.000000
391.000000
277.000000
167.000000
406.000000
325.000000
1332.000000
413.000000
376.000000
272.000000
42.000000
34.000000
123.000000
2286.000000
321.000000
290.000000
810.000000
79.000000
55.000000
691.000000
118.000000
1461.000000
108.000000
454.000000
1008.000000
141.000000
796.000000
152.000000
430.000000
1212.000000
424.000000
293.000000
431.000000
407.000000
141.000000
569.000000
314.000000
496.000000
173.000000
317.000000
458.000000
202.000000
216.000000
429.000000
1843.000000
111.000000
894.000000
1389.000000
260.000000
163.000000
187.000000
343.000000
102.000000
511.000000
82.000000
1150.000000
1390.000000
524.000000
101.000000
352.000000
311.000000
120.000000
276.000000
1059.000000
1381.000000
2581.000000
346.000000
312.000000
1530.000000
70.000000
61.000000
577.000000
33.000000
295.000000
445.000000
643.000000
1023.000000
164.000000
23.000000
154.000000
1136.000000
421.000000
251.000000
305.000000
290.000000
1079.000000
372.000000
497.000000
97.000000
250.000000
338.000000
262.000000
938.000000
746.000000
155.000000
441.000000
564.000000
829.000000
530.000000
1059.000000
2384.000000
253.000000
353.000000
519.000000
35.000000
318.000000
249.000000
422.000000
530.000000
844.000000
2456.000000
1693.000000
1315.000000
241.000000
576.000000
714.000000
156.000000
151.000000
262.000000
175.000000
62.000000
452.000000
320.000000
552.000000
86.000000
237.000000
564.000000
199.000000
136.000000
753.000000
146.000000
505.000000
241.000000
952.000000
1962.000000
322.000000
169.000000
916.000000
356.000000
896.000000
784.000000
61.000000
455.000000
266.000000
253.000000
704.000000
2267.000000
3833.000000
2392.000000
385.000000
116.000000
164.000000
115.000000
440.000000
226.000000
473.000000
309.000000
1339.000000
163.000000
204.000000
275.000000
321.000000
985.000000
113.000000
355.000000
1689.000000
1194.000000
2343.000000
161.000000
139.000000
235.000000
1821.000000
292.000000
660.000000
1121.000000
847.000000
838.000000
1174.000000
561.000000
602.000000
697.000000
479.000000
319.000000
938.000000
1165.000000
745.000000
1133.000000
808.000000
430.000000
531.000000
78.000000
548.000000
838.000000
262.000000
328.000000
477.000000
103.000000
1292.000000
169.000000
270.000000
117.000000
152.000000
420.000000
156.000000
425.000000
249.000000
236.000000
1335.000000
43.000000
451.000000
710.000000
459.000000
362.000000
268.000000
415.000000
171.000000
1018.000000
626.000000
288.000000
145.000000
143.000000
1147.000000
288.000000
813.000000
996.000000
426.000000
1574.000000
318.000000
522.000000
786.000000
872.000000
191.000000
1734.000000
546.000000
33.000000
443.000000
709.000000
703.000000
295.000000
196.000000
1063.000000
165.000000
786.000000
972.000000
147.000000
238.000000
631.000000
2054.000000
138.000000
59.000000
142.000000
316.000000
555.000000
113.000000
1118.000000
827.000000
440.000000
111.000000
305.000000
1016.000000
367.000000
1642.000000
701.000000
212.000000
542.000000
306.000000
677.000000
1709.000000
803.000000
382.000000
1049.000000
605.000000
144.000000
334.000000
244.000000
473.000000
381.000000
