143.000000
105.000000
975.000000
618.000000
1467.000000
204.000000
352.000000
1977.000000
371.000000
579.000000
2094.000000
661.000000
393.000000
132.000000
415.000000
565.000000
266.000000
276.000000
143.000000
1704.000000
469.000000
1013.000000
51.000000
520.000000
281.000000
1447.000000
856.000000
359.000000
135.000000
617.000000
374.000000
171.000000
259.000000
836.000000
1310.000000
842.000000
516.000000
806.000000
760.000000
278.000000
105.000000
544.000000
1278.000000
876.000000
274.000000
315.000000
306.000000
78.000000
273.000000
142.000000
33.000000
171.000000
570.000000
275.000000
185.000000
543.000000
95.000000
7511.000000
99.000000
2059.000000
1145.000000
394.000000
989.000000
447.000000
153.000000
1225.000000
212.000000
641.000000
752.000000
156.000000
686.000000
331.000000
525.000000
835.000000
259.000000
1051.000000
374.000000
53.000000
576.000000
246.000000
678.000000
192.000000
996.000000
953.000000
201.000000
490.000000
12652.000000
343.000000
203.000000
2015.000000
1915.000000
256.000000
234.000000
3816.000000
396.000000
1541.000000
101.000000
2254.000000
1282.000000
121.000000
371.000000
392.000000
740.000000
242.000000
429.000000
129.000000
295.000000
1193.000000
1032.000000
2705.000000
280.000000
721.000000
139.000000
28.000000
164.000000
371.000000
1170.000000
364.000000
115.000000
950.000000
230.000000
167.000000
195.000000
1427.000000
484.000000
4904.000000
49.000000
304.000000
168.000000
49.000000
501.000000
3180.000000
606.000000
121.000000
1149.000000
103.000000
113.000000
2874.000000
508.000000
1245.000000
135.000000
1599.000000
237.000000
78.000000
49.000000
177.000000
338.000000
203.000000
807.000000
860.000000
992.000000
414.000000
161.000000
230.000000
464.000000
86.000000
123.000000
342.000000
2019.000000
143.000000
499.000000
2158.000000
145.000000
1918.000000
587.000000
3377.000000
1264.000000
308.000000
2861.000000
350.000000
532.000000
286.000000
596.000000
122.000000
187.000000
958.000000
1312.000000
930.000000
1321.000000
1786.000000
44.000000
128.000000
238.000000
460.000000
833.000000
922.000000
529.000000
20.000000
860.000000
132.000000
1049.000000
200.000000
214.000000
1140.000000
778.000000
464.000000
700.000000
130.000000
846.000000
589.000000
847.000000
186.000000
103.000000
4665.000000
665.000000
348.000000
348.000000
160.000000
108.000000
296.000000
169.000000
1002.000000
459.000000
187.000000
471.000000
142.000000
164.000000
226.000000
234.000000
278.000000
54.000000
180.000000
437.000000
24.000000
770.000000
103.000000
266.000000
130.000000
229.000000
91.000000
153.000000
4509.000000
4442.000000
690.000000
346.000000
273.000000
1023.000000
189.000000
731.000000
100.000000
2202.000000
364.000000
847.000000
72.000000
439.000000
534.000000
364.000000
479.000000
809.000000
1589.000000
828.000000
168.000000
135.000000
177.000000
282.000000
935.000000
659.000000
264.000000
115.000000
388.000000
453.000000
1083.000000
656.000000
347.000000
350.000000
167.000000
375.000000
610.000000
835.000000
114.000000
1769.000000
135.000000
353.000000
144.000000
193.000000
593.000000
235.000000
506.000000
207.000000
906.000000
155.000000
319.000000
384.000000
59.000000
1363.000000
339.000000
920.000000
1896.000000
904.000000
317.000000
411.000000
1052.000000
1281.000000
263.000000
1173.000000
851.000000
1586.000000
215.000000
128.000000
314.000000
1308.000000
296.000000
1048.000000
97.000000
196.000000
1206.000000
1338.000000
337.000000
68.000000
428.000000
362.000000
206.000000
300.000000
2952.000000
366.000000
50.000000
234.000000
670.000000
162.000000
137.000000
2638.000000
693.000000
265.000000
258.000000
276.000000
2728.000000
420.000000
144.000000
328.000000
206.000000
880.000000
907.000000
1594.000000
464.000000
1185.000000
2511.000000
131.000000
3063.000000
1074.000000
428.000000
624.000000
1256.000000
894.000000
404.000000
229.000000
212.000000
125.000000
433.000000
137.000000
525.000000
922.000000
204.000000
854.000000
2483.000000
211.000000
1200.000000
1085.000000
512.000000
599.000000
403.000000
93.000000
2953.000000
509.000000
953.000000
1149.000000
119.000000
1431.000000
192.000000
129.000000
2408.000000
932.000000
510.000000
331.000000
1234.000000
239.000000
1806.000000
134.000000
199.000000
116.000000
357.000000
345.000000
316.000000
94.000000
154.000000
36.000000
197.000000
391.000000
1891.000000
248.000000
127.000000
870.000000
581.000000
96.000000
1501.000000
254.000000
281.000000
348.000000
85.000000
991.000000
334.000000
720.000000
301.000000
1425.000000
876.000000
56.000000
466.000000
254.000000
503.000000
23.000000
294.000000
2519.000000
166.000000
1390.000000
1852.000000
167.000000
141.000000
101.000000
488.000000
288.000000
218.000000
477.000000
2540.000000
196.000000
716.000000
893.000000
459.000000
405.000000
629.000000
746.000000
509.000000
336.000000
299.000000
1302.000000
39.000000
101.000000
124.000000
790.000000
327.000000
76.000000
234.000000
898.000000
356.000000
1041.000000
1144.000000
89.000000
638.000000
478.000000
167.000000
630.000000
428.000000
2349.000000
206.000000
2310.000000
400.000000
1692.000000
121.000000
75.000000
203.000000
71.000000
129.000000
552.000000
234.000000
316.000000
222.000000
1156.000000
167.000000
1047.000000
351.000000
495.000000
133.000000
389.000000
116.000000
648.000000
356.000000
527.000000
268.000000
415.000000
1340.000000
456.000000
818.000000
1211.000000
107.000000
201.000000
263.000000
436.000000
684.000000
203.000000
830.000000
630.000000
124.000000
247.000000
526.000000
330.000000
773.000000
428.000000
384.000000
365.000000
519.000000
383.000000
777.000000
454.000000
910.000000
982.000000
255.000000
845.000000
1886.000000
1155.000000
585.000000
324.000000
357.000000
1595.000000
1002.000000
903.000000
405.000000
307.000000
692.000000
609.000000
128.000000
167.000000
225.000000
24.000000
295.000000
1001.000000
680.000000
249.000000
127.000000
440.000000
157.000000
190.000000
289.000000
213.000000
127.000000
113.000000
418.000000
1158.000000
1748.000000
386.000000
481.000000
335.000000
979.000000
775.000000
105.000000
210.000000
205.000000
141.000000
835.000000
428.000000
204.000000
423.000000
471.000000
78.000000
247.000000
562.000000
366.000000
75.000000
454.000000
94.000000
266.000000
571.000000
80.000000
81.000000
360.000000
142.000000
81.000000
901.000000
637.000000
651.000000
86.000000
178.000000
321.000000
1640.000000
118.000000
519.000000
242.000000
547.000000
128.000000
432.000000
588.000000
657.000000
201.000000
469.000000
697.000000
281.000000
259.000000
205.000000
1864.000000
287.000000
572.000000
2115.000000
230.000000
154.000000
574.000000
643.000000
402.000000
156.000000
295.000000
183.000000
471.000000
449.000000
1453.000000
57.000000
1164.000000
250.000000
303.000000
808.000000
270.000000
1106.000000
264.000000
428.000000
204.000000
700.000000
751.000000
109.000000
647.000000
537.000000
464.000000
92.000000
488.000000
3440.000000
366.000000
2086.000000
1874.000000
906.000000
248.000000
203.000000
281.000000
968.000000
570.000000
278.000000
163.000000
610.000000
345.000000
943.000000
316.000000
157.000000
609.000000
848.000000
239.000000
611.000000
109.000000
623.000000
1262.000000
223.000000
211.000000
166.000000
192.000000
446.000000
75.000000
210.000000
1155.000000
18.000000
1599.000000
879.000000
145.000000
671.000000
477.000000
1382.000000
309.000000
444.000000
490.000000
952.000000
194.000000
143.000000
412.000000
760.000000
2253.000000
198.000000
812.000000
1059.000000
2287.000000
3343.000000
1441.000000
332.000000
88.000000
399.000000
140.000000
268.000000
318.000000
148.000000
123.000000
306.000000
403.000000
1037.000000
289.000000
974.000000
414.000000
688.000000
1047.000000
296.000000
443.000000
3466.000000
1483.000000
1758.000000
834.000000
957.000000
1952.000000
528.000000
137.000000
339.000000
3452.000000
526.000000
297.000000
299.000000
151.000000
81.000000
157.000000
106.000000
106.000000
130.000000
572.000000
281.000000
789.000000
59.000000
81.000000
867.000000
203.000000
394.000000
255.000000
553.000000
1209.000000
1068.000000
644.000000
814.000000
458.000000
174.000000
2952.000000
393.000000
1152.000000
194.000000
272.000000
3603.000000
209.000000
1371.000000
192.000000
400.000000
1546.000000
3089.000000
424.000000
283.000000
165.000000
187.000000
748.000000
153.000000
144.000000
243.000000
280.000000
319.000000
109.000000
406.000000
936.000000
286.000000
950.000000
243.000000
233.000000
85.000000
1044.000000
121.000000
1293.000000
3031.000000
600.000000
228.000000
510.000000
478.000000
137.000000
310.000000
377.000000
1020.000000
279.000000
447.000000
718.000000
346.000000
145.000000
263.000000
531.000000
1899.000000
503.000000
289.000000
307.000000
1615.000000
637.000000
1861.000000
164.000000
457.000000
400.000000
442.000000
122.000000
1330.000000
1929.000000
310.000000
488.000000
266.000000
227.000000
93.000000
180.000000
652.000000
2113.000000
635.000000
355.000000
578.000000
1158.000000
72.000000
542.000000
333.000000
219.000000
646.000000
363.000000
136.000000
108.000000
760.000000
1172.000000
394.000000
601.000000
97.000000
494.000000
345.000000
1114.000000
552.000000
1603.000000
250.000000
800.000000
2036.000000
1237.000000
182.000000
99.000000
92.000000
435.000000
1794.000000
2157.000000
729.000000
1078.000000
565.000000
260.000000
160.000000
201.000000
1279.000000
972.000000
511.000000
3529.000000
565.000000
252.000000
91.000000
736.000000
235.000000
1893.000000
813.000000
581.000000
144.000000
157.000000
246.000000
535.000000
387.000000
928.000000
659.000000
280.000000
182.000000
118.000000
231.000000
628.000000
915.000000
221.000000
184.000000
530.000000
180.000000
525.000000
513.000000
1139.000000
117.000000
1377.000000
1062.000000
246.000000
523.000000
1426.000000
322.000000
624.000000
532.000000
170.000000
1250.000000
212.000000
2360.000000
586.000000
3340.000000
1170.000000
247.000000
68.000000
61.000000
294.000000
269.000000
315.000000
256.000000
395.000000
3128.000000
148.000000
192.000000
461.000000
2950.000000
185.000000
685.000000
51.000000
1276.000000
379.000000
350.000000
1104.000000
1274.000000
267.000000
235.000000
201.000000
588.000000
405.000000
1038.000000
1140.000000
269.000000
157.000000
435.000000
282.000000
111.000000
99.000000
2680.000000
240.000000
703.000000
881.000000
1436.000000
302.000000
662.000000
186.000000
1256.000000
876.000000
434.000000
790.000000
862.000000
146.000000
3117.000000
136.000000
626.000000
85.000000
392.000000
5286.000000
126.000000
370.000000
299.000000
177.000000
531.000000
237.000000
214.000000
1528.000000
251.000000
159.000000
1664.000000
228.000000
1285.000000
318.000000
998.000000
79.000000
112.000000
189.000000
730.000000
239.000000
398.000000
398.000000
467.000000
286.000000
507.000000
272.000000
370.000000
71.000000
924.000000
200.000000
858.000000
1665.000000
349.000000
709.000000
823.000000
87.000000
1206.000000
412.000000
857.000000
241.000000
310.000000
201.000000
583.000000
5740.000000
143.000000
326.000000
130.000000
923.000000
280.000000
147.000000
87.000000
747.000000
240.000000
1048.000000
298.000000
563.000000
123.000000
204.000000
384.000000
2675.000000
288.000000
177.000000
232.000000
579.000000
