115.000000
404.000000
319.000000
661.000000
871.000000
671.000000
360.000000
289.000000
601.000000
261.000000
1471.000000
1565.000000
1401.000000
991.000000
101.000000
2172.000000
35.000000
223.000000
3831.000000
198.000000
383.000000
433.000000
105.000000
1485.000000
174.000000
648.000000
1338.000000
1933.000000
137.000000
702.000000
640.000000
102.000000
381.000000
418.000000
619.000000
197.000000
858.000000
1394.000000
493.000000
457.000000
317.000000
1405.000000
257.000000
138.000000
547.000000
1414.000000
1819.000000
876.000000
85.000000
1668.000000
88.000000
2394.000000
186.000000
167.000000
552.000000
182.000000
1035.000000
562.000000
177.000000
204.000000
77.000000
431.000000
650.000000
2125.000000
56.000000
978.000000
97.000000
128.000000
346.000000
664.000000
97.000000
158.000000
150.000000
1670.000000
2966.000000
1249.000000
1273.000000
550.000000
405.000000
120.000000
107.000000
677.000000
643.000000
451.000000
175.000000
671.000000
121.000000
203.000000
377.000000
851.000000
1228.000000
145.000000
684.000000
353.000000
1094.000000
413.000000
377.000000
678.000000
519.000000
914.000000
95.000000
75.000000
41.000000
546.000000
140.000000
402.000000
99.000000
313.000000
876.000000
367.000000
91.000000
265.000000
821.000000
175.000000
1728.000000
525.000000
851.000000
1576.000000
222.000000
130.000000
708.000000
344.000000
553.000000
1152.000000
737.000000
144.000000
2527.000000
276.000000
319.000000
459.000000
427.000000
49.000000
1510.000000
14.000000
1152.000000
1257.000000
622.000000
564.000000
165.000000
242.000000
1585.000000
517.000000
658.000000
1194.000000
820.000000
375.000000
286.000000
257.000000
77.000000
55.000000
233.000000
418.000000
985.000000
1983.000000
61.000000
214.000000
2904.000000
96.000000
151.000000
658.000000
1715.000000
347.000000
678.000000
1033.000000
666.000000
657.000000
2260.000000
115.000000
957.000000
156.000000
516.000000
425.000000
535.000000
736.000000
99.000000
573.000000
646.000000
1292.000000
494.000000
412.000000
155.000000
285.000000
75.000000
901.000000
224.000000
2702.000000
1166.000000
1706.000000
194.000000
426.000000
1903.000000
1029.000000
655.000000
596.000000
304.000000
337.000000
1268.000000
547.000000
922.000000
1544.000000
232.000000
271.000000
322.000000
927.000000
764.000000
82.000000
258.000000
790.000000
800.000000
422.000000
439.000000
1073.000000
2330.000000
551.000000
121.000000
419.000000
1328.000000
573.000000
55.000000
845.000000
771.000000
930.000000
430.000000
517.000000
362.000000
556.000000
2382.000000
127.000000
279.000000
384.000000
243.000000
1755.000000
99.000000
475.000000
68.000000
248.000000
328.000000
854.000000
4039.000000
453.000000
323.000000
242.000000
1836.000000
1012.000000
221.000000
19.000000
1907.000000
2384.000000
343.000000
224.000000
477.000000
478.000000
488.000000
4184.000000
1452.000000
296.000000
613.000000
339.000000
1439.000000
1787.000000
263.000000
93.000000
294.000000
1362.000000
978.000000
390.000000
2425.000000
2741.000000
11.000000
316.000000
131.000000
292.000000
232.000000
80.000000
1064.000000
396.000000
550.000000
186.000000
298.000000
1648.000000
1527.000000
182.000000
215.000000
4856.000000
126.000000
267.000000
552.000000
1482.000000
307.000000
147.000000
288.000000
378.000000
385.000000
418.000000
165.000000
213.000000
151.000000
538.000000
720.000000
1974.000000
601.000000
932.000000
1524.000000
96.000000
2597.000000
330.000000
622.000000
516.000000
52.000000
1405.000000
238.000000
251.000000
278.000000
876.000000
490.000000
137.000000
1161.000000
1160.000000
189.000000
277.000000
61.000000
1434.000000
289.000000
84.000000
156.000000
439.000000
916.000000
471.000000
281.000000
27.000000
232.000000
1762.000000
572.000000
339.000000
78.000000
122.000000
187.000000
196.000000
403.000000
194.000000
1006.000000
361.000000
718.000000
169.000000
294.000000
163.000000
286.000000
229.000000
1125.000000
218.000000
368.000000
304.000000
57.000000
1129.000000
1085.000000
939.000000
471.000000
241.000000
373.000000
448.000000
308.000000
194.000000
284.000000
64.000000
310.000000
397.000000
5001.000000
914.000000
2338.000000
892.000000
281.000000
266.000000
1971.000000
438.000000
475.000000
599.000000
908.000000
298.000000
105.000000
1554.000000
685.000000
363.000000
566.000000
774.000000
340.000000
375.000000
3702.000000
232.000000
517.000000
297.000000
186.000000
3745.000000
246.000000
668.000000
243.000000
166.000000
246.000000
371.000000
613.000000
702.000000
249.000000
697.000000
569.000000
200.000000
404.000000
434.000000
460.000000
118.000000
1255.000000
383.000000
88.000000
199.000000
447.000000
1006.000000
705.000000
1093.000000
230.000000
137.000000
997.000000
299.000000
223.000000
203.000000
259.000000
1347.000000
732.000000
91.000000
266.000000
164.000000
231.000000
625.000000
954.000000
217.000000
554.000000
2267.000000
245.000000
664.000000
133.000000
338.000000
153.000000
84.000000
691.000000
122.000000
171.000000
1314.000000
467.000000
459.000000
833.000000
225.000000
178.000000
89.000000
390.000000
195.000000
618.000000
363.000000
281.000000
447.000000
426.000000
493.000000
292.000000
1763.000000
217.000000
414.000000
261.000000
754.000000
262.000000
341.000000
349.000000
90.000000
769.000000
173.000000
115.000000
56.000000
164.000000
58.000000
702.000000
199.000000
319.000000
259.000000
1001.000000
2982.000000
531.000000
766.000000
88.000000
351.000000
1407.000000
657.000000
473.000000
440.000000
354.000000
844.000000
87.000000
280.000000
150.000000
573.000000
149.000000
145.000000
74.000000
471.000000
392.000000
245.000000
103.000000
832.000000
325.000000
304.000000
410.000000
218.000000
1953.000000
203.000000
209.000000
945.000000
706.000000
432.000000
251.000000
1767.000000
169.000000
164.000000
3134.000000
121.000000
912.000000
2350.000000
1040.000000
457.000000
1425.000000
302.000000
920.000000
204.000000
390.000000
543.000000
478.000000
665.000000
330.000000
245.000000
261.000000
989.000000
1141.000000
1174.000000
237.000000
58.000000
275.000000
182.000000
1379.000000
950.000000
784.000000
131.000000
527.000000
1468.000000
1357.000000
318.000000
953.000000
2149.000000
161.000000
1196.000000
1659.000000
302.000000
344.000000
269.000000
564.000000
112.000000
271.000000
357.000000
1668.000000
332.000000
753.000000
665.000000
278.000000
890.000000
440.000000
1648.000000
291.000000
317.000000
369.000000
121.000000
131.000000
435.000000
170.000000
406.000000
80.000000
133.000000
203.000000
64.000000
241.000000
718.000000
415.000000
255.000000
173.000000
512.000000
419.000000
281.000000
1507.000000
669.000000
2040.000000
6.000000
574.000000
733.000000
572.000000
345.000000
618.000000
3248.000000
363.000000
1199.000000
2097.000000
1635.000000
277.000000
252.000000
43.000000
3158.000000
1490.000000
221.000000
95.000000
297.000000
345.000000
371.000000
591.000000
355.000000
4249.000000
301.000000
491.000000
359.000000
769.000000
657.000000
321.000000
208.000000
48.000000
956.000000
413.000000
461.000000
123.000000
684.000000
1071.000000
2179.000000
190.000000
455.000000
63.000000
900.000000
563.000000
244.000000
327.000000
894.000000
461.000000
838.000000
1151.000000
371.000000
170.000000
344.000000
527.000000
13.000000
1767.000000
415.000000
51.000000
768.000000
59.000000
176.000000
802.000000
150.000000
164.000000
1338.000000
520.000000
138.000000
2684.000000
5631.000000
309.000000
55.000000
1550.000000
213.000000
236.000000
834.000000
36.000000
36.000000
767.000000
580.000000
1848.000000
224.000000
1795.000000
219.000000
313.000000
201.000000
135.000000
916.000000
1105.000000
523.000000
582.000000
451.000000
487.000000
2154.000000
2958.000000
1538.000000
150.000000
561.000000
113.000000
60.000000
306.000000
3347.000000
318.000000
56.000000
237.000000
341.000000
1053.000000
1558.000000
171.000000
985.000000
138.000000
1732.000000
420.000000
757.000000
2037.000000
1543.000000
529.000000
813.000000
224.000000
277.000000
92.000000
2777.000000
286.000000
51.000000
290.000000
2764.000000
1502.000000
123.000000
301.000000
1683.000000
1035.000000
447.000000
520.000000
399.000000
354.000000
200.000000
182.000000
419.000000
201.000000
321.000000
1190.000000
365.000000
197.000000
619.000000
1939.000000
1270.000000
1162.000000
117.000000
504.000000
315.000000
512.000000
2597.000000
428.000000
231.000000
565.000000
91.000000
998.000000
2149.000000
487.000000
495.000000
353.000000
1268.000000
428.000000
3330.000000
510.000000
97.000000
222.000000
764.000000
305.000000
262.000000
137.000000
186.000000
96.000000
113.000000
412.000000
696.000000
255.000000
258.000000
1849.000000
183.000000
886.000000
166.000000
1661.000000
10.000000
1224.000000
245.000000
192.000000
784.000000
1063.000000
855.000000
30.000000
534.000000
1558.000000
516.000000
2140.000000
622.000000
243.000000
1915.000000
172.000000
251.000000
554.000000
215.000000
422.000000
156.000000
184.000000
219.000000
98.000000
330.000000
268.000000
942.000000
624.000000
1861.000000
192.000000
213.000000
172.000000
647.000000
474.000000
1973.000000
153.000000
79.000000
1240.000000
460.000000
111.000000
231.000000
295.000000
1721.000000
119.000000
1690.000000
1584.000000
746.000000
288.000000
201.000000
501.000000
254.000000
747.000000
91.000000
205.000000
289.000000
648.000000
798.000000
189.000000
1300.000000
458.000000
211.000000
652.000000
2144.000000
508.000000
468.000000
1381.000000
147.000000
388.000000
142.000000
617.000000
691.000000
639.000000
178.000000
644.000000
332.000000
386.000000
122.000000
340.000000
997.000000
316.000000
300.000000
759.000000
224.000000
3543.000000
200.000000
174.000000
423.000000
1044.000000
789.000000
232.000000
120.000000
679.000000
564.000000
116.000000
160.000000
747.000000
2164.000000
249.000000
141.000000
253.000000
280.000000
202.000000
483.000000
2111.000000
131.000000
242.000000
254.000000
530.000000
579.000000
316.000000
1090.000000
255.000000
742.000000
51.000000
944.000000
379.000000
246.000000
440.000000
168.000000
44.000000
1597.000000
2794.000000
463.000000
106.000000
484.000000
110.000000
116.000000
730.000000
2549.000000
261.000000
138.000000
242.000000
173.000000
464.000000
168.000000
323.000000
200.000000
969.000000
1299.000000
47.000000
129.000000
2065.000000
1357.000000
879.000000
886.000000
622.000000
278.000000
915.000000
117.000000
693.000000
1044.000000
354.000000
820.000000
551.000000
892.000000
588.000000
304.000000
345.000000
25.000000
727.000000
395.000000
908.000000
1028.000000
168.000000
867.000000
662.000000
3544.000000
741.000000
68.000000
29.000000
238.000000
546.000000
243.000000
324.000000
1128.000000
437.000000
320.000000
807.000000
237.000000
225.000000
180.000000
1801.000000
284.000000
895.000000
1030.000000
789.000000
268.000000
140.000000
254.000000
365.000000
428.000000
202.000000
77.000000
912.000000
502.000000
1921.000000
417.000000
1029.000000
659.000000
661.000000
1154.000000
1581.000000
91.000000
512.000000
636.000000
519.000000
277.000000
186.000000
760.000000
52.000000
132.000000
361.000000
271.000000
324.000000
6819.000000
303.000000
333.000000
695.000000
93.000000
134.000000
296.000000
72.000000
174.000000
110.000000
206.000000
291.000000
334.000000
