2936.000000
303.000000
261.000000
1509.000000
205.000000
761.000000
194.000000
369.000000
562.000000
537.000000
1163.000000
1265.000000
292.000000
580.000000
710.000000
183.000000
448.000000
808.000000
54.000000
1592.000000
530.000000
279.000000
797.000000
408.000000
72.000000
299.000000
97.000000
993.000000
345.000000
123.000000
978.000000
549.000000
483.000000
749.000000
199.000000
371.000000
117.000000
740.000000
487.000000
169.000000
365.000000
226.000000
453.000000
161.000000
172.000000
209.000000
676.000000
222.000000
235.000000
100.000000
438.000000
354.000000
177.000000
856.000000
840.000000
208.000000
191.000000
2097.000000
1861.000000
1107.000000
51.000000
81.000000
191.000000
369.000000
346.000000
94.000000
355.000000
263.000000
579.000000
1603.000000
225.000000
533.000000
1271.000000
264.000000
1328.000000
212.000000
1004.000000
397.000000
122.000000
361.000000
720.000000
103.000000
578.000000
638.000000
187.000000
636.000000
1318.000000
135.000000
441.000000
470.000000
318.000000
197.000000
770.000000
327.000000
258.000000
153.000000
470.000000
812.000000
115.000000
498.000000
194.000000
332.000000
279.000000
346.000000
477.000000
281.000000
522.000000
1103.000000
166.000000
372.000000
107.000000
667.000000
234.000000
978.000000
184.000000
1223.000000
157.000000
455.000000
101.000000
572.000000
158.000000
352.000000
213.000000
1169.000000
271.000000
1293.000000
298.000000
269.000000
572.000000
58.000000
413.000000
1112.000000
3774.000000
4040.000000
1495.000000
507.000000
1184.000000
2796.000000
175.000000
87.000000
58.000000
190.000000
809.000000
177.000000
2950.000000
1282.000000
222.000000
269.000000
45.000000
277.000000
784.000000
448.000000
145.000000
926.000000
289.000000
170.000000
200.000000
55.000000
134.000000
401.000000
123.000000
412.000000
1569.000000
181.000000
1444.000000
249.000000
155.000000
359.000000
253.000000
2083.000000
467.000000
948.000000
456.000000
686.000000
866.000000
863.000000
123.000000
168.000000
178.000000
313.000000
215.000000
121.000000
261.000000
157.000000
646.000000
957.000000
256.000000
106.000000
363.000000
1278.000000
55.000000
268.000000
189.000000
260.000000
357.000000
1288.000000
1176.000000
178.000000
462.000000
428.000000
405.000000
893.000000
117.000000
470.000000
120.000000
960.000000
393.000000
310.000000
112.000000
130.000000
1159.000000
2142.000000
224.000000
1220.000000
70.000000
239.000000
543.000000
81.000000
402.000000
1359.000000
2246.000000
168.000000
267.000000
343.000000
773.000000
834.000000
186.000000
234.000000
2936.000000
1392.000000
722.000000
802.000000
211.000000
432.000000
535.000000
410.000000
253.000000
139.000000
140.000000
823.000000
128.000000
226.000000
912.000000
769.000000
288.000000
616.000000
178.000000
269.000000
1958.000000
433.000000
79.000000
485.000000
331.000000
469.000000
120.000000
113.000000
728.000000
134.000000
669.000000
223.000000
1358.000000
357.000000
1870.000000
60.000000
886.000000
798.000000
229.000000
86.000000
548.000000
1386.000000
309.000000
70.000000
1777.000000
66.000000
181.000000
324.000000
1082.000000
206.000000
696.000000
673.000000
497.000000
495.000000
69.000000
519.000000
411.000000
360.000000
344.000000
462.000000
392.000000
3738.000000
473.000000
302.000000
93.000000
2675.000000
387.000000
834.000000
638.000000
255.000000
537.000000
456.000000
210.000000
370.000000
153.000000
341.000000
184.000000
545.000000
1297.000000
559.000000
265.000000
881.000000
2477.000000
193.000000
321.000000
435.000000
195.000000
454.000000
752.000000
1908.000000
191.000000
215.000000
388.000000
614.000000
154.000000
1764.000000
182.000000
357.000000
151.000000
169.000000
213.000000
471.000000
2922.000000
173.000000
628.000000
105.000000
832.000000
194.000000
476.000000
156.000000
514.000000
85.000000
1202.000000
53.000000
194.000000
361.000000
876.000000
235.000000
667.000000
244.000000
2321.000000
125.000000
120.000000
943.000000
329.000000
201.000000
217.000000
289.000000
2062.000000
446.000000
1602.000000
1040.000000
707.000000
680.000000
113.000000
251.000000
2585.000000
87.000000
1282.000000
482.000000
2249.000000
519.000000
100.000000
305.000000
307.000000
335.000000
31.000000
899.000000
1008.000000
1037.000000
2348.000000
1559.000000
910.000000
284.000000
710.000000
303.000000
170.000000
73.000000
198.000000
1142.000000
222.000000
236.000000
195.000000
253.000000
82.000000
406.000000
547.000000
476.000000
594.000000
549.000000
185.000000
992.000000
165.000000
727.000000
193.000000
1137.000000
447.000000
982.000000
53.000000
262.000000
782.000000
168.000000
628.000000
319.000000
488.000000
2061.000000
299.000000
1190.000000
320.000000
116.000000
189.000000
355.000000
270.000000
63.000000
507.000000
89.000000
455.000000
1038.000000
1130.000000
236.000000
374.000000
442.000000
141.000000
218.000000
470.000000
290.000000
56.000000
101.000000
494.000000
453.000000
212.000000
879.000000
840.000000
449.000000
292.000000
607.000000
269.000000
232.000000
1194.000000
82.000000
152.000000
64.000000
841.000000
345.000000
824.000000
2220.000000
192.000000
133.000000
938.000000
319.000000
540.000000
627.000000
496.000000
142.000000
882.000000
760.000000
113.000000
220.000000
502.000000
424.000000
494.000000
99.000000
491.000000
83.000000
4070.000000
107.000000
415.000000
300.000000
361.000000
94.000000
1045.000000
343.000000
958.000000
69.000000
420.000000
223.000000
504.000000
773.000000
181.000000
87.000000
1271.000000
160.000000
255.000000
1322.000000
2757.000000
100.000000
1123.000000
1082.000000
330.000000
281.000000
933.000000
305.000000
464.000000
353.000000
770.000000
730.000000
447.000000
219.000000
171.000000
236.000000
235.000000
770.000000
522.000000
175.000000
739.000000
451.000000
815.000000
1494.000000
700.000000
277.000000
1065.000000
621.000000
141.000000
272.000000
178.000000
264.000000
640.000000
137.000000
154.000000
1091.000000
139.000000
419.000000
417.000000
2240.000000
109.000000
228.000000
4709.000000
178.000000
680.000000
687.000000
497.000000
1214.000000
183.000000
851.000000
939.000000
341.000000
1774.000000
382.000000
343.000000
291.000000
2552.000000
229.000000
2333.000000
69.000000
969.000000
304.000000
223.000000
123.000000
1350.000000
224.000000
923.000000
348.000000
592.000000
619.000000
457.000000
259.000000
194.000000
854.000000
2401.000000
96.000000
224.000000
337.000000
385.000000
474.000000
1187.000000
284.000000
853.000000
457.000000
769.000000
277.000000
71.000000
139.000000
1570.000000
233.000000
223.000000
228.000000
95.000000
397.000000
298.000000
266.000000
710.000000
68.000000
310.000000
53.000000
191.000000
164.000000
170.000000
769.000000
272.000000
88.000000
1010.000000
303.000000
1356.000000
692.000000
334.000000
543.000000
1876.000000
321.000000
499.000000
396.000000
654.000000
229.000000
200.000000
305.000000
951.000000
6264.000000
542.000000
1469.000000
503.000000
71.000000
1586.000000
184.000000
510.000000
278.000000
592.000000
277.000000
163.000000
153.000000
2292.000000
419.000000
124.000000
2152.000000
204.000000
123.000000
1048.000000
419.000000
319.000000
907.000000
69.000000
328.000000
707.000000
930.000000
66.000000
287.000000
383.000000
232.000000
382.000000
366.000000
400.000000
3644.000000
137.000000
232.000000
1161.000000
1520.000000
116.000000
55.000000
400.000000
386.000000
69.000000
794.000000
1954.000000
355.000000
501.000000
1050.000000
105.000000
692.000000
522.000000
1011.000000
341.000000
960.000000
36.000000
349.000000
1135.000000
175.000000
860.000000
710.000000
302.000000
890.000000
383.000000
1965.000000
663.000000
120.000000
205.000000
114.000000
3545.000000
171.000000
148.000000
770.000000
333.000000
128.000000
573.000000
7642.000000
725.000000
533.000000
635.000000
1700.000000
1578.000000
90.000000
160.000000
1505.000000
417.000000
1522.000000
2411.000000
166.000000
605.000000
91.000000
257.000000
165.000000
646.000000
1048.000000
553.000000
363.000000
336.000000
269.000000
910.000000
383.000000
113.000000
424.000000
898.000000
245.000000
534.000000
729.000000
289.000000
218.000000
123.000000
258.000000
161.000000
719.000000
108.000000
1242.000000
506.000000
1016.000000
118.000000
624.000000
314.000000
215.000000
102.000000
243.000000
577.000000
39.000000
303.000000
156.000000
1826.000000
3652.000000
1228.000000
419.000000
1372.000000
1345.000000
6606.000000
500.000000
379.000000
742.000000
185.000000
210.000000
1470.000000
1539.000000
421.000000
223.000000
151.000000
280.000000
1306.000000
140.000000
590.000000
340.000000
726.000000
242.000000
822.000000
5993.000000
332.000000
206.000000
232.000000
233.000000
140.000000
158.000000
508.000000
793.000000
2064.000000
210.000000
577.000000
537.000000
296.000000
114.000000
603.000000
401.000000
126.000000
194.000000
740.000000
223.000000
38.000000
937.000000
1036.000000
1427.000000
591.000000
172.000000
330.000000
333.000000
143.000000
224.000000
396.000000
336.000000
597.000000
391.000000
958.000000
646.000000
356.000000
101.000000
2220.000000
613.000000
486.000000
204.000000
131.000000
213.000000
251.000000
242.000000
3409.000000
279.000000
788.000000
154.000000
301.000000
342.000000
1335.000000
893.000000
814.000000
429.000000
152.000000
394.000000
109.000000
69.000000
221.000000
497.000000
610.000000
396.000000
644.000000
1268.000000
259.000000
325.000000
883.000000
147.000000
270.000000
309.000000
430.000000
185.000000
210.000000
385.000000
183.000000
386.000000
54.000000
1294.000000
559.000000
60.000000
230.000000
255.000000
214.000000
802.000000
259.000000
5195.000000
111.000000
267.000000
1336.000000
246.000000
2733.000000
266.000000
356.000000
224.000000
325.000000
101.000000
573.000000
567.000000
166.000000
207.000000
198.000000
1515.000000
451.000000
199.000000
244.000000
135.000000
871.000000
152.000000
1427.000000
645.000000
73.000000
169.000000
1501.000000
74.000000
430.000000
631.000000
32.000000
1621.000000
634.000000
832.000000
169.000000
625.000000
477.000000
179.000000
226.000000
271.000000
113.000000
806.000000
754.000000
1223.000000
1669.000000
453.000000
467.000000
1012.000000
380.000000
547.000000
866.000000
529.000000
242.000000
364.000000
860.000000
2839.000000
1542.000000
92.000000
991.000000
207.000000
47.000000
228.000000
3666.000000
1254.000000
776.000000
357.000000
80.000000
1803.000000
46.000000
172.000000
2152.000000
747.000000
1073.000000
838.000000
873.000000
147.000000
244.000000
31.000000
861.000000
494.000000
93.000000
205.000000
118.000000
305.000000
972.000000
131.000000
339.000000
1151.000000
725.000000
1116.000000
308.000000
1983.000000
596.000000
101.000000
454.000000
253.000000
1073.000000
188.000000
376.000000
566.000000
820.000000
291.000000
147.000000
174.000000
722.000000
1424.000000
1542.000000
120.000000
1234.000000
331.000000
297.000000
549.000000
316.000000
291.000000
809.000000
539.000000
1138.000000
83.000000
107.000000
131.000000
1127.000000
418.000000
1862.000000
1172.000000
491.000000
80.000000
489.000000
428.000000
131.000000
424.000000
203.000000
157.000000
164.000000
829.000000
372.000000
137.000000
823.000000
225.000000
397.000000
155.000000
387.000000
706.000000
1265.000000
60.000000
310.000000
230.000000
