84.000000
193.000000
165.000000
114.000000
136.000000
256.000000
848.000000
171.000000
333.000000
81.000000
388.000000
158.000000
200.000000
1544.000000
268.000000
118.000000
162.000000
867.000000
289.000000
219.000000
228.000000
3007.000000
1422.000000
222.000000
71.000000
279.000000
4366.000000
263.000000
686.000000
190.000000
139.000000
359.000000
1066.000000
168.000000
997.000000
52.000000
522.000000
126.000000
281.000000
2090.000000
1498.000000
222.000000
557.000000
108.000000
123.000000
941.000000
427.000000
1392.000000
975.000000
1209.000000
966.000000
528.000000
261.000000
135.000000
2846.000000
156.000000
245.000000
216.000000
943.000000
239.000000
403.000000
170.000000
1230.000000
353.000000
458.000000
445.000000
40.000000
221.000000
190.000000
1031.000000
401.000000
286.000000
4372.000000
150.000000
154.000000
310.000000
857.000000
335.000000
605.000000
434.000000
876.000000
160.000000
267.000000
820.000000
63.000000
340.000000
758.000000
635.000000
589.000000
945.000000
243.000000
676.000000
829.000000
437.000000
735.000000
131.000000
182.000000
242.000000
32.000000
962.000000
40.000000
663.000000
759.000000
630.000000
112.000000
2020.000000
874.000000
1188.000000
560.000000
1162.000000
981.000000
881.000000
266.000000
56.000000
229.000000
171.000000
1277.000000
46.000000
338.000000
366.000000
297.000000
1267.000000
109.000000
451.000000
3145.000000
588.000000
257.000000
1172.000000
76.000000
73.000000
2220.000000
698.000000
287.000000
1361.000000
352.000000
342.000000
346.000000
449.000000
156.000000
80.000000
441.000000
517.000000
2919.000000
579.000000
225.000000
1723.000000
438.000000
471.000000
327.000000
158.000000
298.000000
1167.000000
302.000000
123.000000
1037.000000
609.000000
474.000000
270.000000
153.000000
807.000000
613.000000
447.000000
361.000000
136.000000
80.000000
225.000000
293.000000
166.000000
229.000000
1949.000000
288.000000
43.000000
285.000000
451.000000
192.000000
134.000000
257.000000
115.000000
594.000000
300.000000
732.000000
40.000000
1511.000000
236.000000
50.000000
172.000000
393.000000
433.000000
2883.000000
267.000000
916.000000
423.000000
160.000000
381.000000
585.000000
2417.000000
709.000000
1219.000000
1977.000000
1032.000000
498.000000
718.000000
8546.000000
691.000000
512.000000
258.000000
164.000000
206.000000
417.000000
167.000000
937.000000
1052.000000
271.000000
646.000000
1134.000000
310.000000
493.000000
641.000000
113.000000
291.000000
889.000000
326.000000
217.000000
259.000000
873.000000
221.000000
772.000000
96.000000
73.000000
1293.000000
33.000000
86.000000
144.000000
272.000000
240.000000
365.000000
801.000000
533.000000
322.000000
808.000000
116.000000
531.000000
411.000000
191.000000
285.000000
782.000000
138.000000
643.000000
469.000000
752.000000
213.000000
669.000000
105.000000
80.000000
592.000000
909.000000
616.000000
466.000000
562.000000
1033.000000
228.000000
652.000000
86.000000
121.000000
274.000000
664.000000
89.000000
486.000000
402.000000
146.000000
280.000000
1352.000000
159.000000
831.000000
65.000000
133.000000
342.000000
270.000000
258.000000
1321.000000
358.000000
685.000000
101.000000
376.000000
489.000000
557.000000
89.000000
364.000000
170.000000
445.000000
888.000000
254.000000
447.000000
318.000000
114.000000
142.000000
255.000000
277.000000
492.000000
636.000000
83.000000
315.000000
504.000000
1022.000000
205.000000
172.000000
949.000000
79.000000
2001.000000
173.000000
533.000000
5290.000000
214.000000
212.000000
291.000000
3198.000000
43.000000
178.000000
154.000000
427.000000
839.000000
97.000000
289.000000
184.000000
288.000000
202.000000
371.000000
672.000000
706.000000
543.000000
294.000000
693.000000
94.000000
450.000000
198.000000
137.000000
629.000000
118.000000
385.000000
713.000000
752.000000
140.000000
3230.000000
589.000000
249.000000
149.000000
666.000000
42.000000
836.000000
192.000000
646.000000
1355.000000
2833.000000
594.000000
810.000000
147.000000
58.000000
327.000000
156.000000
922.000000
612.000000
202.000000
683.000000
225.000000
283.000000
365.000000
2580.000000
526.000000
104.000000
559.000000
265.000000
187.000000
252.000000
2883.000000
170.000000
511.000000
406.000000
294.000000
55.000000
422.000000
572.000000
564.000000
651.000000
134.000000
2221.000000
2054.000000
2328.000000
335.000000
159.000000
1067.000000
215.000000
1034.000000
161.000000
656.000000
148.000000
288.000000
298.000000
526.000000
255.000000
252.000000
311.000000
677.000000
57.000000
251.000000
958.000000
254.000000
642.000000
533.000000
178.000000
1733.000000
61.000000
626.000000
911.000000
648.000000
762.000000
268.000000
1188.000000
441.000000
250.000000
411.000000
571.000000
398.000000
525.000000
372.000000
1604.000000
177.000000
357.000000
538.000000
656.000000
568.000000
474.000000
246.000000
694.000000
444.000000
843.000000
745.000000
88.000000
149.000000
389.000000
1397.000000
129.000000
399.000000
1509.000000
6487.000000
75.000000
59.000000
587.000000
1044.000000
491.000000
707.000000
140.000000
139.000000
3425.000000
566.000000
1069.000000
711.000000
234.000000
315.000000
227.000000
103.000000
656.000000
2117.000000
641.000000
207.000000
356.000000
1946.000000
599.000000
1706.000000
2959.000000
900.000000
302.000000
809.000000
462.000000
64.000000
215.000000
133.000000
324.000000
38.000000
443.000000
720.000000
1609.000000
365.000000
192.000000
763.000000
401.000000
143.000000
1707.000000
744.000000
968.000000
83.000000
199.000000
226.000000
1097.000000
80.000000
475.000000
1159.000000
1670.000000
178.000000
470.000000
8335.000000
470.000000
356.000000
415.000000
2869.000000
108.000000
4449.000000
501.000000
228.000000
658.000000
222.000000
45.000000
100.000000
234.000000
247.000000
230.000000
798.000000
257.000000
358.000000
235.000000
486.000000
388.000000
70.000000
634.000000
187.000000
102.000000
568.000000
780.000000
358.000000
283.000000
110.000000
2131.000000
671.000000
285.000000
701.000000
749.000000
583.000000
125.000000
693.000000
214.000000
621.000000
588.000000
124.000000
3218.000000
1407.000000
83.000000
136.000000
1296.000000
481.000000
348.000000
253.000000
748.000000
859.000000
270.000000
313.000000
2261.000000
143.000000
736.000000
112.000000
315.000000
688.000000
701.000000
723.000000
140.000000
738.000000
78.000000
129.000000
143.000000
1198.000000
574.000000
39.000000
20.000000
384.000000
604.000000
220.000000
2263.000000
309.000000
104.000000
502.000000
1317.000000
148.000000
295.000000
301.000000
3388.000000
257.000000
101.000000
119.000000
1726.000000
703.000000
62.000000
190.000000
825.000000
410.000000
285.000000
84.000000
433.000000
452.000000
656.000000
91.000000
540.000000
264.000000
164.000000
1904.000000
346.000000
413.000000
596.000000
2396.000000
384.000000
164.000000
99.000000
987.000000
123.000000
49.000000
187.000000
809.000000
621.000000
330.000000
185.000000
220.000000
425.000000
402.000000
339.000000
565.000000
402.000000
1045.000000
662.000000
755.000000
95.000000
252.000000
189.000000
210.000000
170.000000
477.000000
829.000000
406.000000
933.000000
694.000000
12.000000
64.000000
615.000000
528.000000
617.000000
741.000000
1363.000000
189.000000
137.000000
306.000000
793.000000
1834.000000
756.000000
178.000000
263.000000
1013.000000
639.000000
200.000000
219.000000
375.000000
406.000000
116.000000
191.000000
213.000000
307.000000
73.000000
104.000000
85.000000
1611.000000
1430.000000
637.000000
199.000000
287.000000
49.000000
714.000000
974.000000
431.000000
246.000000
57.000000
1149.000000
232.000000
427.000000
620.000000
853.000000
383.000000
19.000000
441.000000
786.000000
2363.000000
382.000000
1590.000000
329.000000
505.000000
1081.000000
1119.000000
934.000000
237.000000
2658.000000
275.000000
64.000000
1042.000000
527.000000
467.000000
235.000000
206.000000
283.000000
288.000000
1321.000000
102.000000
932.000000
57.000000
45.000000
301.000000
509.000000
729.000000
340.000000
344.000000
986.000000
116.000000
581.000000
149.000000
1436.000000
279.000000
1200.000000
200.000000
180.000000
112.000000
508.000000
567.000000
240.000000
133.000000
658.000000
548.000000
181.000000
805.000000
76.000000
909.000000
617.000000
1294.000000
1801.000000
149.000000
749.000000
341.000000
5837.000000
43.000000
1506.000000
1089.000000
605.000000
1033.000000
2196.000000
64.000000
302.000000
433.000000
204.000000
1285.000000
471.000000
49.000000
197.000000
319.000000
1759.000000
362.000000
272.000000
273.000000
504.000000
150.000000
31.000000
620.000000
99.000000
1479.000000
482.000000
1013.000000
280.000000
576.000000
776.000000
791.000000
1165.000000
42.000000
108.000000
380.000000
703.000000
1122.000000
1706.000000
506.000000
138.000000
158.000000
365.000000
135.000000
2428.000000
88.000000
1058.000000
26.000000
1363.000000
530.000000
247.000000
224.000000
532.000000
75.000000
193.000000
1595.000000
157.000000
145.000000
1070.000000
41.000000
634.000000
421.000000
90.000000
448.000000
1473.000000
208.000000
448.000000
72.000000
433.000000
308.000000
64.000000
806.000000
711.000000
913.000000
55.000000
545.000000
90.000000
154.000000
710.000000
474.000000
149.000000
427.000000
831.000000
136.000000
898.000000
254.000000
74.000000
8179.000000
576.000000
207.000000
695.000000
750.000000
2022.000000
267.000000
472.000000
1448.000000
420.000000
130.000000
261.000000
585.000000
230.000000
363.000000
595.000000
1687.000000
246.000000
524.000000
561.000000
158.000000
131.000000
227.000000
2014.000000
870.000000
261.000000
199.000000
445.000000
358.000000
388.000000
2388.000000
83.000000
32.000000
3612.000000
990.000000
914.000000
309.000000
208.000000
857.000000
756.000000
791.000000
597.000000
620.000000
219.000000
338.000000
778.000000
174.000000
1061.000000
441.000000
253.000000
218.000000
393.000000
82.000000
814.000000
4105.000000
823.000000
45.000000
202.000000
1395.000000
182.000000
309.000000
261.000000
106.000000
770.000000
882.000000
113.000000
75.000000
457.000000
537.000000
2348.000000
419.000000
745.000000
1643.000000
625.000000
326.000000
463.000000
847.000000
473.000000
1406.000000
283.000000
332.000000
153.000000
386.000000
1122.000000
2061.000000
2116.000000
378.000000
449.000000
120.000000
357.000000
937.000000
310.000000
168.000000
702.000000
220.000000
742.000000
590.000000
730.000000
38.000000
1786.000000
200.000000
3604.000000
1124.000000
841.000000
469.000000
895.000000
208.000000
794.000000
3747.000000
694.000000
310.000000
343.000000
212.000000
451.000000
1170.000000
899.000000
281.000000
91.000000
301.000000
800.000000
161.000000
519.000000
251.000000
125.000000
1595.000000
430.000000
684.000000
85.000000
2732.000000
107.000000
548.000000
202.000000
2057.000000
281.000000
2023.000000
4188.000000
297.000000
378.000000
234.000000
638.000000
975.000000
1000.000000
126.000000
259.000000
208.000000
211.000000
799.000000
277.000000
637.000000
535.000000
634.000000
616.000000
730.000000
33.000000
1919.000000
70.000000
500.000000
704.000000
195.000000
159.000000
1067.000000
872.000000
211.000000
238.000000
417.000000
972.000000
962.000000
87.000000
1424.000000
885.000000
943.000000
592.000000
129.000000
891.000000
