402.000000
599.000000
687.000000
334.000000
246.000000
282.000000
272.000000
166.000000
656.000000
412.000000
878.000000
1269.000000
1621.000000
291.000000
229.000000
198.000000
1471.000000
861.000000
699.000000
107.000000
712.000000
501.000000
731.000000
447.000000
539.000000
630.000000
1312.000000
300.000000
313.000000
322.000000
436.000000
371.000000
68.000000
375.000000
344.000000
523.000000
216.000000
769.000000
247.000000
2159.000000
354.000000
193.000000
227.000000
311.000000
557.000000
1055.000000
371.000000
254.000000
396.000000
2317.000000
144.000000
147.000000
1186.000000
238.000000
162.000000
1510.000000
404.000000
347.000000
414.000000
763.000000
136.000000
926.000000
117.000000
1135.000000
312.000000
134.000000
526.000000
37.000000
48.000000
203.000000
1147.000000
2716.000000
2258.000000
834.000000
1942.000000
557.000000
775.000000
2892.000000
197.000000
106.000000
377.000000
705.000000
214.000000
429.000000
363.000000
150.000000
79.000000
700.000000
130.000000
85.000000
436.000000
1026.000000
1453.000000
264.000000
132.000000
88.000000
516.000000
1079.000000
216.000000
241.000000
732.000000
195.000000
1561.000000
3249.000000
123.000000
1316.000000
857.000000
367.000000
768.000000
824.000000
605.000000
176.000000
672.000000
115.000000
166.000000
268.000000
454.000000
468.000000
120.000000
2371.000000
396.000000
605.000000
404.000000
546.000000
866.000000
681.000000
355.000000
88.000000
139.000000
144.000000
40.000000
653.000000
250.000000
458.000000
665.000000
324.000000
416.000000
1252.000000
258.000000
321.000000
592.000000
699.000000
202.000000
632.000000
934.000000
117.000000
403.000000
420.000000
684.000000
1648.000000
147.000000
210.000000
1943.000000
732.000000
391.000000
51.000000
336.000000
922.000000
1733.000000
302.000000
770.000000
252.000000
2008.000000
482.000000
924.000000
1707.000000
727.000000
619.000000
1496.000000
1836.000000
745.000000
211.000000
369.000000
209.000000
975.000000
873.000000
410.000000
26.000000
88.000000
310.000000
512.000000
1184.000000
351.000000
276.000000
340.000000
99.000000
66.000000
219.000000
1563.000000
169.000000
803.000000
216.000000
285.000000
702.000000
114.000000
1913.000000
625.000000
1804.000000
155.000000
143.000000
114.000000
316.000000
844.000000
477.000000
251.000000
361.000000
429.000000
105.000000
916.000000
1699.000000
100.000000
560.000000
11.000000
1971.000000
226.000000
32.000000
94.000000
658.000000
610.000000
543.000000
416.000000
462.000000
467.000000
243.000000
213.000000
113.000000
119.000000
436.000000
622.000000
653.000000
84.000000
364.000000
1163.000000
731.000000
460.000000
182.000000
431.000000
261.000000
715.000000
492.000000
443.000000
98.000000
315.000000
889.000000
474.000000
896.000000
69.000000
500.000000
675.000000
1925.000000
355.000000
552.000000
552.000000
856.000000
147.000000
804.000000
3347.000000
267.000000
1956.000000
1223.000000
6790.000000
295.000000
329.000000
96.000000
112.000000
1104.000000
198.000000
183.000000
709.000000
121.000000
94.000000
1047.000000
247.000000
59.000000
587.000000
367.000000
652.000000
538.000000
97.000000
820.000000
2505.000000
439.000000
1683.000000
862.000000
789.000000
135.000000
276.000000
106.000000
337.000000
201.000000
544.000000
122.000000
1004.000000
627.000000
245.000000
944.000000
435.000000
1317.000000
477.000000
218.000000
1386.000000
559.000000
249.000000
173.000000
211.000000
393.000000
218.000000
999.000000
34.000000
2088.000000
437.000000
1288.000000
502.000000
627.000000
173.000000
1876.000000
214.000000
706.000000
113.000000
217.000000
1277.000000
638.000000
4118.000000
546.000000
449.000000
4497.000000
1685.000000
58.000000
950.000000
191.000000
463.000000
420.000000
1589.000000
158.000000
1102.000000
585.000000
386.000000
992.000000
174.000000
524.000000
897.000000
159.000000
316.000000
126.000000
655.000000
113.000000
506.000000
208.000000
201.000000
535.000000
268.000000
489.000000
1938.000000
466.000000
2367.000000
608.000000
463.000000
1024.000000
1238.000000
602.000000
3739.000000
545.000000
58.000000
884.000000
119.000000
422.000000
389.000000
98.000000
297.000000
1083.000000
95.000000
682.000000
154.000000
1417.000000
335.000000
509.000000
491.000000
223.000000
498.000000
1396.000000
124.000000
286.000000
219.000000
120.000000
145.000000
666.000000
159.000000
971.000000
429.000000
1152.000000
977.000000
724.000000
733.000000
1652.000000
121.000000
470.000000
743.000000
94.000000
199.000000
346.000000
436.000000
791.000000
605.000000
948.000000
307.000000
1072.000000
1184.000000
1057.000000
405.000000
141.000000
351.000000
115.000000
1016.000000
279.000000
124.000000
128.000000
3969.000000
291.000000
236.000000
1696.000000
1543.000000
846.000000
940.000000
1480.000000
4527.000000
555.000000
542.000000
151.000000
1271.000000
280.000000
1083.000000
1497.000000
403.000000
1814.000000
524.000000
698.000000
180.000000
550.000000
105.000000
451.000000
1785.000000
1633.000000
1526.000000
462.000000
5640.000000
1770.000000
985.000000
123.000000
161.000000
166.000000
840.000000
437.000000
1565.000000
212.000000
194.000000
487.000000
92.000000
401.000000
559.000000
427.000000
170.000000
156.000000
236.000000
506.000000
285.000000
1685.000000
182.000000
688.000000
263.000000
186.000000
214.000000
369.000000
685.000000
1296.000000
1948.000000
20.000000
582.000000
1036.000000
313.000000
360.000000
627.000000
123.000000
1180.000000
3150.000000
169.000000
811.000000
32.000000
125.000000
1014.000000
838.000000
262.000000
141.000000
170.000000
863.000000
713.000000
772.000000
606.000000
160.000000
220.000000
36.000000
1242.000000
621.000000
599.000000
210.000000
595.000000
134.000000
677.000000
529.000000
189.000000
1040.000000
464.000000
144.000000
1188.000000
157.000000
476.000000
69.000000
375.000000
947.000000
262.000000
545.000000
133.000000
691.000000
467.000000
226.000000
3253.000000
78.000000
1065.000000
234.000000
137.000000
195.000000
1609.000000
208.000000
126.000000
128.000000
258.000000
66.000000
1966.000000
273.000000
284.000000
72.000000
131.000000
360.000000
461.000000
171.000000
64.000000
1240.000000
374.000000
2889.000000
368.000000
832.000000
90.000000
919.000000
247.000000
256.000000
275.000000
678.000000
455.000000
307.000000
311.000000
383.000000
43.000000
324.000000
908.000000
529.000000
414.000000
67.000000
3678.000000
1141.000000
268.000000
108.000000
163.000000
186.000000
487.000000
525.000000
883.000000
670.000000
499.000000
625.000000
462.000000
221.000000
218.000000
73.000000
2849.000000
1362.000000
761.000000
258.000000
291.000000
190.000000
93.000000
160.000000
93.000000
984.000000
277.000000
379.000000
593.000000
94.000000
183.000000
2753.000000
147.000000
460.000000
1280.000000
148.000000
199.000000
194.000000
734.000000
118.000000
852.000000
124.000000
1220.000000
171.000000
4641.000000
711.000000
289.000000
461.000000
126.000000
784.000000
805.000000
336.000000
650.000000
554.000000
573.000000
158.000000
133.000000
1137.000000
283.000000
1164.000000
144.000000
122.000000
87.000000
65.000000
877.000000
224.000000
201.000000
914.000000
1468.000000
478.000000
140.000000
110.000000
1073.000000
292.000000
653.000000
903.000000
1017.000000
140.000000
278.000000
335.000000
1045.000000
277.000000
479.000000
409.000000
592.000000
138.000000
1007.000000
1692.000000
4482.000000
3111.000000
2358.000000
874.000000
191.000000
114.000000
94.000000
756.000000
1305.000000
1298.000000
416.000000
1033.000000
111.000000
180.000000
202.000000
169.000000
1595.000000
737.000000
650.000000
3284.000000
2174.000000
283.000000
188.000000
166.000000
155.000000
346.000000
742.000000
128.000000
35.000000
123.000000
1110.000000
337.000000
347.000000
92.000000
413.000000
1633.000000
244.000000
1399.000000
1835.000000
227.000000
524.000000
173.000000
1002.000000
759.000000
339.000000
1202.000000
335.000000
699.000000
1904.000000
550.000000
1107.000000
133.000000
407.000000
219.000000
231.000000
131.000000
387.000000
122.000000
283.000000
247.000000
175.000000
471.000000
334.000000
189.000000
493.000000
86.000000
698.000000
317.000000
144.000000
89.000000
534.000000
131.000000
208.000000
293.000000
1713.000000
318.000000
201.000000
497.000000
1045.000000
488.000000
119.000000
906.000000
2811.000000
1113.000000
215.000000
386.000000
383.000000
113.000000
392.000000
199.000000
434.000000
905.000000
1380.000000
114.000000
143.000000
695.000000
968.000000
471.000000
372.000000
140.000000
1129.000000
135.000000
118.000000
516.000000
372.000000
633.000000
1203.000000
449.000000
282.000000
987.000000
1158.000000
833.000000
676.000000
1212.000000
88.000000
277.000000
124.000000
571.000000
1202.000000
255.000000
2507.000000
175.000000
659.000000
191.000000
296.000000
63.000000
690.000000
231.000000
908.000000
523.000000
684.000000
90.000000
500.000000
367.000000
485.000000
2038.000000
255.000000
1640.000000
427.000000
1059.000000
962.000000
745.000000
1901.000000
747.000000
1200.000000
515.000000
52.000000
259.000000
1226.000000
442.000000
125.000000
646.000000
1860.000000
58.000000
493.000000
904.000000
357.000000
735.000000
217.000000
757.000000
481.000000
355.000000
749.000000
803.000000
1169.000000
277.000000
353.000000
1939.000000
1139.000000
725.000000
387.000000
405.000000
76.000000
341.000000
1389.000000
2639.000000
1885.000000
136.000000
52.000000
1645.000000
212.000000
364.000000
1373.000000
144.000000
390.000000
186.000000
1287.000000
1461.000000
663.000000
547.000000
1094.000000
614.000000
162.000000
77.000000
621.000000
325.000000
457.000000
342.000000
441.000000
657.000000
250.000000
1617.000000
137.000000
157.000000
408.000000
169.000000
2040.000000
190.000000
213.000000
327.000000
324.000000
325.000000
199.000000
1259.000000
193.000000
570.000000
290.000000
1354.000000
110.000000
758.000000
264.000000
399.000000
134.000000
99.000000
225.000000
420.000000
1760.000000
118.000000
239.000000
115.000000
546.000000
316.000000
196.000000
42.000000
549.000000
505.000000
829.000000
631.000000
244.000000
251.000000
310.000000
57.000000
2418.000000
256.000000
196.000000
663.000000
126.000000
400.000000
967.000000
438.000000
1173.000000
661.000000
2155.000000
86.000000
370.000000
368.000000
973.000000
124.000000
24.000000
733.000000
418.000000
497.000000
191.000000
1911.000000
502.000000
490.000000
509.000000
436.000000
350.000000
167.000000
628.000000
119.000000
102.000000
514.000000
358.000000
71.000000
260.000000
423.000000
551.000000
2125.000000
617.000000
99.000000
493.000000
389.000000
1146.000000
3236.000000
4177.000000
54.000000
26.000000
451.000000
235.000000
104.000000
169.000000
1253.000000
300.000000
147.000000
135.000000
2802.000000
319.000000
524.000000
127.000000
963.000000
690.000000
336.000000
509.000000
222.000000
302.000000
168.000000
2304.000000
360.000000
230.000000
221.000000
133.000000
1192.000000
3712.000000
252.000000
128.000000
172.000000
165.000000
207.000000
630.000000
391.000000
304.000000
312.000000
135.000000
553.000000
165.000000
200.000000
172.000000
696.000000
499.000000
901.000000
188.000000
885.000000
778.000000
417.000000
5248.000000
524.000000
323.000000
114.000000
881.000000
92.000000
111.000000
674.000000
168.000000
434.000000
