72.000000
1849.000000
164.000000
194.000000
183.000000
468.000000
119.000000
565.000000
290.000000
1430.000000
372.000000
222.000000
86.000000
312.000000
642.000000
659.000000
687.000000
1695.000000
409.000000
230.000000
197.000000
205.000000
538.000000
265.000000
353.000000
4678.000000
513.000000
228.000000
286.000000
1362.000000
527.000000
624.000000
172.000000
693.000000
901.000000
921.000000
220.000000
542.000000
522.000000
6899.000000
487.000000
1061.000000
711.000000
137.000000
839.000000
138.000000
402.000000
129.000000
250.000000
161.000000
235.000000
295.000000
40.000000
248.000000
827.000000
311.000000
134.000000
245.000000
123.000000
2091.000000
642.000000
1549.000000
1183.000000
975.000000
281.000000
2065.000000
70.000000
99.000000
863.000000
198.000000
353.000000
76.000000
96.000000
2247.000000
728.000000
469.000000
105.000000
655.000000
125.000000
639.000000
1150.000000
1636.000000
469.000000
237.000000
306.000000
812.000000
92.000000
417.000000
879.000000
712.000000
1471.000000
181.000000
1442.000000
147.000000
49.000000
590.000000
145.000000
289.000000
967.000000
265.000000
189.000000
291.000000
269.000000
114.000000
579.000000
141.000000
132.000000
661.000000
1432.000000
217.000000
1166.000000
499.000000
645.000000
281.000000
149.000000
472.000000
620.000000
233.000000
1343.000000
300.000000
180.000000
894.000000
1120.000000
85.000000
439.000000
202.000000
494.000000
1134.000000
267.000000
213.000000
329.000000
395.000000
371.000000
494.000000
200.000000
381.000000
3546.000000
246.000000
759.000000
611.000000
669.000000
187.000000
447.000000
2933.000000
369.000000
320.000000
323.000000
1311.000000
56.000000
325.000000
2233.000000
205.000000
874.000000
746.000000
379.000000
631.000000
327.000000
135.000000
384.000000
297.000000
54.000000
898.000000
175.000000
358.000000
773.000000
733.000000
1389.000000
110.000000
572.000000
388.000000
624.000000
1088.000000
221.000000
149.000000
98.000000
188.000000
209.000000
441.000000
221.000000
632.000000
868.000000
286.000000
2548.000000
1002.000000
963.000000
5623.000000
1327.000000
834.000000
2416.000000
2209.000000
576.000000
575.000000
3331.000000
814.000000
1060.000000
783.000000
131.000000
129.000000
1355.000000
246.000000
762.000000
1729.000000
216.000000
1540.000000
1852.000000
1978.000000
831.000000
119.000000
1109.000000
209.000000
32.000000
327.000000
1622.000000
336.000000
90.000000
142.000000
185.000000
233.000000
1328.000000
300.000000
434.000000
286.000000
235.000000
602.000000
279.000000
794.000000
1850.000000
353.000000
38.000000
214.000000
157.000000
408.000000
423.000000
700.000000
796.000000
591.000000
392.000000
455.000000
228.000000
213.000000
144.000000
594.000000
1104.000000
92.000000
108.000000
121.000000
746.000000
448.000000
129.000000
58.000000
860.000000
651.000000
184.000000
265.000000
98.000000
517.000000
2926.000000
64.000000
320.000000
428.000000
240.000000
359.000000
390.000000
126.000000
1334.000000
645.000000
274.000000
1558.000000
5222.000000
4639.000000
148.000000
2898.000000
85.000000
167.000000
537.000000
2963.000000
476.000000
540.000000
233.000000
313.000000
971.000000
378.000000
827.000000
621.000000
178.000000
61.000000
1530.000000
10973.000000
218.000000
216.000000
247.000000
747.000000
61.000000
1153.000000
100.000000
81.000000
1137.000000
810.000000
1191.000000
585.000000
125.000000
182.000000
53.000000
129.000000
119.000000
167.000000
550.000000
232.000000
972.000000
1805.000000
45.000000
243.000000
323.000000
272.000000
2434.000000
58.000000
36.000000
96.000000
97.000000
364.000000
381.000000
986.000000
657.000000
121.000000
971.000000
221.000000
257.000000
753.000000
1620.000000
671.000000
127.000000
333.000000
284.000000
785.000000
117.000000
586.000000
387.000000
1016.000000
176.000000
873.000000
1757.000000
894.000000
245.000000
171.000000
254.000000
414.000000
285.000000
1699.000000
2542.000000
170.000000
369.000000
213.000000
105.000000
678.000000
341.000000
560.000000
150.000000
449.000000
1635.000000
380.000000
441.000000
1770.000000
688.000000
746.000000
385.000000
143.000000
357.000000
153.000000
167.000000
667.000000
135.000000
2560.000000
102.000000
42.000000
42.000000
831.000000
252.000000
315.000000
508.000000
365.000000
1108.000000
532.000000
379.000000
815.000000
517.000000
191.000000
101.000000
1302.000000
154.000000
465.000000
230.000000
1342.000000
157.000000
1384.000000
788.000000
321.000000
131.000000
1208.000000
42.000000
1089.000000
49.000000
147.000000
278.000000
1780.000000
332.000000
2729.000000
183.000000
859.000000
491.000000
117.000000
330.000000
262.000000
299.000000
417.000000
1309.000000
89.000000
1560.000000
885.000000
284.000000
426.000000
144.000000
676.000000
218.000000
1142.000000
1204.000000
180.000000
622.000000
2107.000000
695.000000
85.000000
1385.000000
483.000000
371.000000
327.000000
414.000000
714.000000
124.000000
197.000000
384.000000
357.000000
354.000000
567.000000
354.000000
278.000000
359.000000
523.000000
207.000000
136.000000
4771.000000
726.000000
667.000000
230.000000
321.000000
2608.000000
922.000000
83.000000
581.000000
130.000000
409.000000
142.000000
173.000000
727.000000
185.000000
1899.000000
103.000000
1585.000000
1071.000000
155.000000
182.000000
378.000000
1279.000000
494.000000
822.000000
123.000000
1656.000000
223.000000
587.000000
1992.000000
197.000000
93.000000
440.000000
505.000000
235.000000
771.000000
1172.000000
1289.000000
1524.000000
101.000000
197.000000
129.000000
363.000000
452.000000
478.000000
386.000000
706.000000
260.000000
1448.000000
254.000000
915.000000
695.000000
502.000000
157.000000
434.000000
169.000000
123.000000
273.000000
1093.000000
335.000000
168.000000
247.000000
510.000000
219.000000
2124.000000
989.000000
329.000000
125.000000
547.000000
657.000000
535.000000
678.000000
626.000000
149.000000
65.000000
247.000000
142.000000
842.000000
171.000000
411.000000
299.000000
187.000000
166.000000
809.000000
236.000000
578.000000
735.000000
357.000000
3131.000000
208.000000
237.000000
373.000000
255.000000
169.000000
138.000000
80.000000
254.000000
366.000000
411.000000
4250.000000
344.000000
318.000000
420.000000
173.000000
63.000000
601.000000
187.000000
1001.000000
244.000000
246.000000
90.000000
234.000000
804.000000
1158.000000
67.000000
741.000000
68.000000
7356.000000
378.000000
2954.000000
1172.000000
213.000000
747.000000
169.000000
394.000000
117.000000
778.000000
200.000000
1639.000000
2982.000000
2589.000000
276.000000
186.000000
228.000000
85.000000
440.000000
839.000000
1623.000000
795.000000
1003.000000
990.000000
1461.000000
39.000000
1433.000000
368.000000
3369.000000
199.000000
223.000000
418.000000
508.000000
294.000000
2694.000000
478.000000
671.000000
321.000000
191.000000
137.000000
1167.000000
116.000000
217.000000
422.000000
908.000000
428.000000
99.000000
190.000000
780.000000
125.000000
1068.000000
344.000000
386.000000
2291.000000
681.000000
1149.000000
125.000000
249.000000
1675.000000
617.000000
185.000000
159.000000
2396.000000
130.000000
312.000000
180.000000
731.000000
1184.000000
412.000000
117.000000
217.000000
451.000000
791.000000
248.000000
1307.000000
194.000000
1138.000000
303.000000
1291.000000
375.000000
111.000000
1444.000000
378.000000
816.000000
503.000000
421.000000
611.000000
528.000000
1139.000000
616.000000
29.000000
179.000000
501.000000
83.000000
788.000000
1326.000000
321.000000
538.000000
1281.000000
1010.000000
813.000000
48.000000
1760.000000
2293.000000
603.000000
614.000000
204.000000
97.000000
402.000000
445.000000
480.000000
160.000000
101.000000
293.000000
158.000000
277.000000
629.000000
673.000000
607.000000
741.000000
356.000000
415.000000
197.000000
285.000000
145.000000
343.000000
4290.000000
203.000000
314.000000
595.000000
231.000000
3671.000000
168.000000
2509.000000
284.000000
781.000000
545.000000
889.000000
149.000000
264.000000
146.000000
383.000000
906.000000
2355.000000
1719.000000
190.000000
1016.000000
1126.000000
97.000000
347.000000
347.000000
138.000000
419.000000
496.000000
1785.000000
2874.000000
236.000000
339.000000
1827.000000
1509.000000
43.000000
547.000000
1128.000000
501.000000
3855.000000
94.000000
117.000000
754.000000
1432.000000
158.000000
1617.000000
299.000000
732.000000
864.000000
643.000000
5458.000000
467.000000
3334.000000
41.000000
756.000000
564.000000
144.000000
243.000000
1065.000000
4244.000000
9789.000000
170.000000
1003.000000
336.000000
27.000000
401.000000
2325.000000
969.000000
751.000000
171.000000
151.000000
247.000000
1672.000000
913.000000
2820.000000
2019.000000
607.000000
2065.000000
224.000000
200.000000
880.000000
221.000000
429.000000
872.000000
418.000000
483.000000
621.000000
143.000000
197.000000
1136.000000
260.000000
214.000000
1498.000000
190.000000
2691.000000
595.000000
480.000000
201.000000
1524.000000
497.000000
111.000000
302.000000
108.000000
189.000000
105.000000
109.000000
51.000000
73.000000
718.000000
253.000000
3186.000000
468.000000
6016.000000
178.000000
229.000000
205.000000
265.000000
356.000000
476.000000
156.000000
954.000000
334.000000
417.000000
334.000000
295.000000
113.000000
96.000000
293.000000
256.000000
545.000000
325.000000
491.000000
438.000000
1165.000000
1428.000000
301.000000
231.000000
1435.000000
809.000000
487.000000
323.000000
219.000000
1436.000000
89.000000
581.000000
91.000000
494.000000
172.000000
885.000000
495.000000
64.000000
738.000000
569.000000
2710.000000
1264.000000
725.000000
119.000000
161.000000
2185.000000
192.000000
429.000000
173.000000
25.000000
907.000000
192.000000
814.000000
471.000000
90.000000
467.000000
87.000000
2351.000000
73.000000
1096.000000
944.000000
321.000000
398.000000
120.000000
443.000000
158.000000
101.000000
846.000000
2618.000000
522.000000
367.000000
654.000000
496.000000
98.000000
285.000000
327.000000
291.000000
141.000000
519.000000
482.000000
1160.000000
313.000000
101.000000
194.000000
340.000000
138.000000
718.000000
54.000000
190.000000
442.000000
1345.000000
437.000000
815.000000
394.000000
1129.000000
346.000000
83.000000
394.000000
214.000000
497.000000
330.000000
955.000000
289.000000
189.000000
222.000000
331.000000
243.000000
317.000000
573.000000
1956.000000
475.000000
362.000000
175.000000
780.000000
217.000000
2210.000000
773.000000
206.000000
715.000000
191.000000
415.000000
157.000000
1189.000000
312.000000
1277.000000
1709.000000
93.000000
237.000000
213.000000
190.000000
112.000000
89.000000
2168.000000
1199.000000
185.000000
272.000000
275.000000
131.000000
694.000000
1126.000000
144.000000
521.000000
876.000000
243.000000
416.000000
1153.000000
145.000000
490.000000
313.000000
733.000000
580.000000
157.000000
384.000000
150.000000
2885.000000
768.000000
764.000000
142.000000
1709.000000
788.000000
430.000000
630.000000
206.000000
523.000000
248.000000
152.000000
1019.000000
1248.000000
211.000000
3072.000000
187.000000
270.000000
1066.000000
296.000000
437.000000
103.000000
161.000000
449.000000
150.000000
235.000000
134.000000
501.000000
202.000000
713.000000
691.000000
122.000000
1218.000000
402.000000
1167.000000
1538.000000
6937.000000
122.000000
147.000000
202.000000
327.000000
433.000000
682.000000
