706.000000
3466.000000
1741.000000
1119.000000
748.000000
627.000000
381.000000
353.000000
636.000000
633.000000
514.000000
509.000000
460.000000
1211.000000
738.000000
462.000000
248.000000
428.000000
311.000000
692.000000
1617.000000
218.000000
613.000000
1824.000000
209.000000
515.000000
169.000000
162.000000
903.000000
220.000000
971.000000
418.000000
241.000000
385.000000
1871.000000
52.000000
571.000000
1094.000000
141.000000
1521.000000
461.000000
114.000000
3193.000000
680.000000
340.000000
272.000000
516.000000
279.000000
219.000000
104.000000
659.000000
174.000000
727.000000
349.000000
263.000000
197.000000
1004.000000
181.000000
175.000000
482.000000
457.000000
377.000000
212.000000
246.000000
418.000000
935.000000
266.000000
134.000000
957.000000
797.000000
385.000000
168.000000
2389.000000
225.000000
25.000000
452.000000
434.000000
265.000000
687.000000
415.000000
197.000000
333.000000
712.000000
163.000000
159.000000
85.000000
543.000000
478.000000
485.000000
868.000000
131.000000
2675.000000
315.000000
583.000000
48.000000
291.000000
94.000000
297.000000
213.000000
538.000000
772.000000
3300.000000
547.000000
69.000000
561.000000
671.000000
574.000000
3096.000000
882.000000
781.000000
949.000000
276.000000
1921.000000
2112.000000
1767.000000
491.000000
748.000000
469.000000
2055.000000
844.000000
483.000000
165.000000
68.000000
176.000000
159.000000
368.000000
161.000000
478.000000
1703.000000
653.000000
2398.000000
230.000000
754.000000
377.000000
588.000000
640.000000
249.000000
312.000000
514.000000
1564.000000
303.000000
1854.000000
70.000000
203.000000
830.000000
1016.000000
2281.000000
60.000000
417.000000
1076.000000
5127.000000
197.000000
84.000000
215.000000
149.000000
104.000000
141.000000
320.000000
331.000000
134.000000
721.000000
765.000000
866.000000
350.000000
829.000000
182.000000
1942.000000
2502.000000
413.000000
295.000000
980.000000
21.000000
318.000000
393.000000
778.000000
291.000000
89.000000
416.000000
1945.000000
936.000000
457.000000
218.000000
79.000000
110.000000
208.000000
394.000000
821.000000
78.000000
1315.000000
1182.000000
568.000000
36.000000
592.000000
254.000000
916.000000
1780.000000
884.000000
94.000000
591.000000
2051.000000
149.000000
304.000000
1295.000000
263.000000
2600.000000
549.000000
229.000000
531.000000
2297.000000
252.000000
215.000000
139.000000
457.000000
93.000000
1195.000000
100.000000
707.000000
1173.000000
838.000000
122.000000
79.000000
730.000000
247.000000
274.000000
424.000000
422.000000
815.000000
187.000000
566.000000
61.000000
359.000000
3426.000000
2779.000000
93.000000
1775.000000
827.000000
257.000000
274.000000
1889.000000
66.000000
2400.000000
334.000000
1827.000000
742.000000
629.000000
805.000000
260.000000
138.000000
533.000000
155.000000
2158.000000
646.000000
185.000000
548.000000
325.000000
644.000000
298.000000
555.000000
644.000000
109.000000
457.000000
132.000000
2440.000000
181.000000
726.000000
96.000000
1524.000000
613.000000
849.000000
561.000000
95.000000
1822.000000
78.000000
291.000000
52.000000
241.000000
198.000000
1685.000000
1431.000000
905.000000
1298.000000
247.000000
111.000000
61.000000
1938.000000
97.000000
3219.000000
468.000000
1741.000000
509.000000
470.000000
4560.000000
315.000000
149.000000
434.000000
867.000000
521.000000
632.000000
215.000000
123.000000
570.000000
200.000000
139.000000
416.000000
245.000000
189.000000
527.000000
4378.000000
459.000000
1086.000000
69.000000
1626.000000
177.000000
656.000000
635.000000
93.000000
125.000000
1870.000000
413.000000
2411.000000
77.000000
53.000000
397.000000
1276.000000
137.000000
335.000000
111.000000
495.000000
178.000000
7646.000000
449.000000
398.000000
1184.000000
665.000000
307.000000
69.000000
466.000000
519.000000
243.000000
248.000000
58.000000
440.000000
1651.000000
217.000000
392.000000
160.000000
2130.000000
252.000000
778.000000
137.000000
451.000000
267.000000
323.000000
744.000000
83.000000
1133.000000
315.000000
733.000000
995.000000
592.000000
305.000000
274.000000
721.000000
550.000000
119.000000
339.000000
429.000000
940.000000
579.000000
338.000000
193.000000
310.000000
514.000000
722.000000
201.000000
364.000000
221.000000
237.000000
486.000000
44.000000
288.000000
1524.000000
1281.000000
194.000000
97.000000
101.000000
2250.000000
283.000000
476.000000
265.000000
781.000000
724.000000
332.000000
320.000000
436.000000
137.000000
662.000000
189.000000
386.000000
723.000000
436.000000
798.000000
273.000000
263.000000
906.000000
704.000000
1324.000000
47.000000
421.000000
20.000000
128.000000
115.000000
1604.000000
372.000000
306.000000
1665.000000
298.000000
149.000000
516.000000
474.000000
1360.000000
95.000000
971.000000
1339.000000
413.000000
174.000000
449.000000
531.000000
707.000000
960.000000
334.000000
228.000000
236.000000
361.000000
82.000000
2638.000000
475.000000
360.000000
51.000000
187.000000
690.000000
691.000000
357.000000
858.000000
203.000000
427.000000
65.000000
762.000000
341.000000
540.000000
1244.000000
395.000000
246.000000
137.000000
281.000000
791.000000
1322.000000
473.000000
2138.000000
342.000000
624.000000
270.000000
3491.000000
876.000000
671.000000
691.000000
156.000000
1077.000000
1016.000000
1086.000000
184.000000
2293.000000
7579.000000
102.000000
1079.000000
890.000000
414.000000
187.000000
115.000000
736.000000
146.000000
710.000000
806.000000
241.000000
1341.000000
570.000000
400.000000
57.000000
99.000000
231.000000
177.000000
92.000000
79.000000
1309.000000
92.000000
101.000000
1925.000000
499.000000
223.000000
259.000000
767.000000
286.000000
758.000000
555.000000
171.000000
258.000000
286.000000
255.000000
330.000000
200.000000
177.000000
460.000000
175.000000
562.000000
422.000000
360.000000
260.000000
250.000000
322.000000
302.000000
520.000000
72.000000
1873.000000
304.000000
1011.000000
974.000000
357.000000
167.000000
636.000000
1786.000000
415.000000
164.000000
346.000000
297.000000
1869.000000
220.000000
565.000000
239.000000
684.000000
1820.000000
534.000000
1086.000000
8226.000000
202.000000
856.000000
2309.000000
308.000000
1804.000000
537.000000
410.000000
585.000000
1792.000000
733.000000
803.000000
285.000000
339.000000
791.000000
1890.000000
462.000000
55.000000
171.000000
138.000000
508.000000
184.000000
264.000000
1354.000000
770.000000
119.000000
850.000000
228.000000
267.000000
216.000000
1532.000000
1216.000000
1835.000000
880.000000
279.000000
350.000000
147.000000
406.000000
556.000000
161.000000
1357.000000
95.000000
1778.000000
124.000000
951.000000
176.000000
1277.000000
179.000000
882.000000
252.000000
828.000000
728.000000
799.000000
940.000000
559.000000
2820.000000
309.000000
1614.000000
501.000000
897.000000
595.000000
84.000000
865.000000
579.000000
524.000000
422.000000
336.000000
1603.000000
358.000000
184.000000
143.000000
180.000000
139.000000
3700.000000
141.000000
574.000000
494.000000
867.000000
182.000000
541.000000
462.000000
107.000000
147.000000
23.000000
535.000000
1184.000000
90.000000
743.000000
2400.000000
79.000000
166.000000
92.000000
190.000000
482.000000
135.000000
121.000000
206.000000
440.000000
251.000000
180.000000
375.000000
319.000000
527.000000
195.000000
410.000000
41.000000
814.000000
341.000000
253.000000
192.000000
1197.000000
67.000000
378.000000
250.000000
149.000000
1816.000000
668.000000
41.000000
261.000000
237.000000
2573.000000
265.000000
182.000000
721.000000
334.000000
366.000000
431.000000
607.000000
239.000000
610.000000
1538.000000
337.000000
1025.000000
220.000000
160.000000
563.000000
917.000000
472.000000
1033.000000
541.000000
290.000000
325.000000
137.000000
811.000000
354.000000
318.000000
408.000000
104.000000
719.000000
1618.000000
1943.000000
341.000000
379.000000
294.000000
639.000000
112.000000
155.000000
224.000000
1109.000000
3866.000000
260.000000
833.000000
425.000000
788.000000
626.000000
83.000000
97.000000
703.000000
363.000000
339.000000
356.000000
1444.000000
2063.000000
298.000000
687.000000
232.000000
61.000000
473.000000
1072.000000
757.000000
172.000000
521.000000
527.000000
329.000000
603.000000
490.000000
455.000000
195.000000
1211.000000
368.000000
474.000000
1118.000000
334.000000
226.000000
278.000000
882.000000
107.000000
1764.000000
75.000000
1310.000000
1477.000000
478.000000
929.000000
507.000000
549.000000
1144.000000
921.000000
1856.000000
145.000000
285.000000
132.000000
823.000000
250.000000
251.000000
386.000000
544.000000
400.000000
521.000000
2309.000000
131.000000
1321.000000
1666.000000
626.000000
326.000000
736.000000
482.000000
635.000000
196.000000
938.000000
1502.000000
2261.000000
351.000000
2555.000000
344.000000
1540.000000
542.000000
325.000000
495.000000
287.000000
1118.000000
139.000000
214.000000
433.000000
163.000000
119.000000
1926.000000
2327.000000
145.000000
603.000000
103.000000
522.000000
391.000000
215.000000
831.000000
281.000000
340.000000
773.000000
140.000000
443.000000
557.000000
649.000000
289.000000
141.000000
431.000000
650.000000
635.000000
1346.000000
351.000000
296.000000
470.000000
32.000000
472.000000
238.000000
421.000000
1507.000000
781.000000
141.000000
1122.000000
121.000000
100.000000
1384.000000
192.000000
190.000000
68.000000
367.000000
3199.000000
106.000000
896.000000
354.000000
308.000000
50.000000
308.000000
337.000000
517.000000
678.000000
234.000000
1095.000000
141.000000
996.000000
582.000000
227.000000
818.000000
730.000000
239.000000
783.000000
146.000000
1784.000000
367.000000
283.000000
144.000000
597.000000
189.000000
648.000000
468.000000
683.000000
320.000000
345.000000
275.000000
254.000000
1215.000000
1166.000000
371.000000
660.000000
237.000000
686.000000
353.000000
225.000000
358.000000
358.000000
82.000000
59.000000
1028.000000
499.000000
364.000000
995.000000
559.000000
687.000000
230.000000
226.000000
82.000000
1079.000000
385.000000
149.000000
106.000000
35.000000
264.000000
2999.000000
790.000000
1650.000000
56.000000
408.000000
125.000000
732.000000
626.000000
408.000000
378.000000
739.000000
2140.000000
215.000000
705.000000
1231.000000
370.000000
769.000000
437.000000
359.000000
577.000000
784.000000
363.000000
260.000000
1067.000000
412.000000
603.000000
684.000000
293.000000
126.000000
349.000000
144.000000
643.000000
74.000000
477.000000
201.000000
90.000000
598.000000
500.000000
308.000000
342.000000
236.000000
209.000000
278.000000
673.000000
345.000000
228.000000
1000.000000
272.000000
826.000000
186.000000
165.000000
299.000000
917.000000
209.000000
598.000000
182.000000
587.000000
115.000000
2190.000000
1580.000000
837.000000
171.000000
475.000000
410.000000
393.000000
316.000000
594.000000
239.000000
139.000000
95.000000
247.000000
434.000000
2002.000000
709.000000
298.000000
133.000000
499.000000
524.000000
474.000000
281.000000
530.000000
858.000000
1546.000000
322.000000
748.000000
87.000000
526.000000
166.000000
263.000000
729.000000
215.000000
111.000000
732.000000
2589.000000
129.000000
330.000000
357.000000
290.000000
1124.000000
313.000000
2137.000000
340.000000
169.000000
259.000000
1994.000000
416.000000
1070.000000
1247.000000
992.000000
224.000000
251.000000
268.000000
