1396.000000
424.000000
790.000000
455.000000
123.000000
187.000000
448.000000
707.000000
795.000000
899.000000
811.000000
220.000000
184.000000
110.000000
1484.000000
1414.000000
175.000000
825.000000
994.000000
415.000000
220.000000
446.000000
1050.000000
34.000000
323.000000
711.000000
673.000000
1244.000000
303.000000
416.000000
683.000000
81.000000
530.000000
25.000000
419.000000
664.000000
1700.000000
386.000000
451.000000
218.000000
130.000000
466.000000
1058.000000
211.000000
449.000000
312.000000
1250.000000
984.000000
4266.000000
123.000000
1655.000000
442.000000
345.000000
166.000000
338.000000
739.000000
197.000000
163.000000
239.000000
1492.000000
636.000000
1209.000000
37.000000
565.000000
673.000000
917.000000
848.000000
75.000000
1632.000000
132.000000
223.000000
546.000000
319.000000
729.000000
230.000000
236.000000
289.000000
166.000000
762.000000
542.000000
375.000000
546.000000
834.000000
255.000000
1186.000000
497.000000
2928.000000
279.000000
378.000000
68.000000
511.000000
657.000000
256.000000
574.000000
977.000000
718.000000
2546.000000
111.000000
344.000000
304.000000
274.000000
220.000000
139.000000
100.000000
211.000000
1450.000000
936.000000
372.000000
202.000000
126.000000
472.000000
831.000000
413.000000
69.000000
1002.000000
198.000000
538.000000
772.000000
2703.000000
319.000000
616.000000
1128.000000
70.000000
616.000000
679.000000
2379.000000
931.000000
379.000000
1195.000000
669.000000
3613.000000
284.000000
566.000000
2003.000000
739.000000
320.000000
567.000000
102.000000
555.000000
573.000000
871.000000
813.000000
1141.000000
860.000000
132.000000
885.000000
1552.000000
1150.000000
1626.000000
17.000000
3455.000000
853.000000
513.000000
433.000000
4379.000000
462.000000
375.000000
1344.000000
832.000000
635.000000
1802.000000
197.000000
361.000000
1308.000000
4369.000000
142.000000
955.000000
140.000000
538.000000
194.000000
113.000000
48.000000
1295.000000
3016.000000
5858.000000
233.000000
869.000000
246.000000
586.000000
299.000000
148.000000
1461.000000
2482.000000
246.000000
233.000000
1769.000000
1244.000000
141.000000
414.000000
403.000000
3459.000000
481.000000
1536.000000
309.000000
104.000000
439.000000
513.000000
119.000000
3175.000000
251.000000
133.000000
250.000000
360.000000
143.000000
603.000000
563.000000
920.000000
42.000000
283.000000
1097.000000
98.000000
2313.000000
884.000000
471.000000
457.000000
211.000000
748.000000
1504.000000
479.000000
759.000000
449.000000
156.000000
72.000000
848.000000
203.000000
152.000000
377.000000
919.000000
396.000000
3546.000000
135.000000
2474.000000
385.000000
276.000000
165.000000
243.000000
344.000000
688.000000
619.000000
78.000000
567.000000
102.000000
560.000000
373.000000
102.000000
469.000000
129.000000
606.000000
347.000000
1525.000000
294.000000
639.000000
569.000000
282.000000
341.000000
82.000000
179.000000
541.000000
119.000000
1303.000000
55.000000
149.000000
240.000000
249.000000
1987.000000
921.000000
160.000000
1216.000000
1218.000000
121.000000
234.000000
685.000000
192.000000
37.000000
284.000000
293.000000
1282.000000
290.000000
169.000000
641.000000
111.000000
196.000000
394.000000
264.000000
775.000000
1160.000000
805.000000
388.000000
293.000000
150.000000
475.000000
558.000000
257.000000
347.000000
336.000000
395.000000
181.000000
74.000000
280.000000
450.000000
997.000000
1114.000000
1901.000000
259.000000
140.000000
990.000000
1375.000000
2805.000000
1016.000000
202.000000
918.000000
1233.000000
367.000000
114.000000
1123.000000
342.000000
902.000000
1641.000000
1608.000000
495.000000
636.000000
237.000000
179.000000
558.000000
413.000000
2363.000000
478.000000
190.000000
417.000000
1466.000000
83.000000
924.000000
572.000000
2265.000000
507.000000
497.000000
661.000000
173.000000
1626.000000
965.000000
96.000000
979.000000
203.000000
605.000000
406.000000
1816.000000
2434.000000
207.000000
658.000000
9850.000000
40.000000
140.000000
697.000000
190.000000
639.000000
1229.000000
304.000000
209.000000
598.000000
375.000000
331.000000
181.000000
725.000000
262.000000
669.000000
215.000000
994.000000
1624.000000
740.000000
348.000000
570.000000
1265.000000
280.000000
513.000000
963.000000
58.000000
161.000000
156.000000
795.000000
212.000000
84.000000
746.000000
262.000000
1764.000000
60.000000
498.000000
822.000000
177.000000
1513.000000
285.000000
310.000000
1657.000000
91.000000
679.000000
52.000000
370.000000
810.000000
562.000000
135.000000
632.000000
1316.000000
106.000000
174.000000
308.000000
414.000000
42.000000
476.000000
37.000000
138.000000
329.000000
71.000000
140.000000
259.000000
784.000000
62.000000
34.000000
86.000000
376.000000
4080.000000
609.000000
111.000000
134.000000
81.000000
1378.000000
404.000000
1341.000000
757.000000
258.000000
249.000000
277.000000
141.000000
528.000000
731.000000
540.000000
713.000000
3939.000000
417.000000
442.000000
295.000000
113.000000
366.000000
317.000000
654.000000
516.000000
188.000000
100.000000
208.000000
406.000000
137.000000
148.000000
241.000000
2646.000000
1286.000000
1418.000000
180.000000
475.000000
196.000000
100.000000
212.000000
313.000000
238.000000
477.000000
139.000000
505.000000
246.000000
55.000000
187.000000
584.000000
1008.000000
1185.000000
466.000000
4149.000000
214.000000
317.000000
765.000000
797.000000
105.000000
314.000000
1888.000000
297.000000
171.000000
388.000000
425.000000
6077.000000
270.000000
612.000000
816.000000
1493.000000
704.000000
1982.000000
203.000000
2410.000000
130.000000
1305.000000
586.000000
123.000000
450.000000
470.000000
109.000000
34.000000
272.000000
1700.000000
60.000000
398.000000
264.000000
415.000000
222.000000
947.000000
211.000000
545.000000
548.000000
892.000000
1012.000000
68.000000
1940.000000
798.000000
4014.000000
1366.000000
113.000000
169.000000
186.000000
309.000000
896.000000
816.000000
329.000000
248.000000
114.000000
743.000000
215.000000
1008.000000
2389.000000
514.000000
545.000000
1194.000000
1274.000000
355.000000
179.000000
354.000000
350.000000
439.000000
362.000000
185.000000
154.000000
1142.000000
429.000000
2085.000000
314.000000
471.000000
858.000000
136.000000
1932.000000
2125.000000
181.000000
1254.000000
586.000000
497.000000
307.000000
301.000000
1047.000000
627.000000
84.000000
434.000000
276.000000
705.000000
276.000000
101.000000
962.000000
200.000000
1855.000000
558.000000
1073.000000
561.000000
198.000000
236.000000
83.000000
663.000000
1175.000000
887.000000
173.000000
484.000000
1413.000000
255.000000
1608.000000
44.000000
483.000000
651.000000
219.000000
645.000000
2952.000000
255.000000
1827.000000
181.000000
1038.000000
1015.000000
615.000000
1857.000000
1098.000000
269.000000
1114.000000
2075.000000
602.000000
263.000000
2225.000000
718.000000
195.000000
226.000000
240.000000
674.000000
879.000000
867.000000
280.000000
479.000000
153.000000
370.000000
628.000000
347.000000
803.000000
283.000000
1889.000000
81.000000
2859.000000
92.000000
1299.000000
307.000000
491.000000
475.000000
549.000000
179.000000
488.000000
223.000000
1719.000000
283.000000
155.000000
304.000000
297.000000
13.000000
1169.000000
309.000000
645.000000
217.000000
370.000000
248.000000
492.000000
437.000000
1379.000000
229.000000
420.000000
487.000000
316.000000
699.000000
238.000000
303.000000
462.000000
972.000000
212.000000
405.000000
923.000000
779.000000
564.000000
190.000000
268.000000
506.000000
159.000000
1426.000000
267.000000
938.000000
336.000000
198.000000
319.000000
115.000000
969.000000
282.000000
138.000000
814.000000
207.000000
34.000000
3255.000000
259.000000
863.000000
65.000000
161.000000
255.000000
927.000000
335.000000
982.000000
241.000000
2130.000000
351.000000
119.000000
2917.000000
945.000000
212.000000
302.000000
2052.000000
308.000000
278.000000
212.000000
418.000000
1181.000000
58.000000
331.000000
140.000000
291.000000
340.000000
3761.000000
1325.000000
212.000000
1237.000000
1048.000000
98.000000
149.000000
247.000000
203.000000
338.000000
441.000000
702.000000
341.000000
1704.000000
328.000000
488.000000
254.000000
10242.000000
674.000000
415.000000
344.000000
257.000000
113.000000
108.000000
1996.000000
996.000000
496.000000
464.000000
650.000000
1057.000000
175.000000
328.000000
2000.000000
322.000000
1720.000000
732.000000
198.000000
151.000000
45.000000
1446.000000
152.000000
1928.000000
714.000000
598.000000
780.000000
442.000000
418.000000
1352.000000
450.000000
346.000000
140.000000
856.000000
574.000000
329.000000
267.000000
240.000000
1593.000000
800.000000
99.000000
6478.000000
1342.000000
208.000000
184.000000
83.000000
914.000000
1471.000000
786.000000
70.000000
163.000000
561.000000
420.000000
465.000000
351.000000
1002.000000
469.000000
262.000000
180.000000
441.000000
1158.000000
165.000000
248.000000
232.000000
812.000000
667.000000
307.000000
240.000000
3606.000000
128.000000
276.000000
2505.000000
47.000000
1345.000000
100.000000
469.000000
347.000000
614.000000
1499.000000
199.000000
400.000000
1646.000000
232.000000
765.000000
654.000000
1318.000000
462.000000
589.000000
164.000000
718.000000
1081.000000
975.000000
87.000000
502.000000
252.000000
1085.000000
1461.000000
1628.000000
179.000000
109.000000
2428.000000
368.000000
1329.000000
352.000000
277.000000
290.000000
651.000000
664.000000
2141.000000
259.000000
756.000000
1898.000000
1579.000000
146.000000
215.000000
1302.000000
502.000000
1519.000000
435.000000
1037.000000
149.000000
144.000000
647.000000
1189.000000
406.000000
602.000000
426.000000
159.000000
496.000000
465.000000
79.000000
41.000000
443.000000
527.000000
376.000000
662.000000
1301.000000
356.000000
1405.000000
1985.000000
491.000000
519.000000
585.000000
796.000000
462.000000
1006.000000
204.000000
697.000000
919.000000
892.000000
533.000000
352.000000
3885.000000
516.000000
290.000000
525.000000
2600.000000
441.000000
439.000000
674.000000
201.000000
612.000000
34.000000
219.000000
73.000000
1124.000000
350.000000
123.000000
243.000000
731.000000
403.000000
967.000000
30.000000
548.000000
661.000000
209.000000
993.000000
160.000000
230.000000
211.000000
412.000000
140.000000
154.000000
45.000000
295.000000
268.000000
732.000000
151.000000
637.000000
166.000000
785.000000
246.000000
214.000000
795.000000
468.000000
706.000000
9263.000000
2008.000000
1065.000000
501.000000
1515.000000
315.000000
1255.000000
277.000000
441.000000
205.000000
452.000000
201.000000
296.000000
1086.000000
87.000000
740.000000
426.000000
619.000000
132.000000
215.000000
499.000000
619.000000
74.000000
269.000000
387.000000
3822.000000
931.000000
155.000000
14.000000
1364.000000
380.000000
125.000000
989.000000
1193.000000
2380.000000
193.000000
2363.000000
226.000000
2112.000000
769.000000
1462.000000
261.000000
997.000000
130.000000
115.000000
13296.000000
384.000000
587.000000
215.000000
957.000000
648.000000
1629.000000
341.000000
314.000000
753.000000
189.000000
272.000000
869.000000
252.000000
599.000000
136.000000
441.000000
2434.000000
807.000000
342.000000
825.000000
451.000000
735.000000
583.000000
437.000000
1166.000000
106.000000
494.000000
1267.000000
564.000000
552.000000
1506.000000
192.000000
242.000000
213.000000
554.000000
764.000000
