796.000000
82.000000
168.000000
686.000000
75.000000
2690.000000
37.000000
1044.000000
390.000000
3038.000000
995.000000
1083.000000
844.000000
1024.000000
702.000000
103.000000
1615.000000
245.000000
422.000000
114.000000
454.000000
260.000000
227.000000
1064.000000
349.000000
756.000000
185.000000
301.000000
389.000000
378.000000
911.000000
420.000000
281.000000
210.000000
1154.000000
297.000000
328.000000
131.000000
291.000000
174.000000
837.000000
495.000000
392.000000
237.000000
490.000000
530.000000
397.000000
218.000000
337.000000
376.000000
310.000000
711.000000
232.000000
449.000000
1171.000000
453.000000
799.000000
285.000000
55.000000
663.000000
457.000000
191.000000
1097.000000
209.000000
335.000000
90.000000
203.000000
343.000000
127.000000
313.000000
168.000000
3626.000000
293.000000
1086.000000
1430.000000
418.000000
188.000000
1365.000000
306.000000
685.000000
110.000000
2244.000000
373.000000
833.000000
93.000000
1838.000000
1072.000000
355.000000
363.000000
783.000000
103.000000
471.000000
567.000000
143.000000
131.000000
227.000000
821.000000
1967.000000
99.000000
323.000000
529.000000
183.000000
74.000000
1705.000000
6066.000000
560.000000
832.000000
820.000000
299.000000
816.000000
1083.000000
600.000000
306.000000
471.000000
63.000000
206.000000
397.000000
776.000000
1882.000000
145.000000
592.000000
31.000000
246.000000
168.000000
83.000000
113.000000
106.000000
214.000000
271.000000
379.000000
212.000000
1207.000000
521.000000
293.000000
48.000000
1459.000000
1436.000000
228.000000
113.000000
187.000000
125.000000
1578.000000
348.000000
556.000000
98.000000
667.000000
356.000000
744.000000
391.000000
224.000000
202.000000
481.000000
255.000000
718.000000
259.000000
264.000000
139.000000
2870.000000
103.000000
20.000000
53.000000
1330.000000
128.000000
367.000000
364.000000
76.000000
254.000000
1687.000000
393.000000
478.000000
1775.000000
261.000000
1948.000000
111.000000
165.000000
438.000000
791.000000
703.000000
251.000000
135.000000
771.000000
387.000000
992.000000
1518.000000
427.000000
814.000000
305.000000
214.000000
1179.000000
285.000000
176.000000
347.000000
165.000000
448.000000
1185.000000
290.000000
494.000000
400.000000
620.000000
195.000000
626.000000
132.000000
213.000000
1725.000000
870.000000
1680.000000
220.000000
387.000000
391.000000
321.000000
425.000000
182.000000
572.000000
573.000000
983.000000
365.000000
179.000000
192.000000
2050.000000
907.000000
271.000000
119.000000
946.000000
89.000000
270.000000
220.000000
930.000000
336.000000
2027.000000
200.000000
372.000000
1033.000000
225.000000
276.000000
1150.000000
260.000000
535.000000
719.000000
394.000000
328.000000
801.000000
236.000000
525.000000
393.000000
363.000000
353.000000
583.000000
645.000000
217.000000
406.000000
296.000000
69.000000
42.000000
363.000000
547.000000
215.000000
147.000000
57.000000
461.000000
107.000000
249.000000
274.000000
420.000000
595.000000
210.000000
2339.000000
190.000000
550.000000
293.000000
655.000000
273.000000
584.000000
60.000000
77.000000
736.000000
249.000000
201.000000
1199.000000
149.000000
315.000000
72.000000
513.000000
347.000000
386.000000
208.000000
1072.000000
669.000000
269.000000
615.000000
256.000000
276.000000
1701.000000
959.000000
382.000000
343.000000
747.000000
432.000000
75.000000
132.000000
204.000000
108.000000
1298.000000
5561.000000
399.000000
159.000000
209.000000
888.000000
504.000000
416.000000
638.000000
20.000000
1978.000000
974.000000
537.000000
735.000000
185.000000
101.000000
554.000000
151.000000
142.000000
215.000000
747.000000
149.000000
872.000000
214.000000
542.000000
554.000000
298.000000
237.000000
463.000000
295.000000
133.000000
338.000000
108.000000
5567.000000
368.000000
574.000000
172.000000
86.000000
452.000000
1583.000000
1148.000000
374.000000
575.000000
184.000000
73.000000
1937.000000
126.000000
899.000000
184.000000
268.000000
162.000000
105.000000
108.000000
190.000000
451.000000
321.000000
577.000000
570.000000
931.000000
197.000000
939.000000
275.000000
284.000000
289.000000
266.000000
650.000000
520.000000
829.000000
52.000000
647.000000
198.000000
231.000000
414.000000
451.000000
522.000000
598.000000
469.000000
164.000000
765.000000
634.000000
990.000000
812.000000
45.000000
2084.000000
240.000000
127.000000
122.000000
632.000000
90.000000
42.000000
587.000000
1776.000000
986.000000
515.000000
161.000000
505.000000
633.000000
373.000000
248.000000
165.000000
939.000000
631.000000
2036.000000
108.000000
226.000000
211.000000
556.000000
1255.000000
519.000000
1191.000000
180.000000
770.000000
47.000000
1668.000000
2907.000000
295.000000
1280.000000
489.000000
168.000000
111.000000
206.000000
304.000000
127.000000
1962.000000
4066.000000
136.000000
696.000000
134.000000
539.000000
770.000000
406.000000
604.000000
116.000000
255.000000
668.000000
456.000000
804.000000
193.000000
1257.000000
636.000000
330.000000
607.000000
107.000000
92.000000
503.000000
1694.000000
75.000000
354.000000
704.000000
386.000000
725.000000
511.000000
191.000000
1748.000000
106.000000
200.000000
316.000000
219.000000
72.000000
134.000000
90.000000
700.000000
160.000000
1572.000000
192.000000
278.000000
281.000000
261.000000
172.000000
556.000000
344.000000
299.000000
790.000000
80.000000
475.000000
435.000000
1529.000000
232.000000
1286.000000
2840.000000
2601.000000
143.000000
476.000000
375.000000
241.000000
307.000000
307.000000
248.000000
234.000000
357.000000
251.000000
385.000000
279.000000
221.000000
1069.000000
21.000000
381.000000
321.000000
48.000000
1394.000000
530.000000
115.000000
562.000000
469.000000
988.000000
937.000000
298.000000
133.000000
105.000000
1055.000000
489.000000
1047.000000
99.000000
493.000000
357.000000
772.000000
347.000000
113.000000
118.000000
506.000000
61.000000
28.000000
500.000000
309.000000
1290.000000
286.000000
171.000000
3884.000000
680.000000
79.000000
1166.000000
89.000000
2080.000000
108.000000
328.000000
1093.000000
1199.000000
1312.000000
232.000000
649.000000
161.000000
267.000000
223.000000
54.000000
269.000000
1102.000000
83.000000
445.000000
170.000000
1364.000000
248.000000
484.000000
315.000000
924.000000
83.000000
288.000000
2397.000000
285.000000
276.000000
586.000000
1672.000000
55.000000
127.000000
322.000000
12.000000
121.000000
10216.000000
35.000000
219.000000
544.000000
1301.000000
147.000000
866.000000
409.000000
2287.000000
97.000000
70.000000
354.000000
323.000000
420.000000
70.000000
366.000000
483.000000
48.000000
554.000000
730.000000
175.000000
197.000000
221.000000
596.000000
233.000000
170.000000
178.000000
146.000000
1560.000000
37.000000
433.000000
184.000000
280.000000
1350.000000
643.000000
315.000000
385.000000
435.000000
259.000000
155.000000
94.000000
1308.000000
1155.000000
734.000000
515.000000
350.000000
103.000000
85.000000
592.000000
578.000000
2374.000000
1353.000000
267.000000
109.000000
279.000000
209.000000
2247.000000
276.000000
276.000000
297.000000
1906.000000
150.000000
1782.000000
3185.000000
546.000000
272.000000
1907.000000
724.000000
142.000000
675.000000
543.000000
503.000000
259.000000
742.000000
229.000000
86.000000
399.000000
823.000000
1059.000000
254.000000
194.000000
363.000000
312.000000
625.000000
614.000000
624.000000
841.000000
44.000000
1081.000000
657.000000
256.000000
650.000000
689.000000
1614.000000
52.000000
124.000000
90.000000
1273.000000
1826.000000
163.000000
647.000000
436.000000
642.000000
1055.000000
349.000000
190.000000
90.000000
182.000000
309.000000
421.000000
133.000000
126.000000
286.000000
252.000000
558.000000
1029.000000
148.000000
485.000000
171.000000
119.000000
654.000000
185.000000
1745.000000
359.000000
183.000000
86.000000
241.000000
922.000000
217.000000
207.000000
1712.000000
389.000000
127.000000
632.000000
1561.000000
137.000000
582.000000
123.000000
432.000000
134.000000
237.000000
291.000000
1148.000000
167.000000
392.000000
53.000000
1595.000000
44.000000
239.000000
295.000000
247.000000
1006.000000
1790.000000
522.000000
388.000000
1386.000000
371.000000
122.000000
1450.000000
988.000000
341.000000
408.000000
2183.000000
726.000000
2958.000000
588.000000
536.000000
1393.000000
69.000000
2037.000000
198.000000
366.000000
664.000000
273.000000
444.000000
194.000000
72.000000
304.000000
477.000000
524.000000
609.000000
1048.000000
319.000000
101.000000
255.000000
58.000000
1314.000000
486.000000
380.000000
574.000000
628.000000
370.000000
259.000000
96.000000
1279.000000
168.000000
304.000000
4636.000000
638.000000
996.000000
306.000000
491.000000
3041.000000
2196.000000
135.000000
119.000000
753.000000
436.000000
775.000000
3372.000000
210.000000
371.000000
246.000000
381.000000
481.000000
1276.000000
266.000000
58.000000
1321.000000
2138.000000
77.000000
1928.000000
340.000000
470.000000
1115.000000
693.000000
1802.000000
406.000000
126.000000
502.000000
169.000000
562.000000
1803.000000
1085.000000
305.000000
201.000000
781.000000
1144.000000
1283.000000
688.000000
163.000000
270.000000
450.000000
1627.000000
727.000000
730.000000
115.000000
501.000000
398.000000
594.000000
5700.000000
218.000000
1850.000000
182.000000
98.000000
257.000000
345.000000
229.000000
381.000000
1600.000000
9313.000000
93.000000
77.000000
78.000000
314.000000
1099.000000
183.000000
548.000000
438.000000
1037.000000
784.000000
1622.000000
104.000000
1774.000000
385.000000
483.000000
597.000000
504.000000
749.000000
219.000000
189.000000
697.000000
201.000000
144.000000
605.000000
96.000000
1568.000000
825.000000
239.000000
152.000000
196.000000
312.000000
674.000000
494.000000
149.000000
189.000000
171.000000
2606.000000
167.000000
1564.000000
119.000000
921.000000
774.000000
71.000000
753.000000
537.000000
1198.000000
189.000000
1614.000000
2918.000000
352.000000
1153.000000
277.000000
159.000000
1025.000000
564.000000
174.000000
579.000000
627.000000
1774.000000
385.000000
196.000000
519.000000
371.000000
1146.000000
731.000000
1013.000000
2862.000000
201.000000
173.000000
850.000000
2387.000000
340.000000
777.000000
889.000000
731.000000
401.000000
720.000000
417.000000
1233.000000
127.000000
160.000000
500.000000
3090.000000
58.000000
147.000000
220.000000
1321.000000
441.000000
2645.000000
427.000000
518.000000
110.000000
290.000000
1139.000000
137.000000
894.000000
110.000000
539.000000
104.000000
307.000000
119.000000
5840.000000
2077.000000
894.000000
129.000000
4869.000000
152.000000
233.000000
744.000000
111.000000
1805.000000
1884.000000
94.000000
235.000000
234.000000
336.000000
398.000000
176.000000
329.000000
387.000000
138.000000
26.000000
165.000000
44.000000
581.000000
1176.000000
1450.000000
284.000000
105.000000
746.000000
1286.000000
59.000000
90.000000
767.000000
983.000000
424.000000
500.000000
158.000000
155.000000
328.000000
305.000000
224.000000
118.000000
116.000000
574.000000
211.000000
51.000000
132.000000
318.000000
521.000000
600.000000
520.000000
636.000000
272.000000
128.000000
1317.000000
160.000000
384.000000
1071.000000
587.000000
194.000000
90.000000
891.000000
315.000000
56.000000
414.000000
515.000000
411.000000
667.000000
2989.000000
4342.000000
791.000000
