942.000000
73.000000
436.000000
748.000000
4821.000000
155.000000
450.000000
363.000000
248.000000
2568.000000
588.000000
68.000000
238.000000
322.000000
615.000000
1190.000000
2519.000000
247.000000
159.000000
228.000000
2008.000000
1206.000000
338.000000
630.000000
1176.000000
1635.000000
153.000000
202.000000
2101.000000
184.000000
139.000000
234.000000
821.000000
502.000000
1837.000000
272.000000
219.000000
1154.000000
272.000000
708.000000
39.000000
62.000000
473.000000
91.000000
1205.000000
128.000000
602.000000
844.000000
493.000000
263.000000
129.000000
156.000000
1323.000000
391.000000
568.000000
130.000000
1392.000000
659.000000
5902.000000
102.000000
799.000000
79.000000
1961.000000
540.000000
1294.000000
251.000000
1818.000000
73.000000
375.000000
1037.000000
998.000000
1256.000000
515.000000
24.000000
864.000000
582.000000
89.000000
1830.000000
1019.000000
390.000000
396.000000
465.000000
172.000000
170.000000
580.000000
308.000000
274.000000
918.000000
210.000000
442.000000
484.000000
142.000000
22.000000
599.000000
622.000000
50.000000
668.000000
362.000000
75.000000
628.000000
179.000000
1486.000000
37.000000
2799.000000
29.000000
949.000000
467.000000
863.000000
262.000000
597.000000
1671.000000
389.000000
597.000000
1274.000000
113.000000
455.000000
131.000000
228.000000
306.000000
203.000000
1204.000000
379.000000
645.000000
157.000000
430.000000
2320.000000
384.000000
768.000000
1009.000000
562.000000
151.000000
220.000000
41.000000
1830.000000
289.000000
1026.000000
162.000000
1019.000000
201.000000
56.000000
146.000000
487.000000
589.000000
254.000000
175.000000
164.000000
416.000000
72.000000
331.000000
466.000000
196.000000
237.000000
177.000000
634.000000
809.000000
162.000000
113.000000
2459.000000
2968.000000
1585.000000
329.000000
222.000000
1238.000000
1353.000000
825.000000
199.000000
455.000000
529.000000
319.000000
702.000000
325.000000
141.000000
324.000000
308.000000
145.000000
382.000000
1233.000000
570.000000
97.000000
305.000000
98.000000
433.000000
287.000000
230.000000
104.000000
104.000000
333.000000
322.000000
489.000000
80.000000
148.000000
170.000000
248.000000
611.000000
912.000000
249.000000
1833.000000
206.000000
124.000000
740.000000
850.000000
164.000000
186.000000
134.000000
69.000000
240.000000
262.000000
761.000000
5355.000000
367.000000
241.000000
64.000000
1016.000000
311.000000
136.000000
448.000000
428.000000
797.000000
1471.000000
1332.000000
643.000000
343.000000
65.000000
392.000000
208.000000
1032.000000
2352.000000
118.000000
393.000000
245.000000
248.000000
651.000000
319.000000
501.000000
87.000000
710.000000
939.000000
1350.000000
161.000000
108.000000
86.000000
123.000000
352.000000
1066.000000
2574.000000
272.000000
128.000000
275.000000
344.000000
157.000000
535.000000
336.000000
338.000000
308.000000
272.000000
346.000000
494.000000
1255.000000
1148.000000
1801.000000
450.000000
208.000000
201.000000
106.000000
1487.000000
1960.000000
311.000000
1960.000000
260.000000
367.000000
358.000000
451.000000
730.000000
346.000000
438.000000
444.000000
370.000000
434.000000
376.000000
3468.000000
64.000000
233.000000
1030.000000
218.000000
903.000000
1040.000000
229.000000
922.000000
1387.000000
731.000000
3712.000000
990.000000
149.000000
279.000000
665.000000
85.000000
445.000000
204.000000
275.000000
872.000000
706.000000
239.000000
135.000000
138.000000
631.000000
1762.000000
164.000000
837.000000
162.000000
96.000000
133.000000
508.000000
184.000000
747.000000
348.000000
1814.000000
50.000000
660.000000
289.000000
438.000000
851.000000
1347.000000
64.000000
390.000000
156.000000
289.000000
302.000000
443.000000
128.000000
178.000000
200.000000
456.000000
508.000000
307.000000
897.000000
579.000000
292.000000
266.000000
77.000000
846.000000
39.000000
304.000000
260.000000
1151.000000
1266.000000
49.000000
500.000000
403.000000
342.000000
321.000000
561.000000
365.000000
645.000000
717.000000
515.000000
106.000000
391.000000
228.000000
893.000000
166.000000
739.000000
138.000000
1536.000000
944.000000
320.000000
491.000000
162.000000
329.000000
446.000000
183.000000
1522.000000
78.000000
451.000000
477.000000
101.000000
264.000000
2131.000000
671.000000
596.000000
3206.000000
53.000000
4213.000000
338.000000
120.000000
703.000000
142.000000
80.000000
389.000000
743.000000
34.000000
1606.000000
108.000000
915.000000
2122.000000
1608.000000
115.000000
304.000000
693.000000
1105.000000
487.000000
255.000000
870.000000
405.000000
43.000000
435.000000
739.000000
617.000000
272.000000
518.000000
149.000000
1559.000000
357.000000
907.000000
117.000000
1012.000000
912.000000
209.000000
379.000000
262.000000
552.000000
675.000000
1595.000000
3527.000000
293.000000
866.000000
550.000000
3245.000000
79.000000
272.000000
579.000000
163.000000
242.000000
1267.000000
1457.000000
129.000000
78.000000
314.000000
158.000000
230.000000
344.000000
288.000000
5566.000000
117.000000
515.000000
610.000000
246.000000
394.000000
145.000000
1080.000000
161.000000
1022.000000
183.000000
579.000000
701.000000
286.000000
218.000000
77.000000
3747.000000
797.000000
710.000000
484.000000
455.000000
144.000000
124.000000
563.000000
1448.000000
265.000000
72.000000
842.000000
554.000000
500.000000
1248.000000
335.000000
65.000000
225.000000
80.000000
213.000000
1201.000000
168.000000
8497.000000
272.000000
128.000000
159.000000
1193.000000
285.000000
765.000000
164.000000
60.000000
269.000000
1119.000000
8774.000000
62.000000
727.000000
151.000000
242.000000
144.000000
334.000000
469.000000
519.000000
1457.000000
221.000000
871.000000
256.000000
95.000000
173.000000
2867.000000
749.000000
1000.000000
1907.000000
714.000000
164.000000
371.000000
499.000000
412.000000
1691.000000
194.000000
615.000000
1556.000000
1953.000000
541.000000
435.000000
871.000000
1868.000000
65.000000
2416.000000
127.000000
1381.000000
78.000000
95.000000
507.000000
179.000000
416.000000
70.000000
657.000000
965.000000
740.000000
9498.000000
64.000000
405.000000
316.000000
243.000000
137.000000
983.000000
287.000000
68.000000
794.000000
1861.000000
328.000000
712.000000
217.000000
189.000000
489.000000
2936.000000
745.000000
335.000000
87.000000
688.000000
117.000000
194.000000
65.000000
1171.000000
390.000000
620.000000
699.000000
676.000000
278.000000
72.000000
555.000000
126.000000
501.000000
508.000000
417.000000
310.000000
833.000000
768.000000
168.000000
792.000000
1464.000000
499.000000
462.000000
458.000000
530.000000
220.000000
775.000000
238.000000
485.000000
1090.000000
177.000000
148.000000
1495.000000
706.000000
153.000000
669.000000
245.000000
408.000000
558.000000
393.000000
427.000000
238.000000
579.000000
1327.000000
637.000000
309.000000
475.000000
612.000000
617.000000
156.000000
2861.000000
301.000000
226.000000
404.000000
676.000000
1170.000000
165.000000
299.000000
1695.000000
221.000000
308.000000
273.000000
552.000000
831.000000
474.000000
803.000000
294.000000
383.000000
1210.000000
740.000000
567.000000
380.000000
715.000000
793.000000
543.000000
2202.000000
958.000000
1778.000000
5643.000000
1267.000000
346.000000
349.000000
74.000000
252.000000
141.000000
1022.000000
492.000000
484.000000
409.000000
122.000000
1282.000000
38.000000
396.000000
2369.000000
138.000000
150.000000
931.000000
201.000000
240.000000
581.000000
1056.000000
316.000000
318.000000
199.000000
241.000000
1687.000000
92.000000
148.000000
1916.000000
235.000000
606.000000
79.000000
1702.000000
1883.000000
714.000000
118.000000
45.000000
1340.000000
1873.000000
231.000000
516.000000
250.000000
753.000000
440.000000
142.000000
1875.000000
553.000000
139.000000
170.000000
429.000000
220.000000
1368.000000
78.000000
1591.000000
348.000000
299.000000
268.000000
179.000000
643.000000
189.000000
824.000000
388.000000
385.000000
695.000000
17.000000
38.000000
3661.000000
308.000000
909.000000
471.000000
200.000000
562.000000
263.000000
49.000000
46.000000
135.000000
527.000000
374.000000
2969.000000
106.000000
1082.000000
163.000000
263.000000
206.000000
105.000000
6490.000000
1049.000000
237.000000
1140.000000
343.000000
697.000000
78.000000
349.000000
155.000000
101.000000
442.000000
320.000000
1630.000000
3267.000000
1277.000000
60.000000
232.000000
56.000000
1462.000000
570.000000
503.000000
223.000000
238.000000
492.000000
1173.000000
1093.000000
7987.000000
383.000000
345.000000
657.000000
243.000000
2952.000000
215.000000
424.000000
223.000000
1575.000000
2420.000000
1323.000000
136.000000
1190.000000
753.000000
327.000000
568.000000
377.000000
666.000000
212.000000
1075.000000
1265.000000
264.000000
291.000000
415.000000
98.000000
1730.000000
1100.000000
414.000000
181.000000
1168.000000
404.000000
189.000000
122.000000
244.000000
675.000000
588.000000
163.000000
598.000000
1523.000000
156.000000
129.000000
868.000000
9415.000000
167.000000
113.000000
522.000000
470.000000
1355.000000
1140.000000
426.000000
590.000000
78.000000
382.000000
725.000000
1657.000000
267.000000
3231.000000
215.000000
648.000000
714.000000
959.000000
515.000000
3019.000000
297.000000
1733.000000
2376.000000
494.000000
717.000000
903.000000
4118.000000
1406.000000
559.000000
67.000000
158.000000
1452.000000
289.000000
228.000000
320.000000
283.000000
93.000000
184.000000
209.000000
141.000000
324.000000
211.000000
1005.000000
315.000000
1516.000000
204.000000
1748.000000
186.000000
159.000000
214.000000
626.000000
140.000000
532.000000
814.000000
91.000000
506.000000
153.000000
293.000000
608.000000
1656.000000
199.000000
1428.000000
853.000000
328.000000
816.000000
327.000000
192.000000
828.000000
174.000000
528.000000
859.000000
225.000000
184.000000
363.000000
92.000000
2744.000000
1535.000000
3772.000000
60.000000
226.000000
200.000000
389.000000
307.000000
488.000000
88.000000
1604.000000
465.000000
2433.000000
4662.000000
847.000000
208.000000
395.000000
456.000000
447.000000
1419.000000
246.000000
63.000000
73.000000
95.000000
89.000000
838.000000
420.000000
114.000000
704.000000
161.000000
1154.000000
344.000000
268.000000
1040.000000
217.000000
814.000000
290.000000
299.000000
753.000000
1484.000000
266.000000
537.000000
1036.000000
129.000000
165.000000
133.000000
832.000000
739.000000
371.000000
2615.000000
1060.000000
609.000000
2407.000000
426.000000
512.000000
419.000000
183.000000
2452.000000
196.000000
843.000000
30.000000
648.000000
135.000000
1212.000000
478.000000
1252.000000
1309.000000
281.000000
830.000000
217.000000
1706.000000
247.000000
141.000000
377.000000
191.000000
211.000000
175.000000
558.000000
1889.000000
3309.000000
427.000000
579.000000
174.000000
757.000000
623.000000
15.000000
308.000000
260.000000
86.000000
1656.000000
75.000000
1013.000000
2843.000000
257.000000
254.000000
585.000000
577.000000
179.000000
483.000000
540.000000
249.000000
383.000000
1103.000000
46.000000
289.000000
137.000000
699.000000
1376.000000
5264.000000
334.000000
169.000000
526.000000
364.000000
215.000000
1152.000000
135.000000
289.000000
143.000000
412.000000
347.000000
667.000000
101.000000
1005.000000
210.000000
303.000000
151.000000
520.000000
84.000000
467.000000
468.000000
3681.000000
545.000000
347.000000
