1123.000000
416.000000
39.000000
179.000000
183.000000
357.000000
294.000000
1697.000000
1190.000000
223.000000
577.000000
250.000000
192.000000
91.000000
451.000000
40.000000
458.000000
810.000000
382.000000
1002.000000
473.000000
311.000000
1376.000000
196.000000
320.000000
1749.000000
348.000000
124.000000
731.000000
239.000000
412.000000
490.000000
1041.000000
329.000000
72.000000
124.000000
565.000000
248.000000
244.000000
548.000000
650.000000
185.000000
75.000000
566.000000
352.000000
2790.000000
58.000000
383.000000
603.000000
1671.000000
1021.000000
319.000000
657.000000
287.000000
1712.000000
1509.000000
718.000000
187.000000
1648.000000
158.000000
166.000000
790.000000
136.000000
231.000000
744.000000
2513.000000
392.000000
140.000000
1737.000000
268.000000
635.000000
4066.000000
511.000000
1035.000000
163.000000
1013.000000
132.000000
55.000000
128.000000
564.000000
605.000000
104.000000
305.000000
297.000000
430.000000
252.000000
442.000000
458.000000
50.000000
386.000000
296.000000
180.000000
121.000000
228.000000
626.000000
1211.000000
1249.000000
587.000000
466.000000
100.000000
173.000000
512.000000
100.000000
558.000000
452.000000
820.000000
219.000000
367.000000
96.000000
703.000000
592.000000
199.000000
55.000000
162.000000
1534.000000
246.000000
866.000000
624.000000
801.000000
662.000000
340.000000
978.000000
531.000000
794.000000
145.000000
361.000000
550.000000
1060.000000
1168.000000
265.000000
201.000000
205.000000
176.000000
2626.000000
688.000000
181.000000
832.000000
1303.000000
94.000000
437.000000
1131.000000
637.000000
1140.000000
939.000000
667.000000
205.000000
515.000000
321.000000
650.000000
734.000000
193.000000
1083.000000
272.000000
935.000000
192.000000
246.000000
620.000000
305.000000
884.000000
112.000000
368.000000
60.000000
1547.000000
786.000000
175.000000
499.000000
93.000000
142.000000
1565.000000
4645.000000
589.000000
3215.000000
120.000000
325.000000
47.000000
682.000000
1185.000000
32.000000
1444.000000
1034.000000
347.000000
231.000000
232.000000
151.000000
152.000000
877.000000
325.000000
507.000000
294.000000
110.000000
217.000000
529.000000
351.000000
5657.000000
248.000000
743.000000
185.000000
499.000000
879.000000
159.000000
3614.000000
304.000000
679.000000
184.000000
532.000000
215.000000
148.000000
122.000000
287.000000
1226.000000
454.000000
81.000000
344.000000
210.000000
477.000000
456.000000
188.000000
1928.000000
412.000000
475.000000
1372.000000
587.000000
438.000000
340.000000
373.000000
272.000000
189.000000
107.000000
186.000000
188.000000
2752.000000
347.000000
1081.000000
131.000000
20.000000
131.000000
1032.000000
197.000000
4018.000000
94.000000
305.000000
3435.000000
256.000000
5124.000000
700.000000
325.000000
21.000000
4354.000000
138.000000
384.000000
381.000000
1099.000000
799.000000
415.000000
106.000000
200.000000
269.000000
258.000000
1207.000000
619.000000
164.000000
207.000000
227.000000
1109.000000
134.000000
87.000000
545.000000
4070.000000
224.000000
1752.000000
84.000000
369.000000
1054.000000
1346.000000
52.000000
2150.000000
377.000000
766.000000
145.000000
352.000000
466.000000
120.000000
161.000000
196.000000
103.000000
966.000000
208.000000
167.000000
1332.000000
403.000000
1510.000000
821.000000
316.000000
552.000000
345.000000
363.000000
71.000000
492.000000
883.000000
526.000000
474.000000
424.000000
1024.000000
1512.000000
216.000000
173.000000
511.000000
83.000000
499.000000
288.000000
251.000000
500.000000
1338.000000
228.000000
500.000000
96.000000
389.000000
1090.000000
863.000000
98.000000
2464.000000
135.000000
35.000000
400.000000
622.000000
1253.000000
315.000000
624.000000
417.000000
406.000000
106.000000
187.000000
404.000000
73.000000
101.000000
528.000000
940.000000
330.000000
633.000000
272.000000
189.000000
3904.000000
709.000000
1105.000000
168.000000
122.000000
74.000000
158.000000
197.000000
545.000000
26.000000
816.000000
439.000000
465.000000
381.000000
1097.000000
633.000000
127.000000
34.000000
1186.000000
6679.000000
549.000000
2642.000000
166.000000
759.000000
181.000000
479.000000
334.000000
264.000000
1015.000000
739.000000
740.000000
882.000000
527.000000
985.000000
1820.000000
2189.000000
58.000000
92.000000
722.000000
59.000000
232.000000
4513.000000
202.000000
2469.000000
617.000000
631.000000
93.000000
248.000000
126.000000
504.000000
545.000000
5914.000000
836.000000
99.000000
494.000000
1932.000000
924.000000
2969.000000
89.000000
94.000000
149.000000
702.000000
196.000000
2521.000000
205.000000
529.000000
2590.000000
151.000000
749.000000
716.000000
129.000000
2206.000000
31.000000
236.000000
246.000000
179.000000
95.000000
3314.000000
833.000000
103.000000
419.000000
226.000000
46.000000
1495.000000
350.000000
421.000000
1623.000000
831.000000
646.000000
463.000000
1082.000000
377.000000
127.000000
1132.000000
398.000000
198.000000
1178.000000
831.000000
682.000000
238.000000
2612.000000
385.000000
685.000000
747.000000
85.000000
886.000000
47.000000
56.000000
1908.000000
1448.000000
769.000000
252.000000
1512.000000
336.000000
516.000000
230.000000
160.000000
562.000000
106.000000
607.000000
158.000000
429.000000
419.000000
144.000000
596.000000
538.000000
990.000000
592.000000
303.000000
288.000000
891.000000
1769.000000
204.000000
1376.000000
342.000000
1092.000000
270.000000
415.000000
47.000000
1074.000000
478.000000
617.000000
397.000000
495.000000
1265.000000
204.000000
2600.000000
420.000000
1235.000000
119.000000
302.000000
482.000000
356.000000
927.000000
65.000000
1067.000000
693.000000
321.000000
526.000000
1374.000000
125.000000
151.000000
373.000000
281.000000
43.000000
658.000000
174.000000
361.000000
179.000000
585.000000
23.000000
22.000000
398.000000
422.000000
447.000000
413.000000
222.000000
168.000000
357.000000
440.000000
994.000000
260.000000
281.000000
1694.000000
1868.000000
323.000000
241.000000
391.000000
242.000000
178.000000
298.000000
773.000000
793.000000
195.000000
56.000000
1402.000000
258.000000
199.000000
471.000000
52.000000
416.000000
734.000000
166.000000
325.000000
213.000000
108.000000
2347.000000
752.000000
78.000000
845.000000
141.000000
261.000000
288.000000
1126.000000
337.000000
620.000000
47.000000
126.000000
38.000000
289.000000
362.000000
522.000000
1165.000000
566.000000
250.000000
449.000000
775.000000
299.000000
613.000000
334.000000
145.000000
386.000000
380.000000
276.000000
81.000000
259.000000
444.000000
68.000000
1135.000000
415.000000
236.000000
479.000000
187.000000
714.000000
1120.000000
167.000000
352.000000
399.000000
142.000000
144.000000
990.000000
112.000000
369.000000
764.000000
1403.000000
915.000000
1709.000000
405.000000
665.000000
302.000000
46.000000
30.000000
403.000000
24.000000
177.000000
1084.000000
1600.000000
72.000000
291.000000
141.000000
1376.000000
1148.000000
1711.000000
344.000000
895.000000
299.000000
417.000000
435.000000
349.000000
581.000000
250.000000
210.000000
276.000000
406.000000
313.000000
175.000000
34.000000
197.000000
81.000000
64.000000
761.000000
275.000000
233.000000
372.000000
394.000000
621.000000
263.000000
278.000000
133.000000
118.000000
388.000000
199.000000
281.000000
355.000000
573.000000
1267.000000
132.000000
160.000000
82.000000
1664.000000
320.000000
372.000000
1939.000000
190.000000
597.000000
188.000000
55.000000
266.000000
235.000000
152.000000
648.000000
100.000000
275.000000
540.000000
81.000000
153.000000
1367.000000
193.000000
328.000000
227.000000
2296.000000
259.000000
726.000000
526.000000
184.000000
2162.000000
535.000000
265.000000
157.000000
705.000000
563.000000
2118.000000
190.000000
261.000000
77.000000
529.000000
87.000000
71.000000
427.000000
3751.000000
474.000000
964.000000
7775.000000
459.000000
85.000000
433.000000
648.000000
279.000000
240.000000
1255.000000
382.000000
2724.000000
320.000000
1230.000000
415.000000
114.000000
101.000000
584.000000
1826.000000
1088.000000
608.000000
758.000000
928.000000
147.000000
322.000000
1372.000000
44.000000
629.000000
380.000000
104.000000
569.000000
224.000000
285.000000
236.000000
1270.000000
129.000000
740.000000
1854.000000
128.000000
576.000000
947.000000
2138.000000
327.000000
58.000000
212.000000
205.000000
200.000000
117.000000
94.000000
2726.000000
632.000000
315.000000
651.000000
179.000000
92.000000
304.000000
1510.000000
221.000000
523.000000
379.000000
291.000000
1824.000000
1010.000000
573.000000
1838.000000
374.000000
702.000000
239.000000
1846.000000
355.000000
97.000000
859.000000
1200.000000
1002.000000
1409.000000
1799.000000
319.000000
392.000000
758.000000
110.000000
881.000000
101.000000
1310.000000
204.000000
231.000000
158.000000
2084.000000
60.000000
222.000000
581.000000
198.000000
43.000000
507.000000
345.000000
601.000000
554.000000
758.000000
327.000000
72.000000
2830.000000
453.000000
1166.000000
437.000000
679.000000
256.000000
113.000000
103.000000
944.000000
232.000000
341.000000
354.000000
159.000000
1151.000000
1204.000000
112.000000
108.000000
446.000000
681.000000
1371.000000
1125.000000
1898.000000
735.000000
626.000000
345.000000
1553.000000
382.000000
1180.000000
74.000000
253.000000
400.000000
117.000000
307.000000
1128.000000
357.000000
681.000000
1893.000000
3075.000000
216.000000
519.000000
393.000000
1281.000000
287.000000
557.000000
104.000000
106.000000
325.000000
1074.000000
170.000000
231.000000
422.000000
193.000000
378.000000
1123.000000
603.000000
183.000000
438.000000
278.000000
81.000000
358.000000
243.000000
604.000000
60.000000
705.000000
315.000000
1473.000000
114.000000
479.000000
737.000000
524.000000
558.000000
375.000000
210.000000
165.000000
196.000000
715.000000
400.000000
566.000000
77.000000
418.000000
271.000000
377.000000
274.000000
1547.000000
343.000000
1729.000000
944.000000
230.000000
614.000000
2413.000000
143.000000
310.000000
168.000000
442.000000
354.000000
68.000000
1821.000000
587.000000
635.000000
171.000000
1815.000000
422.000000
222.000000
1949.000000
333.000000
1990.000000
221.000000
65.000000
1369.000000
498.000000
170.000000
1345.000000
302.000000
666.000000
310.000000
129.000000
1793.000000
265.000000
60.000000
105.000000
1172.000000
1009.000000
226.000000
1405.000000
916.000000
360.000000
70.000000
1083.000000
307.000000
2093.000000
1165.000000
226.000000
163.000000
127.000000
930.000000
234.000000
193.000000
219.000000
438.000000
204.000000
1427.000000
485.000000
583.000000
100.000000
150.000000
465.000000
611.000000
3963.000000
934.000000
709.000000
616.000000
528.000000
397.000000
225.000000
965.000000
159.000000
918.000000
417.000000
29.000000
177.000000
162.000000
239.000000
385.000000
413.000000
29.000000
779.000000
555.000000
284.000000
2342.000000
721.000000
231.000000
759.000000
141.000000
2198.000000
1897.000000
381.000000
589.000000
551.000000
575.000000
52.000000
1051.000000
222.000000
2281.000000
2067.000000
620.000000
491.000000
492.000000
115.000000
106.000000
324.000000
489.000000
1041.000000
1308.000000
30.000000
996.000000
405.000000
1344.000000
103.000000
1392.000000
128.000000
352.000000
562.000000
2973.000000
2297.000000
539.000000
217.000000
241.000000
687.000000
1203.000000
37.000000
