283.000000
219.000000
216.000000
1996.000000
754.000000
199.000000
3527.000000
273.000000
107.000000
4541.000000
911.000000
186.000000
246.000000
2413.000000
1767.000000
733.000000
56.000000
2989.000000
499.000000
930.000000
579.000000
113.000000
506.000000
133.000000
496.000000
379.000000
316.000000
216.000000
636.000000
489.000000
220.000000
548.000000
514.000000
312.000000
250.000000
118.000000
429.000000
637.000000
48.000000
69.000000
575.000000
499.000000
65.000000
335.000000
597.000000
328.000000
1554.000000
257.000000
299.000000
73.000000
650.000000
68.000000
219.000000
313.000000
91.000000
890.000000
108.000000
1769.000000
579.000000
494.000000
220.000000
873.000000
1953.000000
2190.000000
1978.000000
256.000000
213.000000
243.000000
478.000000
825.000000
306.000000
277.000000
282.000000
480.000000
755.000000
196.000000
115.000000
1310.000000
154.000000
294.000000
501.000000
243.000000
165.000000
238.000000
449.000000
388.000000
325.000000
182.000000
224.000000
1799.000000
245.000000
146.000000
301.000000
1004.000000
1780.000000
1311.000000
2565.000000
969.000000
198.000000
194.000000
327.000000
165.000000
232.000000
368.000000
332.000000
727.000000
366.000000
945.000000
294.000000
1647.000000
19.000000
844.000000
280.000000
83.000000
228.000000
1179.000000
55.000000
107.000000
527.000000
437.000000
303.000000
1515.000000
276.000000
475.000000
2720.000000
495.000000
275.000000
575.000000
801.000000
146.000000
402.000000
170.000000
449.000000
423.000000
1547.000000
92.000000
909.000000
5170.000000
547.000000
310.000000
257.000000
904.000000
77.000000
3050.000000
199.000000
254.000000
401.000000
586.000000
110.000000
171.000000
1308.000000
736.000000
156.000000
230.000000
832.000000
1686.000000
457.000000
1077.000000
139.000000
921.000000
631.000000
344.000000
102.000000
189.000000
273.000000
222.000000
802.000000
560.000000
358.000000
85.000000
737.000000
519.000000
405.000000
1067.000000
330.000000
1044.000000
1353.000000
362.000000
193.000000
196.000000
112.000000
295.000000
133.000000
246.000000
319.000000
964.000000
689.000000
1159.000000
1110.000000
206.000000
769.000000
184.000000
666.000000
329.000000
75.000000
657.000000
381.000000
225.000000
120.000000
210.000000
1686.000000
511.000000
1199.000000
385.000000
131.000000
517.000000
2298.000000
220.000000
1727.000000
136.000000
121.000000
452.000000
695.000000
371.000000
456.000000
845.000000
2542.000000
167.000000
619.000000
3227.000000
370.000000
1287.000000
45.000000
285.000000
796.000000
149.000000
419.000000
293.000000
291.000000
267.000000
300.000000
2047.000000
40.000000
965.000000
599.000000
92.000000
492.000000
181.000000
71.000000
135.000000
360.000000
2501.000000
2526.000000
788.000000
116.000000
178.000000
1998.000000
1846.000000
3600.000000
179.000000
607.000000
1168.000000
192.000000
329.000000
750.000000
366.000000
57.000000
58.000000
522.000000
321.000000
451.000000
486.000000
148.000000
582.000000
77.000000
220.000000
877.000000
46.000000
277.000000
144.000000
1840.000000
208.000000
258.000000
322.000000
178.000000
288.000000
788.000000
100.000000
194.000000
470.000000
533.000000
33.000000
769.000000
2632.000000
327.000000
1559.000000
217.000000
40.000000
2037.000000
220.000000
159.000000
210.000000
420.000000
193.000000
343.000000
815.000000
1603.000000
235.000000
613.000000
128.000000
131.000000
488.000000
1899.000000
261.000000
602.000000
523.000000
108.000000
135.000000
366.000000
338.000000
269.000000
3741.000000
160.000000
45.000000
167.000000
1189.000000
853.000000
609.000000
1059.000000
129.000000
505.000000
239.000000
646.000000
532.000000
939.000000
166.000000
164.000000
220.000000
2643.000000
596.000000
552.000000
1701.000000
568.000000
685.000000
900.000000
525.000000
327.000000
723.000000
525.000000
695.000000
301.000000
2298.000000
1019.000000
648.000000
513.000000
756.000000
130.000000
188.000000
295.000000
123.000000
403.000000
147.000000
211.000000
348.000000
349.000000
184.000000
901.000000
345.000000
208.000000
178.000000
148.000000
394.000000
1582.000000
500.000000
168.000000
1134.000000
64.000000
1985.000000
1650.000000
38.000000
270.000000
81.000000
1138.000000
201.000000
243.000000
420.000000
288.000000
178.000000
63.000000
396.000000
276.000000
528.000000
315.000000
398.000000
321.000000
709.000000
304.000000
976.000000
209.000000
146.000000
159.000000
326.000000
293.000000
200.000000
204.000000
121.000000
220.000000
5639.000000
836.000000
239.000000
450.000000
202.000000
211.000000
832.000000
197.000000
72.000000
3225.000000
198.000000
1160.000000
1147.000000
287.000000
923.000000
453.000000
151.000000
621.000000
280.000000
999.000000
129.000000
283.000000
490.000000
1310.000000
1997.000000
345.000000
397.000000
303.000000
412.000000
98.000000
508.000000
153.000000
240.000000
1110.000000
419.000000
437.000000
257.000000
355.000000
879.000000
3374.000000
587.000000
241.000000
24.000000
659.000000
1156.000000
624.000000
2325.000000
2147.000000
611.000000
326.000000
410.000000
144.000000
423.000000
850.000000
445.000000
242.000000
824.000000
87.000000
77.000000
2046.000000
1035.000000
157.000000
293.000000
435.000000
268.000000
170.000000
1382.000000
67.000000
583.000000
175.000000
268.000000
317.000000
643.000000
904.000000
1457.000000
169.000000
436.000000
814.000000
457.000000
212.000000
569.000000
210.000000
162.000000
815.000000
860.000000
350.000000
251.000000
167.000000
102.000000
288.000000
1331.000000
412.000000
574.000000
697.000000
3424.000000
251.000000
102.000000
1885.000000
152.000000
117.000000
2955.000000
919.000000
116.000000
278.000000
167.000000
299.000000
284.000000
2832.000000
78.000000
267.000000
450.000000
360.000000
704.000000
216.000000
87.000000
3664.000000
362.000000
324.000000
270.000000
225.000000
810.000000
531.000000
1097.000000
75.000000
865.000000
243.000000
488.000000
348.000000
297.000000
141.000000
468.000000
704.000000
603.000000
760.000000
285.000000
1179.000000
39.000000
651.000000
159.000000
109.000000
59.000000
353.000000
226.000000
1797.000000
960.000000
97.000000
283.000000
122.000000
359.000000
369.000000
1414.000000
133.000000
125.000000
1070.000000
124.000000
721.000000
182.000000
262.000000
211.000000
544.000000
323.000000
677.000000
40.000000
102.000000
2601.000000
122.000000
348.000000
351.000000
2450.000000
59.000000
813.000000
338.000000
490.000000
341.000000
829.000000
163.000000
518.000000
732.000000
890.000000
182.000000
512.000000
228.000000
391.000000
232.000000
563.000000
634.000000
4633.000000
821.000000
694.000000
37.000000
174.000000
247.000000
974.000000
269.000000
528.000000
607.000000
1212.000000
641.000000
569.000000
303.000000
851.000000
32.000000
3851.000000
31.000000
974.000000
174.000000
774.000000
105.000000
881.000000
690.000000
229.000000
1274.000000
1616.000000
171.000000
1290.000000
407.000000
809.000000
1158.000000
1046.000000
826.000000
667.000000
227.000000
531.000000
417.000000
113.000000
167.000000
502.000000
704.000000
310.000000
194.000000
1008.000000
4462.000000
534.000000
468.000000
758.000000
451.000000
442.000000
272.000000
10197.000000
698.000000
391.000000
1492.000000
419.000000
404.000000
85.000000
295.000000
98.000000
79.000000
869.000000
182.000000
243.000000
569.000000
936.000000
223.000000
787.000000
433.000000
420.000000
355.000000
396.000000
239.000000
1058.000000
3180.000000
501.000000
416.000000
354.000000
854.000000
120.000000
689.000000
3043.000000
465.000000
979.000000
177.000000
1303.000000
296.000000
649.000000
567.000000
159.000000
1435.000000
212.000000
408.000000
334.000000
940.000000
338.000000
1361.000000
203.000000
553.000000
353.000000
557.000000
624.000000
126.000000
107.000000
294.000000
81.000000
91.000000
600.000000
546.000000
27.000000
1107.000000
937.000000
167.000000
886.000000
233.000000
521.000000
159.000000
1494.000000
1119.000000
289.000000
2858.000000
168.000000
959.000000
524.000000
1811.000000
502.000000
449.000000
240.000000
122.000000
786.000000
89.000000
341.000000
55.000000
2064.000000
498.000000
64.000000
336.000000
451.000000
351.000000
452.000000
754.000000
148.000000
5535.000000
350.000000
607.000000
266.000000
2582.000000
261.000000
1450.000000
1710.000000
310.000000
119.000000
84.000000
289.000000
483.000000
510.000000
1077.000000
11664.000000
42.000000
898.000000
230.000000
222.000000
139.000000
764.000000
2569.000000
129.000000
2591.000000
350.000000
55.000000
919.000000
191.000000
228.000000
1022.000000
763.000000
466.000000
497.000000
471.000000
4965.000000
668.000000
361.000000
999.000000
142.000000
305.000000
520.000000
1143.000000
2139.000000
1967.000000
184.000000
951.000000
109.000000
434.000000
418.000000
25.000000
427.000000
106.000000
1367.000000
1126.000000
369.000000
1053.000000
1454.000000
517.000000
229.000000
224.000000
437.000000
148.000000
2067.000000
158.000000
1063.000000
129.000000
934.000000
155.000000
493.000000
233.000000
301.000000
206.000000
330.000000
728.000000
304.000000
332.000000
1130.000000
1745.000000
146.000000
143.000000
72.000000
794.000000
904.000000
916.000000
294.000000
350.000000
313.000000
6022.000000
136.000000
249.000000
162.000000
640.000000
347.000000
290.000000
92.000000
539.000000
161.000000
411.000000
1211.000000
519.000000
951.000000
1998.000000
146.000000
844.000000
352.000000
162.000000
740.000000
123.000000
283.000000
171.000000
323.000000
244.000000
189.000000
898.000000
1268.000000
126.000000
193.000000
36.000000
889.000000
341.000000
7396.000000
915.000000
385.000000
828.000000
657.000000
282.000000
373.000000
1298.000000
236.000000
221.000000
38.000000
192.000000
187.000000
1378.000000
1236.000000
285.000000
273.000000
75.000000
275.000000
1010.000000
1812.000000
310.000000
1836.000000
22.000000
139.000000
251.000000
142.000000
184.000000
762.000000
102.000000
1992.000000
2142.000000
704.000000
68.000000
215.000000
1972.000000
114.000000
902.000000
471.000000
395.000000
20.000000
378.000000
1638.000000
1668.000000
1071.000000
716.000000
2093.000000
494.000000
339.000000
99.000000
540.000000
655.000000
619.000000
184.000000
138.000000
932.000000
503.000000
1254.000000
287.000000
370.000000
2534.000000
165.000000
163.000000
49.000000
134.000000
245.000000
754.000000
1186.000000
135.000000
78.000000
337.000000
194.000000
543.000000
137.000000
899.000000
446.000000
1031.000000
1554.000000
236.000000
263.000000
171.000000
353.000000
130.000000
88.000000
552.000000
899.000000
459.000000
476.000000
290.000000
92.000000
46.000000
209.000000
141.000000
401.000000
825.000000
120.000000
118.000000
458.000000
802.000000
307.000000
348.000000
692.000000
231.000000
211.000000
1070.000000
754.000000
291.000000
723.000000
373.000000
448.000000
691.000000
110.000000
858.000000
1145.000000
1793.000000
150.000000
118.000000
748.000000
713.000000
83.000000
165.000000
288.000000
1060.000000
1289.000000
534.000000
635.000000
189.000000
442.000000
215.000000
283.000000
537.000000
978.000000
1777.000000
893.000000
348.000000
528.000000
535.000000
251.000000
160.000000
187.000000
1479.000000
1474.000000
1121.000000
335.000000
573.000000
2362.000000
167.000000
1198.000000
48.000000
873.000000
147.000000
561.000000
279.000000
