2267.000000
1852.000000
12168.000000
3324.000000
941.000000
1352.000000
521.000000
1150.000000
3077.000000
3387.000000
272.000000
450.000000
739.000000
5086.000000
1807.000000
100.000000
260.000000
305.000000
1092.000000
258.000000
666.000000
141.000000
518.000000
1960.000000
622.000000
312.000000
64.000000
675.000000
214.000000
172.000000
987.000000
274.000000
46.000000
446.000000
423.000000
2754.000000
1377.000000
82.000000
144.000000
113.000000
66.000000
816.000000
160.000000
2945.000000
166.000000
391.000000
379.000000
1746.000000
150.000000
651.000000
659.000000
96.000000
1374.000000
790.000000
535.000000
209.000000
1450.000000
648.000000
445.000000
179.000000
491.000000
888.000000
870.000000
476.000000
334.000000
1139.000000
826.000000
327.000000
173.000000
540.000000
342.000000
152.000000
78.000000
125.000000
657.000000
82.000000
418.000000
155.000000
671.000000
713.000000
932.000000
774.000000
310.000000
33.000000
1348.000000
2458.000000
1267.000000
520.000000
406.000000
437.000000
163.000000
627.000000
598.000000
384.000000
441.000000
552.000000
707.000000
1845.000000
623.000000
266.000000
88.000000
86.000000
1870.000000
300.000000
703.000000
498.000000
165.000000
1076.000000
478.000000
1193.000000
7123.000000
303.000000
1806.000000
332.000000
427.000000
160.000000
376.000000
1358.000000
152.000000
232.000000
862.000000
207.000000
417.000000
617.000000
545.000000
874.000000
111.000000
2659.000000
593.000000
878.000000
591.000000
294.000000
195.000000
77.000000
132.000000
138.000000
7428.000000
788.000000
2397.000000
912.000000
50.000000
2929.000000
529.000000
261.000000
861.000000
246.000000
363.000000
42.000000
411.000000
535.000000
144.000000
1100.000000
434.000000
435.000000
343.000000
851.000000
161.000000
1771.000000
126.000000
265.000000
44.000000
392.000000
1054.000000
250.000000
852.000000
1525.000000
317.000000
262.000000
2460.000000
211.000000
226.000000
302.000000
240.000000
390.000000
419.000000
290.000000
88.000000
157.000000
341.000000
249.000000
210.000000
224.000000
148.000000
74.000000
1370.000000
219.000000
949.000000
196.000000
157.000000
418.000000
274.000000
284.000000
463.000000
130.000000
449.000000
2006.000000
971.000000
396.000000
879.000000
191.000000
1575.000000
1100.000000
112.000000
343.000000
526.000000
579.000000
693.000000
162.000000
307.000000
461.000000
256.000000
390.000000
2572.000000
307.000000
148.000000
355.000000
494.000000
331.000000
514.000000
798.000000
739.000000
378.000000
722.000000
293.000000
124.000000
346.000000
2761.000000
396.000000
582.000000
188.000000
308.000000
1881.000000
945.000000
281.000000
900.000000
361.000000
1028.000000
160.000000
508.000000
273.000000
566.000000
73.000000
187.000000
616.000000
1648.000000
279.000000
273.000000
540.000000
526.000000
184.000000
209.000000
392.000000
468.000000
131.000000
549.000000
739.000000
221.000000
558.000000
71.000000
374.000000
523.000000
265.000000
264.000000
70.000000
371.000000
1916.000000
503.000000
390.000000
1010.000000
186.000000
80.000000
364.000000
149.000000
3512.000000
137.000000
100.000000
183.000000
837.000000
92.000000
468.000000
292.000000
818.000000
60.000000
227.000000
308.000000
869.000000
755.000000
384.000000
727.000000
676.000000
470.000000
95.000000
689.000000
1049.000000
244.000000
199.000000
3590.000000
2344.000000
309.000000
168.000000
230.000000
1938.000000
4329.000000
322.000000
823.000000
243.000000
77.000000
393.000000
495.000000
84.000000
1336.000000
888.000000
295.000000
236.000000
70.000000
204.000000
736.000000
63.000000
711.000000
631.000000
1490.000000
750.000000
1241.000000
243.000000
64.000000
921.000000
271.000000
684.000000
476.000000
685.000000
149.000000
97.000000
390.000000
119.000000
1790.000000
1691.000000
365.000000
495.000000
1312.000000
357.000000
925.000000
1321.000000
210.000000
1301.000000
568.000000
255.000000
612.000000
1484.000000
242.000000
213.000000
107.000000
52.000000
614.000000
1079.000000
1519.000000
420.000000
66.000000
348.000000
1460.000000
375.000000
509.000000
258.000000
732.000000
228.000000
325.000000
380.000000
4477.000000
685.000000
285.000000
49.000000
375.000000
448.000000
1117.000000
179.000000
6693.000000
628.000000
367.000000
1036.000000
806.000000
134.000000
1869.000000
30.000000
319.000000
405.000000
989.000000
2773.000000
309.000000
124.000000
2061.000000
405.000000
106.000000
2788.000000
31.000000
1187.000000
714.000000
1255.000000
1827.000000
505.000000
605.000000
238.000000
64.000000
1089.000000
233.000000
1924.000000
755.000000
753.000000
369.000000
634.000000
301.000000
1142.000000
37.000000
469.000000
2184.000000
1218.000000
128.000000
410.000000
1591.000000
752.000000
386.000000
301.000000
660.000000
420.000000
165.000000
409.000000
167.000000
395.000000
63.000000
287.000000
257.000000
379.000000
736.000000
76.000000
488.000000
1667.000000
191.000000
159.000000
262.000000
1862.000000
3136.000000
299.000000
1068.000000
515.000000
588.000000
715.000000
2347.000000
118.000000
130.000000
2444.000000
397.000000
118.000000
399.000000
216.000000
434.000000
751.000000
1300.000000
1124.000000
342.000000
317.000000
1031.000000
140.000000
954.000000
397.000000
347.000000
400.000000
982.000000
948.000000
739.000000
230.000000
99.000000
205.000000
319.000000
479.000000
639.000000
121.000000
357.000000
681.000000
101.000000
54.000000
910.000000
201.000000
80.000000
438.000000
195.000000
995.000000
330.000000
429.000000
295.000000
178.000000
250.000000
325.000000
31.000000
522.000000
203.000000
971.000000
706.000000
160.000000
548.000000
771.000000
282.000000
220.000000
177.000000
384.000000
528.000000
587.000000
87.000000
1721.000000
585.000000
182.000000
764.000000
479.000000
1012.000000
58.000000
483.000000
1031.000000
64.000000
1723.000000
169.000000
433.000000
67.000000
601.000000
479.000000
64.000000
433.000000
228.000000
46.000000
334.000000
2585.000000
100.000000
610.000000
193.000000
59.000000
1960.000000
413.000000
1468.000000
869.000000
411.000000
242.000000
826.000000
1234.000000
215.000000
76.000000
135.000000
523.000000
109.000000
245.000000
197.000000
163.000000
405.000000
576.000000
95.000000
2065.000000
58.000000
397.000000
455.000000
174.000000
468.000000
858.000000
628.000000
272.000000
436.000000
446.000000
68.000000
430.000000
562.000000
543.000000
337.000000
330.000000
2791.000000
89.000000
860.000000
503.000000
60.000000
691.000000
259.000000
666.000000
781.000000
1488.000000
242.000000
114.000000
832.000000
124.000000
103.000000
671.000000
873.000000
141.000000
236.000000
79.000000
462.000000
2202.000000
258.000000
259.000000
78.000000
580.000000
368.000000
109.000000
1301.000000
206.000000
464.000000
1405.000000
350.000000
600.000000
106.000000
489.000000
192.000000
434.000000
2185.000000
648.000000
174.000000
106.000000
1636.000000
1196.000000
443.000000
1364.000000
406.000000
25.000000
1120.000000
583.000000
204.000000
953.000000
1137.000000
1773.000000
476.000000
879.000000
374.000000
1059.000000
1559.000000
538.000000
163.000000
1009.000000
99.000000
1732.000000
200.000000
1065.000000
102.000000
678.000000
469.000000
1130.000000
936.000000
592.000000
888.000000
298.000000
279.000000
146.000000
444.000000
1239.000000
125.000000
133.000000
194.000000
311.000000
239.000000
183.000000
280.000000
274.000000
2176.000000
186.000000
288.000000
1178.000000
560.000000
220.000000
871.000000
78.000000
322.000000
1027.000000
172.000000
205.000000
706.000000
97.000000
604.000000
175.000000
1350.000000
217.000000
740.000000
270.000000
548.000000
827.000000
35.000000
117.000000
1047.000000
1038.000000
2638.000000
1087.000000
426.000000
110.000000
272.000000
2563.000000
106.000000
1478.000000
141.000000
508.000000
291.000000
110.000000
2903.000000
262.000000
299.000000
445.000000
361.000000
1806.000000
790.000000
130.000000
596.000000
871.000000
881.000000
717.000000
429.000000
477.000000
258.000000
204.000000
136.000000
661.000000
558.000000
133.000000
336.000000
239.000000
947.000000
486.000000
530.000000
1297.000000
1603.000000
489.000000
188.000000
84.000000
1816.000000
654.000000
756.000000
351.000000
667.000000
2585.000000
634.000000
108.000000
537.000000
26.000000
140.000000
449.000000
599.000000
857.000000
38.000000
1543.000000
303.000000
215.000000
1848.000000
304.000000
417.000000
2434.000000
952.000000
169.000000
304.000000
554.000000
349.000000
1296.000000
298.000000
164.000000
620.000000
53.000000
68.000000
76.000000
289.000000
808.000000
258.000000
591.000000
241.000000
163.000000
1489.000000
945.000000
283.000000
293.000000
446.000000
535.000000
68.000000
88.000000
936.000000
362.000000
1014.000000
3834.000000
833.000000
75.000000
672.000000
562.000000
862.000000
131.000000
2991.000000
501.000000
132.000000
129.000000
348.000000
600.000000
955.000000
1809.000000
1093.000000
93.000000
922.000000
404.000000
44.000000
435.000000
89.000000
661.000000
177.000000
2378.000000
845.000000
486.000000
317.000000
398.000000
150.000000
792.000000
84.000000
628.000000
62.000000
319.000000
203.000000
971.000000
192.000000
114.000000
139.000000
627.000000
2296.000000
439.000000
73.000000
469.000000
180.000000
4212.000000
366.000000
730.000000
1535.000000
78.000000
303.000000
200.000000
158.000000
49.000000
1721.000000
223.000000
735.000000
662.000000
230.000000
1062.000000
144.000000
3091.000000
248.000000
99.000000
3163.000000
1949.000000
874.000000
1633.000000
1783.000000
533.000000
234.000000
1163.000000
403.000000
213.000000
2563.000000
191.000000
151.000000
1006.000000
232.000000
1179.000000
153.000000
1264.000000
279.000000
1001.000000
221.000000
445.000000
627.000000
69.000000
272.000000
257.000000
1175.000000
1288.000000
317.000000
234.000000
3153.000000
248.000000
398.000000
165.000000
2694.000000
1206.000000
822.000000
2839.000000
2812.000000
205.000000
36.000000
320.000000
3428.000000
373.000000
2547.000000
2191.000000
228.000000
1017.000000
668.000000
221.000000
406.000000
264.000000
692.000000
260.000000
1331.000000
313.000000
857.000000
891.000000
1156.000000
256.000000
1044.000000
45.000000
212.000000
276.000000
376.000000
120.000000
1063.000000
469.000000
1315.000000
250.000000
2168.000000
66.000000
226.000000
150.000000
1064.000000
1537.000000
621.000000
1840.000000
301.000000
138.000000
65.000000
1447.000000
253.000000
418.000000
250.000000
887.000000
1953.000000
139.000000
235.000000
223.000000
116.000000
453.000000
630.000000
151.000000
597.000000
181.000000
485.000000
467.000000
589.000000
37.000000
504.000000
649.000000
141.000000
505.000000
349.000000
157.000000
285.000000
114.000000
67.000000
1416.000000
95.000000
448.000000
71.000000
670.000000
107.000000
60.000000
852.000000
73.000000
922.000000
232.000000
165.000000
3137.000000
537.000000
430.000000
543.000000
596.000000
136.000000
592.000000
366.000000
179.000000
1316.000000
171.000000
568.000000
478.000000
410.000000
263.000000
1494.000000
1091.000000
294.000000
198.000000
699.000000
578.000000
883.000000
1117.000000
247.000000
450.000000
42.000000
54.000000
222.000000
220.000000
233.000000
529.000000
92.000000
146.000000
709.000000
169.000000
305.000000
97.000000
1056.000000
857.000000
529.000000
2260.000000
374.000000
