54.000000
147.000000
308.000000
1046.000000
372.000000
123.000000
542.000000
117.000000
546.000000
32.000000
160.000000
1808.000000
856.000000
236.000000
204.000000
1537.000000
1783.000000
209.000000
487.000000
909.000000
3238.000000
769.000000
829.000000
99.000000
602.000000
383.000000
187.000000
346.000000
953.000000
1043.000000
60.000000
2455.000000
590.000000
281.000000
1108.000000
212.000000
98.000000
67.000000
109.000000
678.000000
805.000000
1136.000000
81.000000
408.000000
193.000000
369.000000
1557.000000
474.000000
2871.000000
350.000000
149.000000
172.000000
620.000000
853.000000
219.000000
1969.000000
377.000000
1066.000000
1545.000000
130.000000
524.000000
396.000000
546.000000
443.000000
74.000000
36.000000
135.000000
243.000000
502.000000
746.000000
220.000000
326.000000
839.000000
493.000000
1996.000000
776.000000
463.000000
106.000000
270.000000
741.000000
647.000000
109.000000
372.000000
1614.000000
55.000000
401.000000
115.000000
289.000000
1458.000000
1303.000000
115.000000
96.000000
947.000000
110.000000
561.000000
125.000000
810.000000
915.000000
413.000000
239.000000
1066.000000
61.000000
713.000000
77.000000
1246.000000
35.000000
147.000000
1568.000000
267.000000
257.000000
167.000000
258.000000
3376.000000
27.000000
160.000000
193.000000
116.000000
153.000000
1783.000000
373.000000
369.000000
1994.000000
1841.000000
137.000000
657.000000
330.000000
104.000000
171.000000
38.000000
269.000000
282.000000
678.000000
51.000000
1411.000000
600.000000
251.000000
4241.000000
37.000000
91.000000
199.000000
189.000000
849.000000
463.000000
163.000000
381.000000
293.000000
690.000000
3866.000000
191.000000
1350.000000
162.000000
612.000000
1225.000000
893.000000
2932.000000
429.000000
803.000000
280.000000
193.000000
716.000000
438.000000
267.000000
81.000000
741.000000
660.000000
62.000000
210.000000
497.000000
1130.000000
1152.000000
234.000000
234.000000
1171.000000
57.000000
242.000000
941.000000
82.000000
375.000000
226.000000
300.000000
427.000000
693.000000
1383.000000
643.000000
295.000000
245.000000
371.000000
471.000000
188.000000
33.000000
683.000000
376.000000
326.000000
3299.000000
468.000000
227.000000
1823.000000
2428.000000
497.000000
240.000000
496.000000
49.000000
353.000000
803.000000
1148.000000
885.000000
264.000000
632.000000
407.000000
214.000000
474.000000
682.000000
432.000000
482.000000
322.000000
210.000000
335.000000
189.000000
105.000000
664.000000
389.000000
406.000000
204.000000
556.000000
149.000000
341.000000
675.000000
921.000000
243.000000
212.000000
637.000000
448.000000
247.000000
2963.000000
674.000000
316.000000
225.000000
1567.000000
173.000000
1522.000000
175.000000
66.000000
200.000000
438.000000
246.000000
931.000000
3409.000000
477.000000
718.000000
172.000000
973.000000
79.000000
309.000000
41.000000
707.000000
948.000000
357.000000
786.000000
499.000000
371.000000
1017.000000
730.000000
266.000000
311.000000
1103.000000
243.000000
99.000000
275.000000
907.000000
1182.000000
260.000000
598.000000
134.000000
435.000000
200.000000
1139.000000
789.000000
333.000000
687.000000
188.000000
398.000000
639.000000
274.000000
424.000000
1081.000000
1915.000000
387.000000
177.000000
637.000000
856.000000
361.000000
692.000000
254.000000
264.000000
935.000000
1608.000000
827.000000
186.000000
248.000000
261.000000
911.000000
1597.000000
422.000000
374.000000
3277.000000
270.000000
315.000000
805.000000
205.000000
616.000000
261.000000
829.000000
115.000000
438.000000
229.000000
1262.000000
509.000000
1650.000000
2424.000000
581.000000
293.000000
109.000000
160.000000
1396.000000
1170.000000
171.000000
85.000000
405.000000
422.000000
557.000000
203.000000
1325.000000
130.000000
297.000000
2722.000000
437.000000
266.000000
133.000000
336.000000
196.000000
388.000000
273.000000
384.000000
1059.000000
501.000000
715.000000
186.000000
850.000000
646.000000
261.000000
177.000000
80.000000
257.000000
1105.000000
244.000000
268.000000
789.000000
205.000000
652.000000
1483.000000
153.000000
612.000000
851.000000
563.000000
321.000000
195.000000
1234.000000
699.000000
889.000000
1065.000000
129.000000
753.000000
612.000000
2477.000000
1119.000000
1052.000000
844.000000
144.000000
1991.000000
130.000000
519.000000
354.000000
193.000000
273.000000
355.000000
1049.000000
148.000000
1176.000000
284.000000
148.000000
1408.000000
313.000000
1395.000000
366.000000
62.000000
898.000000
463.000000
825.000000
306.000000
2064.000000
994.000000
1610.000000
706.000000
119.000000
1836.000000
16.000000
299.000000
647.000000
307.000000
1177.000000
375.000000
632.000000
38.000000
52.000000
410.000000
82.000000
1458.000000
430.000000
187.000000
113.000000
235.000000
174.000000
358.000000
301.000000
1549.000000
537.000000
465.000000
727.000000
49.000000
3961.000000
341.000000
2263.000000
1126.000000
206.000000
3406.000000
556.000000
1626.000000
774.000000
542.000000
2337.000000
727.000000
26.000000
1325.000000
486.000000
325.000000
131.000000
592.000000
105.000000
972.000000
793.000000
853.000000
221.000000
162.000000
210.000000
335.000000
133.000000
172.000000
454.000000
769.000000
284.000000
453.000000
298.000000
309.000000
430.000000
280.000000
335.000000
462.000000
501.000000
831.000000
133.000000
148.000000
551.000000
455.000000
770.000000
87.000000
2530.000000
121.000000
719.000000
490.000000
361.000000
865.000000
1479.000000
1162.000000
204.000000
1494.000000
305.000000
254.000000
689.000000
5697.000000
332.000000
454.000000
4787.000000
205.000000
731.000000
74.000000
305.000000
2993.000000
133.000000
1263.000000
90.000000
147.000000
253.000000
138.000000
98.000000
3942.000000
803.000000
476.000000
420.000000
864.000000
244.000000
1771.000000
1743.000000
663.000000
1324.000000
658.000000
611.000000
667.000000
807.000000
397.000000
1262.000000
268.000000
637.000000
341.000000
571.000000
985.000000
501.000000
9737.000000
191.000000
2184.000000
225.000000
92.000000
240.000000
487.000000
952.000000
480.000000
856.000000
672.000000
58.000000
147.000000
721.000000
66.000000
1064.000000
330.000000
99.000000
961.000000
531.000000
170.000000
226.000000
567.000000
1709.000000
116.000000
1455.000000
1088.000000
200.000000
392.000000
906.000000
240.000000
1895.000000
279.000000
536.000000
334.000000
1077.000000
1033.000000
273.000000
502.000000
114.000000
1922.000000
939.000000
754.000000
608.000000
813.000000
435.000000
318.000000
395.000000
69.000000
2185.000000
174.000000
823.000000
1929.000000
443.000000
2956.000000
79.000000
768.000000
1130.000000
213.000000
156.000000
241.000000
389.000000
110.000000
540.000000
344.000000
217.000000
97.000000
435.000000
415.000000
3435.000000
447.000000
592.000000
455.000000
797.000000
179.000000
969.000000
2150.000000
842.000000
317.000000
1127.000000
814.000000
188.000000
323.000000
420.000000
745.000000
394.000000
312.000000
219.000000
354.000000
642.000000
1031.000000
103.000000
46.000000
483.000000
405.000000
422.000000
229.000000
325.000000
1245.000000
95.000000
1224.000000
282.000000
1016.000000
138.000000
161.000000
508.000000
3593.000000
1078.000000
783.000000
44.000000
647.000000
545.000000
434.000000
137.000000
1134.000000
432.000000
96.000000
611.000000
289.000000
2928.000000
645.000000
846.000000
443.000000
320.000000
577.000000
60.000000
370.000000
1258.000000
163.000000
779.000000
729.000000
536.000000
224.000000
314.000000
560.000000
1659.000000
9028.000000
1530.000000
1374.000000
1269.000000
212.000000
243.000000
1048.000000
324.000000
271.000000
42.000000
210.000000
174.000000
1206.000000
266.000000
78.000000
222.000000
467.000000
389.000000
646.000000
493.000000
254.000000
334.000000
608.000000
228.000000
253.000000
357.000000
657.000000
555.000000
493.000000
257.000000
167.000000
745.000000
2487.000000
132.000000
660.000000
364.000000
113.000000
214.000000
220.000000
308.000000
620.000000
367.000000
939.000000
177.000000
74.000000
186.000000
327.000000
116.000000
161.000000
122.000000
116.000000
475.000000
115.000000
1980.000000
262.000000
162.000000
314.000000
206.000000
551.000000
2308.000000
913.000000
271.000000
254.000000
182.000000
590.000000
360.000000
476.000000
1975.000000
337.000000
334.000000
795.000000
469.000000
234.000000
490.000000
676.000000
1310.000000
65.000000
225.000000
573.000000
990.000000
621.000000
645.000000
798.000000
755.000000
179.000000
963.000000
671.000000
416.000000
468.000000
441.000000
795.000000
683.000000
300.000000
412.000000
160.000000
634.000000
136.000000
145.000000
343.000000
806.000000
364.000000
586.000000
453.000000
1790.000000
75.000000
1098.000000
231.000000
81.000000
198.000000
811.000000
353.000000
200.000000
512.000000
465.000000
305.000000
111.000000
754.000000
107.000000
82.000000
284.000000
75.000000
278.000000
479.000000
130.000000
384.000000
1166.000000
1695.000000
492.000000
668.000000
417.000000
93.000000
342.000000
132.000000
178.000000
450.000000
272.000000
144.000000
122.000000
1416.000000
268.000000
341.000000
1259.000000
95.000000
1589.000000
454.000000
3232.000000
238.000000
289.000000
101.000000
194.000000
162.000000
1572.000000
243.000000
1112.000000
868.000000
1073.000000
406.000000
201.000000
415.000000
698.000000
338.000000
588.000000
424.000000
414.000000
581.000000
379.000000
246.000000
2135.000000
686.000000
761.000000
270.000000
255.000000
494.000000
148.000000
2451.000000
1649.000000
270.000000
376.000000
1627.000000
1137.000000
600.000000
535.000000
46.000000
245.000000
2579.000000
141.000000
150.000000
624.000000
945.000000
28.000000
367.000000
756.000000
601.000000
518.000000
710.000000
217.000000
175.000000
615.000000
648.000000
394.000000
325.000000
741.000000
479.000000
68.000000
159.000000
462.000000
39.000000
588.000000
500.000000
333.000000
160.000000
1079.000000
11762.000000
596.000000
393.000000
1317.000000
329.000000
260.000000
2215.000000
1440.000000
108.000000
285.000000
499.000000
368.000000
2454.000000
1099.000000
1527.000000
977.000000
347.000000
301.000000
402.000000
377.000000
796.000000
122.000000
256.000000
889.000000
185.000000
513.000000
88.000000
413.000000
263.000000
159.000000
296.000000
720.000000
2928.000000
184.000000
230.000000
1247.000000
808.000000
219.000000
884.000000
89.000000
575.000000
433.000000
323.000000
369.000000
1081.000000
239.000000
745.000000
478.000000
870.000000
144.000000
187.000000
485.000000
114.000000
1173.000000
359.000000
57.000000
821.000000
881.000000
1145.000000
1270.000000
2182.000000
564.000000
500.000000
212.000000
149.000000
939.000000
79.000000
241.000000
303.000000
961.000000
62.000000
1931.000000
106.000000
1187.000000
2053.000000
902.000000
1080.000000
494.000000
156.000000
446.000000
1028.000000
743.000000
229.000000
401.000000
435.000000
668.000000
483.000000
222.000000
309.000000
766.000000
210.000000
771.000000
755.000000
127.000000
315.000000
1386.000000
872.000000
272.000000
991.000000
490.000000
365.000000
306.000000
307.000000
489.000000
984.000000
44.000000
54.000000
712.000000
805.000000
180.000000
288.000000
30.000000
526.000000
169.000000
198.000000
796.000000
220.000000
668.000000
845.000000
491.000000
1809.000000
115.000000
389.000000
299.000000
123.000000
260.000000
