254.000000
193.000000
131.000000
630.000000
283.000000
963.000000
2491.000000
435.000000
1253.000000
296.000000
489.000000
733.000000
176.000000
1210.000000
397.000000
101.000000
64.000000
513.000000
305.000000
241.000000
280.000000
1051.000000
434.000000
63.000000
696.000000
975.000000
4857.000000
249.000000
381.000000
1630.000000
201.000000
1199.000000
620.000000
112.000000
519.000000
124.000000
232.000000
727.000000
71.000000
266.000000
194.000000
206.000000
1046.000000
62.000000
270.000000
79.000000
248.000000
995.000000
181.000000
230.000000
126.000000
132.000000
499.000000
96.000000
5631.000000
1207.000000
1257.000000
1643.000000
143.000000
336.000000
98.000000
325.000000
574.000000
899.000000
778.000000
130.000000
361.000000
145.000000
732.000000
352.000000
397.000000
120.000000
191.000000
548.000000
510.000000
283.000000
214.000000
488.000000
132.000000
380.000000
237.000000
656.000000
155.000000
958.000000
1261.000000
237.000000
105.000000
225.000000
990.000000
1244.000000
1258.000000
370.000000
562.000000
329.000000
144.000000
1962.000000
758.000000
367.000000
689.000000
536.000000
721.000000
2999.000000
553.000000
815.000000
481.000000
1154.000000
609.000000
81.000000
542.000000
617.000000
1436.000000
159.000000
528.000000
872.000000
819.000000
602.000000
315.000000
95.000000
176.000000
560.000000
117.000000
802.000000
912.000000
154.000000
403.000000
257.000000
98.000000
595.000000
2716.000000
312.000000
163.000000
163.000000
3010.000000
346.000000
1430.000000
752.000000
7842.000000
172.000000
1128.000000
118.000000
402.000000
262.000000
177.000000
1901.000000
395.000000
160.000000
3861.000000
662.000000
837.000000
2483.000000
374.000000
1135.000000
225.000000
264.000000
1397.000000
44.000000
1195.000000
240.000000
58.000000
616.000000
361.000000
185.000000
290.000000
368.000000
742.000000
319.000000
952.000000
252.000000
1041.000000
172.000000
291.000000
647.000000
366.000000
90.000000
196.000000
976.000000
252.000000
1188.000000
404.000000
475.000000
1417.000000
40.000000
1962.000000
378.000000
496.000000
730.000000
217.000000
194.000000
1485.000000
146.000000
267.000000
844.000000
1023.000000
430.000000
204.000000
617.000000
122.000000
857.000000
359.000000
241.000000
532.000000
492.000000
37.000000
580.000000
177.000000
931.000000
440.000000
119.000000
86.000000
75.000000
38.000000
2436.000000
303.000000
358.000000
222.000000
1432.000000
90.000000
458.000000
229.000000
169.000000
1056.000000
206.000000
235.000000
336.000000
191.000000
4332.000000
43.000000
3081.000000
276.000000
952.000000
472.000000
265.000000
74.000000
60.000000
1072.000000
627.000000
321.000000
349.000000
1073.000000
295.000000
254.000000
1170.000000
652.000000
40.000000
162.000000
823.000000
559.000000
196.000000
81.000000
447.000000
2261.000000
783.000000
376.000000
66.000000
197.000000
34.000000
2394.000000
2193.000000
500.000000
858.000000
310.000000
303.000000
782.000000
421.000000
99.000000
1032.000000
461.000000
1656.000000
250.000000
2095.000000
280.000000
1115.000000
465.000000
650.000000
1123.000000
173.000000
132.000000
320.000000
315.000000
5124.000000
1422.000000
1199.000000
70.000000
159.000000
688.000000
70.000000
141.000000
141.000000
820.000000
131.000000
397.000000
502.000000
1231.000000
1408.000000
428.000000
131.000000
704.000000
1304.000000
750.000000
888.000000
1673.000000
1198.000000
2471.000000
212.000000
426.000000
6557.000000
362.000000
27.000000
98.000000
452.000000
499.000000
222.000000
421.000000
346.000000
320.000000
184.000000
1121.000000
96.000000
1393.000000
269.000000
987.000000
1013.000000
448.000000
481.000000
682.000000
4471.000000
398.000000
635.000000
307.000000
266.000000
1515.000000
754.000000
227.000000
368.000000
627.000000
88.000000
1293.000000
1004.000000
504.000000
796.000000
252.000000
1454.000000
831.000000
356.000000
803.000000
634.000000
345.000000
734.000000
1085.000000
5189.000000
822.000000
137.000000
238.000000
1060.000000
842.000000
794.000000
347.000000
475.000000
958.000000
340.000000
3160.000000
868.000000
538.000000
2943.000000
1963.000000
109.000000
143.000000
226.000000
355.000000
263.000000
119.000000
444.000000
327.000000
245.000000
181.000000
175.000000
707.000000
606.000000
674.000000
113.000000
259.000000
32.000000
1078.000000
1234.000000
774.000000
405.000000
394.000000
306.000000
735.000000
756.000000
26.000000
289.000000
986.000000
1535.000000
277.000000
112.000000
405.000000
270.000000
409.000000
1309.000000
679.000000
259.000000
351.000000
622.000000
99.000000
975.000000
226.000000
887.000000
228.000000
283.000000
412.000000
1068.000000
59.000000
580.000000
1892.000000
1177.000000
186.000000
1239.000000
478.000000
344.000000
297.000000
682.000000
170.000000
69.000000
100.000000
322.000000
217.000000
420.000000
192.000000
263.000000
699.000000
619.000000
80.000000
249.000000
1633.000000
943.000000
253.000000
2300.000000
823.000000
365.000000
507.000000
153.000000
124.000000
738.000000
841.000000
283.000000
935.000000
206.000000
1427.000000
237.000000
635.000000
315.000000
780.000000
345.000000
652.000000
170.000000
443.000000
473.000000
414.000000
144.000000
165.000000
141.000000
1113.000000
172.000000
1552.000000
1013.000000
500.000000
377.000000
1403.000000
344.000000
2102.000000
804.000000
322.000000
66.000000
724.000000
145.000000
833.000000
182.000000
378.000000
1652.000000
1253.000000
277.000000
104.000000
272.000000
334.000000
831.000000
328.000000
220.000000
281.000000
358.000000
468.000000
124.000000
362.000000
1694.000000
291.000000
467.000000
153.000000
175.000000
343.000000
2767.000000
932.000000
463.000000
286.000000
209.000000
213.000000
85.000000
892.000000
421.000000
824.000000
264.000000
767.000000
83.000000
721.000000
621.000000
50.000000
556.000000
317.000000
204.000000
644.000000
329.000000
542.000000
343.000000
359.000000
716.000000
276.000000
847.000000
110.000000
1635.000000
318.000000
1148.000000
541.000000
4635.000000
231.000000
454.000000
120.000000
540.000000
136.000000
338.000000
222.000000
414.000000
233.000000
315.000000
505.000000
424.000000
27.000000
2272.000000
196.000000
221.000000
365.000000
966.000000
716.000000
224.000000
1625.000000
198.000000
159.000000
43.000000
105.000000
183.000000
279.000000
2098.000000
773.000000
884.000000
1242.000000
1437.000000
288.000000
201.000000
626.000000
1132.000000
158.000000
261.000000
235.000000
4662.000000
906.000000
389.000000
346.000000
2005.000000
393.000000
95.000000
958.000000
237.000000
201.000000
756.000000
448.000000
410.000000
244.000000
139.000000
1095.000000
1364.000000
229.000000
94.000000
461.000000
142.000000
1441.000000
847.000000
582.000000
491.000000
366.000000
91.000000
95.000000
361.000000
489.000000
110.000000
1080.000000
953.000000
877.000000
696.000000
242.000000
700.000000
250.000000
368.000000
1364.000000
91.000000
350.000000
203.000000
553.000000
45.000000
489.000000
2272.000000
428.000000
168.000000
704.000000
190.000000
133.000000
52.000000
682.000000
588.000000
247.000000
869.000000
465.000000
72.000000
209.000000
89.000000
713.000000
3075.000000
123.000000
907.000000
360.000000
199.000000
133.000000
436.000000
76.000000
270.000000
278.000000
127.000000
1684.000000
119.000000
182.000000
299.000000
295.000000
766.000000
1823.000000
845.000000
700.000000
366.000000
708.000000
735.000000
304.000000
1334.000000
472.000000
3881.000000
218.000000
257.000000
481.000000
129.000000
1592.000000
681.000000
839.000000
98.000000
55.000000
919.000000
1330.000000
1408.000000
276.000000
1149.000000
297.000000
372.000000
133.000000
790.000000
407.000000
83.000000
275.000000
729.000000
310.000000
1358.000000
555.000000
886.000000
903.000000
772.000000
585.000000
834.000000
371.000000
461.000000
440.000000
79.000000
305.000000
131.000000
701.000000
884.000000
1195.000000
1514.000000
610.000000
301.000000
205.000000
178.000000
619.000000
528.000000
129.000000
607.000000
112.000000
615.000000
1257.000000
365.000000
1151.000000
249.000000
106.000000
217.000000
475.000000
70.000000
2548.000000
150.000000
1120.000000
47.000000
234.000000
53.000000
466.000000
314.000000
969.000000
210.000000
151.000000
89.000000
113.000000
174.000000
216.000000
388.000000
647.000000
983.000000
512.000000
89.000000
81.000000
126.000000
335.000000
160.000000
657.000000
137.000000
2324.000000
145.000000
1331.000000
438.000000
57.000000
121.000000
542.000000
258.000000
220.000000
143.000000
622.000000
484.000000
81.000000
787.000000
249.000000
277.000000
275.000000
452.000000
191.000000
1705.000000
576.000000
639.000000
1228.000000
85.000000
1160.000000
1145.000000
56.000000
626.000000
165.000000
63.000000
434.000000
1873.000000
1575.000000
80.000000
226.000000
1673.000000
177.000000
642.000000
231.000000
422.000000
752.000000
98.000000
874.000000
1261.000000
825.000000
1691.000000
314.000000
898.000000
79.000000
124.000000
145.000000
915.000000
1191.000000
850.000000
2926.000000
245.000000
173.000000
556.000000
391.000000
595.000000
736.000000
38.000000
219.000000
443.000000
591.000000
554.000000
972.000000
640.000000
293.000000
368.000000
179.000000
677.000000
2233.000000
1102.000000
2641.000000
22.000000
1304.000000
554.000000
209.000000
659.000000
22.000000
960.000000
421.000000
423.000000
258.000000
237.000000
175.000000
65.000000
616.000000
1259.000000
1616.000000
212.000000
473.000000
103.000000
273.000000
920.000000
206.000000
74.000000
465.000000
2768.000000
1800.000000
652.000000
729.000000
119.000000
318.000000
428.000000
1009.000000
889.000000
689.000000
1295.000000
223.000000
197.000000
3728.000000
682.000000
337.000000
319.000000
516.000000
974.000000
263.000000
2095.000000
604.000000
347.000000
305.000000
2282.000000
1136.000000
749.000000
201.000000
585.000000
913.000000
1156.000000
806.000000
1153.000000
321.000000
53.000000
77.000000
242.000000
608.000000
378.000000
319.000000
952.000000
618.000000
370.000000
325.000000
326.000000
301.000000
236.000000
582.000000
1236.000000
744.000000
542.000000
30.000000
764.000000
96.000000
147.000000
65.000000
263.000000
572.000000
53.000000
1351.000000
363.000000
743.000000
404.000000
2636.000000
261.000000
212.000000
2743.000000
248.000000
978.000000
2516.000000
234.000000
307.000000
195.000000
745.000000
499.000000
135.000000
749.000000
242.000000
737.000000
942.000000
188.000000
250.000000
486.000000
1846.000000
655.000000
397.000000
531.000000
89.000000
2276.000000
627.000000
1111.000000
66.000000
74.000000
1204.000000
73.000000
394.000000
1216.000000
1232.000000
454.000000
256.000000
290.000000
396.000000
250.000000
849.000000
300.000000
738.000000
112.000000
2665.000000
361.000000
1242.000000
178.000000
119.000000
2637.000000
381.000000
138.000000
1086.000000
608.000000
176.000000
564.000000
108.000000
485.000000
187.000000
863.000000
209.000000
376.000000
429.000000
570.000000
485.000000
756.000000
753.000000
93.000000
837.000000
601.000000
1077.000000
291.000000
498.000000
254.000000
91.000000
356.000000
464.000000
1678.000000
586.000000
151.000000
2274.000000
411.000000
160.000000
842.000000
1122.000000
868.000000
465.000000
893.000000
278.000000
141.000000
144.000000
255.000000
270.000000
70.000000
