53.000000
95.000000
177.000000
151.000000
113.000000
137.000000
2327.000000
592.000000
358.000000
1050.000000
492.000000
253.000000
360.000000
91.000000
208.000000
472.000000
1428.000000
381.000000
163.000000
1083.000000
762.000000
216.000000
1640.000000
734.000000
1829.000000
355.000000
616.000000
261.000000
1816.000000
2202.000000
3466.000000
385.000000
1301.000000
62.000000
146.000000
359.000000
362.000000
1113.000000
733.000000
85.000000
460.000000
590.000000
998.000000
864.000000
652.000000
305.000000
743.000000
1202.000000
271.000000
110.000000
372.000000
248.000000
747.000000
569.000000
1307.000000
138.000000
255.000000
816.000000
312.000000
207.000000
288.000000
360.000000
449.000000
141.000000
466.000000
720.000000
591.000000
159.000000
130.000000
2153.000000
1403.000000
163.000000
1986.000000
188.000000
246.000000
717.000000
537.000000
192.000000
283.000000
148.000000
212.000000
464.000000
547.000000
254.000000
68.000000
424.000000
453.000000
813.000000
2192.000000
406.000000
516.000000
174.000000
569.000000
118.000000
187.000000
747.000000
108.000000
707.000000
340.000000
357.000000
82.000000
993.000000
224.000000
553.000000
140.000000
570.000000
108.000000
997.000000
217.000000
234.000000
18.000000
405.000000
263.000000
403.000000
264.000000
981.000000
499.000000
248.000000
527.000000
220.000000
299.000000
305.000000
5118.000000
421.000000
282.000000
313.000000
285.000000
293.000000
138.000000
963.000000
287.000000
1271.000000
87.000000
183.000000
2460.000000
538.000000
288.000000
77.000000
330.000000
486.000000
273.000000
1513.000000
740.000000
112.000000
591.000000
343.000000
721.000000
154.000000
330.000000
1143.000000
515.000000
314.000000
410.000000
102.000000
140.000000
115.000000
252.000000
123.000000
1443.000000
392.000000
540.000000
337.000000
1650.000000
328.000000
5286.000000
175.000000
213.000000
1440.000000
422.000000
193.000000
300.000000
77.000000
2636.000000
180.000000
1558.000000
611.000000
702.000000
150.000000
1191.000000
1112.000000
108.000000
694.000000
476.000000
273.000000
4433.000000
109.000000
284.000000
706.000000
643.000000
396.000000
807.000000
760.000000
907.000000
721.000000
394.000000
281.000000
203.000000
107.000000
446.000000
425.000000
2038.000000
599.000000
145.000000
172.000000
4408.000000
271.000000
2619.000000
84.000000
139.000000
693.000000
701.000000
492.000000
682.000000
341.000000
305.000000
218.000000
806.000000
103.000000
630.000000
315.000000
1179.000000
1236.000000
216.000000
499.000000
1035.000000
100.000000
689.000000
1091.000000
3870.000000
1002.000000
3471.000000
161.000000
184.000000
1782.000000
191.000000
138.000000
500.000000
240.000000
352.000000
315.000000
319.000000
3260.000000
118.000000
1298.000000
148.000000
333.000000
607.000000
3206.000000
694.000000
158.000000
278.000000
309.000000
358.000000
414.000000
4147.000000
1114.000000
125.000000
354.000000
1444.000000
234.000000
1689.000000
50.000000
3093.000000
597.000000
147.000000
675.000000
263.000000
45.000000
389.000000
209.000000
238.000000
832.000000
485.000000
1718.000000
707.000000
180.000000
1625.000000
115.000000
1969.000000
1198.000000
179.000000
170.000000
666.000000
363.000000
446.000000
328.000000
286.000000
258.000000
632.000000
3211.000000
362.000000
3202.000000
205.000000
55.000000
123.000000
2254.000000
111.000000
601.000000
1377.000000
141.000000
253.000000
436.000000
7979.000000
637.000000
857.000000
715.000000
922.000000
204.000000
679.000000
201.000000
559.000000
352.000000
1025.000000
899.000000
77.000000
194.000000
218.000000
240.000000
824.000000
1319.000000
270.000000
507.000000
313.000000
1231.000000
784.000000
285.000000
294.000000
590.000000
1080.000000
402.000000
405.000000
86.000000
1026.000000
501.000000
319.000000
436.000000
603.000000
978.000000
725.000000
476.000000
812.000000
915.000000
159.000000
251.000000
130.000000
267.000000
837.000000
337.000000
630.000000
254.000000
508.000000
372.000000
759.000000
458.000000
171.000000
1558.000000
59.000000
26.000000
164.000000
1178.000000
546.000000
1016.000000
134.000000
362.000000
319.000000
79.000000
897.000000
170.000000
59.000000
158.000000
935.000000
443.000000
406.000000
393.000000
160.000000
190.000000
1276.000000
213.000000
357.000000
101.000000
1421.000000
322.000000
754.000000
343.000000
1061.000000
3522.000000
194.000000
224.000000
84.000000
854.000000
213.000000
349.000000
109.000000
149.000000
265.000000
365.000000
337.000000
673.000000
109.000000
6387.000000
212.000000
61.000000
79.000000
584.000000
823.000000
126.000000
2439.000000
211.000000
378.000000
649.000000
449.000000
5954.000000
221.000000
795.000000
449.000000
213.000000
599.000000
358.000000
138.000000
77.000000
100.000000
981.000000
60.000000
378.000000
261.000000
483.000000
2233.000000
304.000000
630.000000
799.000000
1017.000000
266.000000
232.000000
326.000000
257.000000
666.000000
120.000000
180.000000
198.000000
1874.000000
323.000000
196.000000
1130.000000
975.000000
162.000000
1023.000000
359.000000
1824.000000
2660.000000
167.000000
1098.000000
520.000000
516.000000
1511.000000
459.000000
3130.000000
824.000000
167.000000
102.000000
1399.000000
944.000000
136.000000
271.000000
355.000000
99.000000
114.000000
1126.000000
2213.000000
222.000000
350.000000
197.000000
252.000000
1016.000000
663.000000
332.000000
540.000000
400.000000
245.000000
423.000000
641.000000
374.000000
184.000000
125.000000
175.000000
374.000000
690.000000
238.000000
703.000000
828.000000
28.000000
854.000000
141.000000
899.000000
919.000000
877.000000
155.000000
1136.000000
1294.000000
832.000000
379.000000
1280.000000
569.000000
319.000000
748.000000
530.000000
870.000000
539.000000
413.000000
655.000000
92.000000
551.000000
151.000000
277.000000
840.000000
240.000000
315.000000
659.000000
445.000000
53.000000
2051.000000
449.000000
211.000000
145.000000
294.000000
513.000000
1651.000000
1946.000000
394.000000
3662.000000
131.000000
727.000000
179.000000
234.000000
264.000000
475.000000
193.000000
147.000000
1403.000000
222.000000
383.000000
405.000000
53.000000
41.000000
68.000000
224.000000
64.000000
607.000000
358.000000
1596.000000
530.000000
2098.000000
404.000000
238.000000
459.000000
466.000000
107.000000
593.000000
1097.000000
189.000000
786.000000
1023.000000
1143.000000
952.000000
139.000000
119.000000
370.000000
814.000000
963.000000
508.000000
2519.000000
147.000000
933.000000
184.000000
260.000000
376.000000
630.000000
118.000000
2208.000000
350.000000
441.000000
57.000000
1307.000000
829.000000
215.000000
259.000000
176.000000
667.000000
702.000000
155.000000
125.000000
272.000000
320.000000
1739.000000
1357.000000
71.000000
215.000000
169.000000
156.000000
3184.000000
406.000000
1362.000000
601.000000
465.000000
233.000000
109.000000
311.000000
1249.000000
1900.000000
516.000000
792.000000
708.000000
608.000000
935.000000
1098.000000
566.000000
1448.000000
152.000000
215.000000
478.000000
109.000000
871.000000
147.000000
146.000000
329.000000
394.000000
192.000000
2284.000000
790.000000
1058.000000
681.000000
572.000000
157.000000
188.000000
214.000000
956.000000
956.000000
385.000000
2239.000000
406.000000
700.000000
1379.000000
1452.000000
334.000000
325.000000
426.000000
209.000000
2334.000000
136.000000
457.000000
1126.000000
662.000000
676.000000
77.000000
935.000000
158.000000
92.000000
823.000000
496.000000
138.000000
332.000000
786.000000
497.000000
488.000000
199.000000
835.000000
370.000000
1062.000000
516.000000
376.000000
1109.000000
357.000000
353.000000
1157.000000
730.000000
672.000000
817.000000
832.000000
159.000000
403.000000
751.000000
229.000000
364.000000
440.000000
915.000000
323.000000
201.000000
77.000000
983.000000
116.000000
462.000000
139.000000
83.000000
1173.000000
112.000000
174.000000
1547.000000
99.000000
157.000000
120.000000
92.000000
642.000000
971.000000
3019.000000
112.000000
233.000000
625.000000
515.000000
196.000000
1874.000000
1704.000000
905.000000
700.000000
295.000000
200.000000
136.000000
407.000000
139.000000
176.000000
1108.000000
430.000000
1350.000000
448.000000
2400.000000
406.000000
228.000000
307.000000
396.000000
794.000000
836.000000
424.000000
160.000000
82.000000
539.000000
132.000000
149.000000
272.000000
377.000000
148.000000
181.000000
64.000000
931.000000
43.000000
102.000000
2692.000000
336.000000
214.000000
234.000000
653.000000
512.000000
232.000000
133.000000
337.000000
639.000000
1087.000000
1461.000000
432.000000
229.000000
600.000000
164.000000
468.000000
266.000000
221.000000
729.000000
2346.000000
295.000000
227.000000
626.000000
844.000000
1166.000000
312.000000
1230.000000
700.000000
1478.000000
324.000000
369.000000
1200.000000
856.000000
647.000000
138.000000
622.000000
1886.000000
26.000000
73.000000
868.000000
1618.000000
185.000000
136.000000
622.000000
568.000000
838.000000
197.000000
130.000000
254.000000
109.000000
622.000000
243.000000
1151.000000
108.000000
907.000000
1014.000000
218.000000
273.000000
346.000000
548.000000
213.000000
2195.000000
524.000000
37.000000
148.000000
1283.000000
629.000000
1683.000000
2261.000000
426.000000
1303.000000
482.000000
282.000000
373.000000
1229.000000
103.000000
1089.000000
54.000000
343.000000
313.000000
68.000000
1076.000000
327.000000
436.000000
906.000000
920.000000
522.000000
64.000000
330.000000
2272.000000
373.000000
363.000000
103.000000
1717.000000
813.000000
392.000000
1316.000000
357.000000
1236.000000
238.000000
272.000000
514.000000
1375.000000
102.000000
1703.000000
124.000000
538.000000
148.000000
648.000000
544.000000
354.000000
998.000000
586.000000
435.000000
241.000000
1051.000000
105.000000
4950.000000
143.000000
608.000000
2801.000000
346.000000
3496.000000
220.000000
795.000000
306.000000
84.000000
191.000000
192.000000
290.000000
373.000000
352.000000
234.000000
899.000000
372.000000
259.000000
690.000000
753.000000
383.000000
146.000000
819.000000
345.000000
287.000000
486.000000
88.000000
95.000000
71.000000
195.000000
835.000000
101.000000
403.000000
354.000000
189.000000
171.000000
216.000000
2131.000000
853.000000
716.000000
520.000000
483.000000
341.000000
97.000000
2240.000000
1584.000000
690.000000
99.000000
376.000000
77.000000
285.000000
160.000000
159.000000
957.000000
1432.000000
446.000000
316.000000
342.000000
244.000000
1900.000000
203.000000
444.000000
205.000000
300.000000
577.000000
665.000000
128.000000
1130.000000
595.000000
281.000000
234.000000
785.000000
446.000000
573.000000
234.000000
271.000000
729.000000
330.000000
262.000000
1742.000000
797.000000
302.000000
185.000000
1386.000000
1058.000000
910.000000
853.000000
156.000000
143.000000
250.000000
949.000000
60.000000
290.000000
246.000000
452.000000
236.000000
458.000000
785.000000
1433.000000
106.000000
661.000000
3326.000000
1241.000000
103.000000
150.000000
2003.000000
127.000000
334.000000
496.000000
360.000000
259.000000
6254.000000
326.000000
982.000000
1005.000000
1257.000000
311.000000
1612.000000
264.000000
6185.000000
598.000000
315.000000
92.000000
636.000000
167.000000
350.000000
166.000000
225.000000
167.000000
524.000000
99.000000
280.000000
498.000000
460.000000
431.000000
417.000000
1049.000000
386.000000
