1888.000000
183.000000
204.000000
278.000000
157.000000
871.000000
454.000000
1364.000000
223.000000
291.000000
409.000000
684.000000
1587.000000
1602.000000
1168.000000
382.000000
5295.000000
302.000000
1110.000000
455.000000
350.000000
844.000000
50.000000
1148.000000
266.000000
55.000000
685.000000
801.000000
1388.000000
979.000000
830.000000
990.000000
304.000000
229.000000
1284.000000
129.000000
97.000000
731.000000
498.000000
173.000000
187.000000
1246.000000
122.000000
990.000000
1022.000000
377.000000
333.000000
198.000000
551.000000
68.000000
331.000000
558.000000
93.000000
707.000000
156.000000
1903.000000
143.000000
129.000000
340.000000
1642.000000
728.000000
582.000000
302.000000
245.000000
301.000000
1542.000000
468.000000
227.000000
1691.000000
604.000000
293.000000
375.000000
43.000000
206.000000
1144.000000
982.000000
514.000000
596.000000
2679.000000
1541.000000
210.000000
73.000000
323.000000
3987.000000
2237.000000
2114.000000
746.000000
56.000000
1024.000000
297.000000
80.000000
60.000000
3072.000000
858.000000
184.000000
223.000000
321.000000
179.000000
112.000000
714.000000
935.000000
434.000000
547.000000
370.000000
3223.000000
233.000000
67.000000
1929.000000
345.000000
864.000000
86.000000
345.000000
115.000000
570.000000
260.000000
115.000000
231.000000
67.000000
234.000000
168.000000
216.000000
363.000000
118.000000
3680.000000
473.000000
165.000000
361.000000
419.000000
580.000000
289.000000
2779.000000
192.000000
534.000000
481.000000
470.000000
306.000000
4151.000000
769.000000
1593.000000
1428.000000
576.000000
141.000000
715.000000
1423.000000
103.000000
154.000000
1377.000000
4431.000000
164.000000
504.000000
910.000000
828.000000
233.000000
110.000000
214.000000
1398.000000
920.000000
1613.000000
318.000000
66.000000
235.000000
334.000000
779.000000
876.000000
327.000000
164.000000
167.000000
2151.000000
509.000000
405.000000
234.000000
88.000000
963.000000
131.000000
1266.000000
418.000000
307.000000
173.000000
1392.000000
257.000000
1732.000000
277.000000
201.000000
785.000000
101.000000
671.000000
170.000000
188.000000
381.000000
387.000000
630.000000
176.000000
50.000000
1210.000000
1564.000000
761.000000
312.000000
521.000000
479.000000
1781.000000
454.000000
1996.000000
289.000000
290.000000
850.000000
395.000000
623.000000
346.000000
143.000000
166.000000
229.000000
464.000000
116.000000
208.000000
97.000000
155.000000
269.000000
161.000000
463.000000
121.000000
209.000000
460.000000
2595.000000
340.000000
308.000000
229.000000
414.000000
175.000000
1201.000000
121.000000
1116.000000
608.000000
2858.000000
208.000000
552.000000
2164.000000
394.000000
1122.000000
655.000000
366.000000
493.000000
45.000000
918.000000
807.000000
414.000000
395.000000
288.000000
207.000000
273.000000
166.000000
1403.000000
235.000000
223.000000
1788.000000
320.000000
1122.000000
741.000000
123.000000
289.000000
10.000000
174.000000
64.000000
340.000000
693.000000
193.000000
445.000000
376.000000
357.000000
35.000000
33.000000
289.000000
2323.000000
1926.000000
1118.000000
433.000000
225.000000
178.000000
63.000000
1330.000000
1389.000000
204.000000
718.000000
432.000000
179.000000
146.000000
157.000000
721.000000
302.000000
154.000000
318.000000
35.000000
821.000000
392.000000
2521.000000
297.000000
694.000000
206.000000
1414.000000
258.000000
250.000000
343.000000
146.000000
492.000000
893.000000
137.000000
204.000000
179.000000
1232.000000
448.000000
112.000000
164.000000
79.000000
335.000000
330.000000
37.000000
633.000000
174.000000
2986.000000
303.000000
167.000000
90.000000
172.000000
364.000000
396.000000
2310.000000
383.000000
51.000000
396.000000
1467.000000
114.000000
1316.000000
38.000000
1904.000000
699.000000
482.000000
520.000000
460.000000
321.000000
327.000000
300.000000
314.000000
35.000000
457.000000
175.000000
523.000000
131.000000
184.000000
154.000000
555.000000
1885.000000
539.000000
899.000000
604.000000
730.000000
535.000000
468.000000
374.000000
563.000000
74.000000
621.000000
493.000000
236.000000
202.000000
1289.000000
446.000000
274.000000
405.000000
424.000000
146.000000
362.000000
558.000000
448.000000
776.000000
115.000000
225.000000
443.000000
597.000000
1602.000000
279.000000
483.000000
784.000000
310.000000
259.000000
312.000000
446.000000
159.000000
540.000000
1413.000000
3009.000000
145.000000
972.000000
612.000000
100.000000
944.000000
369.000000
171.000000
136.000000
745.000000
213.000000
83.000000
344.000000
1177.000000
1390.000000
129.000000
164.000000
677.000000
765.000000
2282.000000
477.000000
1940.000000
520.000000
670.000000
334.000000
447.000000
792.000000
449.000000
345.000000
261.000000
422.000000
361.000000
161.000000
1374.000000
813.000000
458.000000
34.000000
322.000000
130.000000
182.000000
83.000000
142.000000
725.000000
84.000000
406.000000
314.000000
1355.000000
213.000000
198.000000
501.000000
1013.000000
705.000000
125.000000
340.000000
279.000000
376.000000
319.000000
216.000000
706.000000
216.000000
155.000000
225.000000
825.000000
34.000000
941.000000
217.000000
171.000000
1775.000000
670.000000
361.000000
284.000000
706.000000
393.000000
2105.000000
254.000000
626.000000
237.000000
1809.000000
364.000000
198.000000
488.000000
343.000000
300.000000
470.000000
195.000000
385.000000
314.000000
1354.000000
708.000000
135.000000
896.000000
462.000000
227.000000
185.000000
855.000000
2612.000000
1381.000000
410.000000
78.000000
527.000000
154.000000
726.000000
139.000000
241.000000
510.000000
636.000000
233.000000
309.000000
1507.000000
148.000000
215.000000
944.000000
457.000000
47.000000
310.000000
1134.000000
353.000000
199.000000
2133.000000
206.000000
643.000000
233.000000
978.000000
2727.000000
1087.000000
439.000000
209.000000
342.000000
60.000000
908.000000
210.000000
258.000000
487.000000
2607.000000
255.000000
519.000000
148.000000
1836.000000
1649.000000
100.000000
557.000000
518.000000
316.000000
1133.000000
4077.000000
1819.000000
294.000000
67.000000
472.000000
713.000000
736.000000
696.000000
1307.000000
1047.000000
4738.000000
90.000000
182.000000
886.000000
787.000000
168.000000
117.000000
367.000000
467.000000
196.000000
687.000000
112.000000
337.000000
206.000000
584.000000
707.000000
989.000000
562.000000
327.000000
1979.000000
1445.000000
543.000000
68.000000
1742.000000
894.000000
194.000000
674.000000
195.000000
239.000000
378.000000
3617.000000
1589.000000
871.000000
1840.000000
465.000000
243.000000
1598.000000
152.000000
70.000000
46.000000
92.000000
1111.000000
166.000000
422.000000
77.000000
227.000000
648.000000
255.000000
191.000000
436.000000
87.000000
257.000000
720.000000
392.000000
233.000000
120.000000
1699.000000
174.000000
502.000000
1034.000000
204.000000
142.000000
2035.000000
520.000000
198.000000
37.000000
553.000000
274.000000
402.000000
215.000000
696.000000
551.000000
497.000000
143.000000
300.000000
303.000000
442.000000
370.000000
1573.000000
743.000000
323.000000
578.000000
5728.000000
208.000000
100.000000
2139.000000
359.000000
2356.000000
176.000000
1920.000000
1126.000000
176.000000
561.000000
234.000000
429.000000
729.000000
268.000000
427.000000
1067.000000
599.000000
139.000000
321.000000
461.000000
322.000000
343.000000
326.000000
128.000000
49.000000
129.000000
2049.000000
102.000000
123.000000
2076.000000
582.000000
85.000000
133.000000
89.000000
1253.000000
436.000000
181.000000
210.000000
74.000000
156.000000
1068.000000
327.000000
927.000000
142.000000
839.000000
351.000000
1756.000000
635.000000
252.000000
360.000000
170.000000
436.000000
599.000000
485.000000
219.000000
63.000000
869.000000
358.000000
1203.000000
1316.000000
1584.000000
434.000000
995.000000
2566.000000
494.000000
94.000000
1738.000000
174.000000
227.000000
283.000000
90.000000
134.000000
1625.000000
1029.000000
638.000000
1442.000000
717.000000
910.000000
150.000000
85.000000
445.000000
891.000000
104.000000
485.000000
768.000000
230.000000
68.000000
85.000000
336.000000
1782.000000
331.000000
170.000000
341.000000
109.000000
1269.000000
438.000000
345.000000
254.000000
2281.000000
201.000000
536.000000
84.000000
334.000000
1029.000000
211.000000
766.000000
541.000000
356.000000
147.000000
1445.000000
381.000000
508.000000
299.000000
477.000000
1921.000000
342.000000
368.000000
1129.000000
174.000000
1236.000000
211.000000
954.000000
317.000000
259.000000
1730.000000
1358.000000
645.000000
1496.000000
777.000000
1550.000000
446.000000
267.000000
1010.000000
317.000000
403.000000
154.000000
217.000000
479.000000
614.000000
880.000000
729.000000
74.000000
70.000000
359.000000
1233.000000
725.000000
467.000000
1346.000000
417.000000
822.000000
331.000000
394.000000
494.000000
3644.000000
164.000000
725.000000
506.000000
1391.000000
329.000000
393.000000
84.000000
922.000000
133.000000
416.000000
115.000000
168.000000
169.000000
520.000000
197.000000
1207.000000
652.000000
614.000000
657.000000
77.000000
1029.000000
471.000000
564.000000
337.000000
473.000000
116.000000
7589.000000
529.000000
90.000000
687.000000
1720.000000
139.000000
1263.000000
385.000000
1826.000000
976.000000
3896.000000
30.000000
256.000000
96.000000
263.000000
197.000000
1184.000000
1331.000000
55.000000
149.000000
684.000000
571.000000
43.000000
461.000000
1649.000000
539.000000
804.000000
369.000000
787.000000
148.000000
158.000000
407.000000
580.000000
901.000000
222.000000
127.000000
609.000000
241.000000
1037.000000
817.000000
74.000000
860.000000
4751.000000
125.000000
200.000000
440.000000
112.000000
343.000000
120.000000
1371.000000
388.000000
333.000000
509.000000
162.000000
44.000000
433.000000
471.000000
235.000000
297.000000
456.000000
44.000000
95.000000
524.000000
529.000000
1875.000000
559.000000
1956.000000
477.000000
258.000000
977.000000
61.000000
2044.000000
546.000000
494.000000
525.000000
695.000000
159.000000
409.000000
531.000000
166.000000
186.000000
124.000000
573.000000
803.000000
1698.000000
179.000000
1502.000000
734.000000
206.000000
1002.000000
149.000000
220.000000
440.000000
339.000000
28.000000
113.000000
35.000000
189.000000
1303.000000
80.000000
130.000000
157.000000
1507.000000
61.000000
306.000000
136.000000
1705.000000
150.000000
298.000000
23.000000
729.000000
539.000000
904.000000
193.000000
2059.000000
234.000000
1913.000000
341.000000
824.000000
187.000000
561.000000
87.000000
1661.000000
670.000000
524.000000
235.000000
423.000000
278.000000
3978.000000
588.000000
45.000000
147.000000
413.000000
1217.000000
236.000000
283.000000
211.000000
501.000000
619.000000
441.000000
171.000000
783.000000
328.000000
530.000000
562.000000
286.000000
1220.000000
408.000000
1026.000000
188.000000
2952.000000
201.000000
35.000000
1831.000000
781.000000
1646.000000
325.000000
1321.000000
607.000000
348.000000
416.000000
1525.000000
1284.000000
439.000000
399.000000
167.000000
2910.000000
927.000000
165.000000
87.000000
638.000000
111.000000
827.000000
2170.000000
855.000000
181.000000
1353.000000
1056.000000
2040.000000
1184.000000
499.000000
253.000000
537.000000
846.000000
2115.000000
441.000000
161.000000
803.000000
942.000000
471.000000
933.000000
119.000000
74.000000
247.000000
377.000000
