198.000000
376.000000
104.000000
600.000000
375.000000
295.000000
2225.000000
2684.000000
99.000000
193.000000
205.000000
93.000000
747.000000
548.000000
62.000000
1239.000000
362.000000
292.000000
495.000000
264.000000
2018.000000
114.000000
326.000000
289.000000
625.000000
482.000000
231.000000
2190.000000
154.000000
359.000000
1216.000000
299.000000
96.000000
100.000000
125.000000
898.000000
130.000000
393.000000
89.000000
136.000000
1437.000000
1300.000000
373.000000
232.000000
1004.000000
1374.000000
905.000000
5025.000000
2338.000000
597.000000
158.000000
292.000000
532.000000
686.000000
2363.000000
197.000000
250.000000
93.000000
274.000000
560.000000
1163.000000
403.000000
194.000000
550.000000
238.000000
447.000000
417.000000
142.000000
380.000000
1424.000000
888.000000
981.000000
262.000000
270.000000
249.000000
206.000000
65.000000
1229.000000
190.000000
145.000000
413.000000
306.000000
147.000000
2426.000000
213.000000
319.000000
842.000000
252.000000
678.000000
1282.000000
737.000000
262.000000
157.000000
848.000000
141.000000
217.000000
281.000000
269.000000
91.000000
849.000000
902.000000
571.000000
108.000000
1752.000000
1336.000000
896.000000
1398.000000
117.000000
704.000000
598.000000
138.000000
694.000000
1243.000000
721.000000
372.000000
522.000000
855.000000
148.000000
1289.000000
5805.000000
316.000000
195.000000
507.000000
312.000000
617.000000
2477.000000
95.000000
291.000000
1046.000000
333.000000
649.000000
453.000000
217.000000
170.000000
2085.000000
448.000000
120.000000
776.000000
216.000000
3087.000000
41.000000
390.000000
136.000000
117.000000
371.000000
174.000000
896.000000
329.000000
128.000000
292.000000
418.000000
86.000000
428.000000
215.000000
552.000000
445.000000
526.000000
66.000000
1704.000000
98.000000
192.000000
119.000000
331.000000
147.000000
585.000000
1391.000000
957.000000
63.000000
585.000000
768.000000
234.000000
117.000000
711.000000
176.000000
216.000000
650.000000
158.000000
481.000000
1237.000000
492.000000
325.000000
64.000000
63.000000
336.000000
403.000000
437.000000
200.000000
70.000000
940.000000
371.000000
201.000000
268.000000
445.000000
500.000000
1401.000000
495.000000
171.000000
76.000000
274.000000
150.000000
359.000000
143.000000
2605.000000
326.000000
634.000000
165.000000
175.000000
714.000000
537.000000
163.000000
936.000000
52.000000
772.000000
691.000000
821.000000
355.000000
472.000000
740.000000
137.000000
62.000000
347.000000
339.000000
159.000000
159.000000
156.000000
324.000000
186.000000
758.000000
760.000000
196.000000
1109.000000
1039.000000
108.000000
341.000000
247.000000
316.000000
4094.000000
740.000000
140.000000
959.000000
512.000000
647.000000
1224.000000
91.000000
442.000000
267.000000
150.000000
399.000000
475.000000
570.000000
304.000000
356.000000
594.000000
301.000000
114.000000
2066.000000
314.000000
439.000000
508.000000
87.000000
471.000000
165.000000
310.000000
1030.000000
675.000000
1076.000000
253.000000
898.000000
478.000000
219.000000
178.000000
1331.000000
734.000000
120.000000
92.000000
660.000000
1403.000000
279.000000
194.000000
28.000000
1940.000000
959.000000
465.000000
1250.000000
157.000000
259.000000
117.000000
321.000000
256.000000
709.000000
1035.000000
628.000000
543.000000
1626.000000
139.000000
134.000000
146.000000
410.000000
608.000000
609.000000
24.000000
1105.000000
616.000000
147.000000
481.000000
222.000000
94.000000
291.000000
233.000000
295.000000
581.000000
170.000000
876.000000
780.000000
115.000000
391.000000
200.000000
119.000000
454.000000
1042.000000
372.000000
23.000000
211.000000
1097.000000
1822.000000
280.000000
1004.000000
964.000000
427.000000
267.000000
657.000000
1577.000000
2520.000000
235.000000
366.000000
167.000000
2427.000000
942.000000
1219.000000
232.000000
1196.000000
1485.000000
258.000000
149.000000
502.000000
503.000000
457.000000
211.000000
1072.000000
51.000000
9.000000
255.000000
590.000000
503.000000
1898.000000
718.000000
400.000000
708.000000
74.000000
56.000000
239.000000
564.000000
319.000000
598.000000
3837.000000
238.000000
1040.000000
31.000000
696.000000
266.000000
220.000000
69.000000
1214.000000
275.000000
706.000000
823.000000
387.000000
636.000000
779.000000
978.000000
1721.000000
483.000000
815.000000
55.000000
537.000000
419.000000
900.000000
1379.000000
245.000000
909.000000
457.000000
207.000000
762.000000
358.000000
572.000000
55.000000
250.000000
254.000000
92.000000
457.000000
432.000000
950.000000
382.000000
507.000000
1894.000000
410.000000
1695.000000
648.000000
660.000000
708.000000
3984.000000
1171.000000
809.000000
481.000000
458.000000
907.000000
403.000000
187.000000
429.000000
1872.000000
196.000000
145.000000
538.000000
288.000000
284.000000
94.000000
604.000000
561.000000
621.000000
256.000000
1536.000000
205.000000
296.000000
415.000000
1279.000000
131.000000
911.000000
101.000000
878.000000
592.000000
101.000000
190.000000
1912.000000
223.000000
882.000000
260.000000
1801.000000
1331.000000
265.000000
226.000000
167.000000
405.000000
272.000000
52.000000
630.000000
102.000000
88.000000
607.000000
443.000000
3252.000000
556.000000
661.000000
702.000000
1291.000000
1359.000000
152.000000
283.000000
228.000000
119.000000
294.000000
527.000000
477.000000
338.000000
436.000000
135.000000
234.000000
101.000000
686.000000
520.000000
280.000000
756.000000
2516.000000
106.000000
305.000000
382.000000
359.000000
235.000000
127.000000
539.000000
220.000000
944.000000
429.000000
1170.000000
1072.000000
1987.000000
395.000000
102.000000
1068.000000
112.000000
7599.000000
1549.000000
514.000000
445.000000
406.000000
402.000000
103.000000
209.000000
382.000000
404.000000
159.000000
141.000000
402.000000
1086.000000
5485.000000
324.000000
967.000000
129.000000
3842.000000
548.000000
1114.000000
352.000000
155.000000
505.000000
487.000000
374.000000
406.000000
530.000000
183.000000
3636.000000
395.000000
177.000000
887.000000
262.000000
144.000000
2720.000000
363.000000
248.000000
208.000000
144.000000
155.000000
76.000000
157.000000
1012.000000
70.000000
200.000000
647.000000
828.000000
17425.000000
562.000000
565.000000
673.000000
624.000000
112.000000
259.000000
546.000000
1817.000000
64.000000
23.000000
416.000000
1133.000000
111.000000
267.000000
157.000000
372.000000
234.000000
505.000000
324.000000
343.000000
868.000000
121.000000
278.000000
361.000000
263.000000
322.000000
404.000000
268.000000
5831.000000
92.000000
153.000000
480.000000
2828.000000
486.000000
654.000000
150.000000
495.000000
826.000000
698.000000
262.000000
790.000000
924.000000
265.000000
1632.000000
445.000000
2887.000000
65.000000
243.000000
217.000000
335.000000
3459.000000
286.000000
234.000000
255.000000
846.000000
437.000000
647.000000
1125.000000
737.000000
962.000000
461.000000
70.000000
1003.000000
343.000000
1317.000000
512.000000
732.000000
2781.000000
100.000000
404.000000
555.000000
455.000000
97.000000
270.000000
95.000000
299.000000
389.000000
228.000000
354.000000
808.000000
1042.000000
141.000000
182.000000
1913.000000
225.000000
1053.000000
240.000000
166.000000
312.000000
890.000000
748.000000
72.000000
302.000000
173.000000
4458.000000
612.000000
969.000000
264.000000
832.000000
275.000000
341.000000
590.000000
86.000000
141.000000
18.000000
408.000000
177.000000
207.000000
313.000000
264.000000
452.000000
262.000000
493.000000
3516.000000
589.000000
2537.000000
616.000000
1687.000000
1049.000000
190.000000
525.000000
516.000000
1044.000000
524.000000
662.000000
61.000000
2391.000000
1297.000000
24.000000
1139.000000
96.000000
384.000000
632.000000
3338.000000
268.000000
125.000000
923.000000
207.000000
282.000000
133.000000
681.000000
185.000000
150.000000
242.000000
303.000000
257.000000
179.000000
216.000000
1645.000000
294.000000
300.000000
239.000000
1358.000000
845.000000
393.000000
709.000000
182.000000
714.000000
135.000000
1164.000000
117.000000
413.000000
977.000000
132.000000
1352.000000
294.000000
135.000000
1087.000000
227.000000
50.000000
899.000000
199.000000
291.000000
189.000000
748.000000
626.000000
431.000000
854.000000
766.000000
433.000000
2787.000000
467.000000
147.000000
485.000000
1396.000000
311.000000
977.000000
2293.000000
236.000000
343.000000
444.000000
146.000000
221.000000
101.000000
1825.000000
859.000000
819.000000
801.000000
2253.000000
1178.000000
221.000000
257.000000
129.000000
1184.000000
324.000000
1032.000000
228.000000
490.000000
432.000000
293.000000
391.000000
835.000000
219.000000
214.000000
108.000000
838.000000
4290.000000
873.000000
196.000000
302.000000
247.000000
1654.000000
71.000000
464.000000
541.000000
287.000000
527.000000
549.000000
121.000000
1209.000000
96.000000
436.000000
183.000000
272.000000
164.000000
721.000000
371.000000
53.000000
259.000000
1674.000000
1027.000000
638.000000
341.000000
1995.000000
376.000000
447.000000
1490.000000
579.000000
243.000000
572.000000
183.000000
1131.000000
3222.000000
136.000000
31.000000
89.000000
207.000000
1022.000000
551.000000
229.000000
2022.000000
551.000000
303.000000
72.000000
396.000000
440.000000
194.000000
542.000000
2360.000000
334.000000
587.000000
1356.000000
205.000000
342.000000
418.000000
126.000000
543.000000
319.000000
714.000000
177.000000
101.000000
679.000000
390.000000
1031.000000
178.000000
4393.000000
357.000000
72.000000
2625.000000
578.000000
1431.000000
157.000000
996.000000
59.000000
2262.000000
461.000000
958.000000
633.000000
638.000000
195.000000
319.000000
439.000000
135.000000
249.000000
130.000000
667.000000
158.000000
567.000000
142.000000
748.000000
1929.000000
212.000000
2029.000000
797.000000
452.000000
331.000000
1144.000000
97.000000
326.000000
178.000000
194.000000
286.000000
632.000000
660.000000
166.000000
185.000000
68.000000
353.000000
1090.000000
201.000000
157.000000
356.000000
3630.000000
81.000000
814.000000
371.000000
697.000000
286.000000
120.000000
271.000000
382.000000
594.000000
829.000000
564.000000
293.000000
172.000000
370.000000
955.000000
1105.000000
385.000000
398.000000
419.000000
86.000000
636.000000
772.000000
1930.000000
158.000000
54.000000
320.000000
27.000000
141.000000
64.000000
469.000000
220.000000
231.000000
241.000000
152.000000
3230.000000
681.000000
446.000000
511.000000
1069.000000
979.000000
1752.000000
1256.000000
433.000000
51.000000
456.000000
92.000000
244.000000
140.000000
476.000000
555.000000
678.000000
496.000000
792.000000
1475.000000
975.000000
771.000000
693.000000
669.000000
335.000000
85.000000
745.000000
261.000000
1714.000000
166.000000
151.000000
347.000000
70.000000
1050.000000
284.000000
267.000000
242.000000
194.000000
206.000000
36.000000
378.000000
667.000000
65.000000
71.000000
5064.000000
371.000000
365.000000
497.000000
75.000000
462.000000
249.000000
64.000000
880.000000
142.000000
229.000000
350.000000
144.000000
519.000000
983.000000
373.000000
160.000000
384.000000
722.000000
107.000000
530.000000
232.000000
748.000000
216.000000
423.000000
257.000000
2754.000000
437.000000
47.000000
1984.000000
290.000000
545.000000
524.000000
157.000000
732.000000
362.000000
259.000000
1024.000000
740.000000
1113.000000
160.000000
