1281.000000
1051.000000
401.000000
338.000000
166.000000
226.000000
2055.000000
410.000000
772.000000
350.000000
361.000000
63.000000
4426.000000
352.000000
405.000000
6673.000000
1047.000000
115.000000
414.000000
85.000000
140.000000
390.000000
61.000000
907.000000
435.000000
1784.000000
165.000000
163.000000
300.000000
1768.000000
183.000000
411.000000
2346.000000
699.000000
325.000000
180.000000
158.000000
71.000000
101.000000
97.000000
387.000000
1591.000000
565.000000
540.000000
1110.000000
59.000000
862.000000
603.000000
247.000000
435.000000
814.000000
189.000000
1602.000000
637.000000
189.000000
51.000000
205.000000
138.000000
292.000000
767.000000
1712.000000
1801.000000
792.000000
48.000000
1362.000000
987.000000
1201.000000
441.000000
1436.000000
1752.000000
608.000000
676.000000
978.000000
541.000000
849.000000
2737.000000
189.000000
53.000000
407.000000
351.000000
61.000000
886.000000
333.000000
1084.000000
71.000000
1255.000000
159.000000
474.000000
130.000000
2225.000000
577.000000
1274.000000
131.000000
636.000000
136.000000
406.000000
4778.000000
257.000000
498.000000
530.000000
392.000000
1432.000000
887.000000
172.000000
387.000000
179.000000
141.000000
199.000000
537.000000
240.000000
200.000000
217.000000
596.000000
1852.000000
322.000000
2669.000000
150.000000
220.000000
2161.000000
711.000000
1311.000000
808.000000
93.000000
222.000000
329.000000
163.000000
375.000000
812.000000
196.000000
119.000000
379.000000
288.000000
214.000000
211.000000
2245.000000
96.000000
272.000000
129.000000
154.000000
606.000000
142.000000
396.000000
59.000000
867.000000
750.000000
186.000000
1409.000000
236.000000
459.000000
233.000000
86.000000
598.000000
219.000000
97.000000
1880.000000
1005.000000
140.000000
233.000000
315.000000
403.000000
487.000000
116.000000
450.000000
236.000000
433.000000
241.000000
78.000000
2379.000000
99.000000
62.000000
596.000000
471.000000
770.000000
291.000000
668.000000
1256.000000
377.000000
237.000000
423.000000
2755.000000
473.000000
933.000000
177.000000
163.000000
605.000000
3112.000000
91.000000
157.000000
1345.000000
142.000000
2374.000000
338.000000
1178.000000
393.000000
322.000000
1269.000000
207.000000
323.000000
654.000000
179.000000
346.000000
427.000000
798.000000
1031.000000
136.000000
157.000000
266.000000
115.000000
540.000000
231.000000
217.000000
76.000000
115.000000
154.000000
635.000000
234.000000
191.000000
306.000000
69.000000
1596.000000
841.000000
198.000000
569.000000
336.000000
247.000000
31.000000
375.000000
207.000000
1297.000000
1384.000000
104.000000
126.000000
495.000000
317.000000
3033.000000
231.000000
123.000000
139.000000
283.000000
15247.000000
127.000000
211.000000
49.000000
231.000000
375.000000
103.000000
819.000000
446.000000
1662.000000
681.000000
1792.000000
254.000000
1362.000000
1287.000000
628.000000
355.000000
993.000000
1350.000000
1107.000000
1036.000000
257.000000
695.000000
12046.000000
1417.000000
1520.000000
1368.000000
698.000000
673.000000
1076.000000
582.000000
1859.000000
178.000000
428.000000
221.000000
199.000000
1673.000000
412.000000
1662.000000
3743.000000
65.000000
1646.000000
231.000000
273.000000
723.000000
1372.000000
348.000000
445.000000
280.000000
1327.000000
389.000000
430.000000
1040.000000
1414.000000
703.000000
357.000000
415.000000
293.000000
1319.000000
744.000000
612.000000
530.000000
225.000000
89.000000
143.000000
436.000000
140.000000
579.000000
222.000000
4387.000000
448.000000
1263.000000
1503.000000
790.000000
5283.000000
584.000000
60.000000
1565.000000
898.000000
102.000000
450.000000
78.000000
1309.000000
98.000000
259.000000
187.000000
94.000000
389.000000
262.000000
136.000000
1195.000000
285.000000
623.000000
835.000000
394.000000
1680.000000
353.000000
167.000000
1224.000000
705.000000
2334.000000
371.000000
415.000000
1762.000000
216.000000
2434.000000
128.000000
106.000000
5182.000000
262.000000
282.000000
87.000000
259.000000
2060.000000
387.000000
1022.000000
688.000000
2242.000000
1315.000000
202.000000
629.000000
721.000000
170.000000
104.000000
1006.000000
339.000000
208.000000
63.000000
1132.000000
1106.000000
254.000000
111.000000
177.000000
528.000000
678.000000
394.000000
510.000000
826.000000
48.000000
81.000000
1508.000000
123.000000
1008.000000
560.000000
1041.000000
47.000000
122.000000
773.000000
242.000000
473.000000
889.000000
959.000000
1251.000000
307.000000
53.000000
436.000000
345.000000
365.000000
183.000000
130.000000
102.000000
76.000000
141.000000
331.000000
621.000000
477.000000
182.000000
844.000000
94.000000
75.000000
194.000000
431.000000
485.000000
124.000000
524.000000
552.000000
337.000000
1141.000000
881.000000
422.000000
927.000000
282.000000
1956.000000
99.000000
624.000000
1580.000000
300.000000
410.000000
239.000000
160.000000
575.000000
1201.000000
2580.000000
3307.000000
747.000000
103.000000
519.000000
95.000000
853.000000
333.000000
125.000000
74.000000
167.000000
176.000000
1414.000000
452.000000
615.000000
388.000000
169.000000
303.000000
287.000000
69.000000
523.000000
66.000000
674.000000
747.000000
155.000000
723.000000
2313.000000
94.000000
833.000000
658.000000
643.000000
607.000000
1741.000000
546.000000
224.000000
335.000000
113.000000
1402.000000
1641.000000
314.000000
111.000000
258.000000
210.000000
957.000000
158.000000
858.000000
590.000000
765.000000
632.000000
218.000000
828.000000
326.000000
626.000000
107.000000
208.000000
1577.000000
1537.000000
401.000000
1547.000000
1593.000000
319.000000
1110.000000
3669.000000
134.000000
219.000000
370.000000
1319.000000
123.000000
397.000000
304.000000
246.000000
179.000000
245.000000
137.000000
382.000000
534.000000
613.000000
90.000000
1469.000000
206.000000
2536.000000
122.000000
923.000000
572.000000
102.000000
1026.000000
461.000000
204.000000
264.000000
554.000000
672.000000
585.000000
275.000000
50.000000
1401.000000
155.000000
1143.000000
44.000000
308.000000
2415.000000
681.000000
434.000000
769.000000
1283.000000
316.000000
307.000000
302.000000
751.000000
709.000000
1291.000000
69.000000
973.000000
253.000000
240.000000
334.000000
224.000000
751.000000
188.000000
532.000000
360.000000
567.000000
1283.000000
363.000000
163.000000
392.000000
62.000000
121.000000
931.000000
436.000000
168.000000
534.000000
118.000000
378.000000
304.000000
979.000000
363.000000
127.000000
5015.000000
500.000000
1512.000000
409.000000
959.000000
449.000000
304.000000
2876.000000
571.000000
11060.000000
752.000000
562.000000
897.000000
914.000000
1690.000000
449.000000
750.000000
233.000000
391.000000
153.000000
131.000000
226.000000
728.000000
505.000000
86.000000
145.000000
518.000000
317.000000
110.000000
546.000000
428.000000
3707.000000
49.000000
73.000000
945.000000
186.000000
270.000000
1038.000000
1353.000000
3194.000000
537.000000
243.000000
241.000000
73.000000
226.000000
14261.000000
409.000000
427.000000
325.000000
337.000000
406.000000
2162.000000
139.000000
2922.000000
285.000000
233.000000
3750.000000
119.000000
372.000000
1037.000000
2317.000000
203.000000
464.000000
103.000000
171.000000
1065.000000
733.000000
1219.000000
845.000000
791.000000
824.000000
588.000000
1452.000000
359.000000
1029.000000
722.000000
167.000000
1967.000000
2430.000000
2928.000000
207.000000
1836.000000
1123.000000
427.000000
535.000000
818.000000
252.000000
144.000000
496.000000
202.000000
1864.000000
137.000000
723.000000
323.000000
552.000000
169.000000
160.000000
457.000000
523.000000
519.000000
57.000000
114.000000
522.000000
315.000000
181.000000
1207.000000
168.000000
61.000000
424.000000
810.000000
1027.000000
1133.000000
517.000000
356.000000
491.000000
256.000000
2163.000000
335.000000
533.000000
189.000000
896.000000
314.000000
529.000000
1823.000000
1475.000000
95.000000
83.000000
143.000000
2330.000000
104.000000
897.000000
4101.000000
376.000000
567.000000
2057.000000
1064.000000
570.000000
94.000000
218.000000
418.000000
719.000000
171.000000
2588.000000
379.000000
212.000000
97.000000
352.000000
731.000000
328.000000
1070.000000
374.000000
122.000000
766.000000
321.000000
1032.000000
1879.000000
1348.000000
239.000000
85.000000
357.000000
1872.000000
366.000000
767.000000
118.000000
519.000000
277.000000
182.000000
1389.000000
615.000000
558.000000
644.000000
588.000000
512.000000
820.000000
58.000000
600.000000
2702.000000
947.000000
686.000000
140.000000
1645.000000
377.000000
776.000000
83.000000
242.000000
149.000000
1783.000000
145.000000
656.000000
1156.000000
115.000000
82.000000
160.000000
101.000000
105.000000
113.000000
994.000000
87.000000
362.000000
339.000000
1032.000000
34.000000
993.000000
562.000000
794.000000
740.000000
95.000000
1092.000000
755.000000
565.000000
643.000000
350.000000
503.000000
126.000000
514.000000
1096.000000
481.000000
371.000000
289.000000
1829.000000
93.000000
341.000000
1257.000000
583.000000
211.000000
469.000000
45.000000
616.000000
365.000000
326.000000
508.000000
744.000000
241.000000
41.000000
231.000000
145.000000
852.000000
114.000000
1321.000000
276.000000
660.000000
476.000000
564.000000
216.000000
1301.000000
482.000000
368.000000
1502.000000
217.000000
132.000000
538.000000
385.000000
909.000000
869.000000
30.000000
226.000000
198.000000
1076.000000
478.000000
280.000000
143.000000
427.000000
320.000000
197.000000
229.000000
860.000000
1258.000000
456.000000
77.000000
3538.000000
989.000000
3524.000000
454.000000
181.000000
1058.000000
171.000000
1250.000000
228.000000
142.000000
866.000000
161.000000
90.000000
786.000000
277.000000
165.000000
268.000000
614.000000
1223.000000
404.000000
59.000000
886.000000
230.000000
1319.000000
1802.000000
769.000000
363.000000
758.000000
306.000000
167.000000
215.000000
319.000000
490.000000
1465.000000
809.000000
381.000000
1069.000000
484.000000
512.000000
644.000000
138.000000
682.000000
220.000000
294.000000
315.000000
237.000000
1947.000000
393.000000
242.000000
110.000000
1656.000000
347.000000
1875.000000
349.000000
639.000000
204.000000
388.000000
199.000000
98.000000
2346.000000
3576.000000
33.000000
833.000000
2256.000000
439.000000
58.000000
620.000000
394.000000
1549.000000
423.000000
98.000000
275.000000
108.000000
421.000000
349.000000
1235.000000
943.000000
749.000000
317.000000
1960.000000
3557.000000
477.000000
517.000000
651.000000
860.000000
325.000000
380.000000
7180.000000
784.000000
233.000000
1087.000000
156.000000
378.000000
207.000000
302.000000
598.000000
288.000000
413.000000
322.000000
703.000000
670.000000
267.000000
203.000000
1154.000000
981.000000
1046.000000
50.000000
7294.000000
221.000000
50.000000
1196.000000
203.000000
96.000000
538.000000
1566.000000
1847.000000
264.000000
74.000000
839.000000
636.000000
387.000000
498.000000
147.000000
2397.000000
304.000000
364.000000
253.000000
497.000000
258.000000
200.000000
746.000000
362.000000
1689.000000
2086.000000
487.000000
300.000000
3337.000000
380.000000
72.000000
524.000000
221.000000
681.000000
163.000000
1444.000000
845.000000
1335.000000
316.000000
544.000000
567.000000
726.000000
75.000000
741.000000
181.000000
955.000000
718.000000
211.000000
72.000000
1484.000000
242.000000
61.000000
381.000000
545.000000
1890.000000
