0.000000
6.122449
12.244898
18.367347
24.489796
30.612245
36.734694
42.857143
48.979592
55.102041
61.224490
67.346939
73.469388
79.591837
85.714286
91.836735
97.959184
104.081633
110.204082
116.326531
122.448980
128.571429
134.693878
140.816327
146.938776
153.061224
159.183673
165.306122
171.428571
177.551020
183.673469
189.795918
195.918367
202.040816
208.163265
214.285714
220.408163
226.530612
232.653061
238.775510
244.897959
251.020408
257.142857
263.265306
269.387755
275.510204
281.632653
287.755102
293.877551
300.000000
