80.000000
193.000000
1428.000000
98.000000
652.000000
177.000000
942.000000
667.000000
446.000000
929.000000
670.000000
1315.000000
517.000000
38.000000
285.000000
311.000000
839.000000
402.000000
443.000000
747.000000
128.000000
139.000000
2528.000000
608.000000
126.000000
201.000000
374.000000
150.000000
226.000000
1393.000000
600.000000
255.000000
286.000000
1123.000000
77.000000
260.000000
453.000000
357.000000
164.000000
248.000000
393.000000
3971.000000
125.000000
72.000000
390.000000
204.000000
1073.000000
237.000000
2364.000000
96.000000
76.000000
761.000000
277.000000
484.000000
748.000000
494.000000
893.000000
115.000000
574.000000
709.000000
1344.000000
410.000000
224.000000
1589.000000
163.000000
92.000000
103.000000
473.000000
750.000000
179.000000
135.000000
450.000000
275.000000
755.000000
1220.000000
156.000000
582.000000
437.000000
471.000000
1140.000000
509.000000
1138.000000
1170.000000
793.000000
1199.000000
201.000000
398.000000
1494.000000
101.000000
235.000000
127.000000
961.000000
1982.000000
439.000000
893.000000
549.000000
182.000000
992.000000
250.000000
391.000000
431.000000
1238.000000
472.000000
405.000000
248.000000
713.000000
641.000000
783.000000
1293.000000
1943.000000
939.000000
341.000000
690.000000
242.000000
280.000000
316.000000
370.000000
172.000000
305.000000
183.000000
623.000000
192.000000
50.000000
260.000000
91.000000
1202.000000
599.000000
75.000000
545.000000
165.000000
231.000000
210.000000
354.000000
215.000000
346.000000
231.000000
247.000000
144.000000
1288.000000
999.000000
579.000000
1295.000000
677.000000
234.000000
369.000000
4949.000000
241.000000
499.000000
119.000000
353.000000
131.000000
1084.000000
153.000000
437.000000
68.000000
706.000000
721.000000
249.000000
979.000000
259.000000
171.000000
534.000000
254.000000
172.000000
249.000000
319.000000
915.000000
251.000000
1128.000000
1346.000000
95.000000
717.000000
665.000000
57.000000
663.000000
32.000000
520.000000
1358.000000
157.000000
199.000000
1581.000000
396.000000
5955.000000
262.000000
504.000000
506.000000
799.000000
502.000000
508.000000
200.000000
667.000000
848.000000
584.000000
875.000000
131.000000
653.000000
74.000000
477.000000
147.000000
1236.000000
158.000000
722.000000
223.000000
608.000000
178.000000
248.000000
244.000000
149.000000
814.000000
2586.000000
324.000000
130.000000
317.000000
1958.000000
3134.000000
445.000000
65.000000
365.000000
799.000000
194.000000
946.000000
924.000000
723.000000
1218.000000
888.000000
287.000000
466.000000
263.000000
585.000000
1135.000000
270.000000
271.000000
1765.000000
387.000000
838.000000
1864.000000
1056.000000
883.000000
243.000000
201.000000
468.000000
889.000000
346.000000
279.000000
551.000000
362.000000
643.000000
396.000000
646.000000
591.000000
491.000000
450.000000
1099.000000
99.000000
3041.000000
722.000000
1610.000000
595.000000
734.000000
1175.000000
93.000000
627.000000
18.000000
616.000000
686.000000
578.000000
141.000000
508.000000
797.000000
354.000000
178.000000
673.000000
515.000000
116.000000
250.000000
2156.000000
669.000000
135.000000
518.000000
248.000000
49.000000
396.000000
153.000000
1964.000000
447.000000
176.000000
1143.000000
1642.000000
42.000000
1812.000000
368.000000
188.000000
114.000000
685.000000
217.000000
232.000000
368.000000
204.000000
413.000000
674.000000
404.000000
690.000000
345.000000
275.000000
1486.000000
472.000000
123.000000
145.000000
356.000000
2877.000000
358.000000
52.000000
495.000000
1109.000000
280.000000
311.000000
241.000000
69.000000
1176.000000
218.000000
438.000000
740.000000
914.000000
676.000000
218.000000
38.000000
198.000000
627.000000
391.000000
784.000000
398.000000
73.000000
193.000000
149.000000
1104.000000
263.000000
2193.000000
772.000000
2609.000000
47.000000
514.000000
228.000000
506.000000
174.000000
414.000000
213.000000
879.000000
288.000000
394.000000
186.000000
595.000000
210.000000
87.000000
3662.000000
280.000000
185.000000
29.000000
4751.000000
231.000000
377.000000
1834.000000
5344.000000
553.000000
58.000000
575.000000
778.000000
444.000000
532.000000
2671.000000
287.000000
344.000000
158.000000
249.000000
205.000000
201.000000
932.000000
327.000000
642.000000
100.000000
300.000000
133.000000
140.000000
92.000000
158.000000
226.000000
139.000000
774.000000
965.000000
158.000000
173.000000
271.000000
2731.000000
526.000000
385.000000
167.000000
56.000000
241.000000
859.000000
625.000000
154.000000
890.000000
433.000000
3940.000000
798.000000
916.000000
164.000000
391.000000
55.000000
1697.000000
1344.000000
614.000000
235.000000
1392.000000
126.000000
77.000000
293.000000
537.000000
548.000000
118.000000
3179.000000
503.000000
425.000000
236.000000
648.000000
451.000000
442.000000
56.000000
116.000000
478.000000
2058.000000
260.000000
492.000000
2836.000000
509.000000
343.000000
1516.000000
621.000000
597.000000
88.000000
154.000000
263.000000
258.000000
57.000000
533.000000
68.000000
1263.000000
868.000000
243.000000
348.000000
610.000000
153.000000
533.000000
37.000000
717.000000
260.000000
208.000000
1557.000000
1935.000000
1449.000000
985.000000
67.000000
93.000000
530.000000
65.000000
281.000000
505.000000
880.000000
628.000000
397.000000
612.000000
562.000000
191.000000
160.000000
1086.000000
2928.000000
722.000000
612.000000
78.000000
933.000000
729.000000
234.000000
276.000000
50.000000
576.000000
535.000000
414.000000
380.000000
143.000000
710.000000
442.000000
445.000000
932.000000
401.000000
370.000000
103.000000
635.000000
1560.000000
110.000000
447.000000
684.000000
191.000000
83.000000
1237.000000
1371.000000
396.000000
730.000000
614.000000
885.000000
968.000000
68.000000
675.000000
132.000000
1473.000000
225.000000
246.000000
653.000000
188.000000
336.000000
1838.000000
155.000000
843.000000
977.000000
209.000000
1651.000000
128.000000
97.000000
242.000000
850.000000
511.000000
202.000000
442.000000
497.000000
318.000000
3073.000000
160.000000
823.000000
493.000000
2473.000000
479.000000
1206.000000
134.000000
626.000000
382.000000
363.000000
1374.000000
1101.000000
319.000000
71.000000
2838.000000
543.000000
530.000000
179.000000
203.000000
96.000000
352.000000
202.000000
605.000000
30.000000
328.000000
196.000000
4484.000000
446.000000
993.000000
102.000000
348.000000
235.000000
1273.000000
168.000000
679.000000
705.000000
1679.000000
195.000000
732.000000
227.000000
43.000000
75.000000
392.000000
147.000000
4361.000000
270.000000
2369.000000
259.000000
545.000000
235.000000
191.000000
171.000000
1134.000000
1054.000000
940.000000
683.000000
502.000000
880.000000
631.000000
657.000000
173.000000
1469.000000
75.000000
914.000000
317.000000
230.000000
379.000000
400.000000
161.000000
116.000000
249.000000
390.000000
202.000000
2923.000000
648.000000
115.000000
3426.000000
595.000000
979.000000
232.000000
788.000000
189.000000
545.000000
500.000000
2289.000000
203.000000
93.000000
163.000000
90.000000
166.000000
410.000000
168.000000
933.000000
177.000000
195.000000
360.000000
107.000000
494.000000
90.000000
1079.000000
1064.000000
367.000000
290.000000
3757.000000
268.000000
596.000000
237.000000
304.000000
286.000000
160.000000
810.000000
220.000000
731.000000
1139.000000
1123.000000
423.000000
336.000000
521.000000
557.000000
673.000000
525.000000
869.000000
321.000000
311.000000
374.000000
158.000000
1473.000000
335.000000
220.000000
579.000000
242.000000
327.000000
578.000000
2219.000000
175.000000
143.000000
1638.000000
375.000000
165.000000
142.000000
103.000000
1195.000000
546.000000
200.000000
63.000000
178.000000
187.000000
295.000000
442.000000
986.000000
336.000000
977.000000
244.000000
734.000000
121.000000
1500.000000
1421.000000
1329.000000
433.000000
86.000000
392.000000
249.000000
171.000000
378.000000
2577.000000
312.000000
1097.000000
2053.000000
1547.000000
1344.000000
348.000000
278.000000
990.000000
77.000000
234.000000
278.000000
522.000000
944.000000
84.000000
1710.000000
202.000000
211.000000
892.000000
135.000000
121.000000
268.000000
575.000000
86.000000
720.000000
957.000000
475.000000
983.000000
305.000000
641.000000
331.000000
1809.000000
338.000000
63.000000
610.000000
123.000000
272.000000
666.000000
719.000000
304.000000
79.000000
415.000000
1108.000000
242.000000
2300.000000
624.000000
1804.000000
331.000000
1092.000000
365.000000
890.000000
278.000000
328.000000
2614.000000
6109.000000
1185.000000
117.000000
212.000000
771.000000
60.000000
537.000000
66.000000
117.000000
728.000000
1643.000000
190.000000
104.000000
829.000000
335.000000
1016.000000
644.000000
520.000000
85.000000
1513.000000
890.000000
404.000000
125.000000
712.000000
678.000000
1410.000000
214.000000
206.000000
530.000000
883.000000
745.000000
240.000000
1336.000000
1352.000000
1491.000000
151.000000
219.000000
699.000000
1179.000000
150.000000
589.000000
510.000000
217.000000
1574.000000
248.000000
219.000000
520.000000
369.000000
1744.000000
1051.000000
156.000000
154.000000
249.000000
1065.000000
318.000000
1327.000000
396.000000
263.000000
254.000000
945.000000
1730.000000
1315.000000
364.000000
921.000000
410.000000
117.000000
486.000000
3761.000000
437.000000
1012.000000
1111.000000
192.000000
274.000000
347.000000
1659.000000
304.000000
2604.000000
135.000000
343.000000
304.000000
545.000000
1864.000000
97.000000
125.000000
233.000000
571.000000
15.000000
221.000000
601.000000
114.000000
348.000000
208.000000
858.000000
216.000000
821.000000
139.000000
1601.000000
901.000000
313.000000
984.000000
1319.000000
1177.000000
1282.000000
237.000000
1069.000000
613.000000
1175.000000
2471.000000
5039.000000
301.000000
464.000000
1699.000000
114.000000
517.000000
639.000000
221.000000
556.000000
106.000000
470.000000
272.000000
507.000000
79.000000
5571.000000
4911.000000
265.000000
389.000000
449.000000
87.000000
90.000000
380.000000
1593.000000
1062.000000
393.000000
158.000000
90.000000
258.000000
127.000000
45.000000
550.000000
523.000000
342.000000
672.000000
38.000000
266.000000
434.000000
1064.000000
302.000000
2113.000000
84.000000
803.000000
304.000000
477.000000
1081.000000
51.000000
499.000000
1329.000000
207.000000
428.000000
115.000000
2295.000000
186.000000
773.000000
101.000000
148.000000
216.000000
155.000000
466.000000
372.000000
148.000000
468.000000
528.000000
300.000000
113.000000
118.000000
363.000000
213.000000
76.000000
990.000000
122.000000
91.000000
795.000000
403.000000
2612.000000
512.000000
1195.000000
990.000000
110.000000
346.000000
565.000000
140.000000
363.000000
62.000000
521.000000
1689.000000
195.000000
168.000000
87.000000
597.000000
368.000000
2739.000000
194.000000
269.000000
428.000000
4031.000000
245.000000
280.000000
240.000000
117.000000
581.000000
319.000000
264.000000
530.000000
1042.000000
728.000000
257.000000
639.000000
156.000000
105.000000
586.000000
441.000000
387.000000
1779.000000
653.000000
1042.000000
1184.000000
371.000000
99.000000
201.000000
82.000000
587.000000
737.000000
545.000000
152.000000
78.000000
1027.000000
119.000000
701.000000
125.000000
993.000000
629.000000
336.000000
188.000000
281.000000
259.000000
2389.000000
597.000000
625.000000
404.000000
