151.000000
650.000000
464.000000
326.000000
1067.000000
391.000000
4218.000000
718.000000
545.000000
667.000000
760.000000
768.000000
288.000000
1195.000000
160.000000
723.000000
60.000000
701.000000
256.000000
222.000000
69.000000
499.000000
1034.000000
745.000000
1090.000000
290.000000
152.000000
38.000000
1872.000000
124.000000
184.000000
1561.000000
157.000000
59.000000
752.000000
411.000000
425.000000
1117.000000
299.000000
422.000000
361.000000
1315.000000
302.000000
925.000000
39.000000
1744.000000
199.000000
197.000000
77.000000
1457.000000
660.000000
303.000000
789.000000
169.000000
1609.000000
110.000000
125.000000
563.000000
327.000000
1107.000000
376.000000
1263.000000
179.000000
750.000000
316.000000
898.000000
358.000000
903.000000
615.000000
433.000000
258.000000
252.000000
1356.000000
1034.000000
99.000000
544.000000
484.000000
211.000000
524.000000
95.000000
461.000000
916.000000
1125.000000
593.000000
334.000000
137.000000
208.000000
1098.000000
455.000000
483.000000
485.000000
276.000000
910.000000
829.000000
272.000000
701.000000
565.000000
117.000000
688.000000
433.000000
909.000000
60.000000
65.000000
250.000000
615.000000
472.000000
748.000000
169.000000
420.000000
196.000000
173.000000
186.000000
879.000000
270.000000
378.000000
508.000000
177.000000
902.000000
185.000000
1489.000000
236.000000
99.000000
710.000000
819.000000
1195.000000
487.000000
487.000000
1427.000000
127.000000
673.000000
1145.000000
105.000000
531.000000
1138.000000
289.000000
268.000000
2686.000000
968.000000
561.000000
1282.000000
240.000000
421.000000
988.000000
508.000000
480.000000
229.000000
243.000000
248.000000
106.000000
251.000000
139.000000
3092.000000
227.000000
1998.000000
155.000000
336.000000
1313.000000
98.000000
522.000000
35.000000
83.000000
933.000000
206.000000
251.000000
99.000000
261.000000
178.000000
621.000000
232.000000
127.000000
1138.000000
1543.000000
336.000000
993.000000
393.000000
300.000000
20.000000
327.000000
1445.000000
74.000000
995.000000
1000.000000
2143.000000
95.000000
862.000000
1372.000000
77.000000
474.000000
298.000000
309.000000
188.000000
838.000000
212.000000
204.000000
169.000000
1086.000000
1000.000000
167.000000
754.000000
151.000000
309.000000
1275.000000
2475.000000
488.000000
328.000000
153.000000
187.000000
1892.000000
1161.000000
153.000000
82.000000
331.000000
1144.000000
1291.000000
150.000000
376.000000
167.000000
118.000000
315.000000
232.000000
510.000000
390.000000
180.000000
466.000000
3689.000000
295.000000
390.000000
459.000000
384.000000
103.000000
221.000000
512.000000
3540.000000
236.000000
508.000000
802.000000
401.000000
589.000000
1354.000000
61.000000
391.000000
221.000000
275.000000
583.000000
503.000000
118.000000
511.000000
101.000000
1340.000000
1142.000000
1015.000000
387.000000
2041.000000
54.000000
694.000000
50.000000
74.000000
116.000000
1429.000000
1079.000000
336.000000
815.000000
14240.000000
156.000000
1361.000000
291.000000
220.000000
410.000000
2686.000000
743.000000
1258.000000
216.000000
504.000000
630.000000
73.000000
751.000000
2729.000000
269.000000
67.000000
352.000000
653.000000
116.000000
798.000000
167.000000
84.000000
82.000000
164.000000
537.000000
1451.000000
1098.000000
1428.000000
1302.000000
1557.000000
500.000000
847.000000
2720.000000
1827.000000
2157.000000
250.000000
629.000000
959.000000
128.000000
1301.000000
69.000000
121.000000
4260.000000
353.000000
100.000000
82.000000
131.000000
198.000000
352.000000
1041.000000
22.000000
655.000000
175.000000
3325.000000
1091.000000
705.000000
892.000000
1907.000000
261.000000
716.000000
954.000000
765.000000
76.000000
322.000000
518.000000
4484.000000
76.000000
536.000000
81.000000
851.000000
183.000000
108.000000
326.000000
556.000000
1656.000000
2057.000000
368.000000
500.000000
143.000000
1679.000000
874.000000
2205.000000
1549.000000
985.000000
94.000000
238.000000
123.000000
68.000000
130.000000
233.000000
507.000000
107.000000
2713.000000
694.000000
366.000000
440.000000
1280.000000
66.000000
153.000000
492.000000
168.000000
782.000000
161.000000
91.000000
349.000000
447.000000
332.000000
1007.000000
497.000000
268.000000
1663.000000
204.000000
237.000000
447.000000
384.000000
2536.000000
144.000000
1720.000000
101.000000
712.000000
840.000000
688.000000
467.000000
192.000000
617.000000
509.000000
332.000000
661.000000
131.000000
583.000000
332.000000
2672.000000
377.000000
1919.000000
730.000000
1846.000000
397.000000
407.000000
225.000000
423.000000
900.000000
86.000000
96.000000
394.000000
1484.000000
711.000000
333.000000
544.000000
239.000000
425.000000
74.000000
449.000000
995.000000
133.000000
280.000000
1920.000000
578.000000
430.000000
2454.000000
102.000000
376.000000
722.000000
440.000000
844.000000
278.000000
330.000000
676.000000
456.000000
114.000000
1833.000000
442.000000
151.000000
1025.000000
217.000000
1177.000000
312.000000
684.000000
137.000000
701.000000
151.000000
828.000000
32.000000
194.000000
577.000000
398.000000
510.000000
641.000000
84.000000
436.000000
1651.000000
165.000000
1659.000000
1727.000000
428.000000
275.000000
315.000000
515.000000
454.000000
214.000000
1077.000000
708.000000
158.000000
811.000000
100.000000
293.000000
178.000000
1166.000000
104.000000
371.000000
323.000000
564.000000
425.000000
318.000000
129.000000
82.000000
297.000000
485.000000
173.000000
359.000000
229.000000
320.000000
376.000000
210.000000
593.000000
329.000000
340.000000
154.000000
817.000000
207.000000
2030.000000
551.000000
396.000000
407.000000
153.000000
190.000000
1364.000000
2078.000000
212.000000
47.000000
487.000000
548.000000
465.000000
1036.000000
2880.000000
142.000000
230.000000
433.000000
91.000000
2732.000000
113.000000
609.000000
1382.000000
107.000000
3609.000000
324.000000
1524.000000
43.000000
448.000000
572.000000
241.000000
137.000000
217.000000
895.000000
132.000000
358.000000
219.000000
222.000000
249.000000
970.000000
717.000000
824.000000
582.000000
765.000000
487.000000
378.000000
496.000000
1981.000000
694.000000
273.000000
366.000000
161.000000
222.000000
449.000000
53.000000
236.000000
314.000000
560.000000
562.000000
392.000000
1977.000000
1811.000000
71.000000
1098.000000
49.000000
4153.000000
53.000000
612.000000
436.000000
294.000000
580.000000
586.000000
307.000000
761.000000
596.000000
844.000000
25.000000
665.000000
1069.000000
637.000000
401.000000
1345.000000
178.000000
375.000000
2803.000000
126.000000
480.000000
257.000000
472.000000
1161.000000
1651.000000
220.000000
174.000000
444.000000
945.000000
268.000000
286.000000
207.000000
2762.000000
400.000000
359.000000
250.000000
598.000000
2944.000000
430.000000
645.000000
1838.000000
814.000000
1013.000000
147.000000
2274.000000
181.000000
965.000000
1273.000000
30.000000
1363.000000
124.000000
193.000000
261.000000
649.000000
242.000000
349.000000
862.000000
162.000000
76.000000
2500.000000
38.000000
258.000000
184.000000
369.000000
389.000000
1262.000000
1230.000000
444.000000
1579.000000
322.000000
1474.000000
73.000000
814.000000
553.000000
2140.000000
104.000000
95.000000
506.000000
2684.000000
188.000000
270.000000
2538.000000
717.000000
365.000000
562.000000
232.000000
286.000000
380.000000
1846.000000
546.000000
1264.000000
410.000000
799.000000
94.000000
641.000000
764.000000
805.000000
502.000000
1378.000000
120.000000
591.000000
83.000000
184.000000
220.000000
377.000000
160.000000
293.000000
80.000000
115.000000
264.000000
176.000000
398.000000
467.000000
171.000000
157.000000
654.000000
737.000000
667.000000
310.000000
346.000000
256.000000
135.000000
221.000000
28.000000
114.000000
84.000000
254.000000
841.000000
1570.000000
270.000000
38.000000
593.000000
332.000000
155.000000
897.000000
1413.000000
294.000000
957.000000
320.000000
631.000000
448.000000
600.000000
138.000000
963.000000
330.000000
371.000000
134.000000
355.000000
899.000000
315.000000
876.000000
986.000000
505.000000
161.000000
191.000000
108.000000
440.000000
901.000000
2571.000000
474.000000
73.000000
376.000000
302.000000
145.000000
735.000000
398.000000
555.000000
921.000000
174.000000
487.000000
795.000000
205.000000
512.000000
330.000000
459.000000
235.000000
64.000000
496.000000
364.000000
762.000000
1122.000000
289.000000
525.000000
863.000000
1003.000000
1375.000000
179.000000
1373.000000
594.000000
452.000000
211.000000
1658.000000
601.000000
806.000000
614.000000
364.000000
486.000000
627.000000
506.000000
210.000000
69.000000
114.000000
2066.000000
445.000000
840.000000
188.000000
337.000000
405.000000
157.000000
1140.000000
1304.000000
154.000000
2000.000000
109.000000
1950.000000
179.000000
333.000000
576.000000
604.000000
102.000000
354.000000
461.000000
293.000000
68.000000
205.000000
232.000000
112.000000
631.000000
130.000000
515.000000
558.000000
874.000000
181.000000
911.000000
1706.000000
86.000000
261.000000
237.000000
401.000000
291.000000
167.000000
251.000000
1486.000000
128.000000
253.000000
425.000000
121.000000
832.000000
39.000000
211.000000
426.000000
307.000000
447.000000
310.000000
131.000000
737.000000
99.000000
335.000000
206.000000
850.000000
67.000000
269.000000
531.000000
29.000000
623.000000
155.000000
107.000000
1053.000000
298.000000
207.000000
315.000000
65.000000
341.000000
3061.000000
354.000000
932.000000
345.000000
1956.000000
164.000000
625.000000
331.000000
26.000000
218.000000
77.000000
175.000000
577.000000
617.000000
336.000000
627.000000
125.000000
672.000000
3350.000000
394.000000
265.000000
295.000000
649.000000
301.000000
336.000000
63.000000
387.000000
150.000000
92.000000
261.000000
558.000000
521.000000
1184.000000
558.000000
60.000000
1863.000000
155.000000
606.000000
175.000000
273.000000
519.000000
3215.000000
330.000000
638.000000
1225.000000
224.000000
506.000000
450.000000
114.000000
2605.000000
1521.000000
617.000000
328.000000
1210.000000
417.000000
205.000000
156.000000
225.000000
47.000000
679.000000
823.000000
614.000000
54.000000
1034.000000
485.000000
252.000000
38.000000
290.000000
245.000000
1919.000000
3202.000000
851.000000
407.000000
164.000000
602.000000
84.000000
127.000000
550.000000
154.000000
824.000000
69.000000
1739.000000
196.000000
932.000000
114.000000
257.000000
158.000000
1213.000000
369.000000
1724.000000
374.000000
312.000000
849.000000
220.000000
167.000000
276.000000
1776.000000
168.000000
340.000000
419.000000
4611.000000
452.000000
1406.000000
349.000000
272.000000
334.000000
1381.000000
771.000000
731.000000
579.000000
624.000000
309.000000
149.000000
310.000000
155.000000
812.000000
585.000000
542.000000
102.000000
330.000000
358.000000
236.000000
462.000000
1708.000000
949.000000
271.000000
193.000000
88.000000
211.000000
343.000000
502.000000
178.000000
315.000000
1464.000000
135.000000
66.000000
519.000000
326.000000
1436.000000
566.000000
1640.000000
984.000000
449.000000
151.000000
3775.000000
31.000000
244.000000
227.000000
650.000000
203.000000
338.000000
2802.000000
633.000000
2008.000000
1174.000000
935.000000
602.000000
275.000000
1180.000000
3904.000000
753.000000
359.000000
1577.000000
1610.000000
240.000000
1368.000000
112.000000
1767.000000
795.000000
