1169.000000
254.000000
445.000000
306.000000
525.000000
807.000000
990.000000
244.000000
220.000000
79.000000
835.000000
503.000000
1088.000000
3365.000000
466.000000
376.000000
141.000000
287.000000
58.000000
404.000000
1599.000000
187.000000
94.000000
545.000000
1415.000000
1288.000000
72.000000
383.000000
224.000000
778.000000
192.000000
158.000000
1194.000000
220.000000
471.000000
264.000000
1325.000000
1171.000000
1719.000000
119.000000
240.000000
514.000000
373.000000
696.000000
750.000000
561.000000
144.000000
335.000000
423.000000
576.000000
284.000000
3501.000000
217.000000
527.000000
121.000000
378.000000
180.000000
274.000000
420.000000
290.000000
125.000000
248.000000
113.000000
85.000000
1748.000000
238.000000
84.000000
501.000000
282.000000
502.000000
536.000000
224.000000
420.000000
649.000000
313.000000
319.000000
341.000000
611.000000
259.000000
1022.000000
648.000000
733.000000
336.000000
181.000000
172.000000
82.000000
550.000000
309.000000
373.000000
479.000000
308.000000
281.000000
194.000000
2311.000000
647.000000
590.000000
187.000000
122.000000
130.000000
331.000000
564.000000
305.000000
2005.000000
261.000000
129.000000
449.000000
201.000000
2295.000000
202.000000
1344.000000
105.000000
525.000000
1533.000000
300.000000
574.000000
794.000000
267.000000
592.000000
679.000000
360.000000
417.000000
808.000000
1694.000000
397.000000
102.000000
273.000000
152.000000
575.000000
327.000000
1084.000000
755.000000
166.000000
266.000000
532.000000
629.000000
917.000000
560.000000
220.000000
1276.000000
727.000000
479.000000
327.000000
368.000000
721.000000
238.000000
829.000000
1477.000000
315.000000
96.000000
238.000000
284.000000
90.000000
783.000000
276.000000
31.000000
316.000000
1097.000000
333.000000
81.000000
655.000000
196.000000
380.000000
338.000000
383.000000
283.000000
527.000000
471.000000
440.000000
3384.000000
93.000000
260.000000
426.000000
460.000000
2173.000000
842.000000
207.000000
276.000000
136.000000
562.000000
813.000000
266.000000
1296.000000
1152.000000
561.000000
318.000000
13.000000
454.000000
156.000000
419.000000
1010.000000
755.000000
173.000000
1014.000000
276.000000
514.000000
208.000000
98.000000
121.000000
2432.000000
814.000000
1849.000000
1496.000000
1318.000000
2067.000000
1395.000000
83.000000
2019.000000
146.000000
307.000000
170.000000
514.000000
234.000000
662.000000
180.000000
564.000000
237.000000
812.000000
260.000000
30.000000
694.000000
238.000000
196.000000
867.000000
391.000000
173.000000
29.000000
1331.000000
405.000000
1540.000000
1756.000000
217.000000
132.000000
1502.000000
344.000000
304.000000
2115.000000
4126.000000
67.000000
335.000000
4381.000000
378.000000
241.000000
97.000000
1197.000000
2237.000000
1946.000000
1360.000000
901.000000
230.000000
112.000000
1174.000000
90.000000
73.000000
99.000000
605.000000
379.000000
1042.000000
1792.000000
229.000000
1730.000000
1789.000000
1056.000000
1681.000000
61.000000
167.000000
156.000000
919.000000
919.000000
336.000000
2621.000000
160.000000
267.000000
1179.000000
641.000000
6091.000000
783.000000
146.000000
35.000000
475.000000
258.000000
305.000000
201.000000
210.000000
261.000000
2821.000000
594.000000
1138.000000
545.000000
354.000000
2410.000000
74.000000
192.000000
166.000000
839.000000
236.000000
824.000000
271.000000
349.000000
200.000000
795.000000
939.000000
506.000000
220.000000
151.000000
291.000000
812.000000
516.000000
749.000000
405.000000
334.000000
190.000000
391.000000
1592.000000
85.000000
151.000000
252.000000
1785.000000
639.000000
733.000000
234.000000
2355.000000
529.000000
747.000000
462.000000
299.000000
750.000000
376.000000
1028.000000
588.000000
640.000000
3248.000000
1257.000000
96.000000
39.000000
269.000000
483.000000
125.000000
693.000000
1103.000000
1561.000000
4486.000000
127.000000
428.000000
114.000000
827.000000
302.000000
1335.000000
98.000000
1039.000000
104.000000
1319.000000
110.000000
192.000000
199.000000
302.000000
26.000000
40.000000
60.000000
472.000000
417.000000
370.000000
906.000000
2800.000000
447.000000
1237.000000
616.000000
1556.000000
42.000000
71.000000
272.000000
314.000000
1592.000000
581.000000
1722.000000
211.000000
568.000000
261.000000
1105.000000
348.000000
205.000000
761.000000
220.000000
303.000000
378.000000
222.000000
417.000000
315.000000
390.000000
1371.000000
197.000000
384.000000
982.000000
74.000000
381.000000
304.000000
140.000000
450.000000
308.000000
460.000000
50.000000
105.000000
847.000000
293.000000
1331.000000
591.000000
526.000000
446.000000
72.000000
214.000000
457.000000
692.000000
362.000000
722.000000
488.000000
108.000000
251.000000
414.000000
207.000000
1155.000000
229.000000
2012.000000
196.000000
332.000000
288.000000
500.000000
284.000000
834.000000
172.000000
918.000000
82.000000
939.000000
857.000000
97.000000
796.000000
458.000000
361.000000
292.000000
329.000000
496.000000
804.000000
41.000000
291.000000
48.000000
1470.000000
508.000000
229.000000
1031.000000
124.000000
506.000000
2028.000000
719.000000
139.000000
329.000000
358.000000
185.000000
68.000000
78.000000
135.000000
210.000000
480.000000
1712.000000
985.000000
119.000000
505.000000
141.000000
195.000000
179.000000
216.000000
546.000000
1586.000000
285.000000
1048.000000
440.000000
561.000000
400.000000
438.000000
271.000000
252.000000
965.000000
108.000000
464.000000
209.000000
415.000000
688.000000
249.000000
657.000000
1659.000000
683.000000
423.000000
230.000000
661.000000
356.000000
203.000000
1338.000000
410.000000
294.000000
451.000000
657.000000
567.000000
842.000000
211.000000
539.000000
2693.000000
579.000000
614.000000
403.000000
1489.000000
807.000000
1180.000000
676.000000
546.000000
412.000000
296.000000
294.000000
1343.000000
208.000000
61.000000
233.000000
1102.000000
773.000000
82.000000
574.000000
903.000000
65.000000
437.000000
171.000000
346.000000
240.000000
164.000000
2484.000000
148.000000
560.000000
57.000000
1226.000000
915.000000
1836.000000
591.000000
465.000000
907.000000
142.000000
66.000000
296.000000
6631.000000
1278.000000
774.000000
477.000000
218.000000
4360.000000
3817.000000
379.000000
525.000000
929.000000
241.000000
207.000000
613.000000
1565.000000
338.000000
3149.000000
700.000000
253.000000
536.000000
407.000000
491.000000
971.000000
89.000000
1943.000000
679.000000
739.000000
138.000000
8533.000000
107.000000
642.000000
664.000000
126.000000
88.000000
179.000000
163.000000
38.000000
125.000000
2507.000000
297.000000
1271.000000
361.000000
136.000000
224.000000
595.000000
163.000000
115.000000
646.000000
94.000000
774.000000
1173.000000
109.000000
3906.000000
451.000000
117.000000
308.000000
68.000000
160.000000
99.000000
6184.000000
610.000000
45.000000
96.000000
463.000000
150.000000
207.000000
8248.000000
894.000000
244.000000
844.000000
70.000000
431.000000
673.000000
39.000000
233.000000
210.000000
2137.000000
229.000000
801.000000
217.000000
414.000000
3616.000000
517.000000
1133.000000
894.000000
202.000000
303.000000
426.000000
47.000000
425.000000
646.000000
598.000000
248.000000
178.000000
501.000000
382.000000
474.000000
417.000000
275.000000
533.000000
677.000000
338.000000
662.000000
232.000000
458.000000
1962.000000
737.000000
1845.000000
139.000000
765.000000
787.000000
1637.000000
434.000000
1496.000000
492.000000
337.000000
363.000000
153.000000
188.000000
1401.000000
4339.000000
1207.000000
683.000000
276.000000
455.000000
1896.000000
324.000000
67.000000
391.000000
473.000000
92.000000
367.000000
500.000000
249.000000
1528.000000
158.000000
1297.000000
484.000000
379.000000
2693.000000
394.000000
128.000000
317.000000
545.000000
312.000000
288.000000
270.000000
257.000000
449.000000
1121.000000
90.000000
144.000000
975.000000
337.000000
2752.000000
1247.000000
43.000000
653.000000
208.000000
266.000000
466.000000
233.000000
239.000000
991.000000
475.000000
690.000000
1320.000000
95.000000
764.000000
3457.000000
308.000000
430.000000
217.000000
335.000000
189.000000
712.000000
460.000000
156.000000
336.000000
4245.000000
2136.000000
429.000000
209.000000
373.000000
695.000000
559.000000
315.000000
2226.000000
115.000000
1763.000000
327.000000
1085.000000
320.000000
1012.000000
638.000000
572.000000
597.000000
648.000000
443.000000
454.000000
258.000000
498.000000
392.000000
366.000000
331.000000
381.000000
357.000000
2589.000000
399.000000
138.000000
531.000000
788.000000
314.000000
351.000000
62.000000
86.000000
410.000000
1395.000000
1340.000000
142.000000
276.000000
600.000000
169.000000
108.000000
315.000000
140.000000
222.000000
2976.000000
782.000000
38.000000
1832.000000
171.000000
438.000000
61.000000
156.000000
201.000000
900.000000
400.000000
396.000000
360.000000
923.000000
357.000000
1005.000000
485.000000
31.000000
261.000000
695.000000
474.000000
480.000000
359.000000
1031.000000
103.000000
177.000000
327.000000
47.000000
337.000000
463.000000
284.000000
264.000000
98.000000
1513.000000
49.000000
1423.000000
81.000000
130.000000
620.000000
48.000000
334.000000
81.000000
240.000000
68.000000
2691.000000
313.000000
918.000000
710.000000
164.000000
172.000000
878.000000
957.000000
618.000000
331.000000
223.000000
661.000000
371.000000
162.000000
66.000000
217.000000
1368.000000
549.000000
2803.000000
429.000000
386.000000
1126.000000
68.000000
71.000000
1110.000000
101.000000
315.000000
202.000000
273.000000
295.000000
614.000000
531.000000
152.000000
2576.000000
1447.000000
140.000000
1829.000000
374.000000
417.000000
2123.000000
1252.000000
1083.000000
1059.000000
560.000000
247.000000
393.000000
723.000000
41.000000
164.000000
349.000000
331.000000
1357.000000
667.000000
246.000000
214.000000
307.000000
79.000000
189.000000
277.000000
635.000000
352.000000
6159.000000
811.000000
619.000000
497.000000
231.000000
389.000000
582.000000
171.000000
316.000000
166.000000
146.000000
1118.000000
259.000000
66.000000
403.000000
354.000000
465.000000
590.000000
115.000000
1936.000000
488.000000
554.000000
1506.000000
1478.000000
323.000000
148.000000
446.000000
460.000000
744.000000
1554.000000
235.000000
832.000000
1470.000000
1278.000000
316.000000
261.000000
399.000000
500.000000
125.000000
351.000000
307.000000
1232.000000
530.000000
644.000000
204.000000
791.000000
1073.000000
719.000000
276.000000
905.000000
1224.000000
866.000000
109.000000
604.000000
117.000000
376.000000
3265.000000
1664.000000
314.000000
534.000000
364.000000
373.000000
316.000000
1437.000000
168.000000
257.000000
76.000000
137.000000
188.000000
105.000000
157.000000
292.000000
107.000000
426.000000
1202.000000
918.000000
545.000000
494.000000
763.000000
233.000000
1566.000000
1459.000000
266.000000
3108.000000
193.000000
764.000000
201.000000
1484.000000
51.000000
321.000000
347.000000
202.000000
5264.000000
90.000000
844.000000
2402.000000
993.000000
126.000000
682.000000
465.000000
232.000000
250.000000
135.000000
440.000000
468.000000
179.000000
342.000000
737.000000
4526.000000
612.000000
456.000000
3729.000000
108.000000
27.000000
1228.000000
276.000000
1010.000000
317.000000
82.000000
256.000000
127.000000
898.000000
348.000000
539.000000
2543.000000
116.000000
63.000000
