543.000000
71.000000
729.000000
595.000000
561.000000
661.000000
388.000000
789.000000
149.000000
408.000000
1711.000000
117.000000
738.000000
290.000000
174.000000
550.000000
429.000000
763.000000
1256.000000
420.000000
459.000000
496.000000
195.000000
122.000000
330.000000
616.000000
327.000000
204.000000
348.000000
1620.000000
170.000000
327.000000
329.000000
1348.000000
810.000000
612.000000
1990.000000
687.000000
162.000000
214.000000
71.000000
1328.000000
262.000000
303.000000
118.000000
823.000000
2600.000000
272.000000
151.000000
1607.000000
399.000000
1166.000000
386.000000
110.000000
207.000000
282.000000
273.000000
68.000000
279.000000
1836.000000
914.000000
752.000000
204.000000
649.000000
275.000000
3181.000000
926.000000
3507.000000
1775.000000
233.000000
373.000000
713.000000
657.000000
454.000000
767.000000
140.000000
34.000000
235.000000
336.000000
274.000000
1004.000000
1846.000000
378.000000
877.000000
1967.000000
294.000000
104.000000
1656.000000
284.000000
1136.000000
122.000000
186.000000
247.000000
575.000000
217.000000
1377.000000
386.000000
453.000000
678.000000
83.000000
271.000000
751.000000
1088.000000
387.000000
313.000000
1696.000000
808.000000
39.000000
251.000000
874.000000
413.000000
180.000000
98.000000
997.000000
73.000000
3111.000000
347.000000
337.000000
784.000000
1142.000000
1293.000000
1688.000000
2982.000000
217.000000
236.000000
806.000000
398.000000
741.000000
436.000000
430.000000
457.000000
377.000000
354.000000
106.000000
479.000000
1526.000000
1581.000000
502.000000
130.000000
80.000000
787.000000
2210.000000
452.000000
371.000000
164.000000
829.000000
353.000000
107.000000
188.000000
327.000000
1127.000000
889.000000
502.000000
105.000000
117.000000
686.000000
2066.000000
488.000000
446.000000
236.000000
3747.000000
100.000000
745.000000
1678.000000
925.000000
96.000000
165.000000
259.000000
2091.000000
205.000000
638.000000
427.000000
187.000000
4325.000000
409.000000
152.000000
1308.000000
249.000000
218.000000
493.000000
1022.000000
174.000000
599.000000
584.000000
133.000000
246.000000
383.000000
1553.000000
142.000000
138.000000
153.000000
84.000000
46.000000
897.000000
364.000000
268.000000
740.000000
368.000000
1014.000000
61.000000
393.000000
271.000000
403.000000
1121.000000
555.000000
1439.000000
294.000000
28.000000
272.000000
155.000000
84.000000
1217.000000
602.000000
265.000000
1356.000000
676.000000
124.000000
1706.000000
78.000000
558.000000
1218.000000
188.000000
311.000000
610.000000
54.000000
494.000000
331.000000
556.000000
557.000000
615.000000
50.000000
542.000000
506.000000
166.000000
771.000000
1704.000000
276.000000
422.000000
144.000000
210.000000
201.000000
510.000000
402.000000
1764.000000
712.000000
572.000000
494.000000
121.000000
665.000000
744.000000
114.000000
100.000000
204.000000
336.000000
554.000000
117.000000
3762.000000
370.000000
2064.000000
696.000000
154.000000
797.000000
301.000000
225.000000
561.000000
382.000000
108.000000
171.000000
474.000000
166.000000
633.000000
84.000000
1711.000000
308.000000
172.000000
400.000000
972.000000
1125.000000
164.000000
344.000000
827.000000
959.000000
560.000000
1636.000000
281.000000
413.000000
2974.000000
88.000000
451.000000
256.000000
1483.000000
3267.000000
254.000000
376.000000
1297.000000
486.000000
372.000000
353.000000
847.000000
166.000000
346.000000
358.000000
92.000000
62.000000
388.000000
114.000000
202.000000
236.000000
913.000000
5971.000000
230.000000
251.000000
298.000000
41.000000
374.000000
150.000000
248.000000
135.000000
324.000000
1192.000000
479.000000
78.000000
808.000000
655.000000
837.000000
495.000000
428.000000
1211.000000
129.000000
236.000000
68.000000
109.000000
718.000000
600.000000
269.000000
1451.000000
582.000000
528.000000
234.000000
448.000000
387.000000
458.000000
194.000000
309.000000
480.000000
467.000000
87.000000
150.000000
931.000000
193.000000
655.000000
217.000000
148.000000
247.000000
1781.000000
639.000000
303.000000
173.000000
359.000000
411.000000
318.000000
124.000000
456.000000
156.000000
507.000000
1160.000000
806.000000
669.000000
977.000000
472.000000
212.000000
1187.000000
1014.000000
829.000000
296.000000
335.000000
1443.000000
482.000000
633.000000
124.000000
1976.000000
207.000000
389.000000
168.000000
670.000000
209.000000
378.000000
2376.000000
378.000000
1323.000000
232.000000
36.000000
46.000000
172.000000
840.000000
154.000000
955.000000
199.000000
82.000000
659.000000
477.000000
266.000000
267.000000
365.000000
1311.000000
288.000000
250.000000
1563.000000
404.000000
1516.000000
529.000000
310.000000
293.000000
820.000000
2269.000000
146.000000
237.000000
83.000000
170.000000
314.000000
127.000000
2560.000000
225.000000
732.000000
686.000000
293.000000
239.000000
764.000000
77.000000
174.000000
524.000000
99.000000
297.000000
221.000000
423.000000
311.000000
892.000000
1356.000000
1133.000000
389.000000
266.000000
215.000000
660.000000
672.000000
2245.000000
94.000000
810.000000
121.000000
298.000000
597.000000
1211.000000
299.000000
1525.000000
715.000000
331.000000
921.000000
1044.000000
2090.000000
366.000000
520.000000
194.000000
1894.000000
272.000000
709.000000
122.000000
434.000000
987.000000
2491.000000
431.000000
4329.000000
288.000000
67.000000
204.000000
514.000000
449.000000
361.000000
558.000000
490.000000
632.000000
292.000000
155.000000
395.000000
699.000000
558.000000
262.000000
394.000000
1280.000000
175.000000
539.000000
341.000000
202.000000
671.000000
742.000000
83.000000
327.000000
287.000000
842.000000
54.000000
273.000000
705.000000
910.000000
349.000000
594.000000
273.000000
118.000000
333.000000
151.000000
213.000000
1985.000000
212.000000
319.000000
873.000000
882.000000
382.000000
267.000000
679.000000
653.000000
340.000000
30.000000
1110.000000
112.000000
334.000000
537.000000
144.000000
462.000000
851.000000
133.000000
464.000000
178.000000
225.000000
682.000000
251.000000
158.000000
451.000000
1398.000000
761.000000
1441.000000
127.000000
542.000000
3424.000000
77.000000
236.000000
4580.000000
773.000000
520.000000
102.000000
270.000000
466.000000
94.000000
129.000000
83.000000
142.000000
1302.000000
1132.000000
873.000000
233.000000
1228.000000
982.000000
1027.000000
141.000000
430.000000
470.000000
205.000000
819.000000
761.000000
947.000000
471.000000
3268.000000
1539.000000
382.000000
210.000000
168.000000
183.000000
412.000000
380.000000
82.000000
675.000000
736.000000
2752.000000
269.000000
831.000000
177.000000
437.000000
399.000000
933.000000
1840.000000
130.000000
1767.000000
364.000000
924.000000
505.000000
4578.000000
116.000000
106.000000
226.000000
170.000000
991.000000
235.000000
986.000000
589.000000
896.000000
761.000000
1514.000000
204.000000
2476.000000
694.000000
498.000000
228.000000
411.000000
370.000000
1413.000000
164.000000
312.000000
221.000000
297.000000
126.000000
1632.000000
191.000000
104.000000
6849.000000
1533.000000
511.000000
370.000000
1362.000000
546.000000
1227.000000
748.000000
205.000000
161.000000
142.000000
376.000000
422.000000
69.000000
1100.000000
740.000000
169.000000
405.000000
283.000000
1607.000000
62.000000
316.000000
585.000000
343.000000
1818.000000
171.000000
662.000000
594.000000
635.000000
166.000000
203.000000
23.000000
1291.000000
139.000000
259.000000
888.000000
170.000000
1749.000000
1062.000000
241.000000
386.000000
550.000000
344.000000
155.000000
84.000000
1350.000000
380.000000
123.000000
777.000000
203.000000
1263.000000
862.000000
152.000000
126.000000
226.000000
415.000000
339.000000
710.000000
1748.000000
447.000000
442.000000
1664.000000
231.000000
715.000000
329.000000
726.000000
1384.000000
563.000000
271.000000
343.000000
253.000000
3185.000000
56.000000
692.000000
140.000000
65.000000
904.000000
260.000000
511.000000
1243.000000
364.000000
590.000000
440.000000
1221.000000
123.000000
310.000000
42.000000
222.000000
283.000000
2279.000000
932.000000
329.000000
713.000000
52.000000
399.000000
60.000000
1092.000000
98.000000
124.000000
77.000000
1308.000000
622.000000
20.000000
233.000000
129.000000
1332.000000
73.000000
149.000000
804.000000
771.000000
1261.000000
590.000000
939.000000
1649.000000
1130.000000
1842.000000
526.000000
70.000000
636.000000
121.000000
181.000000
479.000000
72.000000
200.000000
172.000000
35.000000
351.000000
337.000000
235.000000
2728.000000
573.000000
761.000000
266.000000
267.000000
1189.000000
340.000000
2645.000000
228.000000
111.000000
212.000000
1987.000000
55.000000
1283.000000
935.000000
2757.000000
154.000000
164.000000
457.000000
732.000000
776.000000
717.000000
1268.000000
4945.000000
1686.000000
1039.000000
142.000000
1067.000000
691.000000
1096.000000
175.000000
1193.000000
74.000000
786.000000
508.000000
66.000000
683.000000
256.000000
6878.000000
644.000000
665.000000
628.000000
61.000000
526.000000
451.000000
51.000000
1193.000000
607.000000
564.000000
317.000000
150.000000
104.000000
3056.000000
84.000000
429.000000
601.000000
1256.000000
489.000000
879.000000
67.000000
791.000000
1084.000000
194.000000
627.000000
626.000000
253.000000
370.000000
191.000000
1595.000000
65.000000
451.000000
249.000000
484.000000
1129.000000
185.000000
512.000000
254.000000
198.000000
588.000000
8.000000
598.000000
451.000000
132.000000
424.000000
336.000000
637.000000
1417.000000
2051.000000
525.000000
278.000000
1552.000000
154.000000
173.000000
208.000000
928.000000
165.000000
280.000000
310.000000
41.000000
673.000000
252.000000
108.000000
297.000000
427.000000
213.000000
238.000000
135.000000
141.000000
1010.000000
693.000000
2069.000000
652.000000
320.000000
907.000000
173.000000
630.000000
1293.000000
402.000000
688.000000
260.000000
547.000000
860.000000
70.000000
1217.000000
2424.000000
567.000000
125.000000
250.000000
338.000000
880.000000
229.000000
846.000000
190.000000
183.000000
516.000000
527.000000
416.000000
554.000000
295.000000
324.000000
183.000000
128.000000
179.000000
241.000000
114.000000
277.000000
610.000000
442.000000
772.000000
122.000000
676.000000
81.000000
1131.000000
545.000000
1664.000000
90.000000
399.000000
862.000000
548.000000
271.000000
97.000000
169.000000
145.000000
78.000000
248.000000
106.000000
148.000000
551.000000
125.000000
1631.000000
726.000000
167.000000
103.000000
27.000000
215.000000
919.000000
5314.000000
1117.000000
437.000000
886.000000
275.000000
42.000000
223.000000
418.000000
298.000000
657.000000
2579.000000
252.000000
125.000000
580.000000
1848.000000
580.000000
713.000000
881.000000
1685.000000
224.000000
359.000000
215.000000
958.000000
298.000000
1524.000000
113.000000
138.000000
823.000000
430.000000
311.000000
156.000000
322.000000
170.000000
508.000000
835.000000
356.000000
1250.000000
810.000000
238.000000
343.000000
874.000000
178.000000
402.000000
539.000000
1339.000000
446.000000
1214.000000
245.000000
876.000000
123.000000
627.000000
664.000000
1334.000000
519.000000
425.000000
613.000000
245.000000
126.000000
471.000000
1430.000000
156.000000
886.000000
517.000000
108.000000
788.000000
932.000000
1522.000000
96.000000
330.000000
822.000000
94.000000
1477.000000
260.000000
1082.000000
6275.000000
252.000000
