539.000000
77.000000
784.000000
194.000000
231.000000
816.000000
71.000000
189.000000
338.000000
1015.000000
406.000000
278.000000
148.000000
729.000000
407.000000
461.000000
441.000000
652.000000
1922.000000
445.000000
1286.000000
166.000000
1430.000000
854.000000
79.000000
352.000000
1498.000000
1932.000000
1977.000000
625.000000
1347.000000
440.000000
396.000000
356.000000
2244.000000
80.000000
39.000000
1725.000000
363.000000
182.000000
122.000000
184.000000
527.000000
451.000000
718.000000
1456.000000
1059.000000
80.000000
347.000000
281.000000
538.000000
574.000000
1206.000000
302.000000
146.000000
221.000000
1229.000000
906.000000
327.000000
107.000000
721.000000
142.000000
635.000000
1961.000000
426.000000
4159.000000
463.000000
538.000000
331.000000
124.000000
210.000000
1981.000000
1280.000000
1100.000000
216.000000
238.000000
869.000000
875.000000
262.000000
893.000000
1313.000000
61.000000
587.000000
444.000000
339.000000
592.000000
1480.000000
489.000000
4013.000000
589.000000
877.000000
978.000000
430.000000
285.000000
118.000000
1694.000000
184.000000
241.000000
8991.000000
63.000000
431.000000
481.000000
1134.000000
399.000000
935.000000
122.000000
406.000000
674.000000
5450.000000
36.000000
2858.000000
354.000000
74.000000
543.000000
1154.000000
209.000000
1271.000000
213.000000
244.000000
5014.000000
1122.000000
436.000000
146.000000
585.000000
1215.000000
743.000000
264.000000
155.000000
117.000000
1848.000000
311.000000
166.000000
391.000000
406.000000
146.000000
249.000000
381.000000
611.000000
180.000000
401.000000
318.000000
665.000000
246.000000
363.000000
773.000000
363.000000
71.000000
28.000000
110.000000
750.000000
655.000000
88.000000
202.000000
256.000000
173.000000
556.000000
2410.000000
5324.000000
1038.000000
325.000000
174.000000
153.000000
92.000000
313.000000
683.000000
77.000000
836.000000
121.000000
467.000000
716.000000
911.000000
310.000000
325.000000
348.000000
103.000000
232.000000
30.000000
162.000000
549.000000
616.000000
1308.000000
202.000000
1045.000000
799.000000
111.000000
136.000000
310.000000
166.000000
73.000000
256.000000
1173.000000
148.000000
203.000000
55.000000
1058.000000
267.000000
347.000000
259.000000
2560.000000
603.000000
327.000000
447.000000
10.000000
742.000000
712.000000
344.000000
599.000000
239.000000
451.000000
645.000000
2532.000000
526.000000
712.000000
397.000000
622.000000
2068.000000
314.000000
67.000000
692.000000
185.000000
534.000000
564.000000
528.000000
175.000000
241.000000
446.000000
191.000000
130.000000
332.000000
747.000000
103.000000
582.000000
646.000000
1147.000000
484.000000
154.000000
977.000000
4659.000000
105.000000
650.000000
1018.000000
571.000000
1512.000000
227.000000
216.000000
347.000000
308.000000
177.000000
191.000000
431.000000
594.000000
566.000000
156.000000
123.000000
652.000000
727.000000
308.000000
91.000000
765.000000
30.000000
388.000000
919.000000
2406.000000
304.000000
53.000000
1003.000000
93.000000
1520.000000
1974.000000
301.000000
464.000000
696.000000
1022.000000
940.000000
557.000000
2294.000000
450.000000
220.000000
1228.000000
401.000000
2075.000000
142.000000
536.000000
863.000000
427.000000
120.000000
182.000000
2416.000000
894.000000
298.000000
221.000000
399.000000
527.000000
783.000000
210.000000
250.000000
1009.000000
135.000000
195.000000
1432.000000
771.000000
67.000000
206.000000
38.000000
999.000000
239.000000
1026.000000
1711.000000
328.000000
388.000000
89.000000
558.000000
556.000000
509.000000
1227.000000
1376.000000
677.000000
742.000000
697.000000
145.000000
519.000000
2714.000000
745.000000
1114.000000
187.000000
426.000000
190.000000
139.000000
377.000000
1448.000000
195.000000
2039.000000
1861.000000
468.000000
29.000000
168.000000
733.000000
136.000000
313.000000
105.000000
266.000000
453.000000
205.000000
155.000000
106.000000
326.000000
464.000000
440.000000
375.000000
534.000000
130.000000
660.000000
251.000000
368.000000
925.000000
12307.000000
1419.000000
550.000000
940.000000
343.000000
474.000000
45.000000
81.000000
219.000000
920.000000
159.000000
689.000000
1776.000000
278.000000
485.000000
36.000000
835.000000
53.000000
736.000000
376.000000
74.000000
289.000000
726.000000
493.000000
372.000000
148.000000
533.000000
250.000000
2443.000000
266.000000
1302.000000
467.000000
469.000000
111.000000
174.000000
286.000000
68.000000
679.000000
134.000000
727.000000
128.000000
114.000000
138.000000
445.000000
326.000000
272.000000
201.000000
115.000000
577.000000
31.000000
431.000000
407.000000
256.000000
2013.000000
1165.000000
206.000000
203.000000
376.000000
4134.000000
268.000000
132.000000
209.000000
140.000000
805.000000
383.000000
397.000000
356.000000
689.000000
181.000000
835.000000
135.000000
214.000000
193.000000
515.000000
320.000000
176.000000
1141.000000
241.000000
336.000000
52.000000
1754.000000
1780.000000
315.000000
702.000000
60.000000
298.000000
100.000000
206.000000
402.000000
1915.000000
282.000000
110.000000
324.000000
567.000000
572.000000
145.000000
91.000000
2277.000000
886.000000
138.000000
125.000000
461.000000
694.000000
90.000000
90.000000
298.000000
125.000000
514.000000
2407.000000
197.000000
99.000000
1496.000000
1416.000000
379.000000
167.000000
226.000000
41.000000
853.000000
822.000000
1134.000000
314.000000
79.000000
88.000000
548.000000
1266.000000
743.000000
1182.000000
108.000000
51.000000
106.000000
306.000000
188.000000
91.000000
182.000000
255.000000
460.000000
483.000000
148.000000
1244.000000
591.000000
141.000000
117.000000
410.000000
504.000000
269.000000
655.000000
404.000000
509.000000
366.000000
1356.000000
286.000000
140.000000
287.000000
547.000000
635.000000
980.000000
322.000000
256.000000
385.000000
365.000000
1807.000000
1859.000000
335.000000
108.000000
54.000000
214.000000
261.000000
587.000000
311.000000
1859.000000
183.000000
255.000000
1396.000000
41.000000
380.000000
92.000000
1101.000000
111.000000
546.000000
1474.000000
137.000000
321.000000
92.000000
2884.000000
270.000000
266.000000
78.000000
515.000000
90.000000
1896.000000
397.000000
254.000000
373.000000
256.000000
193.000000
1457.000000
577.000000
194.000000
249.000000
516.000000
392.000000
1277.000000
699.000000
1400.000000
332.000000
57.000000
436.000000
279.000000
1311.000000
107.000000
570.000000
157.000000
727.000000
50.000000
179.000000
1251.000000
1185.000000
301.000000
797.000000
168.000000
431.000000
750.000000
115.000000
390.000000
1734.000000
234.000000
309.000000
405.000000
323.000000
26.000000
1190.000000
274.000000
391.000000
952.000000
566.000000
76.000000
37.000000
612.000000
94.000000
279.000000
1155.000000
2590.000000
2359.000000
139.000000
522.000000
141.000000
440.000000
1874.000000
406.000000
192.000000
1401.000000
402.000000
296.000000
610.000000
557.000000
901.000000
242.000000
1966.000000
222.000000
228.000000
349.000000
111.000000
974.000000
616.000000
325.000000
457.000000
852.000000
218.000000
102.000000
373.000000
123.000000
224.000000
125.000000
410.000000
344.000000
973.000000
541.000000
244.000000
311.000000
859.000000
1742.000000
91.000000
237.000000
383.000000
216.000000
1401.000000
1611.000000
1413.000000
370.000000
466.000000
184.000000
87.000000
317.000000
1033.000000
169.000000
123.000000
3427.000000
53.000000
137.000000
539.000000
364.000000
249.000000
116.000000
68.000000
249.000000
547.000000
2697.000000
276.000000
143.000000
99.000000
785.000000
1377.000000
775.000000
535.000000
1417.000000
397.000000
403.000000
166.000000
78.000000
229.000000
2052.000000
234.000000
376.000000
260.000000
2339.000000
158.000000
1448.000000
486.000000
448.000000
462.000000
412.000000
180.000000
77.000000
1188.000000
354.000000
848.000000
239.000000
543.000000
320.000000
1644.000000
410.000000
1090.000000
1917.000000
71.000000
1700.000000
547.000000
491.000000
329.000000
583.000000
1910.000000
184.000000
196.000000
500.000000
1232.000000
818.000000
127.000000
503.000000
181.000000
104.000000
168.000000
177.000000
866.000000
12860.000000
1434.000000
320.000000
3510.000000
77.000000
651.000000
864.000000
64.000000
5688.000000
737.000000
723.000000
213.000000
206.000000
277.000000
7056.000000
454.000000
292.000000
610.000000
386.000000
1566.000000
355.000000
194.000000
144.000000
236.000000
3380.000000
202.000000
877.000000
157.000000
230.000000
383.000000
218.000000
1651.000000
820.000000
1527.000000
295.000000
274.000000
768.000000
46.000000
356.000000
197.000000
443.000000
403.000000
663.000000
818.000000
87.000000
193.000000
731.000000
631.000000
575.000000
968.000000
176.000000
145.000000
211.000000
133.000000
557.000000
1367.000000
608.000000
1394.000000
788.000000
673.000000
114.000000
439.000000
267.000000
141.000000
2562.000000
1042.000000
1276.000000
522.000000
1296.000000
370.000000
323.000000
94.000000
669.000000
853.000000
484.000000
230.000000
3248.000000
609.000000
220.000000
373.000000
246.000000
2841.000000
320.000000
57.000000
249.000000
558.000000
1405.000000
60.000000
378.000000
1040.000000
620.000000
533.000000
1396.000000
123.000000
191.000000
442.000000
338.000000
3447.000000
426.000000
230.000000
756.000000
1063.000000
180.000000
349.000000
359.000000
2361.000000
42.000000
277.000000
663.000000
792.000000
368.000000
654.000000
481.000000
1341.000000
85.000000
562.000000
1046.000000
71.000000
308.000000
321.000000
558.000000
79.000000
54.000000
4057.000000
362.000000
365.000000
686.000000
202.000000
682.000000
467.000000
693.000000
454.000000
2000.000000
117.000000
96.000000
1595.000000
170.000000
234.000000
916.000000
581.000000
159.000000
572.000000
68.000000
96.000000
238.000000
693.000000
1621.000000
106.000000
1589.000000
478.000000
370.000000
349.000000
226.000000
251.000000
575.000000
1552.000000
569.000000
398.000000
217.000000
1051.000000
149.000000
62.000000
51.000000
164.000000
234.000000
1779.000000
1586.000000
954.000000
150.000000
199.000000
70.000000
114.000000
1170.000000
110.000000
873.000000
303.000000
6449.000000
176.000000
156.000000
237.000000
314.000000
3987.000000
858.000000
438.000000
1261.000000
1368.000000
354.000000
3996.000000
2874.000000
196.000000
783.000000
1465.000000
804.000000
1845.000000
179.000000
1266.000000
86.000000
29.000000
179.000000
807.000000
307.000000
365.000000
90.000000
1899.000000
496.000000
233.000000
1183.000000
211.000000
383.000000
334.000000
1018.000000
601.000000
758.000000
476.000000
396.000000
222.000000
392.000000
355.000000
1168.000000
551.000000
1061.000000
372.000000
281.000000
126.000000
342.000000
627.000000
629.000000
537.000000
238.000000
1110.000000
435.000000
426.000000
738.000000
302.000000
220.000000
260.000000
265.000000
616.000000
366.000000
62.000000
414.000000
528.000000
31.000000
208.000000
322.000000
1665.000000
302.000000
50.000000
248.000000
221.000000
1484.000000
161.000000
684.000000
615.000000
56.000000
1417.000000
177.000000
749.000000
1608.000000
1013.000000
1408.000000
597.000000
10899.000000
347.000000
553.000000
151.000000
576.000000
1019.000000
1175.000000
570.000000
142.000000
111.000000
124.000000
833.000000
773.000000
144.000000
689.000000
346.000000
1415.000000
751.000000
1895.000000
670.000000
688.000000
