1742.000000
471.000000
1594.000000
51.000000
2985.000000
722.000000
1189.000000
296.000000
243.000000
668.000000
244.000000
158.000000
226.000000
208.000000
850.000000
1321.000000
173.000000
139.000000
3318.000000
615.000000
947.000000
392.000000
794.000000
131.000000
238.000000
463.000000
94.000000
151.000000
525.000000
46.000000
1335.000000
1225.000000
1342.000000
185.000000
1094.000000
234.000000
1037.000000
453.000000
134.000000
361.000000
154.000000
269.000000
154.000000
2250.000000
459.000000
209.000000
282.000000
100.000000
329.000000
1776.000000
447.000000
264.000000
468.000000
358.000000
791.000000
881.000000
1863.000000
449.000000
57.000000
543.000000
387.000000
110.000000
189.000000
1313.000000
141.000000
107.000000
66.000000
156.000000
793.000000
124.000000
429.000000
184.000000
191.000000
77.000000
101.000000
440.000000
935.000000
222.000000
1083.000000
1768.000000
897.000000
494.000000
201.000000
113.000000
261.000000
784.000000
143.000000
281.000000
92.000000
281.000000
198.000000
884.000000
363.000000
355.000000
842.000000
840.000000
368.000000
1004.000000
209.000000
228.000000
487.000000
498.000000
363.000000
207.000000
1779.000000
990.000000
212.000000
464.000000
117.000000
223.000000
247.000000
2695.000000
305.000000
1048.000000
177.000000
350.000000
259.000000
346.000000
722.000000
656.000000
334.000000
1054.000000
760.000000
965.000000
683.000000
221.000000
618.000000
790.000000
41.000000
450.000000
287.000000
1222.000000
601.000000
35.000000
191.000000
195.000000
534.000000
528.000000
79.000000
193.000000
332.000000
492.000000
682.000000
1598.000000
361.000000
1661.000000
966.000000
469.000000
138.000000
619.000000
2034.000000
566.000000
323.000000
135.000000
946.000000
2522.000000
1896.000000
828.000000
204.000000
702.000000
2136.000000
84.000000
1070.000000
469.000000
180.000000
864.000000
307.000000
425.000000
474.000000
4213.000000
272.000000
288.000000
724.000000
320.000000
344.000000
916.000000
717.000000
911.000000
5317.000000
360.000000
359.000000
140.000000
483.000000
101.000000
334.000000
2431.000000
906.000000
471.000000
353.000000
475.000000
738.000000
1161.000000
76.000000
384.000000
786.000000
650.000000
1000.000000
150.000000
58.000000
191.000000
153.000000
1925.000000
356.000000
641.000000
317.000000
1087.000000
673.000000
442.000000
1304.000000
461.000000
638.000000
411.000000
142.000000
165.000000
201.000000
576.000000
995.000000
218.000000
150.000000
380.000000
685.000000
152.000000
213.000000
123.000000
1098.000000
566.000000
701.000000
914.000000
233.000000
774.000000
204.000000
286.000000
81.000000
718.000000
173.000000
601.000000
69.000000
165.000000
1123.000000
266.000000
114.000000
177.000000
237.000000
744.000000
395.000000
420.000000
768.000000
394.000000
271.000000
150.000000
563.000000
633.000000
481.000000
1873.000000
1433.000000
595.000000
1110.000000
574.000000
85.000000
785.000000
1072.000000
217.000000
285.000000
297.000000
343.000000
1131.000000
111.000000
282.000000
509.000000
496.000000
842.000000
219.000000
829.000000
272.000000
280.000000
190.000000
201.000000
1070.000000
2435.000000
1002.000000
522.000000
2925.000000
113.000000
1236.000000
103.000000
163.000000
261.000000
151.000000
118.000000
24.000000
94.000000
644.000000
680.000000
454.000000
278.000000
542.000000
54.000000
348.000000
804.000000
139.000000
1036.000000
972.000000
532.000000
257.000000
276.000000
801.000000
400.000000
963.000000
754.000000
570.000000
741.000000
1089.000000
255.000000
621.000000
837.000000
180.000000
1450.000000
90.000000
71.000000
86.000000
4663.000000
583.000000
1541.000000
423.000000
285.000000
504.000000
336.000000
348.000000
49.000000
1294.000000
264.000000
66.000000
1171.000000
695.000000
243.000000
219.000000
34.000000
737.000000
1842.000000
452.000000
209.000000
984.000000
204.000000
322.000000
1428.000000
160.000000
156.000000
55.000000
305.000000
1549.000000
920.000000
423.000000
184.000000
777.000000
80.000000
208.000000
693.000000
260.000000
412.000000
997.000000
74.000000
308.000000
1604.000000
1812.000000
409.000000
350.000000
614.000000
303.000000
1276.000000
643.000000
145.000000
936.000000
449.000000
143.000000
355.000000
1399.000000
150.000000
402.000000
928.000000
282.000000
409.000000
417.000000
107.000000
351.000000
110.000000
497.000000
188.000000
1035.000000
249.000000
729.000000
745.000000
107.000000
134.000000
85.000000
7117.000000
588.000000
529.000000
1979.000000
88.000000
66.000000
414.000000
145.000000
224.000000
147.000000
1710.000000
526.000000
201.000000
454.000000
385.000000
515.000000
199.000000
197.000000
642.000000
2324.000000
85.000000
957.000000
207.000000
364.000000
331.000000
164.000000
564.000000
342.000000
335.000000
260.000000
922.000000
184.000000
215.000000
284.000000
676.000000
1128.000000
6727.000000
420.000000
587.000000
2088.000000
619.000000
1299.000000
300.000000
339.000000
146.000000
964.000000
464.000000
1347.000000
602.000000
85.000000
160.000000
3168.000000
1528.000000
165.000000
214.000000
305.000000
492.000000
745.000000
392.000000
235.000000
1186.000000
140.000000
697.000000
288.000000
202.000000
282.000000
270.000000
188.000000
1354.000000
76.000000
386.000000
179.000000
68.000000
188.000000
146.000000
1808.000000
127.000000
190.000000
311.000000
84.000000
805.000000
282.000000
632.000000
501.000000
772.000000
129.000000
501.000000
211.000000
217.000000
265.000000
186.000000
157.000000
374.000000
425.000000
309.000000
36.000000
1797.000000
23.000000
296.000000
60.000000
559.000000
199.000000
2174.000000
428.000000
4999.000000
117.000000
489.000000
70.000000
439.000000
199.000000
491.000000
45.000000
431.000000
417.000000
897.000000
176.000000
811.000000
1355.000000
174.000000
255.000000
963.000000
640.000000
114.000000
1823.000000
172.000000
1367.000000
636.000000
371.000000
92.000000
359.000000
568.000000
371.000000
1508.000000
426.000000
1398.000000
2123.000000
1831.000000
311.000000
805.000000
128.000000
832.000000
214.000000
101.000000
63.000000
1978.000000
1839.000000
51.000000
277.000000
51.000000
2803.000000
138.000000
270.000000
1010.000000
183.000000
35.000000
2037.000000
442.000000
209.000000
1354.000000
171.000000
143.000000
207.000000
228.000000
60.000000
223.000000
484.000000
67.000000
124.000000
1630.000000
317.000000
477.000000
1204.000000
380.000000
224.000000
170.000000
69.000000
176.000000
223.000000
869.000000
249.000000
407.000000
86.000000
1066.000000
299.000000
1017.000000
220.000000
115.000000
406.000000
547.000000
55.000000
4095.000000
370.000000
709.000000
166.000000
2144.000000
367.000000
54.000000
695.000000
264.000000
1018.000000
572.000000
770.000000
84.000000
412.000000
983.000000
432.000000
65.000000
131.000000
249.000000
269.000000
125.000000
413.000000
445.000000
491.000000
867.000000
169.000000
3751.000000
469.000000
812.000000
490.000000
330.000000
68.000000
95.000000
1166.000000
224.000000
192.000000
161.000000
238.000000
188.000000
694.000000
606.000000
1241.000000
190.000000
2803.000000
144.000000
89.000000
366.000000
110.000000
196.000000
38.000000
78.000000
451.000000
555.000000
1133.000000
202.000000
281.000000
231.000000
147.000000
1753.000000
1083.000000
1247.000000
142.000000
218.000000
232.000000
59.000000
497.000000
617.000000
256.000000
513.000000
695.000000
9162.000000
501.000000
119.000000
2419.000000
379.000000
214.000000
384.000000
415.000000
474.000000
421.000000
228.000000
1205.000000
1464.000000
2897.000000
69.000000
185.000000
321.000000
48.000000
1063.000000
118.000000
2173.000000
644.000000
47.000000
1364.000000
489.000000
967.000000
2435.000000
507.000000
141.000000
231.000000
429.000000
760.000000
879.000000
174.000000
1063.000000
1131.000000
1625.000000
861.000000
119.000000
535.000000
734.000000
624.000000
442.000000
129.000000
456.000000
119.000000
1300.000000
2083.000000
158.000000
4450.000000
689.000000
1140.000000
453.000000
718.000000
2419.000000
1474.000000
169.000000
745.000000
280.000000
658.000000
871.000000
151.000000
449.000000
248.000000
326.000000
881.000000
307.000000
1154.000000
629.000000
72.000000
347.000000
228.000000
1231.000000
2237.000000
1401.000000
298.000000
313.000000
640.000000
116.000000
1012.000000
461.000000
1321.000000
213.000000
1796.000000
126.000000
659.000000
170.000000
456.000000
740.000000
494.000000
197.000000
52.000000
247.000000
180.000000
1858.000000
105.000000
1140.000000
2701.000000
1036.000000
779.000000
265.000000
1161.000000
119.000000
41.000000
455.000000
904.000000
745.000000
1035.000000
130.000000
959.000000
736.000000
251.000000
210.000000
423.000000
3679.000000
1231.000000
42.000000
174.000000
794.000000
571.000000
1207.000000
676.000000
473.000000
92.000000
1999.000000
51.000000
302.000000
730.000000
874.000000
485.000000
619.000000
250.000000
2026.000000
858.000000
2392.000000
507.000000
1137.000000
330.000000
33.000000
66.000000
1242.000000
622.000000
525.000000
57.000000
233.000000
156.000000
393.000000
401.000000
362.000000
541.000000
584.000000
1468.000000
342.000000
1311.000000
419.000000
773.000000
734.000000
81.000000
46.000000
597.000000
124.000000
384.000000
586.000000
324.000000
454.000000
978.000000
493.000000
435.000000
772.000000
301.000000
93.000000
3777.000000
164.000000
929.000000
163.000000
274.000000
123.000000
571.000000
1524.000000
2519.000000
437.000000
371.000000
2270.000000
133.000000
411.000000
792.000000
607.000000
424.000000
981.000000
214.000000
5109.000000
232.000000
303.000000
2113.000000
174.000000
123.000000
115.000000
531.000000
2615.000000
1861.000000
280.000000
997.000000
422.000000
569.000000
810.000000
812.000000
922.000000
485.000000
265.000000
95.000000
3902.000000
161.000000
388.000000
3703.000000
264.000000
74.000000
320.000000
208.000000
757.000000
1904.000000
327.000000
265.000000
641.000000
281.000000
146.000000
913.000000
556.000000
1631.000000
813.000000
337.000000
609.000000
580.000000
139.000000
1235.000000
1100.000000
257.000000
549.000000
171.000000
195.000000
71.000000
382.000000
1285.000000
589.000000
468.000000
344.000000
28.000000
822.000000
154.000000
272.000000
1652.000000
765.000000
313.000000
423.000000
107.000000
552.000000
220.000000
387.000000
1071.000000
410.000000
1560.000000
394.000000
288.000000
719.000000
190.000000
199.000000
485.000000
239.000000
593.000000
747.000000
436.000000
83.000000
491.000000
2516.000000
465.000000
526.000000
2943.000000
197.000000
704.000000
912.000000
342.000000
526.000000
556.000000
1612.000000
706.000000
843.000000
1822.000000
145.000000
92.000000
55.000000
1561.000000
1171.000000
496.000000
542.000000
659.000000
430.000000
3027.000000
411.000000
139.000000
31.000000
3856.000000
300.000000
208.000000
723.000000
243.000000
91.000000
198.000000
319.000000
4519.000000
938.000000
1230.000000
117.000000
252.000000
480.000000
94.000000
148.000000
256.000000
819.000000
179.000000
742.000000
160.000000
185.000000
584.000000
313.000000
307.000000
1237.000000
3053.000000
252.000000
717.000000
1263.000000
1570.000000
1280.000000
256.000000
731.000000
553.000000
467.000000
336.000000
477.000000
333.000000
509.000000
44.000000
1387.000000
150.000000
361.000000
905.000000
109.000000
308.000000
