317.000000
2108.000000
422.000000
193.000000
446.000000
59.000000
121.000000
228.000000
148.000000
258.000000
997.000000
529.000000
1422.000000
397.000000
511.000000
159.000000
504.000000
1021.000000
762.000000
1476.000000
189.000000
43.000000
56.000000
420.000000
677.000000
298.000000
859.000000
835.000000
1414.000000
291.000000
556.000000
187.000000
711.000000
322.000000
852.000000
986.000000
302.000000
1445.000000
543.000000
3022.000000
174.000000
863.000000
971.000000
790.000000
60.000000
456.000000
4202.000000
475.000000
72.000000
3610.000000
231.000000
857.000000
604.000000
334.000000
67.000000
118.000000
2135.000000
814.000000
649.000000
494.000000
188.000000
308.000000
407.000000
1494.000000
153.000000
1176.000000
509.000000
144.000000
323.000000
1397.000000
297.000000
655.000000
124.000000
651.000000
367.000000
806.000000
88.000000
261.000000
136.000000
305.000000
150.000000
2011.000000
69.000000
203.000000
56.000000
76.000000
184.000000
220.000000
215.000000
740.000000
461.000000
25.000000
4237.000000
98.000000
166.000000
160.000000
576.000000
631.000000
171.000000
1407.000000
2715.000000
419.000000
910.000000
415.000000
108.000000
1125.000000
57.000000
99.000000
223.000000
153.000000
825.000000
328.000000
250.000000
976.000000
264.000000
1006.000000
143.000000
864.000000
2467.000000
70.000000
1173.000000
818.000000
611.000000
1266.000000
225.000000
1308.000000
1080.000000
334.000000
303.000000
466.000000
331.000000
129.000000
435.000000
216.000000
721.000000
172.000000
723.000000
583.000000
2753.000000
930.000000
146.000000
101.000000
101.000000
89.000000
223.000000
774.000000
355.000000
1955.000000
146.000000
761.000000
108.000000
503.000000
77.000000
379.000000
645.000000
1419.000000
303.000000
326.000000
176.000000
394.000000
293.000000
1109.000000
299.000000
795.000000
123.000000
713.000000
4755.000000
184.000000
245.000000
1324.000000
125.000000
545.000000
699.000000
7997.000000
942.000000
127.000000
909.000000
897.000000
841.000000
745.000000
3018.000000
80.000000
8380.000000
179.000000
181.000000
88.000000
302.000000
5502.000000
240.000000
425.000000
1869.000000
232.000000
1799.000000
98.000000
1250.000000
1428.000000
311.000000
439.000000
442.000000
899.000000
184.000000
734.000000
323.000000
170.000000
3000.000000
96.000000
3356.000000
183.000000
240.000000
675.000000
385.000000
1450.000000
239.000000
522.000000
814.000000
199.000000
212.000000
153.000000
65.000000
94.000000
54.000000
1468.000000
898.000000
496.000000
120.000000
162.000000
210.000000
776.000000
53.000000
645.000000
782.000000
325.000000
643.000000
658.000000
502.000000
40.000000
1515.000000
1173.000000
269.000000
576.000000
312.000000
798.000000
303.000000
261.000000
791.000000
120.000000
979.000000
486.000000
176.000000
542.000000
1536.000000
502.000000
617.000000
263.000000
239.000000
346.000000
385.000000
1736.000000
1015.000000
65.000000
797.000000
646.000000
253.000000
2807.000000
336.000000
726.000000
170.000000
112.000000
1020.000000
722.000000
1372.000000
180.000000
429.000000
1071.000000
147.000000
180.000000
2629.000000
228.000000
87.000000
561.000000
860.000000
208.000000
336.000000
89.000000
459.000000
251.000000
1197.000000
1466.000000
409.000000
1435.000000
412.000000
158.000000
122.000000
2631.000000
1417.000000
1232.000000
438.000000
309.000000
197.000000
236.000000
52.000000
8897.000000
919.000000
305.000000
728.000000
2485.000000
311.000000
250.000000
458.000000
1510.000000
641.000000
807.000000
164.000000
576.000000
391.000000
402.000000
1378.000000
151.000000
4132.000000
217.000000
716.000000
89.000000
423.000000
102.000000
352.000000
345.000000
367.000000
347.000000
647.000000
1194.000000
1133.000000
411.000000
471.000000
254.000000
258.000000
2122.000000
103.000000
288.000000
501.000000
184.000000
335.000000
637.000000
362.000000
637.000000
1134.000000
1333.000000
4760.000000
1683.000000
198.000000
83.000000
240.000000
224.000000
296.000000
378.000000
1556.000000
775.000000
2991.000000
432.000000
4033.000000
176.000000
290.000000
418.000000
170.000000
53.000000
357.000000
1207.000000
203.000000
2146.000000
322.000000
245.000000
519.000000
1779.000000
262.000000
1065.000000
751.000000
52.000000
443.000000
34.000000
226.000000
2165.000000
430.000000
63.000000
498.000000
332.000000
1338.000000
413.000000
811.000000
656.000000
484.000000
1246.000000
607.000000
737.000000
60.000000
1738.000000
709.000000
921.000000
264.000000
1323.000000
1168.000000
105.000000
97.000000
97.000000
302.000000
1156.000000
156.000000
2129.000000
148.000000
1010.000000
261.000000
266.000000
437.000000
220.000000
331.000000
135.000000
249.000000
1095.000000
851.000000
2015.000000
98.000000
67.000000
391.000000
424.000000
195.000000
188.000000
200.000000
978.000000
1631.000000
100.000000
252.000000
380.000000
528.000000
370.000000
314.000000
315.000000
715.000000
311.000000
965.000000
437.000000
175.000000
426.000000
969.000000
2063.000000
180.000000
251.000000
251.000000
14.000000
1322.000000
66.000000
791.000000
60.000000
1337.000000
674.000000
640.000000
423.000000
3793.000000
319.000000
534.000000
380.000000
665.000000
515.000000
2190.000000
242.000000
468.000000
294.000000
158.000000
573.000000
189.000000
155.000000
1825.000000
297.000000
118.000000
337.000000
48.000000
220.000000
93.000000
678.000000
305.000000
440.000000
406.000000
284.000000
150.000000
388.000000
555.000000
179.000000
1039.000000
956.000000
666.000000
869.000000
221.000000
430.000000
867.000000
38.000000
85.000000
1555.000000
1027.000000
1863.000000
217.000000
176.000000
1170.000000
662.000000
1398.000000
223.000000
1155.000000
1815.000000
583.000000
726.000000
6897.000000
340.000000
195.000000
1644.000000
879.000000
164.000000
2336.000000
28.000000
527.000000
657.000000
1113.000000
229.000000
5207.000000
688.000000
387.000000
769.000000
57.000000
1331.000000
297.000000
2001.000000
214.000000
459.000000
36.000000
879.000000
975.000000
288.000000
978.000000
1304.000000
471.000000
2473.000000
626.000000
151.000000
153.000000
654.000000
428.000000
106.000000
313.000000
619.000000
96.000000
263.000000
1287.000000
786.000000
196.000000
296.000000
124.000000
5621.000000
218.000000
274.000000
281.000000
826.000000
164.000000
188.000000
852.000000
853.000000
193.000000
453.000000
2012.000000
1023.000000
830.000000
502.000000
243.000000
2216.000000
136.000000
342.000000
470.000000
196.000000
199.000000
271.000000
976.000000
982.000000
103.000000
1269.000000
588.000000
341.000000
333.000000
54.000000
739.000000
804.000000
619.000000
1110.000000
1733.000000
130.000000
263.000000
419.000000
912.000000
1184.000000
93.000000
614.000000
1113.000000
199.000000
73.000000
736.000000
233.000000
436.000000
176.000000
721.000000
445.000000
2900.000000
1087.000000
1122.000000
1165.000000
854.000000
645.000000
213.000000
356.000000
394.000000
230.000000
42.000000
877.000000
416.000000
89.000000
109.000000
122.000000
1477.000000
977.000000
497.000000
752.000000
90.000000
163.000000
1010.000000
448.000000
164.000000
1542.000000
230.000000
4428.000000
507.000000
263.000000
244.000000
179.000000
237.000000
554.000000
155.000000
2112.000000
1680.000000
96.000000
2609.000000
487.000000
363.000000
49.000000
221.000000
1650.000000
580.000000
962.000000
80.000000
141.000000
210.000000
296.000000
800.000000
1315.000000
112.000000
451.000000
238.000000
279.000000
284.000000
443.000000
242.000000
1247.000000
1144.000000
181.000000
130.000000
992.000000
291.000000
576.000000
468.000000
562.000000
581.000000
757.000000
676.000000
311.000000
514.000000
1433.000000
289.000000
426.000000
1021.000000
356.000000
97.000000
413.000000
418.000000
72.000000
770.000000
82.000000
28.000000
230.000000
656.000000
649.000000
221.000000
273.000000
1108.000000
62.000000
2011.000000
218.000000
526.000000
1471.000000
1099.000000
814.000000
963.000000
387.000000
1461.000000
932.000000
42.000000
473.000000
762.000000
266.000000
75.000000
730.000000
84.000000
404.000000
4827.000000
599.000000
674.000000
111.000000
1206.000000
642.000000
120.000000
84.000000
557.000000
895.000000
495.000000
386.000000
1926.000000
312.000000
347.000000
376.000000
317.000000
320.000000
388.000000
212.000000
288.000000
212.000000
49.000000
835.000000
552.000000
168.000000
218.000000
265.000000
2633.000000
495.000000
317.000000
110.000000
3233.000000
896.000000
1208.000000
2443.000000
26.000000
310.000000
264.000000
192.000000
1508.000000
616.000000
257.000000
184.000000
367.000000
2898.000000
1094.000000
78.000000
703.000000
2468.000000
441.000000
397.000000
78.000000
77.000000
1370.000000
173.000000
159.000000
684.000000
3455.000000
624.000000
82.000000
565.000000
188.000000
2446.000000
288.000000
203.000000
331.000000
221.000000
1041.000000
4413.000000
657.000000
635.000000
92.000000
5130.000000
552.000000
133.000000
999.000000
350.000000
234.000000
918.000000
143.000000
559.000000
95.000000
158.000000
311.000000
419.000000
4021.000000
61.000000
689.000000
372.000000
200.000000
381.000000
953.000000
163.000000
117.000000
285.000000
555.000000
202.000000
149.000000
137.000000
1591.000000
214.000000
503.000000
192.000000
460.000000
168.000000
390.000000
283.000000
603.000000
944.000000
643.000000
162.000000
560.000000
306.000000
114.000000
536.000000
593.000000
129.000000
95.000000
119.000000
492.000000
549.000000
4393.000000
3033.000000
272.000000
205.000000
564.000000
124.000000
962.000000
338.000000
226.000000
628.000000
1459.000000
30.000000
2585.000000
242.000000
334.000000
446.000000
297.000000
273.000000
665.000000
433.000000
311.000000
597.000000
825.000000
309.000000
1257.000000
165.000000
2290.000000
327.000000
470.000000
1122.000000
158.000000
83.000000
319.000000
159.000000
957.000000
84.000000
92.000000
408.000000
216.000000
388.000000
178.000000
533.000000
579.000000
912.000000
308.000000
208.000000
59.000000
417.000000
35.000000
799.000000
1229.000000
104.000000
375.000000
160.000000
285.000000
342.000000
74.000000
251.000000
894.000000
422.000000
598.000000
551.000000
847.000000
491.000000
374.000000
582.000000
489.000000
3262.000000
201.000000
149.000000
1726.000000
351.000000
70.000000
66.000000
331.000000
658.000000
85.000000
200.000000
325.000000
761.000000
770.000000
1207.000000
556.000000
410.000000
199.000000
625.000000
123.000000
288.000000
749.000000
1210.000000
449.000000
124.000000
577.000000
160.000000
216.000000
523.000000
191.000000
2101.000000
733.000000
343.000000
353.000000
1255.000000
420.000000
210.000000
486.000000
110.000000
726.000000
726.000000
277.000000
1403.000000
284.000000
549.000000
959.000000
558.000000
271.000000
372.000000
41.000000
497.000000
1525.000000
425.000000
476.000000
770.000000
166.000000
752.000000
69.000000
185.000000
227.000000
861.000000
380.000000
60.000000
80.000000
249.000000
1065.000000
5107.000000
2129.000000
415.000000
1872.000000
300.000000
180.000000
178.000000
1246.000000
888.000000
163.000000
329.000000
194.000000
264.000000
332.000000
468.000000
510.000000
240.000000
628.000000
126.000000
330.000000
296.000000
145.000000
978.000000
1768.000000
163.000000
125.000000
612.000000
426.000000
465.000000
489.000000
1041.000000
343.000000
