421.000000
467.000000
421.000000
1499.000000
131.000000
293.000000
169.000000
916.000000
244.000000
355.000000
177.000000
449.000000
132.000000
3905.000000
770.000000
377.000000
122.000000
1733.000000
126.000000
164.000000
482.000000
39.000000
127.000000
330.000000
1039.000000
222.000000
795.000000
153.000000
4278.000000
851.000000
74.000000
495.000000
1095.000000
280.000000
1251.000000
1019.000000
298.000000
148.000000
279.000000
1022.000000
310.000000
656.000000
1227.000000
270.000000
157.000000
521.000000
363.000000
1992.000000
192.000000
359.000000
1159.000000
282.000000
679.000000
780.000000
344.000000
1540.000000
587.000000
144.000000
855.000000
569.000000
1157.000000
551.000000
86.000000
803.000000
91.000000
827.000000
1145.000000
1452.000000
1336.000000
600.000000
1039.000000
589.000000
62.000000
141.000000
871.000000
271.000000
97.000000
325.000000
412.000000
577.000000
417.000000
550.000000
65.000000
1277.000000
179.000000
156.000000
4187.000000
657.000000
968.000000
410.000000
118.000000
105.000000
87.000000
637.000000
399.000000
269.000000
323.000000
248.000000
410.000000
316.000000
672.000000
501.000000
84.000000
550.000000
498.000000
260.000000
261.000000
1418.000000
2258.000000
622.000000
344.000000
785.000000
66.000000
237.000000
140.000000
15.000000
924.000000
621.000000
1405.000000
779.000000
1224.000000
418.000000
2935.000000
331.000000
1897.000000
324.000000
1734.000000
53.000000
413.000000
305.000000
78.000000
613.000000
614.000000
293.000000
411.000000
251.000000
1666.000000
270.000000
23.000000
161.000000
220.000000
321.000000
298.000000
274.000000
831.000000
1784.000000
418.000000
134.000000
1648.000000
511.000000
301.000000
584.000000
417.000000
135.000000
369.000000
390.000000
165.000000
596.000000
1292.000000
59.000000
561.000000
534.000000
838.000000
214.000000
212.000000
218.000000
127.000000
433.000000
230.000000
3790.000000
761.000000
250.000000
503.000000
578.000000
1814.000000
282.000000
261.000000
729.000000
289.000000
674.000000
104.000000
185.000000
290.000000
548.000000
359.000000
91.000000
504.000000
143.000000
296.000000
1665.000000
108.000000
1247.000000
196.000000
94.000000
48.000000
1194.000000
368.000000
79.000000
121.000000
124.000000
959.000000
113.000000
200.000000
383.000000
511.000000
2108.000000
155.000000
676.000000
246.000000
661.000000
40.000000
76.000000
145.000000
274.000000
143.000000
584.000000
52.000000
200.000000
1003.000000
499.000000
106.000000
403.000000
565.000000
446.000000
3912.000000
84.000000
195.000000
52.000000
772.000000
416.000000
886.000000
5199.000000
275.000000
791.000000
266.000000
336.000000
166.000000
223.000000
359.000000
269.000000
237.000000
199.000000
272.000000
123.000000
109.000000
115.000000
385.000000
222.000000
129.000000
1687.000000
83.000000
132.000000
238.000000
297.000000
531.000000
72.000000
4156.000000
313.000000
1385.000000
861.000000
375.000000
100.000000
481.000000
1678.000000
162.000000
468.000000
1060.000000
2084.000000
464.000000
116.000000
69.000000
1613.000000
2053.000000
145.000000
230.000000
198.000000
527.000000
294.000000
541.000000
319.000000
269.000000
850.000000
1012.000000
212.000000
499.000000
745.000000
773.000000
117.000000
74.000000
2488.000000
287.000000
159.000000
1615.000000
726.000000
407.000000
350.000000
2286.000000
571.000000
360.000000
699.000000
820.000000
130.000000
362.000000
248.000000
405.000000
1091.000000
754.000000
183.000000
210.000000
302.000000
786.000000
210.000000
748.000000
361.000000
1014.000000
147.000000
174.000000
352.000000
131.000000
374.000000
62.000000
236.000000
426.000000
625.000000
500.000000
378.000000
1117.000000
245.000000
330.000000
159.000000
298.000000
257.000000
714.000000
1025.000000
329.000000
516.000000
531.000000
38.000000
709.000000
2911.000000
281.000000
2626.000000
190.000000
271.000000
587.000000
1083.000000
272.000000
41.000000
286.000000
417.000000
202.000000
364.000000
671.000000
3139.000000
360.000000
519.000000
888.000000
1722.000000
219.000000
540.000000
405.000000
133.000000
1511.000000
924.000000
669.000000
148.000000
1207.000000
203.000000
532.000000
177.000000
446.000000
175.000000
495.000000
269.000000
318.000000
1877.000000
980.000000
354.000000
210.000000
120.000000
1072.000000
822.000000
278.000000
1149.000000
1644.000000
96.000000
206.000000
1158.000000
267.000000
1059.000000
766.000000
1331.000000
251.000000
200.000000
185.000000
1127.000000
240.000000
1151.000000
209.000000
466.000000
240.000000
341.000000
380.000000
163.000000
188.000000
49.000000
393.000000
234.000000
48.000000
217.000000
530.000000
766.000000
1331.000000
1073.000000
598.000000
92.000000
530.000000
1234.000000
44.000000
71.000000
416.000000
716.000000
195.000000
565.000000
2031.000000
204.000000
131.000000
283.000000
3221.000000
565.000000
170.000000
2849.000000
158.000000
290.000000
1350.000000
296.000000
1106.000000
1009.000000
3202.000000
463.000000
190.000000
208.000000
139.000000
119.000000
829.000000
125.000000
208.000000
240.000000
1356.000000
888.000000
453.000000
685.000000
440.000000
558.000000
416.000000
677.000000
1191.000000
388.000000
312.000000
1464.000000
338.000000
258.000000
257.000000
152.000000
53.000000
983.000000
1251.000000
186.000000
331.000000
165.000000
335.000000
96.000000
286.000000
643.000000
124.000000
266.000000
1061.000000
117.000000
881.000000
233.000000
45.000000
688.000000
637.000000
298.000000
51.000000
502.000000
218.000000
1555.000000
305.000000
517.000000
1411.000000
1000.000000
38.000000
112.000000
219.000000
388.000000
287.000000
1092.000000
249.000000
502.000000
282.000000
298.000000
158.000000
570.000000
357.000000
179.000000
91.000000
189.000000
327.000000
2031.000000
585.000000
2377.000000
440.000000
318.000000
73.000000
322.000000
656.000000
87.000000
888.000000
563.000000
133.000000
627.000000
136.000000
657.000000
138.000000
276.000000
1010.000000
258.000000
147.000000
195.000000
972.000000
98.000000
253.000000
248.000000
396.000000
857.000000
263.000000
1606.000000
86.000000
610.000000
1511.000000
78.000000
841.000000
1231.000000
909.000000
123.000000
391.000000
1063.000000
1311.000000
679.000000
280.000000
1986.000000
195.000000
698.000000
455.000000
1626.000000
417.000000
326.000000
719.000000
667.000000
740.000000
536.000000
50.000000
470.000000
66.000000
372.000000
36.000000
1024.000000
221.000000
225.000000
553.000000
1027.000000
785.000000
1402.000000
1136.000000
206.000000
585.000000
242.000000
79.000000
1646.000000
239.000000
305.000000
134.000000
314.000000
1861.000000
279.000000
1017.000000
334.000000
499.000000
657.000000
169.000000
119.000000
931.000000
3400.000000
227.000000
120.000000
284.000000
406.000000
276.000000
500.000000
163.000000
1898.000000
374.000000
2056.000000
660.000000
299.000000
3633.000000
105.000000
1346.000000
159.000000
1097.000000
130.000000
2085.000000
175.000000
437.000000
715.000000
92.000000
591.000000
1066.000000
476.000000
523.000000
112.000000
206.000000
1180.000000
164.000000
628.000000
1279.000000
918.000000
51.000000
978.000000
710.000000
2044.000000
351.000000
54.000000
487.000000
1624.000000
42.000000
2497.000000
129.000000
403.000000
3262.000000
2545.000000
224.000000
141.000000
355.000000
721.000000
203.000000
1042.000000
565.000000
139.000000
360.000000
1091.000000
1426.000000
1370.000000
698.000000
716.000000
171.000000
355.000000
358.000000
304.000000
6998.000000
281.000000
269.000000
856.000000
1061.000000
481.000000
353.000000
798.000000
2366.000000
5854.000000
272.000000
96.000000
114.000000
918.000000
662.000000
112.000000
213.000000
583.000000
1701.000000
2058.000000
664.000000
2109.000000
575.000000
698.000000
1149.000000
159.000000
69.000000
321.000000
236.000000
240.000000
49.000000
824.000000
403.000000
320.000000
78.000000
416.000000
629.000000
209.000000
398.000000
451.000000
2369.000000
282.000000
99.000000
552.000000
1750.000000
625.000000
847.000000
353.000000
169.000000
359.000000
1678.000000
140.000000
276.000000
629.000000
536.000000
48.000000
2229.000000
411.000000
126.000000
539.000000
174.000000
1244.000000
2029.000000
160.000000
552.000000
704.000000
373.000000
369.000000
2073.000000
2057.000000
59.000000
688.000000
1049.000000
795.000000
554.000000
240.000000
1201.000000
2052.000000
834.000000
847.000000
1308.000000
1367.000000
135.000000
45.000000
165.000000
319.000000
280.000000
417.000000
189.000000
1534.000000
191.000000
4353.000000
240.000000
872.000000
320.000000
486.000000
349.000000
161.000000
397.000000
58.000000
165.000000
101.000000
437.000000
284.000000
2894.000000
288.000000
725.000000
316.000000
13099.000000
503.000000
221.000000
923.000000
1517.000000
896.000000
134.000000
438.000000
627.000000
173.000000
776.000000
422.000000
163.000000
97.000000
182.000000
314.000000
334.000000
542.000000
241.000000
234.000000
67.000000
660.000000
707.000000
494.000000
648.000000
173.000000
1564.000000
623.000000
753.000000
519.000000
98.000000
903.000000
368.000000
193.000000
283.000000
496.000000
761.000000
333.000000
1257.000000
529.000000
90.000000
685.000000
79.000000
422.000000
179.000000
1006.000000
215.000000
1443.000000
377.000000
1169.000000
186.000000
1249.000000
998.000000
252.000000
724.000000
1099.000000
891.000000
595.000000
126.000000
3500.000000
220.000000
801.000000
345.000000
701.000000
3183.000000
93.000000
116.000000
380.000000
370.000000
203.000000
195.000000
339.000000
161.000000
985.000000
18.000000
155.000000
462.000000
262.000000
897.000000
1433.000000
1028.000000
87.000000
612.000000
95.000000
1926.000000
967.000000
98.000000
258.000000
61.000000
234.000000
429.000000
999.000000
233.000000
873.000000
505.000000
1624.000000
3399.000000
412.000000
3360.000000
80.000000
610.000000
249.000000
652.000000
113.000000
2039.000000
130.000000
2506.000000
811.000000
228.000000
337.000000
816.000000
381.000000
485.000000
417.000000
466.000000
729.000000
336.000000
135.000000
399.000000
230.000000
4771.000000
667.000000
197.000000
931.000000
387.000000
492.000000
89.000000
333.000000
159.000000
2114.000000
130.000000
455.000000
538.000000
831.000000
426.000000
1175.000000
91.000000
1187.000000
414.000000
171.000000
509.000000
290.000000
901.000000
175.000000
900.000000
81.000000
639.000000
587.000000
151.000000
889.000000
2055.000000
1305.000000
1766.000000
161.000000
511.000000
411.000000
614.000000
560.000000
1158.000000
275.000000
656.000000
425.000000
276.000000
50.000000
2246.000000
208.000000
132.000000
1584.000000
117.000000
116.000000
137.000000
715.000000
865.000000
508.000000
582.000000
1132.000000
2469.000000
294.000000
1503.000000
94.000000
149.000000
745.000000
160.000000
2066.000000
566.000000
276.000000
689.000000
346.000000
895.000000
77.000000
308.000000
1748.000000
156.000000
526.000000
102.000000
397.000000
1620.000000
29.000000
134.000000
549.000000
602.000000
1639.000000
551.000000
812.000000
61.000000
203.000000
309.000000
104.000000
127.000000
61.000000
195.000000
2306.000000
59.000000
209.000000
464.000000
395.000000
188.000000
1441.000000
156.000000
252.000000
74.000000
163.000000
2131.000000
1284.000000
210.000000
156.000000
741.000000
31.000000
385.000000
178.000000
1070.000000
3325.000000
