1541.000000
235.000000
486.000000
190.000000
699.000000
541.000000
197.000000
233.000000
209.000000
455.000000
346.000000
292.000000
316.000000
1215.000000
302.000000
731.000000
638.000000
229.000000
70.000000
241.000000
182.000000
294.000000
97.000000
362.000000
521.000000
1380.000000
155.000000
615.000000
688.000000
282.000000
6321.000000
136.000000
294.000000
148.000000
224.000000
249.000000
1238.000000
680.000000
71.000000
3043.000000
336.000000
1295.000000
920.000000
485.000000
299.000000
447.000000
354.000000
212.000000
873.000000
140.000000
185.000000
552.000000
484.000000
834.000000
183.000000
508.000000
189.000000
1304.000000
422.000000
423.000000
420.000000
388.000000
974.000000
415.000000
193.000000
729.000000
523.000000
43.000000
223.000000
1702.000000
266.000000
1903.000000
191.000000
652.000000
219.000000
137.000000
386.000000
1121.000000
378.000000
331.000000
183.000000
455.000000
938.000000
501.000000
822.000000
561.000000
381.000000
1287.000000
574.000000
407.000000
1321.000000
274.000000
1363.000000
178.000000
1744.000000
120.000000
92.000000
1071.000000
131.000000
281.000000
45.000000
132.000000
571.000000
386.000000
458.000000
196.000000
57.000000
767.000000
945.000000
148.000000
573.000000
1063.000000
348.000000
480.000000
665.000000
1349.000000
516.000000
230.000000
785.000000
731.000000
244.000000
331.000000
362.000000
262.000000
55.000000
603.000000
318.000000
114.000000
145.000000
1081.000000
211.000000
116.000000
464.000000
219.000000
719.000000
1241.000000
225.000000
191.000000
286.000000
182.000000
645.000000
1068.000000
229.000000
122.000000
587.000000
968.000000
424.000000
1527.000000
2367.000000
5225.000000
1612.000000
905.000000
1462.000000
132.000000
416.000000
155.000000
2284.000000
625.000000
175.000000
104.000000
118.000000
231.000000
1227.000000
1077.000000
153.000000
116.000000
2876.000000
1396.000000
1267.000000
138.000000
171.000000
1388.000000
922.000000
580.000000
217.000000
624.000000
2358.000000
883.000000
128.000000
2936.000000
515.000000
284.000000
528.000000
172.000000
1199.000000
283.000000
837.000000
192.000000
312.000000
219.000000
376.000000
363.000000
781.000000
724.000000
38.000000
192.000000
1689.000000
159.000000
3642.000000
1298.000000
544.000000
152.000000
493.000000
636.000000
759.000000
426.000000
671.000000
155.000000
154.000000
504.000000
346.000000
349.000000
157.000000
412.000000
2549.000000
85.000000
134.000000
514.000000
447.000000
118.000000
279.000000
999.000000
394.000000
580.000000
765.000000
194.000000
418.000000
113.000000
86.000000
1066.000000
2246.000000
242.000000
1361.000000
3691.000000
575.000000
1638.000000
101.000000
194.000000
45.000000
182.000000
1054.000000
72.000000
227.000000
1172.000000
487.000000
277.000000
247.000000
114.000000
611.000000
221.000000
186.000000
41.000000
109.000000
215.000000
426.000000
113.000000
118.000000
55.000000
329.000000
821.000000
171.000000
135.000000
421.000000
446.000000
17.000000
692.000000
146.000000
329.000000
238.000000
2109.000000
2171.000000
184.000000
527.000000
554.000000
132.000000
3618.000000
273.000000
1170.000000
1289.000000
206.000000
138.000000
151.000000
349.000000
465.000000
583.000000
1322.000000
1556.000000
273.000000
256.000000
783.000000
281.000000
647.000000
1283.000000
711.000000
201.000000
393.000000
103.000000
270.000000
606.000000
500.000000
299.000000
339.000000
647.000000
770.000000
274.000000
785.000000
172.000000
823.000000
282.000000
188.000000
290.000000
1316.000000
1672.000000
171.000000
1800.000000
1020.000000
88.000000
1507.000000
108.000000
577.000000
430.000000
1056.000000
109.000000
142.000000
318.000000
439.000000
125.000000
685.000000
1943.000000
68.000000
720.000000
82.000000
3470.000000
131.000000
296.000000
469.000000
374.000000
432.000000
360.000000
1219.000000
6206.000000
205.000000
137.000000
21.000000
275.000000
1367.000000
109.000000
375.000000
207.000000
71.000000
935.000000
203.000000
103.000000
54.000000
1694.000000
253.000000
472.000000
282.000000
414.000000
2027.000000
71.000000
1034.000000
178.000000
5962.000000
472.000000
99.000000
274.000000
104.000000
441.000000
848.000000
235.000000
668.000000
201.000000
1034.000000
718.000000
607.000000
513.000000
1260.000000
429.000000
301.000000
419.000000
535.000000
374.000000
582.000000
157.000000
3295.000000
153.000000
323.000000
1160.000000
1386.000000
925.000000
405.000000
183.000000
569.000000
314.000000
310.000000
239.000000
81.000000
1316.000000
299.000000
532.000000
278.000000
63.000000
242.000000
2240.000000
555.000000
297.000000
526.000000
148.000000
495.000000
471.000000
183.000000
421.000000
1488.000000
107.000000
79.000000
648.000000
41.000000
649.000000
556.000000
411.000000
3129.000000
1296.000000
395.000000
1344.000000
1391.000000
500.000000
300.000000
4192.000000
31.000000
142.000000
237.000000
86.000000
386.000000
613.000000
274.000000
152.000000
4027.000000
624.000000
416.000000
114.000000
161.000000
887.000000
1689.000000
192.000000
586.000000
129.000000
133.000000
192.000000
172.000000
3056.000000
1352.000000
773.000000
1419.000000
233.000000
526.000000
296.000000
92.000000
307.000000
1444.000000
1143.000000
796.000000
1535.000000
444.000000
3253.000000
749.000000
454.000000
90.000000
220.000000
313.000000
267.000000
746.000000
328.000000
147.000000
1162.000000
1801.000000
184.000000
181.000000
596.000000
704.000000
855.000000
648.000000
455.000000
741.000000
831.000000
351.000000
892.000000
2122.000000
678.000000
115.000000
4357.000000
462.000000
275.000000
565.000000
351.000000
86.000000
270.000000
466.000000
295.000000
124.000000
228.000000
422.000000
305.000000
313.000000
370.000000
515.000000
2631.000000
612.000000
747.000000
1473.000000
657.000000
415.000000
449.000000
700.000000
100.000000
73.000000
433.000000
548.000000
102.000000
375.000000
2471.000000
111.000000
245.000000
109.000000
217.000000
3498.000000
2453.000000
147.000000
576.000000
1759.000000
418.000000
156.000000
973.000000
311.000000
73.000000
310.000000
2072.000000
641.000000
196.000000
388.000000
854.000000
189.000000
2770.000000
1142.000000
863.000000
402.000000
404.000000
1025.000000
309.000000
406.000000
405.000000
190.000000
149.000000
182.000000
701.000000
1265.000000
3359.000000
446.000000
230.000000
1511.000000
2613.000000
730.000000
708.000000
198.000000
975.000000
32.000000
1371.000000
130.000000
444.000000
220.000000
578.000000
410.000000
225.000000
302.000000
280.000000
200.000000
153.000000
155.000000
822.000000
977.000000
542.000000
110.000000
243.000000
113.000000
761.000000
32.000000
703.000000
128.000000
389.000000
290.000000
35.000000
372.000000
267.000000
130.000000
55.000000
2525.000000
1365.000000
211.000000
612.000000
118.000000
695.000000
369.000000
1147.000000
211.000000
1867.000000
145.000000
1158.000000
205.000000
361.000000
289.000000
146.000000
613.000000
215.000000
419.000000
396.000000
298.000000
458.000000
704.000000
313.000000
1392.000000
359.000000
224.000000
729.000000
278.000000
1459.000000
65.000000
1168.000000
424.000000
558.000000
923.000000
302.000000
130.000000
953.000000
2015.000000
452.000000
1259.000000
381.000000
1008.000000
155.000000
897.000000
373.000000
97.000000
80.000000
71.000000
686.000000
144.000000
1955.000000
332.000000
428.000000
140.000000
1138.000000
309.000000
1563.000000
1020.000000
185.000000
175.000000
290.000000
532.000000
765.000000
821.000000
212.000000
728.000000
312.000000
55.000000
289.000000
1657.000000
51.000000
409.000000
416.000000
558.000000
1385.000000
2106.000000
544.000000
865.000000
378.000000
113.000000
208.000000
300.000000
344.000000
37.000000
175.000000
717.000000
758.000000
421.000000
3605.000000
278.000000
657.000000
176.000000
1124.000000
105.000000
585.000000
812.000000
255.000000
287.000000
759.000000
255.000000
1669.000000
219.000000
1614.000000
553.000000
213.000000
853.000000
820.000000
179.000000
736.000000
408.000000
929.000000
531.000000
116.000000
15.000000
3084.000000
386.000000
436.000000
207.000000
225.000000
90.000000
184.000000
362.000000
69.000000
472.000000
112.000000
75.000000
542.000000
943.000000
326.000000
283.000000
160.000000
630.000000
122.000000
530.000000
50.000000
1209.000000
244.000000
288.000000
358.000000
397.000000
81.000000
475.000000
565.000000
203.000000
509.000000
187.000000
135.000000
204.000000
52.000000
4142.000000
391.000000
275.000000
1017.000000
56.000000
50.000000
108.000000
503.000000
752.000000
309.000000
383.000000
597.000000
683.000000
439.000000
139.000000
66.000000
223.000000
189.000000
626.000000
102.000000
53.000000
515.000000
3471.000000
165.000000
844.000000
941.000000
566.000000
1612.000000
356.000000
227.000000
233.000000
262.000000
175.000000
1704.000000
72.000000
204.000000
160.000000
314.000000
667.000000
814.000000
453.000000
177.000000
867.000000
160.000000
152.000000
3671.000000
195.000000
257.000000
68.000000
2647.000000
814.000000
213.000000
745.000000
346.000000
140.000000
317.000000
188.000000
543.000000
153.000000
488.000000
277.000000
863.000000
302.000000
503.000000
123.000000
314.000000
125.000000
179.000000
237.000000
483.000000
760.000000
415.000000
72.000000
955.000000
1220.000000
305.000000
226.000000
643.000000
1832.000000
548.000000
406.000000
222.000000
668.000000
211.000000
146.000000
2395.000000
302.000000
370.000000
799.000000
5734.000000
2844.000000
295.000000
1034.000000
146.000000
2827.000000
294.000000
1464.000000
642.000000
1411.000000
1427.000000
982.000000
500.000000
413.000000
1586.000000
115.000000
45.000000
94.000000
18.000000
549.000000
312.000000
370.000000
2745.000000
324.000000
294.000000
95.000000
57.000000
2186.000000
320.000000
705.000000
347.000000
106.000000
290.000000
587.000000
1817.000000
3032.000000
1629.000000
5208.000000
489.000000
398.000000
740.000000
229.000000
739.000000
4099.000000
1798.000000
480.000000
229.000000
244.000000
533.000000
175.000000
361.000000
551.000000
1264.000000
439.000000
77.000000
505.000000
1468.000000
316.000000
903.000000
338.000000
110.000000
51.000000
59.000000
243.000000
1066.000000
562.000000
550.000000
48.000000
1337.000000
1118.000000
718.000000
397.000000
610.000000
708.000000
597.000000
1038.000000
109.000000
245.000000
778.000000
2417.000000
57.000000
475.000000
2607.000000
575.000000
1709.000000
5815.000000
2831.000000
995.000000
618.000000
1540.000000
247.000000
343.000000
1139.000000
46.000000
157.000000
81.000000
1550.000000
260.000000
122.000000
280.000000
258.000000
1329.000000
1043.000000
459.000000
645.000000
573.000000
173.000000
151.000000
685.000000
241.000000
362.000000
168.000000
164.000000
289.000000
648.000000
370.000000
662.000000
147.000000
189.000000
411.000000
497.000000
703.000000
493.000000
1393.000000
91.000000
421.000000
1007.000000
1254.000000
165.000000
148.000000
592.000000
130.000000
693.000000
168.000000
432.000000
328.000000
72.000000
176.000000
204.000000
125.000000
352.000000
1074.000000
119.000000
188.000000
3844.000000
230.000000
1183.000000
1891.000000
93.000000
678.000000
30.000000
587.000000
41.000000
173.000000
439.000000
34.000000
952.000000
480.000000
600.000000
249.000000
548.000000
224.000000
42.000000
745.000000
740.000000
189.000000
