430.000000
250.000000
225.000000
402.000000
328.000000
778.000000
495.000000
1270.000000
1421.000000
992.000000
674.000000
160.000000
465.000000
317.000000
163.000000
152.000000
472.000000
352.000000
738.000000
833.000000
508.000000
423.000000
129.000000
297.000000
560.000000
2550.000000
149.000000
240.000000
160.000000
1269.000000
373.000000
260.000000
567.000000
348.000000
845.000000
74.000000
583.000000
2067.000000
281.000000
64.000000
402.000000
238.000000
406.000000
1884.000000
484.000000
1152.000000
2297.000000
270.000000
622.000000
641.000000
316.000000
859.000000
598.000000
934.000000
278.000000
1042.000000
601.000000
152.000000
2410.000000
759.000000
252.000000
986.000000
472.000000
261.000000
281.000000
366.000000
2951.000000
171.000000
273.000000
422.000000
312.000000
203.000000
143.000000
1901.000000
502.000000
353.000000
230.000000
58.000000
1510.000000
86.000000
274.000000
176.000000
679.000000
187.000000
793.000000
283.000000
619.000000
491.000000
293.000000
1011.000000
676.000000
98.000000
669.000000
459.000000
1126.000000
347.000000
2641.000000
55.000000
339.000000
46.000000
610.000000
338.000000
609.000000
25.000000
171.000000
442.000000
36.000000
141.000000
2295.000000
375.000000
791.000000
2431.000000
165.000000
39.000000
194.000000
226.000000
424.000000
621.000000
42.000000
2953.000000
261.000000
243.000000
190.000000
791.000000
1443.000000
648.000000
501.000000
125.000000
301.000000
1296.000000
671.000000
107.000000
414.000000
367.000000
628.000000
258.000000
140.000000
486.000000
445.000000
993.000000
2268.000000
433.000000
485.000000
270.000000
85.000000
1004.000000
1368.000000
93.000000
175.000000
67.000000
469.000000
1133.000000
752.000000
143.000000
139.000000
1738.000000
413.000000
165.000000
164.000000
381.000000
556.000000
441.000000
203.000000
343.000000
297.000000
653.000000
389.000000
339.000000
212.000000
2392.000000
103.000000
293.000000
1470.000000
196.000000
1444.000000
395.000000
146.000000
279.000000
96.000000
46.000000
267.000000
36.000000
49.000000
352.000000
142.000000
1373.000000
404.000000
858.000000
160.000000
881.000000
639.000000
1146.000000
180.000000
339.000000
2383.000000
282.000000
783.000000
52.000000
62.000000
263.000000
147.000000
124.000000
365.000000
1699.000000
109.000000
154.000000
1207.000000
931.000000
1268.000000
1320.000000
329.000000
228.000000
966.000000
38.000000
1074.000000
261.000000
472.000000
3369.000000
961.000000
387.000000
581.000000
1912.000000
526.000000
1490.000000
460.000000
150.000000
893.000000
615.000000
138.000000
3131.000000
259.000000
658.000000
653.000000
1919.000000
554.000000
395.000000
134.000000
1245.000000
1150.000000
136.000000
291.000000
1198.000000
90.000000
293.000000
219.000000
38.000000
793.000000
874.000000
460.000000
611.000000
66.000000
232.000000
1019.000000
121.000000
1151.000000
305.000000
1008.000000
493.000000
170.000000
574.000000
217.000000
982.000000
177.000000
348.000000
700.000000
1242.000000
70.000000
513.000000
508.000000
583.000000
630.000000
90.000000
502.000000
272.000000
155.000000
1202.000000
559.000000
233.000000
4185.000000
905.000000
917.000000
841.000000
402.000000
141.000000
1169.000000
1663.000000
67.000000
918.000000
75.000000
117.000000
590.000000
350.000000
533.000000
272.000000
119.000000
405.000000
307.000000
460.000000
726.000000
180.000000
87.000000
150.000000
573.000000
154.000000
345.000000
101.000000
92.000000
656.000000
116.000000
454.000000
3424.000000
1123.000000
202.000000
1775.000000
1074.000000
225.000000
309.000000
4179.000000
316.000000
422.000000
1050.000000
2754.000000
68.000000
519.000000
560.000000
530.000000
457.000000
691.000000
622.000000
308.000000
996.000000
356.000000
1495.000000
1531.000000
230.000000
340.000000
508.000000
101.000000
343.000000
640.000000
437.000000
2378.000000
133.000000
3191.000000
223.000000
1770.000000
166.000000
113.000000
82.000000
131.000000
198.000000
306.000000
137.000000
165.000000
1430.000000
205.000000
76.000000
189.000000
581.000000
174.000000
204.000000
2610.000000
86.000000
362.000000
239.000000
544.000000
259.000000
569.000000
88.000000
492.000000
686.000000
1462.000000
915.000000
103.000000
177.000000
573.000000
791.000000
253.000000
50.000000
186.000000
398.000000
641.000000
2064.000000
1509.000000
4669.000000
380.000000
285.000000
1058.000000
276.000000
1504.000000
507.000000
87.000000
165.000000
147.000000
190.000000
1838.000000
219.000000
297.000000
721.000000
237.000000
170.000000
124.000000
767.000000
217.000000
916.000000
211.000000
1006.000000
108.000000
124.000000
262.000000
886.000000
1650.000000
1451.000000
478.000000
92.000000
668.000000
815.000000
559.000000
1611.000000
2127.000000
333.000000
2674.000000
1274.000000
506.000000
222.000000
87.000000
792.000000
120.000000
1399.000000
277.000000
425.000000
119.000000
449.000000
232.000000
243.000000
116.000000
418.000000
246.000000
1104.000000
930.000000
966.000000
247.000000
114.000000
436.000000
531.000000
687.000000
169.000000
963.000000
202.000000
2493.000000
157.000000
851.000000
32.000000
2123.000000
477.000000
964.000000
226.000000
700.000000
143.000000
257.000000
293.000000
206.000000
1438.000000
456.000000
619.000000
433.000000
1157.000000
404.000000
53.000000
9260.000000
192.000000
197.000000
339.000000
351.000000
110.000000
1117.000000
226.000000
804.000000
1386.000000
433.000000
1052.000000
86.000000
1056.000000
1156.000000
8986.000000
561.000000
414.000000
8084.000000
747.000000
1203.000000
42.000000
781.000000
435.000000
292.000000
306.000000
874.000000
5638.000000
432.000000
956.000000
104.000000
274.000000
764.000000
204.000000
2125.000000
614.000000
138.000000
29.000000
232.000000
1676.000000
783.000000
1579.000000
109.000000
332.000000
1801.000000
2444.000000
1068.000000
1681.000000
204.000000
104.000000
254.000000
404.000000
188.000000
589.000000
1513.000000
411.000000
746.000000
497.000000
672.000000
166.000000
132.000000
159.000000
842.000000
93.000000
1113.000000
723.000000
360.000000
544.000000
300.000000
387.000000
225.000000
280.000000
282.000000
542.000000
488.000000
1430.000000
1190.000000
2980.000000
269.000000
163.000000
873.000000
288.000000
230.000000
5010.000000
341.000000
445.000000
333.000000
207.000000
121.000000
267.000000
347.000000
351.000000
744.000000
862.000000
644.000000
392.000000
494.000000
328.000000
268.000000
2281.000000
290.000000
805.000000
199.000000
361.000000
851.000000
171.000000
490.000000
161.000000
150.000000
170.000000
879.000000
474.000000
272.000000
304.000000
93.000000
347.000000
95.000000
99.000000
742.000000
1586.000000
214.000000
123.000000
251.000000
67.000000
348.000000
679.000000
144.000000
250.000000
715.000000
283.000000
93.000000
2550.000000
562.000000
290.000000
287.000000
166.000000
1958.000000
195.000000
2421.000000
192.000000
263.000000
462.000000
530.000000
101.000000
117.000000
152.000000
1215.000000
188.000000
392.000000
752.000000
423.000000
867.000000
1205.000000
180.000000
407.000000
407.000000
225.000000
1622.000000
415.000000
79.000000
1051.000000
1204.000000
53.000000
817.000000
8627.000000
503.000000
485.000000
636.000000
1270.000000
178.000000
569.000000
254.000000
288.000000
364.000000
66.000000
84.000000
89.000000
94.000000
893.000000
388.000000
914.000000
230.000000
694.000000
621.000000
501.000000
333.000000
364.000000
355.000000
422.000000
247.000000
253.000000
284.000000
368.000000
383.000000
151.000000
325.000000
79.000000
1105.000000
253.000000
174.000000
295.000000
144.000000
758.000000
386.000000
259.000000
426.000000
3364.000000
349.000000
743.000000
326.000000
429.000000
313.000000
83.000000
430.000000
6414.000000
278.000000
167.000000
331.000000
397.000000
294.000000
937.000000
467.000000
107.000000
917.000000
1491.000000
550.000000
247.000000
600.000000
933.000000
1261.000000
475.000000
754.000000
149.000000
541.000000
471.000000
936.000000
2361.000000
1128.000000
324.000000
194.000000
161.000000
175.000000
593.000000
241.000000
73.000000
53.000000
351.000000
91.000000
430.000000
288.000000
1153.000000
655.000000
52.000000
90.000000
506.000000
182.000000
970.000000
269.000000
609.000000
828.000000
638.000000
318.000000
556.000000
39.000000
48.000000
2487.000000
1261.000000
1095.000000
411.000000
141.000000
104.000000
222.000000
2820.000000
161.000000
361.000000
1316.000000
122.000000
401.000000
2065.000000
158.000000
46.000000
222.000000
431.000000
62.000000
1538.000000
391.000000
1185.000000
1339.000000
295.000000
305.000000
821.000000
173.000000
1139.000000
1569.000000
195.000000
281.000000
957.000000
456.000000
2346.000000
885.000000
401.000000
244.000000
411.000000
5620.000000
464.000000
629.000000
253.000000
392.000000
302.000000
164.000000
422.000000
227.000000
464.000000
146.000000
99.000000
233.000000
755.000000
3762.000000
822.000000
142.000000
121.000000
370.000000
195.000000
829.000000
475.000000
1592.000000
237.000000
391.000000
78.000000
241.000000
1475.000000
390.000000
486.000000
90.000000
711.000000
219.000000
343.000000
690.000000
228.000000
875.000000
407.000000
692.000000
588.000000
280.000000
91.000000
74.000000
196.000000
2795.000000
91.000000
836.000000
4334.000000
475.000000
135.000000
888.000000
2024.000000
223.000000
293.000000
304.000000
853.000000
47.000000
2548.000000
135.000000
85.000000
1086.000000
717.000000
300.000000
90.000000
68.000000
675.000000
325.000000
848.000000
474.000000
152.000000
798.000000
383.000000
493.000000
432.000000
287.000000
1788.000000
415.000000
1431.000000
369.000000
1579.000000
940.000000
1681.000000
2103.000000
1064.000000
224.000000
305.000000
83.000000
837.000000
639.000000
613.000000
173.000000
483.000000
754.000000
1766.000000
2097.000000
1830.000000
499.000000
45.000000
1213.000000
380.000000
137.000000
179.000000
54.000000
109.000000
165.000000
204.000000
104.000000
1347.000000
268.000000
1122.000000
517.000000
310.000000
282.000000
225.000000
363.000000
320.000000
249.000000
1252.000000
1123.000000
702.000000
2674.000000
289.000000
394.000000
554.000000
112.000000
721.000000
3057.000000
444.000000
743.000000
181.000000
1246.000000
276.000000
107.000000
36.000000
628.000000
1536.000000
2373.000000
546.000000
183.000000
69.000000
28.000000
756.000000
3908.000000
954.000000
2048.000000
363.000000
193.000000
202.000000
223.000000
1720.000000
116.000000
93.000000
139.000000
235.000000
157.000000
10941.000000
1212.000000
183.000000
1419.000000
1014.000000
111.000000
676.000000
627.000000
64.000000
265.000000
177.000000
403.000000
212.000000
713.000000
179.000000
223.000000
530.000000
942.000000
139.000000
541.000000
661.000000
135.000000
1610.000000
2687.000000
1242.000000
1760.000000
873.000000
2960.000000
249.000000
104.000000
500.000000
426.000000
282.000000
485.000000
397.000000
576.000000
2463.000000
911.000000
903.000000
115.000000
2378.000000
363.000000
721.000000
741.000000
4576.000000
218.000000
190.000000
184.000000
305.000000
163.000000
547.000000
403.000000
381.000000
591.000000
1226.000000
1817.000000
448.000000
2444.000000
236.000000
249.000000
290.000000
335.000000
330.000000
78.000000
694.000000
661.000000
235.000000
727.000000
1274.000000
350.000000
463.000000
4450.000000
548.000000
