99.000000
25.000000
202.000000
5591.000000
329.000000
1037.000000
2275.000000
159.000000
171.000000
658.000000
448.000000
276.000000
856.000000
211.000000
331.000000
316.000000
364.000000
598.000000
9840.000000
99.000000
137.000000
2962.000000
104.000000
640.000000
2948.000000
2275.000000
1549.000000
615.000000
782.000000
98.000000
192.000000
731.000000
176.000000
814.000000
121.000000
398.000000
652.000000
302.000000
444.000000
998.000000
160.000000
483.000000
2496.000000
194.000000
70.000000
166.000000
605.000000
1118.000000
958.000000
349.000000
1156.000000
1220.000000
394.000000
989.000000
157.000000
502.000000
953.000000
2199.000000
191.000000
220.000000
861.000000
116.000000
73.000000
108.000000
177.000000
1879.000000
692.000000
3322.000000
205.000000
308.000000
541.000000
1809.000000
1561.000000
574.000000
2255.000000
874.000000
247.000000
141.000000
842.000000
3385.000000
103.000000
152.000000
433.000000
136.000000
1064.000000
2027.000000
718.000000
528.000000
952.000000
222.000000
227.000000
295.000000
1578.000000
277.000000
651.000000
4259.000000
251.000000
791.000000
187.000000
355.000000
461.000000
206.000000
2733.000000
1442.000000
536.000000
81.000000
188.000000
1160.000000
910.000000
868.000000
302.000000
158.000000
329.000000
89.000000
382.000000
734.000000
478.000000
60.000000
304.000000
625.000000
1153.000000
527.000000
773.000000
469.000000
1112.000000
952.000000
114.000000
676.000000
313.000000
607.000000
1034.000000
359.000000
803.000000
50.000000
394.000000
785.000000
282.000000
95.000000
58.000000
147.000000
881.000000
176.000000
2053.000000
1107.000000
740.000000
75.000000
396.000000
818.000000
64.000000
294.000000
260.000000
953.000000
953.000000
234.000000
129.000000
55.000000
227.000000
531.000000
973.000000
147.000000
227.000000
189.000000
394.000000
2226.000000
500.000000
894.000000
536.000000
1190.000000
212.000000
201.000000
39.000000
896.000000
105.000000
112.000000
1118.000000
281.000000
49.000000
493.000000
1890.000000
871.000000
402.000000
841.000000
1129.000000
3454.000000
358.000000
139.000000
597.000000
503.000000
587.000000
906.000000
160.000000
885.000000
264.000000
310.000000
112.000000
73.000000
195.000000
1264.000000
371.000000
237.000000
1327.000000
299.000000
522.000000
336.000000
215.000000
811.000000
365.000000
2553.000000
1758.000000
1697.000000
884.000000
650.000000
73.000000
298.000000
258.000000
307.000000
280.000000
604.000000
472.000000
164.000000
172.000000
334.000000
418.000000
88.000000
1365.000000
1023.000000
1146.000000
3275.000000
321.000000
72.000000
486.000000
188.000000
632.000000
390.000000
196.000000
675.000000
228.000000
1897.000000
347.000000
1576.000000
364.000000
628.000000
368.000000
624.000000
106.000000
562.000000
595.000000
240.000000
976.000000
1321.000000
126.000000
400.000000
38.000000
417.000000
1107.000000
67.000000
365.000000
809.000000
302.000000
135.000000
367.000000
234.000000
262.000000
27.000000
1202.000000
851.000000
2372.000000
516.000000
980.000000
91.000000
281.000000
4023.000000
1515.000000
611.000000
284.000000
1455.000000
744.000000
415.000000
1129.000000
1889.000000
623.000000
986.000000
545.000000
992.000000
399.000000
2058.000000
282.000000
2348.000000
1675.000000
216.000000
299.000000
598.000000
207.000000
214.000000
989.000000
52.000000
474.000000
121.000000
124.000000
2310.000000
140.000000
1342.000000
715.000000
174.000000
778.000000
376.000000
178.000000
1277.000000
118.000000
233.000000
699.000000
591.000000
134.000000
1059.000000
1699.000000
170.000000
576.000000
590.000000
502.000000
102.000000
702.000000
989.000000
541.000000
682.000000
47.000000
1996.000000
257.000000
184.000000
307.000000
569.000000
100.000000
244.000000
182.000000
444.000000
251.000000
242.000000
248.000000
193.000000
69.000000
134.000000
237.000000
699.000000
1164.000000
493.000000
219.000000
189.000000
170.000000
608.000000
1278.000000
387.000000
171.000000
1490.000000
502.000000
144.000000
486.000000
1029.000000
306.000000
114.000000
290.000000
107.000000
264.000000
148.000000
194.000000
122.000000
984.000000
133.000000
622.000000
438.000000
222.000000
192.000000
217.000000
721.000000
95.000000
164.000000
245.000000
274.000000
394.000000
421.000000
353.000000
171.000000
232.000000
194.000000
54.000000
1259.000000
501.000000
194.000000
301.000000
91.000000
528.000000
529.000000
491.000000
153.000000
1322.000000
550.000000
213.000000
1077.000000
211.000000
549.000000
1015.000000
936.000000
487.000000
191.000000
216.000000
1887.000000
2562.000000
282.000000
1539.000000
90.000000
288.000000
426.000000
4240.000000
1003.000000
1042.000000
307.000000
408.000000
255.000000
346.000000
920.000000
369.000000
270.000000
141.000000
1116.000000
205.000000
329.000000
384.000000
405.000000
161.000000
1779.000000
97.000000
954.000000
928.000000
330.000000
1510.000000
1142.000000
1105.000000
2536.000000
120.000000
184.000000
341.000000
275.000000
269.000000
577.000000
218.000000
426.000000
767.000000
788.000000
240.000000
136.000000
699.000000
407.000000
964.000000
253.000000
674.000000
357.000000
258.000000
157.000000
735.000000
117.000000
320.000000
951.000000
405.000000
534.000000
204.000000
199.000000
144.000000
436.000000
181.000000
405.000000
154.000000
169.000000
219.000000
565.000000
709.000000
294.000000
337.000000
238.000000
35.000000
17.000000
971.000000
663.000000
1375.000000
731.000000
908.000000
37.000000
440.000000
135.000000
366.000000
516.000000
412.000000
925.000000
462.000000
230.000000
222.000000
242.000000
170.000000
796.000000
905.000000
590.000000
162.000000
476.000000
1665.000000
1248.000000
565.000000
1482.000000
438.000000
1102.000000
714.000000
600.000000
22.000000
519.000000
720.000000
104.000000
221.000000
325.000000
2061.000000
190.000000
244.000000
442.000000
1433.000000
394.000000
393.000000
453.000000
127.000000
105.000000
2430.000000
168.000000
165.000000
225.000000
263.000000
2000.000000
502.000000
1477.000000
66.000000
159.000000
144.000000
266.000000
631.000000
844.000000
1185.000000
428.000000
349.000000
246.000000
429.000000
448.000000
29.000000
1763.000000
65.000000
294.000000
1742.000000
3662.000000
1464.000000
161.000000
1518.000000
346.000000
132.000000
2113.000000
352.000000
653.000000
1899.000000
1912.000000
777.000000
148.000000
52.000000
700.000000
87.000000
6324.000000
161.000000
490.000000
1593.000000
257.000000
1289.000000
828.000000
800.000000
154.000000
4095.000000
279.000000
122.000000
434.000000
139.000000
316.000000
610.000000
74.000000
118.000000
567.000000
188.000000
232.000000
198.000000
600.000000
89.000000
893.000000
233.000000
196.000000
541.000000
103.000000
303.000000
1124.000000
519.000000
318.000000
430.000000
1524.000000
3368.000000
837.000000
1264.000000
498.000000
176.000000
44.000000
203.000000
91.000000
68.000000
610.000000
1503.000000
157.000000
781.000000
104.000000
1211.000000
680.000000
831.000000
341.000000
220.000000
288.000000
299.000000
1854.000000
594.000000
469.000000
66.000000
415.000000
250.000000
341.000000
215.000000
58.000000
2132.000000
2445.000000
534.000000
177.000000
280.000000
656.000000
95.000000
125.000000
670.000000
783.000000
93.000000
656.000000
3278.000000
182.000000
79.000000
1027.000000
253.000000
1123.000000
447.000000
398.000000
432.000000
311.000000
1967.000000
125.000000
302.000000
2268.000000
226.000000
141.000000
1378.000000
581.000000
224.000000
516.000000
808.000000
474.000000
451.000000
421.000000
481.000000
51.000000
509.000000
594.000000
587.000000
95.000000
1856.000000
417.000000
132.000000
180.000000
211.000000
269.000000
426.000000
1048.000000
279.000000
3947.000000
414.000000
448.000000
741.000000
131.000000
741.000000
1871.000000
363.000000
237.000000
127.000000
1143.000000
734.000000
1571.000000
328.000000
314.000000
510.000000
553.000000
427.000000
160.000000
564.000000
161.000000
2021.000000
288.000000
3843.000000
318.000000
217.000000
451.000000
595.000000
433.000000
1087.000000
509.000000
318.000000
139.000000
1169.000000
232.000000
343.000000
626.000000
608.000000
88.000000
325.000000
722.000000
1440.000000
2048.000000
906.000000
234.000000
798.000000
834.000000
880.000000
2167.000000
195.000000
1207.000000
978.000000
1574.000000
261.000000
415.000000
1086.000000
114.000000
628.000000
501.000000
94.000000
475.000000
987.000000
1468.000000
858.000000
1955.000000
270.000000
317.000000
741.000000
1373.000000
919.000000
636.000000
717.000000
513.000000
586.000000
161.000000
58.000000
1770.000000
89.000000
608.000000
844.000000
184.000000
402.000000
1022.000000
447.000000
247.000000
316.000000
493.000000
594.000000
2506.000000
1743.000000
985.000000
1351.000000
359.000000
401.000000
1093.000000
585.000000
1298.000000
187.000000
516.000000
1162.000000
2988.000000
650.000000
703.000000
381.000000
494.000000
182.000000
332.000000
361.000000
443.000000
389.000000
115.000000
543.000000
1055.000000
429.000000
287.000000
1349.000000
532.000000
4774.000000
2075.000000
2755.000000
948.000000
829.000000
571.000000
319.000000
637.000000
702.000000
166.000000
444.000000
158.000000
118.000000
283.000000
432.000000
394.000000
472.000000
155.000000
1761.000000
911.000000
129.000000
200.000000
218.000000
999.000000
119.000000
217.000000
430.000000
603.000000
218.000000
609.000000
645.000000
586.000000
531.000000
463.000000
976.000000
586.000000
595.000000
193.000000
100.000000
323.000000
986.000000
267.000000
252.000000
1329.000000
1170.000000
312.000000
286.000000
1979.000000
752.000000
37.000000
36.000000
204.000000
126.000000
411.000000
403.000000
147.000000
505.000000
251.000000
2536.000000
408.000000
1443.000000
193.000000
1148.000000
415.000000
544.000000
400.000000
94.000000
241.000000
818.000000
1064.000000
551.000000
586.000000
1430.000000
100.000000
995.000000
64.000000
150.000000
425.000000
3160.000000
147.000000
671.000000
222.000000
969.000000
120.000000
142.000000
2568.000000
974.000000
565.000000
1191.000000
2246.000000
1165.000000
589.000000
1930.000000
1986.000000
414.000000
44.000000
1229.000000
92.000000
195.000000
138.000000
872.000000
825.000000
584.000000
1802.000000
1276.000000
143.000000
836.000000
186.000000
237.000000
823.000000
2546.000000
331.000000
514.000000
809.000000
1679.000000
202.000000
262.000000
569.000000
921.000000
547.000000
515.000000
233.000000
145.000000
481.000000
125.000000
906.000000
512.000000
301.000000
486.000000
185.000000
774.000000
266.000000
431.000000
1726.000000
166.000000
389.000000
192.000000
366.000000
482.000000
248.000000
394.000000
85.000000
500.000000
593.000000
502.000000
317.000000
1032.000000
316.000000
499.000000
909.000000
1903.000000
409.000000
781.000000
190.000000
237.000000
6564.000000
42.000000
597.000000
111.000000
244.000000
250.000000
654.000000
724.000000
70.000000
1952.000000
239.000000
318.000000
43.000000
169.000000
130.000000
488.000000
2413.000000
51.000000
53.000000
2353.000000
321.000000
195.000000
401.000000
299.000000
496.000000
285.000000
66.000000
181.000000
1443.000000
88.000000
953.000000
194.000000
113.000000
892.000000
48.000000
597.000000
372.000000
3227.000000
238.000000
335.000000
475.000000
225.000000
101.000000
112.000000
685.000000
525.000000
406.000000
