282.000000
146.000000
254.000000
89.000000
103.000000
255.000000
1046.000000
2111.000000
402.000000
141.000000
892.000000
544.000000
398.000000
2429.000000
400.000000
295.000000
1307.000000
1600.000000
506.000000
27.000000
914.000000
195.000000
774.000000
104.000000
280.000000
100.000000
3009.000000
334.000000
137.000000
104.000000
191.000000
213.000000
56.000000
288.000000
312.000000
267.000000
449.000000
1414.000000
621.000000
267.000000
1384.000000
778.000000
368.000000
53.000000
1014.000000
746.000000
612.000000
2827.000000
297.000000
406.000000
124.000000
553.000000
550.000000
54.000000
824.000000
330.000000
445.000000
2255.000000
309.000000
234.000000
388.000000
1016.000000
244.000000
175.000000
306.000000
160.000000
540.000000
147.000000
189.000000
1117.000000
262.000000
304.000000
799.000000
114.000000
346.000000
767.000000
170.000000
415.000000
154.000000
1706.000000
587.000000
828.000000
184.000000
225.000000
410.000000
569.000000
342.000000
2019.000000
469.000000
412.000000
30.000000
1705.000000
183.000000
258.000000
933.000000
471.000000
2164.000000
2258.000000
969.000000
230.000000
178.000000
1364.000000
341.000000
1993.000000
103.000000
2856.000000
40.000000
211.000000
634.000000
325.000000
156.000000
359.000000
1180.000000
165.000000
1084.000000
319.000000
3008.000000
448.000000
177.000000
230.000000
179.000000
168.000000
97.000000
94.000000
183.000000
848.000000
1026.000000
1346.000000
271.000000
1465.000000
238.000000
583.000000
1168.000000
414.000000
781.000000
392.000000
208.000000
155.000000
1125.000000
578.000000
491.000000
290.000000
1519.000000
147.000000
61.000000
249.000000
322.000000
371.000000
543.000000
1167.000000
556.000000
123.000000
78.000000
423.000000
139.000000
1296.000000
49.000000
971.000000
419.000000
4189.000000
359.000000
145.000000
302.000000
461.000000
1925.000000
1969.000000
2353.000000
335.000000
163.000000
399.000000
226.000000
313.000000
439.000000
531.000000
1076.000000
151.000000
518.000000
615.000000
1292.000000
442.000000
139.000000
394.000000
82.000000
81.000000
708.000000
348.000000
723.000000
233.000000
870.000000
303.000000
129.000000
3437.000000
388.000000
391.000000
912.000000
551.000000
1184.000000
457.000000
359.000000
336.000000
216.000000
892.000000
1203.000000
418.000000
214.000000
469.000000
492.000000
333.000000
678.000000
1047.000000
63.000000
1857.000000
200.000000
416.000000
450.000000
244.000000
431.000000
128.000000
780.000000
1800.000000
1270.000000
515.000000
314.000000
751.000000
154.000000
3911.000000
218.000000
151.000000
666.000000
564.000000
1544.000000
1775.000000
268.000000
514.000000
1673.000000
362.000000
348.000000
249.000000
1538.000000
223.000000
499.000000
189.000000
202.000000
292.000000
688.000000
146.000000
16.000000
161.000000
155.000000
293.000000
158.000000
524.000000
422.000000
200.000000
312.000000
523.000000
620.000000
85.000000
355.000000
62.000000
280.000000
753.000000
192.000000
960.000000
429.000000
352.000000
758.000000
149.000000
303.000000
379.000000
1178.000000
432.000000
539.000000
79.000000
606.000000
4270.000000
1991.000000
420.000000
482.000000
218.000000
856.000000
170.000000
150.000000
2849.000000
210.000000
688.000000
166.000000
934.000000
318.000000
2307.000000
1465.000000
265.000000
2247.000000
536.000000
804.000000
199.000000
75.000000
69.000000
14.000000
154.000000
746.000000
124.000000
926.000000
187.000000
184.000000
401.000000
468.000000
842.000000
1569.000000
395.000000
578.000000
355.000000
221.000000
938.000000
196.000000
563.000000
607.000000
607.000000
55.000000
1474.000000
237.000000
667.000000
663.000000
723.000000
181.000000
948.000000
410.000000
340.000000
316.000000
94.000000
337.000000
58.000000
467.000000
399.000000
622.000000
228.000000
2450.000000
729.000000
2352.000000
638.000000
167.000000
1582.000000
897.000000
225.000000
1130.000000
2297.000000
890.000000
392.000000
1585.000000
142.000000
126.000000
141.000000
427.000000
207.000000
269.000000
290.000000
1438.000000
1075.000000
140.000000
245.000000
2834.000000
679.000000
713.000000
2777.000000
2783.000000
88.000000
2937.000000
3183.000000
968.000000
411.000000
2097.000000
769.000000
92.000000
391.000000
385.000000
239.000000
1176.000000
406.000000
1724.000000
650.000000
1310.000000
384.000000
1532.000000
1462.000000
288.000000
2724.000000
279.000000
1208.000000
387.000000
69.000000
440.000000
825.000000
183.000000
593.000000
130.000000
254.000000
1141.000000
416.000000
444.000000
1276.000000
647.000000
839.000000
193.000000
1290.000000
382.000000
864.000000
1255.000000
140.000000
310.000000
173.000000
388.000000
1448.000000
165.000000
2837.000000
22.000000
729.000000
1577.000000
107.000000
671.000000
551.000000
681.000000
1584.000000
237.000000
40.000000
370.000000
3456.000000
1037.000000
93.000000
1277.000000
273.000000
973.000000
202.000000
1106.000000
454.000000
186.000000
574.000000
409.000000
397.000000
1247.000000
813.000000
245.000000
1008.000000
29.000000
929.000000
2787.000000
419.000000
599.000000
335.000000
177.000000
84.000000
791.000000
2012.000000
1529.000000
243.000000
538.000000
291.000000
189.000000
257.000000
305.000000
2002.000000
209.000000
154.000000
474.000000
108.000000
2634.000000
395.000000
186.000000
456.000000
599.000000
710.000000
97.000000
724.000000
225.000000
142.000000
153.000000
874.000000
1225.000000
1273.000000
129.000000
3272.000000
2489.000000
522.000000
1167.000000
228.000000
94.000000
1247.000000
396.000000
308.000000
818.000000
929.000000
249.000000
174.000000
306.000000
631.000000
604.000000
462.000000
38.000000
5312.000000
497.000000
314.000000
4151.000000
1154.000000
492.000000
53.000000
537.000000
590.000000
297.000000
302.000000
267.000000
653.000000
1039.000000
218.000000
209.000000
1745.000000
255.000000
323.000000
602.000000
237.000000
555.000000
283.000000
1158.000000
917.000000
3378.000000
1483.000000
777.000000
1548.000000
85.000000
41.000000
196.000000
348.000000
1343.000000
169.000000
1790.000000
314.000000
371.000000
396.000000
2396.000000
93.000000
647.000000
185.000000
381.000000
107.000000
65.000000
714.000000
1694.000000
661.000000
784.000000
421.000000
497.000000
768.000000
2155.000000
199.000000
1213.000000
890.000000
756.000000
1129.000000
574.000000
401.000000
795.000000
89.000000
373.000000
532.000000
183.000000
4720.000000
1755.000000
64.000000
2199.000000
263.000000
93.000000
346.000000
2935.000000
1007.000000
106.000000
91.000000
145.000000
210.000000
640.000000
445.000000
1245.000000
202.000000
337.000000
405.000000
128.000000
401.000000
1959.000000
333.000000
1137.000000
382.000000
206.000000
48.000000
133.000000
219.000000
454.000000
78.000000
769.000000
498.000000
42.000000
109.000000
538.000000
1692.000000
299.000000
528.000000
78.000000
131.000000
78.000000
411.000000
1573.000000
1424.000000
890.000000
1280.000000
93.000000
2136.000000
165.000000
143.000000
457.000000
317.000000
1554.000000
84.000000
404.000000
346.000000
261.000000
297.000000
61.000000
952.000000
624.000000
569.000000
2342.000000
863.000000
201.000000
176.000000
268.000000
164.000000
5484.000000
668.000000
78.000000
1680.000000
1310.000000
112.000000
147.000000
938.000000
144.000000
395.000000
653.000000
778.000000
502.000000
987.000000
576.000000
280.000000
431.000000
132.000000
254.000000
222.000000
66.000000
812.000000
929.000000
35.000000
235.000000
246.000000
398.000000
95.000000
222.000000
332.000000
260.000000
5074.000000
2354.000000
680.000000
479.000000
293.000000
206.000000
251.000000
357.000000
457.000000
769.000000
423.000000
71.000000
1801.000000
356.000000
1183.000000
22.000000
302.000000
437.000000
691.000000
794.000000
292.000000
209.000000
307.000000
391.000000
388.000000
417.000000
80.000000
1300.000000
905.000000
250.000000
43.000000
117.000000
102.000000
453.000000
563.000000
1138.000000
415.000000
438.000000
654.000000
1173.000000
115.000000
2744.000000
592.000000
1103.000000
168.000000
487.000000
599.000000
97.000000
204.000000
472.000000
477.000000
241.000000
632.000000
952.000000
341.000000
457.000000
495.000000
1378.000000
270.000000
62.000000
177.000000
900.000000
179.000000
489.000000
2012.000000
1204.000000
177.000000
482.000000
1030.000000
1054.000000
114.000000
243.000000
977.000000
1290.000000
253.000000
260.000000
220.000000
267.000000
72.000000
2119.000000
2179.000000
637.000000
149.000000
161.000000
84.000000
73.000000
72.000000
1387.000000
455.000000
129.000000
606.000000
590.000000
1088.000000
154.000000
300.000000
762.000000
376.000000
174.000000
455.000000
94.000000
847.000000
1170.000000
286.000000
1008.000000
223.000000
215.000000
772.000000
1029.000000
975.000000
65.000000
1477.000000
353.000000
54.000000
118.000000
208.000000
1701.000000
713.000000
646.000000
468.000000
85.000000
659.000000
298.000000
666.000000
687.000000
568.000000
75.000000
4490.000000
139.000000
119.000000
264.000000
409.000000
1011.000000
275.000000
162.000000
3069.000000
189.000000
402.000000
645.000000
929.000000
650.000000
804.000000
1397.000000
984.000000
87.000000
73.000000
309.000000
3424.000000
472.000000
1230.000000
523.000000
259.000000
682.000000
807.000000
230.000000
228.000000
478.000000
290.000000
442.000000
2138.000000
1273.000000
614.000000
275.000000
490.000000
160.000000
3552.000000
218.000000
203.000000
68.000000
1074.000000
364.000000
1285.000000
2340.000000
82.000000
2176.000000
1578.000000
114.000000
361.000000
353.000000
414.000000
6645.000000
818.000000
699.000000
250.000000
825.000000
192.000000
302.000000
175.000000
1391.000000
593.000000
1214.000000
193.000000
650.000000
402.000000
279.000000
1025.000000
269.000000
162.000000
44.000000
101.000000
1499.000000
584.000000
2520.000000
86.000000
198.000000
738.000000
2700.000000
420.000000
539.000000
64.000000
904.000000
577.000000
725.000000
663.000000
111.000000
957.000000
778.000000
487.000000
127.000000
83.000000
1144.000000
524.000000
581.000000
765.000000
1783.000000
511.000000
3511.000000
1873.000000
67.000000
382.000000
301.000000
2151.000000
903.000000
1821.000000
627.000000
1216.000000
867.000000
879.000000
51.000000
926.000000
287.000000
1200.000000
121.000000
147.000000
220.000000
240.000000
422.000000
236.000000
1250.000000
2119.000000
594.000000
351.000000
531.000000
329.000000
355.000000
129.000000
377.000000
400.000000
499.000000
282.000000
159.000000
95.000000
253.000000
367.000000
886.000000
211.000000
715.000000
111.000000
94.000000
439.000000
125.000000
285.000000
256.000000
1088.000000
130.000000
628.000000
172.000000
225.000000
74.000000
531.000000
311.000000
338.000000
306.000000
107.000000
504.000000
217.000000
284.000000
584.000000
2110.000000
2359.000000
889.000000
210.000000
2060.000000
78.000000
267.000000
289.000000
200.000000
563.000000
361.000000
332.000000
331.000000
627.000000
967.000000
2745.000000
189.000000
136.000000
177.000000
135.000000
387.000000
519.000000
869.000000
180.000000
216.000000
792.000000
359.000000
938.000000
137.000000
123.000000
133.000000
124.000000
298.000000
418.000000
542.000000
259.000000
1141.000000
362.000000
748.000000
318.000000
330.000000
1262.000000
48.000000
89.000000
103.000000
215.000000
539.000000
533.000000
449.000000
145.000000
