343.000000
1039.000000
635.000000
1354.000000
278.000000
472.000000
1316.000000
263.000000
399.000000
81.000000
361.000000
973.000000
387.000000
372.000000
343.000000
443.000000
445.000000
160.000000
1933.000000
490.000000
364.000000
393.000000
1529.000000
601.000000
268.000000
28.000000
227.000000
108.000000
829.000000
385.000000
195.000000
929.000000
344.000000
706.000000
668.000000
316.000000
587.000000
826.000000
284.000000
124.000000
331.000000
943.000000
652.000000
228.000000
187.000000
819.000000
546.000000
290.000000
980.000000
226.000000
420.000000
2130.000000
132.000000
482.000000
469.000000
1062.000000
483.000000
47.000000
174.000000
186.000000
1462.000000
343.000000
6746.000000
168.000000
1131.000000
2573.000000
906.000000
2014.000000
785.000000
693.000000
68.000000
442.000000
427.000000
412.000000
504.000000
1674.000000
548.000000
1370.000000
42.000000
514.000000
261.000000
1082.000000
566.000000
592.000000
380.000000
287.000000
464.000000
1466.000000
100.000000
1031.000000
465.000000
2129.000000
2176.000000
1574.000000
505.000000
485.000000
363.000000
1065.000000
190.000000
276.000000
856.000000
12.000000
1335.000000
423.000000
691.000000
371.000000
639.000000
198.000000
38.000000
932.000000
149.000000
424.000000
918.000000
2470.000000
1586.000000
149.000000
225.000000
1117.000000
1263.000000
197.000000
988.000000
141.000000
357.000000
247.000000
76.000000
488.000000
436.000000
81.000000
120.000000
178.000000
476.000000
650.000000
379.000000
495.000000
480.000000
454.000000
623.000000
4020.000000
799.000000
2799.000000
993.000000
268.000000
197.000000
11609.000000
376.000000
1432.000000
412.000000
631.000000
760.000000
160.000000
173.000000
702.000000
383.000000
263.000000
252.000000
391.000000
920.000000
428.000000
535.000000
132.000000
201.000000
112.000000
87.000000
2697.000000
323.000000
128.000000
107.000000
139.000000
1611.000000
511.000000
2219.000000
178.000000
142.000000
240.000000
226.000000
2192.000000
1553.000000
4978.000000
719.000000
229.000000
1461.000000
180.000000
89.000000
977.000000
1645.000000
196.000000
268.000000
149.000000
224.000000
146.000000
157.000000
145.000000
1273.000000
79.000000
1187.000000
72.000000
306.000000
548.000000
770.000000
255.000000
224.000000
191.000000
1470.000000
646.000000
342.000000
401.000000
510.000000
125.000000
499.000000
245.000000
1516.000000
223.000000
344.000000
700.000000
1345.000000
324.000000
147.000000
304.000000
3450.000000
311.000000
459.000000
257.000000
111.000000
567.000000
397.000000
1614.000000
138.000000
1038.000000
232.000000
878.000000
155.000000
937.000000
295.000000
136.000000
166.000000
199.000000
247.000000
228.000000
461.000000
233.000000
589.000000
421.000000
326.000000
142.000000
588.000000
603.000000
495.000000
81.000000
112.000000
286.000000
2104.000000
912.000000
571.000000
840.000000
256.000000
357.000000
33.000000
374.000000
1155.000000
2708.000000
1985.000000
860.000000
267.000000
629.000000
80.000000
267.000000
269.000000
338.000000
195.000000
180.000000
334.000000
1501.000000
968.000000
620.000000
496.000000
567.000000
268.000000
302.000000
961.000000
1206.000000
2026.000000
88.000000
706.000000
1210.000000
242.000000
63.000000
517.000000
596.000000
181.000000
44.000000
204.000000
773.000000
486.000000
114.000000
160.000000
792.000000
191.000000
22.000000
184.000000
621.000000
580.000000
412.000000
780.000000
190.000000
548.000000
1255.000000
107.000000
757.000000
187.000000
619.000000
321.000000
437.000000
421.000000
158.000000
363.000000
157.000000
195.000000
692.000000
410.000000
410.000000
448.000000
338.000000
1320.000000
203.000000
113.000000
581.000000
292.000000
220.000000
476.000000
539.000000
302.000000
128.000000
32.000000
763.000000
1640.000000
198.000000
1710.000000
76.000000
508.000000
2730.000000
478.000000
518.000000
246.000000
228.000000
239.000000
149.000000
650.000000
168.000000
90.000000
175.000000
218.000000
193.000000
594.000000
367.000000
475.000000
1684.000000
758.000000
184.000000
205.000000
1473.000000
267.000000
476.000000
1128.000000
150.000000
164.000000
176.000000
272.000000
294.000000
893.000000
811.000000
642.000000
678.000000
917.000000
970.000000
148.000000
618.000000
261.000000
128.000000
701.000000
233.000000
298.000000
257.000000
511.000000
1949.000000
777.000000
295.000000
717.000000
524.000000
81.000000
706.000000
1627.000000
42.000000
1057.000000
205.000000
1406.000000
317.000000
236.000000
220.000000
307.000000
93.000000
368.000000
128.000000
262.000000
526.000000
77.000000
334.000000
620.000000
193.000000
188.000000
2045.000000
124.000000
473.000000
3814.000000
545.000000
1179.000000
96.000000
1050.000000
696.000000
537.000000
116.000000
662.000000
130.000000
340.000000
343.000000
208.000000
861.000000
931.000000
2487.000000
780.000000
815.000000
96.000000
1012.000000
662.000000
712.000000
632.000000
1433.000000
156.000000
533.000000
133.000000
597.000000
334.000000
303.000000
1678.000000
816.000000
211.000000
256.000000
2970.000000
136.000000
672.000000
212.000000
430.000000
255.000000
458.000000
215.000000
325.000000
5582.000000
202.000000
121.000000
367.000000
1046.000000
1345.000000
5475.000000
2769.000000
293.000000
456.000000
355.000000
378.000000
104.000000
1094.000000
74.000000
1072.000000
254.000000
467.000000
734.000000
1057.000000
301.000000
386.000000
3116.000000
130.000000
498.000000
594.000000
312.000000
941.000000
108.000000
741.000000
659.000000
595.000000
559.000000
145.000000
212.000000
552.000000
667.000000
108.000000
209.000000
1128.000000
887.000000
915.000000
313.000000
232.000000
4068.000000
141.000000
4550.000000
1218.000000
814.000000
363.000000
114.000000
810.000000
2762.000000
1147.000000
259.000000
840.000000
929.000000
666.000000
691.000000
233.000000
323.000000
559.000000
350.000000
46.000000
145.000000
180.000000
173.000000
789.000000
131.000000
454.000000
404.000000
919.000000
699.000000
470.000000
159.000000
86.000000
4876.000000
273.000000
384.000000
862.000000
237.000000
132.000000
88.000000
72.000000
1692.000000
343.000000
145.000000
112.000000
186.000000
579.000000
1604.000000
730.000000
161.000000
90.000000
326.000000
192.000000
399.000000
630.000000
1345.000000
191.000000
904.000000
1196.000000
543.000000
1813.000000
574.000000
2011.000000
306.000000
94.000000
466.000000
94.000000
1253.000000
1091.000000
358.000000
76.000000
55.000000
417.000000
528.000000
65.000000
803.000000
1102.000000
143.000000
667.000000
132.000000
663.000000
223.000000
377.000000
182.000000
648.000000
802.000000
310.000000
152.000000
132.000000
1241.000000
708.000000
121.000000
219.000000
233.000000
3904.000000
435.000000
152.000000
828.000000
286.000000
408.000000
319.000000
398.000000
589.000000
366.000000
174.000000
210.000000
655.000000
509.000000
1080.000000
1304.000000
337.000000
809.000000
197.000000
118.000000
590.000000
863.000000
197.000000
391.000000
319.000000
549.000000
312.000000
271.000000
223.000000
174.000000
317.000000
1039.000000
216.000000
514.000000
568.000000
510.000000
1261.000000
272.000000
1730.000000
419.000000
466.000000
696.000000
1063.000000
580.000000
443.000000
1789.000000
1129.000000
348.000000
261.000000
426.000000
1168.000000
900.000000
1401.000000
3188.000000
331.000000
1360.000000
134.000000
128.000000
263.000000
843.000000
433.000000
160.000000
896.000000
407.000000
638.000000
161.000000
2009.000000
161.000000
215.000000
1590.000000
321.000000
322.000000
151.000000
181.000000
2425.000000
176.000000
951.000000
942.000000
148.000000
616.000000
2630.000000
890.000000
39.000000
286.000000
1382.000000
142.000000
96.000000
213.000000
5033.000000
57.000000
287.000000
1160.000000
126.000000
2008.000000
305.000000
306.000000
379.000000
901.000000
651.000000
923.000000
1602.000000
3876.000000
4890.000000
527.000000
397.000000
533.000000
700.000000
980.000000
1232.000000
233.000000
217.000000
590.000000
469.000000
165.000000
251.000000
1284.000000
3143.000000
2708.000000
220.000000
513.000000
146.000000
542.000000
273.000000
1151.000000
345.000000
209.000000
1140.000000
103.000000
232.000000
1596.000000
644.000000
405.000000
1880.000000
541.000000
2195.000000
193.000000
525.000000
621.000000
132.000000
1226.000000
37.000000
128.000000
265.000000
663.000000
760.000000
326.000000
112.000000
488.000000
86.000000
209.000000
315.000000
1099.000000
194.000000
1352.000000
457.000000
405.000000
133.000000
564.000000
182.000000
286.000000
503.000000
236.000000
2128.000000
300.000000
1428.000000
247.000000
1563.000000
980.000000
638.000000
300.000000
405.000000
277.000000
303.000000
192.000000
115.000000
814.000000
287.000000
1353.000000
610.000000
407.000000
96.000000
221.000000
491.000000
257.000000
7307.000000
902.000000
82.000000
653.000000
1879.000000
491.000000
450.000000
416.000000
260.000000
388.000000
78.000000
533.000000
1581.000000
328.000000
145.000000
217.000000
117.000000
543.000000
979.000000
381.000000
29.000000
431.000000
347.000000
498.000000
386.000000
792.000000
278.000000
92.000000
299.000000
297.000000
391.000000
928.000000
595.000000
182.000000
197.000000
156.000000
57.000000
710.000000
211.000000
577.000000
553.000000
1121.000000
164.000000
4701.000000
55.000000
2249.000000
470.000000
1383.000000
652.000000
290.000000
363.000000
339.000000
1394.000000
743.000000
821.000000
581.000000
1012.000000
362.000000
612.000000
1820.000000
558.000000
163.000000
273.000000
540.000000
520.000000
545.000000
144.000000
1442.000000
60.000000
214.000000
150.000000
226.000000
289.000000
1298.000000
591.000000
766.000000
239.000000
712.000000
2436.000000
328.000000
192.000000
3514.000000
238.000000
423.000000
2681.000000
166.000000
147.000000
377.000000
150.000000
579.000000
179.000000
1894.000000
79.000000
2431.000000
2259.000000
191.000000
771.000000
1518.000000
648.000000
452.000000
180.000000
206.000000
567.000000
241.000000
487.000000
1078.000000
487.000000
607.000000
228.000000
380.000000
149.000000
1079.000000
373.000000
382.000000
274.000000
219.000000
1663.000000
510.000000
370.000000
1086.000000
166.000000
573.000000
523.000000
176.000000
307.000000
671.000000
290.000000
723.000000
227.000000
1910.000000
35.000000
200.000000
498.000000
1962.000000
249.000000
149.000000
276.000000
229.000000
157.000000
157.000000
439.000000
19.000000
1545.000000
1506.000000
652.000000
683.000000
191.000000
276.000000
882.000000
589.000000
94.000000
1529.000000
33.000000
622.000000
283.000000
333.000000
426.000000
967.000000
183.000000
921.000000
188.000000
1035.000000
191.000000
189.000000
411.000000
259.000000
298.000000
856.000000
97.000000
193.000000
764.000000
515.000000
327.000000
331.000000
1183.000000
107.000000
83.000000
183.000000
187.000000
741.000000
768.000000
258.000000
58.000000
328.000000
583.000000
2813.000000
345.000000
167.000000
876.000000
500.000000
235.000000
2194.000000
153.000000
881.000000
595.000000
358.000000
1498.000000
250.000000
1387.000000
991.000000
153.000000
225.000000
194.000000
1836.000000
61.000000
724.000000
119.000000
318.000000
124.000000
673.000000
853.000000
877.000000
163.000000
92.000000
741.000000
596.000000
934.000000
298.000000
1016.000000
570.000000
261.000000
1656.000000
1027.000000
53.000000
