770.000000
314.000000
700.000000
1276.000000
738.000000
844.000000
1577.000000
233.000000
412.000000
88.000000
213.000000
1233.000000
255.000000
383.000000
179.000000
354.000000
110.000000
187.000000
750.000000
997.000000
336.000000
215.000000
98.000000
246.000000
615.000000
223.000000
704.000000
374.000000
244.000000
367.000000
133.000000
317.000000
578.000000
563.000000
493.000000
194.000000
109.000000
1703.000000
320.000000
313.000000
406.000000
110.000000
656.000000
548.000000
973.000000
264.000000
1808.000000
731.000000
393.000000
432.000000
2677.000000
850.000000
1762.000000
611.000000
902.000000
1138.000000
531.000000
109.000000
126.000000
221.000000
428.000000
137.000000
1397.000000
524.000000
129.000000
444.000000
295.000000
1385.000000
302.000000
479.000000
122.000000
1131.000000
1080.000000
708.000000
651.000000
2160.000000
200.000000
378.000000
252.000000
873.000000
866.000000
532.000000
328.000000
532.000000
108.000000
718.000000
734.000000
279.000000
363.000000
450.000000
1907.000000
697.000000
1546.000000
652.000000
269.000000
307.000000
1007.000000
378.000000
930.000000
187.000000
250.000000
77.000000
476.000000
1943.000000
722.000000
2493.000000
27.000000
123.000000
114.000000
769.000000
207.000000
582.000000
358.000000
274.000000
258.000000
2263.000000
381.000000
1571.000000
377.000000
312.000000
987.000000
52.000000
1126.000000
726.000000
2601.000000
310.000000
96.000000
226.000000
160.000000
536.000000
279.000000
762.000000
66.000000
438.000000
1136.000000
54.000000
187.000000
338.000000
49.000000
761.000000
3466.000000
247.000000
158.000000
203.000000
123.000000
875.000000
1357.000000
998.000000
851.000000
377.000000
1056.000000
164.000000
679.000000
119.000000
1250.000000
775.000000
166.000000
599.000000
628.000000
575.000000
494.000000
273.000000
133.000000
2070.000000
1506.000000
4326.000000
924.000000
277.000000
1282.000000
357.000000
226.000000
687.000000
792.000000
135.000000
1076.000000
157.000000
161.000000
512.000000
112.000000
698.000000
256.000000
307.000000
572.000000
11418.000000
111.000000
891.000000
330.000000
208.000000
113.000000
618.000000
1244.000000
585.000000
2097.000000
3634.000000
80.000000
644.000000
176.000000
208.000000
678.000000
436.000000
192.000000
899.000000
91.000000
425.000000
233.000000
384.000000
1607.000000
294.000000
77.000000
451.000000
680.000000
267.000000
1517.000000
810.000000
1882.000000
188.000000
44.000000
163.000000
170.000000
75.000000
2856.000000
413.000000
418.000000
1049.000000
469.000000
800.000000
427.000000
799.000000
120.000000
665.000000
833.000000
1126.000000
423.000000
473.000000
1219.000000
572.000000
2217.000000
196.000000
129.000000
557.000000
195.000000
325.000000
1193.000000
434.000000
256.000000
184.000000
158.000000
725.000000
272.000000
115.000000
915.000000
4123.000000
785.000000
589.000000
238.000000
559.000000
161.000000
282.000000
605.000000
195.000000
150.000000
86.000000
313.000000
540.000000
1607.000000
859.000000
208.000000
669.000000
303.000000
160.000000
249.000000
492.000000
692.000000
1357.000000
168.000000
205.000000
144.000000
178.000000
3788.000000
1854.000000
289.000000
252.000000
314.000000
32.000000
236.000000
130.000000
476.000000
1757.000000
254.000000
308.000000
1645.000000
1130.000000
1280.000000
1118.000000
117.000000
1912.000000
654.000000
622.000000
1450.000000
481.000000
343.000000
171.000000
113.000000
267.000000
147.000000
412.000000
373.000000
172.000000
297.000000
297.000000
397.000000
338.000000
1908.000000
1125.000000
283.000000
1104.000000
938.000000
212.000000
333.000000
1173.000000
313.000000
1323.000000
463.000000
614.000000
475.000000
594.000000
218.000000
602.000000
152.000000
266.000000
95.000000
786.000000
351.000000
422.000000
357.000000
1038.000000
315.000000
579.000000
553.000000
239.000000
217.000000
1440.000000
319.000000
2538.000000
303.000000
193.000000
409.000000
73.000000
1269.000000
426.000000
671.000000
289.000000
117.000000
638.000000
84.000000
827.000000
609.000000
535.000000
420.000000
293.000000
170.000000
347.000000
1318.000000
1763.000000
92.000000
270.000000
391.000000
610.000000
3746.000000
654.000000
288.000000
388.000000
50.000000
108.000000
9963.000000
154.000000
424.000000
70.000000
782.000000
1932.000000
293.000000
444.000000
854.000000
731.000000
291.000000
1855.000000
50.000000
1686.000000
832.000000
402.000000
131.000000
353.000000
283.000000
350.000000
251.000000
195.000000
1822.000000
2975.000000
623.000000
314.000000
90.000000
182.000000
1743.000000
679.000000
2684.000000
223.000000
198.000000
581.000000
393.000000
316.000000
394.000000
129.000000
216.000000
1123.000000
314.000000
2164.000000
371.000000
621.000000
579.000000
62.000000
580.000000
268.000000
96.000000
663.000000
251.000000
228.000000
1531.000000
137.000000
2072.000000
452.000000
426.000000
321.000000
222.000000
277.000000
3127.000000
556.000000
598.000000
866.000000
196.000000
613.000000
415.000000
1222.000000
483.000000
421.000000
938.000000
881.000000
1904.000000
792.000000
133.000000
208.000000
522.000000
2142.000000
383.000000
2366.000000
114.000000
113.000000
197.000000
488.000000
670.000000
101.000000
1337.000000
21.000000
773.000000
121.000000
170.000000
189.000000
33.000000
6188.000000
2924.000000
54.000000
325.000000
185.000000
144.000000
61.000000
56.000000
283.000000
1012.000000
147.000000
458.000000
497.000000
183.000000
507.000000
134.000000
77.000000
203.000000
414.000000
2051.000000
118.000000
96.000000
357.000000
1023.000000
125.000000
137.000000
299.000000
313.000000
197.000000
471.000000
495.000000
470.000000
189.000000
848.000000
103.000000
689.000000
783.000000
1058.000000
917.000000
226.000000
319.000000
1232.000000
221.000000
5129.000000
536.000000
327.000000
1862.000000
135.000000
162.000000
1241.000000
1362.000000
1341.000000
490.000000
393.000000
397.000000
210.000000
514.000000
709.000000
207.000000
478.000000
607.000000
455.000000
161.000000
251.000000
2200.000000
2614.000000
228.000000
195.000000
332.000000
1765.000000
246.000000
344.000000
446.000000
621.000000
307.000000
1383.000000
530.000000
153.000000
571.000000
525.000000
1886.000000
859.000000
1094.000000
1195.000000
935.000000
168.000000
274.000000
674.000000
224.000000
101.000000
677.000000
1778.000000
74.000000
83.000000
472.000000
503.000000
111.000000
804.000000
1087.000000
95.000000
165.000000
570.000000
82.000000
223.000000
429.000000
323.000000
427.000000
313.000000
770.000000
1006.000000
159.000000
481.000000
102.000000
154.000000
549.000000
125.000000
126.000000
717.000000
38.000000
146.000000
291.000000
358.000000
254.000000
107.000000
385.000000
235.000000
277.000000
1319.000000
323.000000
1347.000000
690.000000
604.000000
669.000000
310.000000
118.000000
3802.000000
1264.000000
299.000000
801.000000
212.000000
3659.000000
309.000000
434.000000
102.000000
1088.000000
303.000000
341.000000
591.000000
87.000000
355.000000
227.000000
325.000000
209.000000
477.000000
198.000000
521.000000
374.000000
577.000000
170.000000
525.000000
1901.000000
882.000000
150.000000
531.000000
1195.000000
256.000000
88.000000
412.000000
503.000000
733.000000
326.000000
1121.000000
195.000000
85.000000
667.000000
126.000000
183.000000
372.000000
2310.000000
75.000000
5475.000000
53.000000
57.000000
300.000000
434.000000
1218.000000
43.000000
4399.000000
1748.000000
1080.000000
1337.000000
1699.000000
230.000000
191.000000
410.000000
209.000000
126.000000
619.000000
848.000000
256.000000
549.000000
253.000000
484.000000
298.000000
1171.000000
444.000000
677.000000
258.000000
1675.000000
108.000000
164.000000
1351.000000
261.000000
664.000000
546.000000
169.000000
632.000000
177.000000
331.000000
2462.000000
1058.000000
655.000000
373.000000
516.000000
644.000000
186.000000
861.000000
332.000000
70.000000
172.000000
206.000000
236.000000
708.000000
325.000000
791.000000
1197.000000
196.000000
212.000000
1680.000000
120.000000
239.000000
1575.000000
193.000000
141.000000
1120.000000
1089.000000
279.000000
242.000000
206.000000
1787.000000
298.000000
382.000000
122.000000
249.000000
1031.000000
256.000000
706.000000
297.000000
110.000000
302.000000
703.000000
185.000000
466.000000
1138.000000
204.000000
223.000000
1010.000000
747.000000
365.000000
117.000000
5432.000000
360.000000
362.000000
711.000000
208.000000
216.000000
572.000000
332.000000
430.000000
135.000000
581.000000
111.000000
502.000000
153.000000
587.000000
86.000000
79.000000
133.000000
1257.000000
877.000000
1400.000000
125.000000
338.000000
736.000000
256.000000
817.000000
208.000000
936.000000
944.000000
792.000000
108.000000
119.000000
327.000000
825.000000
800.000000
153.000000
361.000000
846.000000
635.000000
221.000000
356.000000
291.000000
292.000000
270.000000
2960.000000
549.000000
397.000000
116.000000
4048.000000
233.000000
661.000000
632.000000
158.000000
467.000000
99.000000
455.000000
175.000000
930.000000
1245.000000
1997.000000
263.000000
662.000000
512.000000
450.000000
147.000000
127.000000
490.000000
1152.000000
1079.000000
386.000000
38.000000
443.000000
1051.000000
243.000000
255.000000
329.000000
344.000000
106.000000
85.000000
278.000000
364.000000
986.000000
414.000000
110.000000
161.000000
607.000000
520.000000
152.000000
93.000000
3856.000000
217.000000
1213.000000
159.000000
2158.000000
301.000000
143.000000
925.000000
820.000000
77.000000
198.000000
812.000000
1320.000000
646.000000
577.000000
91.000000
197.000000
3299.000000
243.000000
4791.000000
84.000000
613.000000
279.000000
547.000000
95.000000
291.000000
899.000000
321.000000
513.000000
835.000000
2101.000000
194.000000
1248.000000
1620.000000
227.000000
1256.000000
315.000000
147.000000
600.000000
298.000000
1810.000000
1467.000000
674.000000
264.000000
166.000000
313.000000
224.000000
223.000000
1066.000000
166.000000
488.000000
1958.000000
1064.000000
124.000000
542.000000
578.000000
1238.000000
1429.000000
70.000000
1211.000000
788.000000
449.000000
377.000000
1062.000000
690.000000
698.000000
177.000000
294.000000
56.000000
475.000000
903.000000
1459.000000
160.000000
539.000000
54.000000
157.000000
114.000000
48.000000
145.000000
880.000000
288.000000
1545.000000
138.000000
865.000000
647.000000
110.000000
65.000000
202.000000
1319.000000
2334.000000
104.000000
1114.000000
495.000000
166.000000
1864.000000
259.000000
218.000000
249.000000
342.000000
911.000000
179.000000
2113.000000
394.000000
696.000000
217.000000
807.000000
2659.000000
715.000000
2016.000000
192.000000
189.000000
436.000000
803.000000
205.000000
1809.000000
494.000000
187.000000
321.000000
109.000000
118.000000
583.000000
221.000000
466.000000
122.000000
1037.000000
186.000000
546.000000
736.000000
270.000000
764.000000
413.000000
995.000000
890.000000
1020.000000
1260.000000
427.000000
794.000000
601.000000
153.000000
335.000000
381.000000
232.000000
175.000000
108.000000
700.000000
279.000000
760.000000
987.000000
2690.000000
348.000000
177.000000
194.000000
782.000000
437.000000
74.000000
1344.000000
435.000000
920.000000
138.000000
524.000000
134.000000
131.000000
276.000000
1625.000000
532.000000
1530.000000
510.000000
1131.000000
426.000000
453.000000
426.000000
1163.000000
30.000000
342.000000
