1735.000000
796.000000
452.000000
606.000000
321.000000
648.000000
340.000000
442.000000
911.000000
274.000000
491.000000
413.000000
427.000000
552.000000
376.000000
209.000000
346.000000
218.000000
721.000000
77.000000
355.000000
200.000000
698.000000
499.000000
907.000000
198.000000
297.000000
392.000000
111.000000
859.000000
659.000000
258.000000
140.000000
1200.000000
196.000000
208.000000
704.000000
282.000000
881.000000
361.000000
154.000000
83.000000
986.000000
179.000000
299.000000
270.000000
2333.000000
2180.000000
237.000000
444.000000
1263.000000
76.000000
305.000000
293.000000
990.000000
487.000000
312.000000
317.000000
115.000000
710.000000
436.000000
487.000000
226.000000
1113.000000
678.000000
451.000000
83.000000
403.000000
1058.000000
167.000000
158.000000
591.000000
1113.000000
8801.000000
109.000000
407.000000
36.000000
55.000000
337.000000
354.000000
874.000000
31.000000
180.000000
651.000000
469.000000
1140.000000
441.000000
634.000000
1029.000000
2548.000000
181.000000
2521.000000
2267.000000
491.000000
168.000000
606.000000
127.000000
880.000000
248.000000
70.000000
263.000000
93.000000
328.000000
473.000000
179.000000
1406.000000
79.000000
342.000000
727.000000
254.000000
1223.000000
281.000000
38.000000
2293.000000
123.000000
806.000000
790.000000
836.000000
1661.000000
380.000000
1739.000000
436.000000
1728.000000
674.000000
142.000000
508.000000
106.000000
191.000000
1337.000000
135.000000
2337.000000
250.000000
1205.000000
553.000000
116.000000
164.000000
429.000000
955.000000
865.000000
105.000000
820.000000
315.000000
2427.000000
4004.000000
328.000000
450.000000
3768.000000
600.000000
456.000000
878.000000
990.000000
783.000000
84.000000
375.000000
794.000000
102.000000
632.000000
422.000000
160.000000
2112.000000
801.000000
205.000000
438.000000
1414.000000
354.000000
282.000000
1937.000000
101.000000
2722.000000
294.000000
98.000000
768.000000
66.000000
785.000000
331.000000
273.000000
740.000000
69.000000
512.000000
166.000000
318.000000
890.000000
129.000000
1355.000000
257.000000
981.000000
1669.000000
643.000000
446.000000
91.000000
1383.000000
228.000000
157.000000
1053.000000
220.000000
231.000000
281.000000
462.000000
334.000000
561.000000
724.000000
1042.000000
1241.000000
209.000000
2807.000000
375.000000
427.000000
1113.000000
121.000000
275.000000
162.000000
205.000000
204.000000
253.000000
510.000000
1067.000000
326.000000
586.000000
435.000000
389.000000
924.000000
655.000000
384.000000
773.000000
154.000000
293.000000
741.000000
92.000000
353.000000
125.000000
350.000000
525.000000
902.000000
447.000000
192.000000
958.000000
280.000000
293.000000
181.000000
307.000000
132.000000
297.000000
386.000000
143.000000
2601.000000
1679.000000
1198.000000
190.000000
116.000000
277.000000
1063.000000
233.000000
209.000000
300.000000
179.000000
334.000000
102.000000
201.000000
4910.000000
179.000000
447.000000
1257.000000
373.000000
916.000000
647.000000
1287.000000
626.000000
395.000000
264.000000
1179.000000
508.000000
153.000000
154.000000
703.000000
782.000000
492.000000
1949.000000
1681.000000
150.000000
1272.000000
60.000000
3398.000000
115.000000
794.000000
132.000000
3172.000000
429.000000
120.000000
615.000000
1804.000000
645.000000
230.000000
1287.000000
91.000000
1059.000000
272.000000
228.000000
382.000000
252.000000
85.000000
1065.000000
554.000000
285.000000
748.000000
397.000000
741.000000
1373.000000
350.000000
2442.000000
858.000000
338.000000
422.000000
459.000000
810.000000
885.000000
469.000000
1234.000000
131.000000
199.000000
1301.000000
166.000000
287.000000
183.000000
433.000000
89.000000
103.000000
645.000000
466.000000
314.000000
238.000000
158.000000
262.000000
183.000000
186.000000
134.000000
248.000000
43.000000
287.000000
456.000000
371.000000
657.000000
85.000000
132.000000
1481.000000
1967.000000
1013.000000
124.000000
326.000000
109.000000
302.000000
554.000000
132.000000
1136.000000
250.000000
343.000000
95.000000
1032.000000
1007.000000
92.000000
284.000000
79.000000
241.000000
292.000000
257.000000
1192.000000
253.000000
256.000000
116.000000
267.000000
141.000000
688.000000
396.000000
94.000000
45.000000
1111.000000
1643.000000
208.000000
174.000000
84.000000
147.000000
263.000000
211.000000
991.000000
306.000000
249.000000
1369.000000
85.000000
631.000000
721.000000
397.000000
1115.000000
631.000000
110.000000
252.000000
578.000000
1307.000000
453.000000
244.000000
216.000000
922.000000
131.000000
501.000000
1217.000000
1372.000000
158.000000
718.000000
1582.000000
199.000000
138.000000
57.000000
278.000000
678.000000
243.000000
162.000000
53.000000
752.000000
504.000000
77.000000
491.000000
368.000000
888.000000
594.000000
1388.000000
1620.000000
108.000000
122.000000
7573.000000
87.000000
523.000000
141.000000
381.000000
1850.000000
382.000000
389.000000
1224.000000
244.000000
627.000000
310.000000
477.000000
781.000000
65.000000
74.000000
608.000000
445.000000
458.000000
305.000000
228.000000
385.000000
632.000000
298.000000
137.000000
283.000000
435.000000
575.000000
104.000000
4862.000000
400.000000
143.000000
420.000000
179.000000
7305.000000
687.000000
1198.000000
310.000000
142.000000
517.000000
338.000000
382.000000
258.000000
218.000000
105.000000
633.000000
312.000000
274.000000
668.000000
153.000000
222.000000
371.000000
325.000000
320.000000
1060.000000
258.000000
471.000000
289.000000
996.000000
3381.000000
177.000000
316.000000
905.000000
616.000000
942.000000
641.000000
71.000000
2260.000000
1594.000000
706.000000
328.000000
1188.000000
126.000000
177.000000
77.000000
182.000000
592.000000
215.000000
648.000000
714.000000
71.000000
533.000000
340.000000
320.000000
244.000000
1668.000000
2914.000000
99.000000
678.000000
783.000000
624.000000
308.000000
1519.000000
239.000000
158.000000
428.000000
618.000000
255.000000
297.000000
910.000000
173.000000
1828.000000
1737.000000
168.000000
626.000000
87.000000
6382.000000
288.000000
380.000000
79.000000
1512.000000
117.000000
267.000000
917.000000
1787.000000
58.000000
513.000000
823.000000
258.000000
190.000000
189.000000
258.000000
1291.000000
134.000000
786.000000
1195.000000
399.000000
43.000000
99.000000
104.000000
590.000000
531.000000
406.000000
431.000000
337.000000
518.000000
1620.000000
275.000000
163.000000
230.000000
237.000000
362.000000
811.000000
1024.000000
409.000000
245.000000
214.000000
148.000000
790.000000
721.000000
534.000000
610.000000
697.000000
520.000000
66.000000
303.000000
257.000000
1560.000000
1180.000000
109.000000
429.000000
1164.000000
561.000000
271.000000
374.000000
583.000000
457.000000
203.000000
747.000000
507.000000
1971.000000
346.000000
571.000000
1489.000000
424.000000
667.000000
751.000000
979.000000
347.000000
164.000000
368.000000
1380.000000
2790.000000
4563.000000
416.000000
71.000000
940.000000
239.000000
362.000000
857.000000
1647.000000
347.000000
278.000000
376.000000
215.000000
960.000000
564.000000
770.000000
106.000000
2717.000000
293.000000
1409.000000
181.000000
300.000000
747.000000
116.000000
207.000000
260.000000
1985.000000
1603.000000
559.000000
100.000000
457.000000
851.000000
638.000000
983.000000
303.000000
579.000000
661.000000
1195.000000
66.000000
620.000000
147.000000
215.000000
279.000000
54.000000
1036.000000
111.000000
815.000000
536.000000
296.000000
517.000000
196.000000
1463.000000
472.000000
1797.000000
290.000000
547.000000
44.000000
437.000000
44.000000
406.000000
336.000000
2286.000000
338.000000
259.000000
1631.000000
62.000000
1508.000000
670.000000
382.000000
209.000000
379.000000
1405.000000
8598.000000
79.000000
294.000000
620.000000
274.000000
920.000000
354.000000
574.000000
272.000000
1226.000000
381.000000
1347.000000
312.000000
59.000000
365.000000
379.000000
2598.000000
394.000000
2706.000000
345.000000
386.000000
64.000000
179.000000
4046.000000
42.000000
424.000000
597.000000
488.000000
391.000000
87.000000
494.000000
80.000000
1013.000000
574.000000
443.000000
269.000000
492.000000
180.000000
3763.000000
283.000000
1183.000000
297.000000
486.000000
703.000000
1527.000000
194.000000
3564.000000
1033.000000
121.000000
614.000000
418.000000
643.000000
450.000000
184.000000
301.000000
670.000000
641.000000
2793.000000
869.000000
190.000000
410.000000
428.000000
322.000000
5230.000000
474.000000
394.000000
753.000000
2419.000000
147.000000
491.000000
182.000000
199.000000
126.000000
1274.000000
1021.000000
155.000000
679.000000
995.000000
2043.000000
253.000000
1113.000000
209.000000
768.000000
2208.000000
210.000000
5050.000000
277.000000
803.000000
298.000000
120.000000
341.000000
1062.000000
513.000000
114.000000
525.000000
838.000000
106.000000
104.000000
181.000000
811.000000
649.000000
1003.000000
43.000000
650.000000
342.000000
610.000000
80.000000
580.000000
696.000000
164.000000
420.000000
205.000000
268.000000
114.000000
109.000000
1061.000000
253.000000
434.000000
151.000000
1414.000000
653.000000
443.000000
906.000000
939.000000
268.000000
657.000000
108.000000
634.000000
4523.000000
183.000000
1460.000000
1660.000000
1338.000000
202.000000
249.000000
981.000000
379.000000
676.000000
1799.000000
2314.000000
211.000000
449.000000
290.000000
255.000000
733.000000
1532.000000
2239.000000
732.000000
314.000000
2064.000000
79.000000
274.000000
36.000000
328.000000
1258.000000
389.000000
306.000000
225.000000
181.000000
152.000000
516.000000
666.000000
588.000000
542.000000
270.000000
151.000000
302.000000
303.000000
355.000000
391.000000
196.000000
650.000000
844.000000
176.000000
86.000000
324.000000
146.000000
900.000000
192.000000
461.000000
821.000000
1212.000000
605.000000
92.000000
177.000000
511.000000
2176.000000
314.000000
250.000000
254.000000
905.000000
125.000000
660.000000
1505.000000
172.000000
225.000000
531.000000
1545.000000
296.000000
303.000000
446.000000
868.000000
363.000000
252.000000
222.000000
279.000000
485.000000
256.000000
4627.000000
153.000000
224.000000
328.000000
267.000000
269.000000
444.000000
257.000000
24.000000
272.000000
1097.000000
1685.000000
126.000000
340.000000
68.000000
552.000000
2949.000000
400.000000
47.000000
1219.000000
514.000000
288.000000
952.000000
1987.000000
1337.000000
169.000000
373.000000
406.000000
723.000000
201.000000
2348.000000
1348.000000
813.000000
621.000000
555.000000
911.000000
308.000000
1717.000000
115.000000
341.000000
170.000000
19.000000
148.000000
665.000000
437.000000
458.000000
443.000000
673.000000
3688.000000
353.000000
390.000000
167.000000
3353.000000
702.000000
80.000000
844.000000
238.000000
1250.000000
176.000000
152.000000
421.000000
225.000000
455.000000
199.000000
309.000000
728.000000
288.000000
870.000000
700.000000
71.000000
192.000000
312.000000
540.000000
225.000000
639.000000
270.000000
133.000000
297.000000
81.000000
109.000000
279.000000
1754.000000
2394.000000
296.000000
117.000000
920.000000
222.000000
292.000000
516.000000
517.000000
390.000000
172.000000
640.000000
407.000000
1026.000000
482.000000
1236.000000
441.000000
163.000000
1278.000000
600.000000
78.000000
215.000000
934.000000
28.000000
344.000000
502.000000
145.000000
4707.000000
274.000000
747.000000
3724.000000
