1697.000000
1816.000000
195.000000
716.000000
110.000000
1910.000000
248.000000
91.000000
216.000000
728.000000
1181.000000
323.000000
122.000000
486.000000
366.000000
451.000000
182.000000
462.000000
187.000000
265.000000
926.000000
2807.000000
132.000000
441.000000
372.000000
369.000000
482.000000
860.000000
363.000000
585.000000
877.000000
369.000000
513.000000
166.000000
1275.000000
200.000000
1750.000000
868.000000
1905.000000
624.000000
622.000000
97.000000
291.000000
461.000000
446.000000
6403.000000
848.000000
1075.000000
385.000000
335.000000
196.000000
295.000000
1986.000000
973.000000
1258.000000
282.000000
178.000000
167.000000
876.000000
240.000000
1359.000000
293.000000
104.000000
471.000000
421.000000
642.000000
192.000000
801.000000
648.000000
514.000000
675.000000
650.000000
367.000000
330.000000
88.000000
1025.000000
312.000000
101.000000
361.000000
1114.000000
33.000000
171.000000
381.000000
304.000000
609.000000
337.000000
72.000000
1131.000000
581.000000
123.000000
3611.000000
3701.000000
3590.000000
177.000000
441.000000
263.000000
855.000000
879.000000
47.000000
742.000000
1092.000000
955.000000
1127.000000
502.000000
188.000000
764.000000
126.000000
261.000000
1304.000000
1072.000000
843.000000
1114.000000
149.000000
325.000000
664.000000
92.000000
138.000000
513.000000
31.000000
610.000000
1293.000000
604.000000
206.000000
4694.000000
115.000000
1271.000000
128.000000
888.000000
47.000000
419.000000
459.000000
264.000000
1183.000000
1431.000000
176.000000
411.000000
234.000000
649.000000
1579.000000
573.000000
407.000000
162.000000
598.000000
471.000000
393.000000
669.000000
494.000000
962.000000
1120.000000
3476.000000
1908.000000
418.000000
224.000000
242.000000
1869.000000
24.000000
686.000000
177.000000
552.000000
330.000000
63.000000
140.000000
889.000000
301.000000
1747.000000
330.000000
4592.000000
1691.000000
56.000000
94.000000
821.000000
5725.000000
732.000000
79.000000
810.000000
234.000000
135.000000
369.000000
42.000000
194.000000
216.000000
366.000000
131.000000
444.000000
261.000000
6676.000000
2035.000000
495.000000
537.000000
539.000000
253.000000
85.000000
618.000000
434.000000
618.000000
778.000000
342.000000
238.000000
1200.000000
320.000000
967.000000
283.000000
197.000000
223.000000
5001.000000
463.000000
188.000000
889.000000
1692.000000
623.000000
36.000000
406.000000
2965.000000
393.000000
280.000000
280.000000
62.000000
496.000000
1831.000000
611.000000
85.000000
112.000000
306.000000
140.000000
128.000000
505.000000
920.000000
203.000000
826.000000
660.000000
1041.000000
808.000000
102.000000
333.000000
63.000000
309.000000
223.000000
517.000000
442.000000
2520.000000
83.000000
301.000000
1271.000000
243.000000
203.000000
107.000000
298.000000
333.000000
2827.000000
339.000000
71.000000
126.000000
321.000000
967.000000
85.000000
129.000000
215.000000
323.000000
1815.000000
307.000000
473.000000
656.000000
1948.000000
288.000000
359.000000
837.000000
267.000000
1363.000000
458.000000
811.000000
5303.000000
1517.000000
347.000000
2315.000000
382.000000
66.000000
293.000000
294.000000
939.000000
225.000000
970.000000
1130.000000
2869.000000
1201.000000
443.000000
1110.000000
461.000000
1061.000000
2596.000000
1266.000000
129.000000
517.000000
191.000000
150.000000
331.000000
284.000000
651.000000
270.000000
799.000000
133.000000
175.000000
129.000000
56.000000
471.000000
299.000000
603.000000
319.000000
570.000000
92.000000
189.000000
187.000000
806.000000
691.000000
330.000000
512.000000
248.000000
114.000000
109.000000
781.000000
273.000000
23.000000
4596.000000
115.000000
603.000000
303.000000
264.000000
189.000000
293.000000
1569.000000
1444.000000
971.000000
442.000000
458.000000
263.000000
820.000000
231.000000
1832.000000
426.000000
385.000000
190.000000
212.000000
1363.000000
465.000000
942.000000
505.000000
82.000000
161.000000
565.000000
73.000000
1309.000000
607.000000
279.000000
328.000000
106.000000
493.000000
3293.000000
182.000000
193.000000
2043.000000
41.000000
297.000000
1261.000000
1145.000000
355.000000
92.000000
538.000000
738.000000
879.000000
4008.000000
826.000000
501.000000
147.000000
242.000000
191.000000
398.000000
109.000000
885.000000
1197.000000
874.000000
263.000000
152.000000
318.000000
149.000000
156.000000
59.000000
457.000000
803.000000
1245.000000
597.000000
593.000000
337.000000
213.000000
2426.000000
319.000000
1623.000000
1196.000000
931.000000
321.000000
3152.000000
262.000000
353.000000
2978.000000
643.000000
272.000000
335.000000
173.000000
54.000000
1102.000000
93.000000
291.000000
187.000000
137.000000
184.000000
816.000000
2063.000000
224.000000
1351.000000
3443.000000
362.000000
274.000000
311.000000
304.000000
16.000000
109.000000
756.000000
1180.000000
100.000000
1005.000000
876.000000
569.000000
279.000000
302.000000
166.000000
669.000000
366.000000
1167.000000
1071.000000
1631.000000
1439.000000
275.000000
1497.000000
420.000000
324.000000
2796.000000
40.000000
235.000000
581.000000
699.000000
58.000000
71.000000
902.000000
291.000000
173.000000
358.000000
216.000000
841.000000
108.000000
436.000000
178.000000
334.000000
2292.000000
99.000000
3655.000000
614.000000
618.000000
59.000000
1530.000000
552.000000
136.000000
612.000000
113.000000
527.000000
87.000000
705.000000
282.000000
300.000000
511.000000
106.000000
741.000000
611.000000
133.000000
343.000000
203.000000
2101.000000
241.000000
240.000000
383.000000
872.000000
263.000000
346.000000
619.000000
391.000000
595.000000
988.000000
887.000000
2176.000000
841.000000
114.000000
726.000000
225.000000
641.000000
1111.000000
139.000000
3720.000000
103.000000
654.000000
1995.000000
3335.000000
1282.000000
696.000000
434.000000
86.000000
118.000000
1228.000000
347.000000
159.000000
212.000000
448.000000
419.000000
155.000000
1030.000000
1525.000000
438.000000
335.000000
102.000000
1156.000000
1145.000000
4091.000000
609.000000
276.000000
1108.000000
333.000000
375.000000
346.000000
105.000000
1224.000000
2319.000000
272.000000
1062.000000
390.000000
111.000000
278.000000
2219.000000
458.000000
582.000000
76.000000
48.000000
1730.000000
468.000000
384.000000
1018.000000
206.000000
312.000000
1040.000000
126.000000
252.000000
549.000000
2821.000000
202.000000
1027.000000
339.000000
775.000000
1493.000000
238.000000
588.000000
473.000000
262.000000
125.000000
148.000000
766.000000
777.000000
117.000000
574.000000
638.000000
326.000000
46.000000
940.000000
398.000000
216.000000
213.000000
393.000000
1372.000000
164.000000
473.000000
1474.000000
4470.000000
1222.000000
261.000000
370.000000
478.000000
320.000000
314.000000
1058.000000
1268.000000
108.000000
249.000000
137.000000
293.000000
772.000000
1738.000000
81.000000
409.000000
96.000000
998.000000
126.000000
354.000000
44.000000
690.000000
165.000000
257.000000
898.000000
498.000000
3123.000000
213.000000
101.000000
19.000000
1204.000000
179.000000
261.000000
731.000000
559.000000
392.000000
169.000000
174.000000
278.000000
314.000000
890.000000
160.000000
466.000000
432.000000
511.000000
1035.000000
598.000000
199.000000
118.000000
141.000000
30.000000
2573.000000
178.000000
789.000000
174.000000
134.000000
545.000000
87.000000
70.000000
553.000000
129.000000
228.000000
423.000000
346.000000
2867.000000
286.000000
299.000000
513.000000
374.000000
177.000000
157.000000
159.000000
534.000000
459.000000
203.000000
1543.000000
322.000000
479.000000
612.000000
994.000000
358.000000
484.000000
90.000000
1386.000000
819.000000
1832.000000
378.000000
377.000000
1775.000000
216.000000
927.000000
280.000000
410.000000
483.000000
163.000000
930.000000
166.000000
2406.000000
1300.000000
2430.000000
1729.000000
2920.000000
543.000000
2687.000000
968.000000
402.000000
516.000000
412.000000
400.000000
3332.000000
51.000000
429.000000
550.000000
451.000000
239.000000
249.000000
952.000000
902.000000
1331.000000
348.000000
342.000000
302.000000
88.000000
1409.000000
2459.000000
8524.000000
82.000000
592.000000
72.000000
622.000000
231.000000
321.000000
226.000000
2083.000000
173.000000
163.000000
440.000000
142.000000
1036.000000
596.000000
429.000000
93.000000
281.000000
531.000000
59.000000
517.000000
305.000000
104.000000
202.000000
1054.000000
414.000000
238.000000
518.000000
36.000000
747.000000
404.000000
173.000000
246.000000
163.000000
109.000000
184.000000
221.000000
317.000000
989.000000
56.000000
251.000000
633.000000
158.000000
105.000000
292.000000
100.000000
1469.000000
310.000000
83.000000
823.000000
229.000000
161.000000
1642.000000
220.000000
128.000000
362.000000
141.000000
615.000000
839.000000
225.000000
357.000000
919.000000
1222.000000
381.000000
193.000000
41.000000
272.000000
1922.000000
208.000000
160.000000
110.000000
525.000000
474.000000
144.000000
166.000000
299.000000
213.000000
1015.000000
74.000000
59.000000
386.000000
806.000000
175.000000
558.000000
2010.000000
1055.000000
562.000000
333.000000
210.000000
786.000000
266.000000
159.000000
1294.000000
212.000000
633.000000
100.000000
295.000000
3359.000000
659.000000
2955.000000
138.000000
833.000000
1294.000000
101.000000
108.000000
628.000000
63.000000
120.000000
341.000000
2269.000000
154.000000
460.000000
629.000000
274.000000
133.000000
1693.000000
584.000000
114.000000
188.000000
412.000000
877.000000
305.000000
172.000000
726.000000
721.000000
4354.000000
228.000000
418.000000
615.000000
260.000000
827.000000
236.000000
500.000000
580.000000
736.000000
406.000000
114.000000
79.000000
583.000000
308.000000
504.000000
167.000000
1092.000000
8777.000000
455.000000
434.000000
603.000000
808.000000
261.000000
339.000000
241.000000
137.000000
205.000000
1094.000000
681.000000
956.000000
240.000000
149.000000
62.000000
220.000000
243.000000
557.000000
1318.000000
848.000000
770.000000
678.000000
1440.000000
180.000000
1189.000000
1523.000000
239.000000
1164.000000
350.000000
153.000000
490.000000
114.000000
19212.000000
84.000000
868.000000
380.000000
1132.000000
301.000000
539.000000
909.000000
1266.000000
38.000000
359.000000
393.000000
144.000000
516.000000
656.000000
53.000000
169.000000
1375.000000
551.000000
1035.000000
707.000000
302.000000
53.000000
604.000000
169.000000
96.000000
177.000000
549.000000
796.000000
340.000000
340.000000
347.000000
740.000000
643.000000
251.000000
208.000000
161.000000
166.000000
204.000000
336.000000
866.000000
733.000000
436.000000
544.000000
2906.000000
3344.000000
3907.000000
166.000000
2245.000000
150.000000
2664.000000
527.000000
853.000000
1908.000000
81.000000
1499.000000
417.000000
405.000000
351.000000
414.000000
65.000000
1689.000000
207.000000
568.000000
429.000000
1918.000000
972.000000
398.000000
326.000000
56.000000
1981.000000
219.000000
92.000000
682.000000
273.000000
962.000000
148.000000
137.000000
162.000000
2640.000000
322.000000
352.000000
968.000000
398.000000
216.000000
411.000000
733.000000
897.000000
1102.000000
388.000000
793.000000
316.000000
189.000000
187.000000
1088.000000
296.000000
302.000000
336.000000
2128.000000
297.000000
89.000000
244.000000
1491.000000
77.000000
1146.000000
197.000000
210.000000
108.000000
566.000000
546.000000
712.000000
1021.000000
666.000000
