334.000000
693.000000
78.000000
361.000000
2102.000000
159.000000
59.000000
209.000000
94.000000
505.000000
152.000000
317.000000
340.000000
2010.000000
840.000000
60.000000
423.000000
797.000000
263.000000
263.000000
236.000000
83.000000
183.000000
410.000000
391.000000
2286.000000
245.000000
1275.000000
379.000000
1966.000000
112.000000
390.000000
211.000000
2816.000000
569.000000
112.000000
1285.000000
721.000000
240.000000
504.000000
198.000000
150.000000
143.000000
140.000000
144.000000
148.000000
466.000000
82.000000
280.000000
268.000000
105.000000
1262.000000
1016.000000
186.000000
1946.000000
409.000000
280.000000
582.000000
515.000000
176.000000
848.000000
344.000000
1007.000000
799.000000
2182.000000
262.000000
906.000000
156.000000
216.000000
438.000000
346.000000
1129.000000
965.000000
227.000000
1576.000000
143.000000
179.000000
204.000000
1436.000000
1366.000000
272.000000
187.000000
139.000000
120.000000
214.000000
396.000000
626.000000
33.000000
315.000000
944.000000
103.000000
650.000000
384.000000
494.000000
1368.000000
440.000000
230.000000
249.000000
435.000000
206.000000
1181.000000
159.000000
870.000000
102.000000
429.000000
473.000000
54.000000
322.000000
214.000000
218.000000
327.000000
197.000000
1038.000000
118.000000
511.000000
556.000000
456.000000
709.000000
1109.000000
748.000000
567.000000
110.000000
457.000000
572.000000
364.000000
354.000000
110.000000
237.000000
259.000000
206.000000
909.000000
421.000000
1558.000000
33.000000
1224.000000
333.000000
640.000000
499.000000
62.000000
723.000000
178.000000
909.000000
649.000000
2190.000000
2317.000000
709.000000
275.000000
1784.000000
182.000000
300.000000
2013.000000
310.000000
81.000000
90.000000
4986.000000
1527.000000
498.000000
763.000000
1487.000000
38.000000
1535.000000
63.000000
1151.000000
524.000000
158.000000
182.000000
332.000000
125.000000
411.000000
1231.000000
949.000000
86.000000
76.000000
296.000000
1582.000000
6368.000000
960.000000
1960.000000
62.000000
99.000000
317.000000
1873.000000
647.000000
362.000000
455.000000
466.000000
550.000000
94.000000
255.000000
129.000000
274.000000
1200.000000
561.000000
133.000000
296.000000
1084.000000
12545.000000
77.000000
100.000000
3904.000000
61.000000
110.000000
601.000000
404.000000
645.000000
1701.000000
434.000000
73.000000
515.000000
312.000000
234.000000
222.000000
195.000000
111.000000
677.000000
314.000000
207.000000
361.000000
230.000000
134.000000
740.000000
209.000000
304.000000
1186.000000
447.000000
518.000000
40.000000
170.000000
209.000000
781.000000
122.000000
771.000000
674.000000
702.000000
145.000000
696.000000
402.000000
177.000000
1964.000000
328.000000
772.000000
916.000000
73.000000
111.000000
224.000000
257.000000
326.000000
553.000000
232.000000
145.000000
448.000000
305.000000
126.000000
214.000000
426.000000
531.000000
133.000000
1940.000000
248.000000
164.000000
147.000000
1013.000000
428.000000
521.000000
487.000000
385.000000
533.000000
586.000000
63.000000
234.000000
866.000000
318.000000
2342.000000
264.000000
738.000000
342.000000
818.000000
434.000000
73.000000
589.000000
599.000000
97.000000
142.000000
109.000000
501.000000
824.000000
573.000000
530.000000
1707.000000
832.000000
275.000000
1134.000000
1048.000000
283.000000
554.000000
117.000000
228.000000
1482.000000
230.000000
214.000000
708.000000
1345.000000
2769.000000
439.000000
189.000000
2815.000000
848.000000
2364.000000
221.000000
1335.000000
333.000000
236.000000
263.000000
1489.000000
486.000000
466.000000
1397.000000
105.000000
266.000000
1215.000000
847.000000
473.000000
284.000000
774.000000
222.000000
1030.000000
394.000000
1903.000000
184.000000
47.000000
233.000000
190.000000
338.000000
2971.000000
63.000000
309.000000
725.000000
662.000000
20.000000
312.000000
660.000000
375.000000
915.000000
165.000000
311.000000
165.000000
217.000000
182.000000
281.000000
14.000000
282.000000
108.000000
1099.000000
366.000000
182.000000
235.000000
753.000000
243.000000
102.000000
498.000000
656.000000
411.000000
1455.000000
429.000000
356.000000
522.000000
564.000000
249.000000
170.000000
614.000000
898.000000
66.000000
684.000000
81.000000
43.000000
153.000000
5450.000000
727.000000
514.000000
213.000000
145.000000
371.000000
4801.000000
3307.000000
1969.000000
58.000000
440.000000
273.000000
587.000000
128.000000
602.000000
102.000000
64.000000
152.000000
1509.000000
148.000000
432.000000
188.000000
881.000000
1417.000000
804.000000
1646.000000
289.000000
209.000000
440.000000
790.000000
169.000000
701.000000
430.000000
230.000000
758.000000
229.000000
2619.000000
781.000000
633.000000
420.000000
325.000000
254.000000
149.000000
1880.000000
599.000000
132.000000
551.000000
457.000000
1223.000000
603.000000
1084.000000
398.000000
812.000000
455.000000
127.000000
243.000000
615.000000
500.000000
210.000000
728.000000
605.000000
771.000000
1206.000000
1504.000000
317.000000
838.000000
344.000000
358.000000
748.000000
560.000000
1169.000000
62.000000
827.000000
149.000000
108.000000
541.000000
242.000000
730.000000
285.000000
1378.000000
574.000000
180.000000
57.000000
1357.000000
1783.000000
589.000000
327.000000
128.000000
1510.000000
461.000000
1005.000000
1433.000000
107.000000
1065.000000
717.000000
478.000000
93.000000
174.000000
1330.000000
354.000000
411.000000
584.000000
1798.000000
137.000000
292.000000
416.000000
758.000000
668.000000
446.000000
263.000000
134.000000
235.000000
885.000000
139.000000
807.000000
1236.000000
327.000000
825.000000
243.000000
266.000000
1767.000000
173.000000
175.000000
370.000000
487.000000
463.000000
680.000000
307.000000
31.000000
1071.000000
130.000000
1206.000000
1389.000000
231.000000
943.000000
602.000000
343.000000
212.000000
1482.000000
988.000000
392.000000
3060.000000
205.000000
770.000000
645.000000
124.000000
155.000000
400.000000
370.000000
248.000000
510.000000
355.000000
471.000000
2987.000000
519.000000
616.000000
902.000000
236.000000
761.000000
1272.000000
412.000000
41.000000
1562.000000
558.000000
1196.000000
566.000000
138.000000
395.000000
136.000000
3170.000000
403.000000
238.000000
2460.000000
375.000000
710.000000
590.000000
713.000000
69.000000
878.000000
1070.000000
362.000000
308.000000
842.000000
328.000000
129.000000
2391.000000
309.000000
564.000000
178.000000
336.000000
555.000000
325.000000
1025.000000
236.000000
154.000000
122.000000
277.000000
996.000000
276.000000
1441.000000
161.000000
253.000000
790.000000
144.000000
786.000000
188.000000
648.000000
443.000000
1407.000000
2243.000000
647.000000
396.000000
533.000000
679.000000
173.000000
966.000000
877.000000
135.000000
1462.000000
233.000000
1027.000000
150.000000
311.000000
243.000000
190.000000
60.000000
606.000000
314.000000
1132.000000
151.000000
3470.000000
1989.000000
37.000000
776.000000
747.000000
362.000000
255.000000
107.000000
168.000000
2359.000000
76.000000
115.000000
271.000000
1340.000000
513.000000
165.000000
1051.000000
760.000000
628.000000
153.000000
46.000000
990.000000
476.000000
515.000000
283.000000
1154.000000
1418.000000
160.000000
64.000000
429.000000
183.000000
367.000000
312.000000
203.000000
91.000000
1160.000000
651.000000
428.000000
86.000000
197.000000
49.000000
347.000000
722.000000
681.000000
1373.000000
73.000000
124.000000
331.000000
449.000000
117.000000
283.000000
582.000000
151.000000
496.000000
105.000000
320.000000
240.000000
225.000000
340.000000
303.000000
228.000000
1174.000000
1951.000000
1075.000000
844.000000
1069.000000
1778.000000
239.000000
1157.000000
218.000000
396.000000
893.000000
1770.000000
318.000000
677.000000
571.000000
3747.000000
308.000000
83.000000
399.000000
178.000000
378.000000
359.000000
255.000000
604.000000
1164.000000
62.000000
432.000000
474.000000
707.000000
205.000000
290.000000
363.000000
177.000000
720.000000
617.000000
285.000000
3092.000000
887.000000
317.000000
126.000000
303.000000
321.000000
176.000000
1042.000000
197.000000
67.000000
281.000000
717.000000
217.000000
1615.000000
335.000000
579.000000
238.000000
188.000000
137.000000
1492.000000
318.000000
234.000000
83.000000
109.000000
1683.000000
385.000000
780.000000
53.000000
593.000000
328.000000
246.000000
499.000000
585.000000
402.000000
540.000000
537.000000
471.000000
408.000000
2408.000000
52.000000
244.000000
473.000000
633.000000
489.000000
1267.000000
563.000000
92.000000
934.000000
401.000000
249.000000
557.000000
27.000000
348.000000
126.000000
200.000000
840.000000
503.000000
979.000000
187.000000
179.000000
226.000000
162.000000
623.000000
1124.000000
1221.000000
151.000000
212.000000
356.000000
404.000000
185.000000
946.000000
277.000000
2888.000000
826.000000
1506.000000
2301.000000
217.000000
140.000000
85.000000
156.000000
1073.000000
203.000000
1474.000000
447.000000
426.000000
1356.000000
273.000000
258.000000
752.000000
416.000000
176.000000
185.000000
284.000000
655.000000
1201.000000
384.000000
73.000000
913.000000
853.000000
330.000000
581.000000
382.000000
295.000000
552.000000
235.000000
1386.000000
593.000000
104.000000
873.000000
392.000000
314.000000
370.000000
180.000000
174.000000
773.000000
1408.000000
254.000000
206.000000
699.000000
127.000000
59.000000
1272.000000
356.000000
366.000000
1311.000000
98.000000
1022.000000
2021.000000
523.000000
185.000000
978.000000
1431.000000
92.000000
834.000000
792.000000
433.000000
517.000000
1265.000000
168.000000
387.000000
34.000000
221.000000
1573.000000
186.000000
577.000000
399.000000
373.000000
2877.000000
642.000000
506.000000
864.000000
2026.000000
290.000000
259.000000
209.000000
318.000000
306.000000
150.000000
257.000000
609.000000
358.000000
2709.000000
136.000000
260.000000
190.000000
2284.000000
95.000000
127.000000
1374.000000
387.000000
213.000000
423.000000
1714.000000
828.000000
138.000000
511.000000
178.000000
58.000000
799.000000
440.000000
643.000000
1270.000000
484.000000
3722.000000
832.000000
56.000000
242.000000
1467.000000
275.000000
1861.000000
200.000000
101.000000
684.000000
103.000000
761.000000
415.000000
2233.000000
527.000000
244.000000
60.000000
568.000000
1224.000000
657.000000
136.000000
31.000000
491.000000
319.000000
2221.000000
162.000000
625.000000
491.000000
412.000000
90.000000
109.000000
816.000000
767.000000
287.000000
155.000000
243.000000
917.000000
335.000000
467.000000
275.000000
263.000000
314.000000
345.000000
1831.000000
879.000000
4728.000000
341.000000
4325.000000
76.000000
1449.000000
2606.000000
1215.000000
333.000000
98.000000
889.000000
756.000000
2127.000000
597.000000
310.000000
149.000000
624.000000
190.000000
187.000000
1486.000000
1407.000000
133.000000
779.000000
50.000000
627.000000
170.000000
572.000000
1369.000000
1390.000000
521.000000
531.000000
620.000000
275.000000
2973.000000
1484.000000
1710.000000
932.000000
182.000000
405.000000
408.000000
864.000000
1789.000000
728.000000
104.000000
1656.000000
165.000000
102.000000
352.000000
274.000000
227.000000
156.000000
244.000000
1363.000000
206.000000
661.000000
132.000000
272.000000
324.000000
1226.000000
1555.000000
505.000000
225.000000
198.000000
253.000000
416.000000
238.000000
206.000000
194.000000
60.000000
161.000000
