436.000000
1225.000000
398.000000
119.000000
243.000000
174.000000
272.000000
590.000000
1467.000000
88.000000
1846.000000
218.000000
150.000000
59.000000
266.000000
149.000000
2060.000000
888.000000
76.000000
1405.000000
591.000000
177.000000
945.000000
331.000000
646.000000
266.000000
178.000000
270.000000
1264.000000
758.000000
230.000000
144.000000
204.000000
1187.000000
640.000000
110.000000
163.000000
202.000000
260.000000
887.000000
470.000000
1480.000000
38.000000
591.000000
216.000000
160.000000
404.000000
569.000000
560.000000
76.000000
837.000000
1235.000000
3839.000000
286.000000
364.000000
244.000000
177.000000
519.000000
187.000000
614.000000
1020.000000
480.000000
992.000000
628.000000
161.000000
232.000000
128.000000
40.000000
58.000000
65.000000
544.000000
50.000000
344.000000
283.000000
66.000000
97.000000
187.000000
251.000000
95.000000
809.000000
263.000000
182.000000
947.000000
465.000000
203.000000
135.000000
1608.000000
230.000000
205.000000
387.000000
321.000000
181.000000
172.000000
1228.000000
318.000000
514.000000
813.000000
641.000000
589.000000
963.000000
60.000000
172.000000
1146.000000
355.000000
208.000000
1633.000000
2015.000000
268.000000
197.000000
394.000000
3471.000000
781.000000
119.000000
437.000000
304.000000
201.000000
237.000000
178.000000
34.000000
4480.000000
1202.000000
3601.000000
753.000000
330.000000
1212.000000
1400.000000
3850.000000
1354.000000
300.000000
459.000000
1039.000000
256.000000
144.000000
686.000000
134.000000
714.000000
33.000000
200.000000
508.000000
210.000000
24.000000
506.000000
105.000000
129.000000
928.000000
1434.000000
256.000000
752.000000
410.000000
62.000000
60.000000
1402.000000
252.000000
246.000000
108.000000
1350.000000
4090.000000
1748.000000
522.000000
116.000000
184.000000
246.000000
490.000000
466.000000
683.000000
1311.000000
945.000000
421.000000
495.000000
762.000000
549.000000
319.000000
595.000000
559.000000
504.000000
830.000000
273.000000
335.000000
1088.000000
491.000000
782.000000
2735.000000
431.000000
374.000000
2263.000000
120.000000
408.000000
532.000000
292.000000
1035.000000
1237.000000
269.000000
1671.000000
909.000000
663.000000
9781.000000
164.000000
1061.000000
28.000000
35.000000
1582.000000
430.000000
1198.000000
329.000000
262.000000
356.000000
645.000000
586.000000
188.000000
154.000000
126.000000
512.000000
110.000000
192.000000
881.000000
120.000000
659.000000
279.000000
962.000000
347.000000
138.000000
384.000000
238.000000
227.000000
542.000000
255.000000
971.000000
799.000000
142.000000
924.000000
1012.000000
1511.000000
160.000000
371.000000
274.000000
643.000000
126.000000
1020.000000
961.000000
2072.000000
512.000000
1331.000000
413.000000
688.000000
176.000000
1057.000000
252.000000
381.000000
216.000000
545.000000
178.000000
1071.000000
2620.000000
272.000000
1248.000000
2620.000000
3824.000000
333.000000
320.000000
692.000000
394.000000
406.000000
419.000000
803.000000
1898.000000
137.000000
498.000000
98.000000
332.000000
134.000000
1717.000000
402.000000
187.000000
79.000000
2269.000000
97.000000
83.000000
901.000000
322.000000
276.000000
165.000000
41.000000
655.000000
62.000000
224.000000
582.000000
174.000000
1934.000000
56.000000
470.000000
236.000000
125.000000
1051.000000
893.000000
718.000000
202.000000
163.000000
413.000000
550.000000
48.000000
1693.000000
613.000000
128.000000
150.000000
342.000000
609.000000
361.000000
1542.000000
144.000000
249.000000
617.000000
214.000000
947.000000
1240.000000
336.000000
79.000000
697.000000
188.000000
647.000000
99.000000
245.000000
946.000000
275.000000
257.000000
1679.000000
151.000000
123.000000
586.000000
3641.000000
231.000000
470.000000
1789.000000
72.000000
438.000000
150.000000
475.000000
476.000000
19.000000
349.000000
482.000000
935.000000
725.000000
233.000000
82.000000
3693.000000
381.000000
474.000000
233.000000
437.000000
132.000000
913.000000
57.000000
4304.000000
2848.000000
1215.000000
68.000000
128.000000
44.000000
551.000000
328.000000
1561.000000
319.000000
809.000000
282.000000
81.000000
925.000000
453.000000
963.000000
542.000000
488.000000
385.000000
219.000000
1070.000000
252.000000
1178.000000
635.000000
1859.000000
409.000000
714.000000
2747.000000
233.000000
6001.000000
268.000000
91.000000
80.000000
6551.000000
424.000000
585.000000
95.000000
519.000000
1547.000000
801.000000
44.000000
130.000000
3676.000000
538.000000
103.000000
772.000000
239.000000
438.000000
429.000000
2229.000000
847.000000
275.000000
1735.000000
284.000000
423.000000
401.000000
143.000000
197.000000
496.000000
275.000000
101.000000
106.000000
958.000000
490.000000
1438.000000
775.000000
1143.000000
160.000000
195.000000
124.000000
146.000000
499.000000
430.000000
313.000000
68.000000
119.000000
737.000000
1167.000000
472.000000
3156.000000
550.000000
526.000000
881.000000
701.000000
896.000000
1682.000000
218.000000
3176.000000
136.000000
226.000000
194.000000
259.000000
1606.000000
242.000000
566.000000
276.000000
503.000000
259.000000
968.000000
1292.000000
2205.000000
93.000000
323.000000
88.000000
532.000000
913.000000
206.000000
479.000000
3269.000000
330.000000
860.000000
1203.000000
80.000000
2022.000000
96.000000
371.000000
256.000000
4029.000000
1204.000000
988.000000
196.000000
497.000000
41.000000
593.000000
632.000000
1187.000000
628.000000
2068.000000
535.000000
401.000000
1304.000000
334.000000
969.000000
688.000000
653.000000
457.000000
319.000000
851.000000
188.000000
3589.000000
1517.000000
254.000000
209.000000
1804.000000
1588.000000
248.000000
132.000000
430.000000
808.000000
1042.000000
978.000000
583.000000
444.000000
1402.000000
314.000000
331.000000
2850.000000
561.000000
640.000000
238.000000
108.000000
175.000000
136.000000
1370.000000
282.000000
515.000000
197.000000
126.000000
109.000000
64.000000
143.000000
746.000000
520.000000
242.000000
369.000000
87.000000
535.000000
208.000000
642.000000
2879.000000
231.000000
2046.000000
311.000000
732.000000
471.000000
359.000000
1735.000000
129.000000
739.000000
6476.000000
702.000000
87.000000
217.000000
533.000000
84.000000
1492.000000
668.000000
873.000000
83.000000
208.000000
74.000000
108.000000
137.000000
580.000000
2084.000000
694.000000
348.000000
392.000000
657.000000
298.000000
471.000000
331.000000
2391.000000
5119.000000
167.000000
204.000000
2314.000000
702.000000
283.000000
697.000000
581.000000
262.000000
444.000000
684.000000
186.000000
804.000000
104.000000
100.000000
637.000000
413.000000
808.000000
2788.000000
1146.000000
712.000000
1356.000000
177.000000
996.000000
225.000000
223.000000
141.000000
155.000000
989.000000
523.000000
164.000000
166.000000
124.000000
360.000000
458.000000
60.000000
1556.000000
378.000000
769.000000
436.000000
81.000000
1050.000000
451.000000
1064.000000
122.000000
1636.000000
454.000000
622.000000
314.000000
1330.000000
845.000000
1929.000000
127.000000
506.000000
787.000000
1536.000000
222.000000
553.000000
1414.000000
482.000000
286.000000
3457.000000
696.000000
263.000000
1047.000000
309.000000
131.000000
292.000000
1786.000000
970.000000
560.000000
109.000000
784.000000
478.000000
232.000000
1678.000000
752.000000
170.000000
477.000000
366.000000
114.000000
35.000000
226.000000
932.000000
503.000000
1036.000000
1612.000000
378.000000
175.000000
98.000000
907.000000
70.000000
859.000000
503.000000
1684.000000
153.000000
240.000000
715.000000
669.000000
440.000000
243.000000
113.000000
97.000000
598.000000
37.000000
6045.000000
3425.000000
461.000000
1031.000000
35.000000
1920.000000
311.000000
699.000000
2295.000000
594.000000
63.000000
324.000000
995.000000
160.000000
139.000000
950.000000
398.000000
325.000000
533.000000
327.000000
383.000000
1400.000000
296.000000
809.000000
55.000000
355.000000
282.000000
520.000000
588.000000
499.000000
1274.000000
1027.000000
149.000000
1005.000000
133.000000
1574.000000
454.000000
317.000000
182.000000
429.000000
254.000000
1270.000000
800.000000
2943.000000
911.000000
148.000000
317.000000
115.000000
109.000000
578.000000
227.000000
2361.000000
264.000000
195.000000
930.000000
120.000000
1004.000000
154.000000
1105.000000
384.000000
1304.000000
900.000000
62.000000
83.000000
519.000000
83.000000
1446.000000
173.000000
477.000000
2032.000000
391.000000
351.000000
131.000000
104.000000
386.000000
267.000000
269.000000
874.000000
1433.000000
2126.000000
147.000000
119.000000
234.000000
5514.000000
88.000000
3110.000000
126.000000
973.000000
3960.000000
162.000000
389.000000
200.000000
671.000000
605.000000
252.000000
339.000000
790.000000
424.000000
1255.000000
514.000000
780.000000
164.000000
574.000000
55.000000
366.000000
18.000000
897.000000
376.000000
658.000000
263.000000
457.000000
1700.000000
1015.000000
1393.000000
293.000000
336.000000
276.000000
482.000000
561.000000
267.000000
188.000000
680.000000
938.000000
579.000000
845.000000
1298.000000
80.000000
917.000000
59.000000
352.000000
81.000000
206.000000
451.000000
493.000000
698.000000
781.000000
613.000000
2904.000000
588.000000
598.000000
2684.000000
192.000000
3983.000000
255.000000
253.000000
180.000000
255.000000
285.000000
1220.000000
331.000000
661.000000
380.000000
68.000000
865.000000
658.000000
84.000000
361.000000
1646.000000
745.000000
299.000000
1012.000000
2146.000000
284.000000
193.000000
262.000000
1067.000000
206.000000
1620.000000
81.000000
415.000000
669.000000
702.000000
293.000000
171.000000
1354.000000
204.000000
697.000000
236.000000
2176.000000
228.000000
118.000000
923.000000
1889.000000
2206.000000
946.000000
320.000000
2467.000000
660.000000
989.000000
1464.000000
439.000000
201.000000
330.000000
598.000000
963.000000
792.000000
167.000000
455.000000
227.000000
198.000000
204.000000
258.000000
2044.000000
728.000000
690.000000
58.000000
825.000000
91.000000
692.000000
3191.000000
478.000000
716.000000
739.000000
270.000000
1016.000000
225.000000
862.000000
1793.000000
1338.000000
369.000000
782.000000
263.000000
1832.000000
1491.000000
342.000000
315.000000
352.000000
324.000000
4126.000000
328.000000
383.000000
172.000000
84.000000
1559.000000
590.000000
225.000000
152.000000
120.000000
501.000000
946.000000
46.000000
1285.000000
4537.000000
369.000000
116.000000
1661.000000
156.000000
595.000000
180.000000
216.000000
363.000000
859.000000
984.000000
722.000000
273.000000
586.000000
247.000000
250.000000
293.000000
748.000000
2359.000000
516.000000
228.000000
205.000000
422.000000
103.000000
1542.000000
1244.000000
188.000000
474.000000
1104.000000
395.000000
202.000000
573.000000
192.000000
197.000000
473.000000
92.000000
71.000000
573.000000
339.000000
1690.000000
629.000000
880.000000
299.000000
67.000000
475.000000
356.000000
468.000000
260.000000
235.000000
128.000000
638.000000
1157.000000
146.000000
1236.000000
632.000000
598.000000
285.000000
1410.000000
968.000000
205.000000
58.000000
588.000000
597.000000
79.000000
215.000000
324.000000
284.000000
1575.000000
240.000000
549.000000
265.000000
297.000000
1194.000000
231.000000
153.000000
288.000000
2504.000000
185.000000
251.000000
539.000000
173.000000
731.000000
1938.000000
520.000000
402.000000
209.000000
399.000000
408.000000
