41.000000
1129.000000
514.000000
430.000000
377.000000
362.000000
426.000000
828.000000
2075.000000
653.000000
354.000000
135.000000
1932.000000
367.000000
1892.000000
516.000000
2359.000000
160.000000
556.000000
445.000000
302.000000
170.000000
852.000000
346.000000
436.000000
333.000000
371.000000
93.000000
855.000000
825.000000
762.000000
1247.000000
81.000000
536.000000
242.000000
1334.000000
445.000000
23.000000
77.000000
156.000000
368.000000
1378.000000
164.000000
54.000000
289.000000
2236.000000
382.000000
268.000000
1749.000000
666.000000
375.000000
73.000000
448.000000
88.000000
2458.000000
158.000000
123.000000
578.000000
59.000000
925.000000
2381.000000
1038.000000
156.000000
566.000000
287.000000
146.000000
52.000000
195.000000
1168.000000
321.000000
359.000000
189.000000
2302.000000
1239.000000
1524.000000
260.000000
241.000000
1498.000000
808.000000
256.000000
477.000000
1753.000000
402.000000
66.000000
434.000000
215.000000
139.000000
375.000000
45.000000
1255.000000
692.000000
897.000000
215.000000
447.000000
379.000000
361.000000
327.000000
477.000000
1367.000000
325.000000
20.000000
505.000000
205.000000
226.000000
419.000000
318.000000
540.000000
103.000000
569.000000
145.000000
550.000000
677.000000
162.000000
581.000000
93.000000
175.000000
319.000000
124.000000
235.000000
751.000000
340.000000
76.000000
320.000000
69.000000
112.000000
621.000000
1134.000000
369.000000
260.000000
69.000000
1133.000000
780.000000
268.000000
278.000000
69.000000
350.000000
654.000000
9435.000000
256.000000
525.000000
187.000000
987.000000
306.000000
256.000000
1877.000000
402.000000
182.000000
435.000000
262.000000
1041.000000
838.000000
265.000000
548.000000
375.000000
270.000000
90.000000
332.000000
167.000000
1701.000000
945.000000
682.000000
732.000000
128.000000
199.000000
468.000000
1065.000000
1212.000000
475.000000
67.000000
185.000000
2009.000000
1553.000000
42.000000
416.000000
97.000000
137.000000
218.000000
4506.000000
642.000000
246.000000
717.000000
556.000000
209.000000
423.000000
223.000000
2164.000000
637.000000
40.000000
534.000000
213.000000
5131.000000
944.000000
711.000000
417.000000
419.000000
58.000000
176.000000
438.000000
612.000000
1160.000000
445.000000
463.000000
269.000000
128.000000
191.000000
319.000000
172.000000
498.000000
429.000000
617.000000
48.000000
539.000000
20.000000
1694.000000
94.000000
385.000000
302.000000
801.000000
191.000000
669.000000
2003.000000
178.000000
428.000000
1568.000000
373.000000
476.000000
231.000000
87.000000
44.000000
299.000000
209.000000
398.000000
1535.000000
399.000000
2092.000000
892.000000
365.000000
319.000000
75.000000
211.000000
184.000000
1132.000000
1211.000000
1216.000000
89.000000
101.000000
346.000000
1247.000000
505.000000
1052.000000
298.000000
371.000000
488.000000
479.000000
115.000000
94.000000
137.000000
240.000000
4535.000000
109.000000
377.000000
999.000000
371.000000
80.000000
631.000000
1073.000000
663.000000
144.000000
1464.000000
175.000000
627.000000
121.000000
934.000000
440.000000
435.000000
323.000000
1645.000000
42.000000
170.000000
909.000000
241.000000
278.000000
338.000000
322.000000
343.000000
860.000000
1139.000000
561.000000
180.000000
120.000000
78.000000
872.000000
1356.000000
376.000000
600.000000
627.000000
214.000000
133.000000
798.000000
274.000000
471.000000
93.000000
3094.000000
1953.000000
137.000000
89.000000
332.000000
129.000000
77.000000
756.000000
1176.000000
1232.000000
657.000000
149.000000
1253.000000
83.000000
756.000000
214.000000
422.000000
1255.000000
228.000000
320.000000
917.000000
860.000000
26.000000
52.000000
215.000000
231.000000
600.000000
189.000000
810.000000
105.000000
1874.000000
91.000000
184.000000
173.000000
104.000000
307.000000
4115.000000
310.000000
83.000000
186.000000
1020.000000
265.000000
91.000000
805.000000
5345.000000
832.000000
1166.000000
1529.000000
81.000000
664.000000
1824.000000
1127.000000
111.000000
711.000000
326.000000
198.000000
150.000000
926.000000
116.000000
541.000000
78.000000
980.000000
285.000000
330.000000
303.000000
570.000000
444.000000
1804.000000
2652.000000
1102.000000
247.000000
896.000000
1436.000000
122.000000
1260.000000
582.000000
778.000000
245.000000
111.000000
244.000000
230.000000
620.000000
3080.000000
260.000000
459.000000
195.000000
304.000000
596.000000
238.000000
307.000000
747.000000
107.000000
689.000000
224.000000
141.000000
419.000000
869.000000
40.000000
464.000000
258.000000
1072.000000
1161.000000
344.000000
446.000000
54.000000
411.000000
2173.000000
615.000000
458.000000
669.000000
247.000000
233.000000
679.000000
265.000000
299.000000
618.000000
266.000000
1078.000000
886.000000
274.000000
497.000000
189.000000
571.000000
171.000000
174.000000
400.000000
161.000000
511.000000
217.000000
382.000000
870.000000
112.000000
818.000000
992.000000
1143.000000
1030.000000
128.000000
228.000000
36.000000
907.000000
516.000000
713.000000
552.000000
109.000000
431.000000
355.000000
108.000000
1868.000000
2874.000000
130.000000
699.000000
257.000000
246.000000
217.000000
464.000000
1990.000000
161.000000
341.000000
3087.000000
202.000000
659.000000
375.000000
276.000000
663.000000
133.000000
294.000000
2770.000000
261.000000
375.000000
95.000000
166.000000
1257.000000
285.000000
336.000000
233.000000
455.000000
1528.000000
348.000000
1280.000000
1325.000000
311.000000
998.000000
533.000000
511.000000
309.000000
1246.000000
3315.000000
147.000000
313.000000
180.000000
933.000000
893.000000
194.000000
108.000000
393.000000
614.000000
221.000000
404.000000
220.000000
80.000000
1313.000000
646.000000
82.000000
1655.000000
835.000000
86.000000
165.000000
195.000000
1869.000000
259.000000
1752.000000
606.000000
1252.000000
218.000000
384.000000
1579.000000
711.000000
3238.000000
200.000000
343.000000
203.000000
577.000000
143.000000
1996.000000
249.000000
372.000000
486.000000
111.000000
112.000000
238.000000
714.000000
320.000000
155.000000
230.000000
227.000000
536.000000
227.000000
242.000000
1024.000000
1849.000000
834.000000
563.000000
207.000000
334.000000
404.000000
2336.000000
580.000000
1018.000000
2447.000000
741.000000
197.000000
220.000000
604.000000
167.000000
484.000000
317.000000
156.000000
1880.000000
332.000000
119.000000
434.000000
468.000000
209.000000
746.000000
1619.000000
1180.000000
245.000000
283.000000
240.000000
251.000000
1603.000000
442.000000
95.000000
1209.000000
104.000000
800.000000
86.000000
281.000000
364.000000
287.000000
346.000000
1000.000000
2050.000000
1263.000000
2833.000000
365.000000
827.000000
66.000000
3230.000000
2862.000000
424.000000
89.000000
1701.000000
249.000000
284.000000
4739.000000
43.000000
65.000000
1050.000000
192.000000
1436.000000
472.000000
280.000000
549.000000
910.000000
733.000000
612.000000
1355.000000
254.000000
215.000000
933.000000
337.000000
1417.000000
644.000000
1318.000000
39.000000
124.000000
763.000000
711.000000
74.000000
563.000000
2216.000000
436.000000
444.000000
622.000000
1516.000000
167.000000
289.000000
211.000000
593.000000
390.000000
173.000000
268.000000
316.000000
309.000000
425.000000
113.000000
727.000000
3168.000000
944.000000
309.000000
329.000000
195.000000
166.000000
981.000000
2066.000000
610.000000
148.000000
158.000000
1176.000000
256.000000
352.000000
2544.000000
521.000000
435.000000
300.000000
365.000000
76.000000
435.000000
1235.000000
316.000000
2089.000000
1103.000000
477.000000
2073.000000
212.000000
87.000000
1101.000000
732.000000
777.000000
326.000000
1234.000000
1032.000000
273.000000
381.000000
582.000000
106.000000
559.000000
247.000000
103.000000
514.000000
80.000000
256.000000
230.000000
111.000000
141.000000
2868.000000
454.000000
395.000000
708.000000
162.000000
116.000000
75.000000
380.000000
520.000000
109.000000
256.000000
870.000000
448.000000
133.000000
748.000000
283.000000
1371.000000
62.000000
2279.000000
159.000000
361.000000
4911.000000
231.000000
1329.000000
435.000000
853.000000
2966.000000
551.000000
310.000000
2546.000000
216.000000
163.000000
354.000000
258.000000
1175.000000
620.000000
419.000000
240.000000
586.000000
419.000000
199.000000
175.000000
599.000000
632.000000
1886.000000
183.000000
719.000000
363.000000
2212.000000
2096.000000
823.000000
485.000000
293.000000
197.000000
276.000000
916.000000
404.000000
216.000000
223.000000
211.000000
129.000000
491.000000
108.000000
341.000000
342.000000
383.000000
133.000000
952.000000
1263.000000
293.000000
951.000000
178.000000
2293.000000
342.000000
541.000000
188.000000
1812.000000
371.000000
295.000000
1686.000000
789.000000
249.000000
488.000000
228.000000
500.000000
270.000000
434.000000
2202.000000
205.000000
787.000000
1789.000000
202.000000
479.000000
609.000000
486.000000
662.000000
1596.000000
206.000000
696.000000
781.000000
700.000000
669.000000
374.000000
159.000000
279.000000
275.000000
63.000000
874.000000
298.000000
346.000000
88.000000
536.000000
180.000000
738.000000
223.000000
153.000000
907.000000
247.000000
2242.000000
103.000000
441.000000
553.000000
651.000000
1066.000000
191.000000
1284.000000
357.000000
198.000000
768.000000
350.000000
314.000000
411.000000
294.000000
3013.000000
311.000000
274.000000
777.000000
131.000000
157.000000
301.000000
535.000000
297.000000
1604.000000
848.000000
1011.000000
596.000000
343.000000
114.000000
357.000000
161.000000
8110.000000
1733.000000
136.000000
255.000000
273.000000
301.000000
350.000000
199.000000
1616.000000
2858.000000
753.000000
76.000000
615.000000
350.000000
559.000000
366.000000
203.000000
388.000000
120.000000
282.000000
238.000000
1215.000000
67.000000
292.000000
61.000000
847.000000
998.000000
54.000000
802.000000
767.000000
1364.000000
222.000000
3079.000000
547.000000
409.000000
85.000000
713.000000
615.000000
926.000000
630.000000
85.000000
928.000000
235.000000
105.000000
198.000000
93.000000
584.000000
700.000000
68.000000
1442.000000
766.000000
373.000000
1667.000000
163.000000
812.000000
778.000000
219.000000
587.000000
287.000000
267.000000
87.000000
360.000000
190.000000
369.000000
827.000000
370.000000
344.000000
704.000000
350.000000
176.000000
174.000000
151.000000
1433.000000
955.000000
1357.000000
1255.000000
435.000000
418.000000
61.000000
299.000000
64.000000
6489.000000
525.000000
2123.000000
37.000000
316.000000
234.000000
884.000000
130.000000
162.000000
571.000000
152.000000
184.000000
145.000000
1358.000000
621.000000
1267.000000
221.000000
469.000000
455.000000
185.000000
1944.000000
454.000000
658.000000
850.000000
800.000000
479.000000
3072.000000
205.000000
125.000000
747.000000
266.000000
353.000000
226.000000
190.000000
581.000000
313.000000
185.000000
223.000000
118.000000
751.000000
740.000000
185.000000
686.000000
531.000000
707.000000
138.000000
1387.000000
784.000000
299.000000
68.000000
446.000000
478.000000
338.000000
171.000000
169.000000
305.000000
612.000000
175.000000
570.000000
412.000000
93.000000
969.000000
149.000000
73.000000
283.000000
127.000000
1117.000000
406.000000
969.000000
846.000000
694.000000
1062.000000
236.000000
57.000000
1254.000000
601.000000
391.000000
476.000000
6526.000000
739.000000
675.000000
