468.000000
220.000000
1714.000000
233.000000
172.000000
296.000000
664.000000
362.000000
644.000000
536.000000
306.000000
793.000000
293.000000
178.000000
250.000000
157.000000
136.000000
1286.000000
724.000000
60.000000
690.000000
103.000000
371.000000
624.000000
297.000000
108.000000
1617.000000
152.000000
120.000000
1997.000000
352.000000
501.000000
2947.000000
1735.000000
176.000000
849.000000
1818.000000
1082.000000
226.000000
680.000000
688.000000
656.000000
700.000000
301.000000
415.000000
361.000000
503.000000
388.000000
889.000000
330.000000
658.000000
143.000000
2172.000000
136.000000
2577.000000
402.000000
272.000000
6452.000000
1944.000000
91.000000
329.000000
1481.000000
942.000000
1772.000000
102.000000
395.000000
982.000000
558.000000
1352.000000
4498.000000
98.000000
1398.000000
641.000000
312.000000
476.000000
651.000000
191.000000
82.000000
263.000000
994.000000
809.000000
958.000000
806.000000
825.000000
441.000000
347.000000
1241.000000
1212.000000
380.000000
184.000000
342.000000
2889.000000
82.000000
668.000000
268.000000
438.000000
93.000000
828.000000
372.000000
674.000000
10865.000000
370.000000
130.000000
142.000000
1698.000000
358.000000
1014.000000
1215.000000
972.000000
74.000000
250.000000
771.000000
406.000000
435.000000
521.000000
232.000000
1378.000000
1084.000000
751.000000
283.000000
332.000000
492.000000
515.000000
144.000000
255.000000
98.000000
428.000000
4059.000000
7065.000000
648.000000
95.000000
372.000000
367.000000
1038.000000
27.000000
48.000000
853.000000
152.000000
965.000000
2590.000000
1011.000000
484.000000
374.000000
804.000000
435.000000
312.000000
536.000000
1451.000000
681.000000
98.000000
166.000000
1499.000000
67.000000
564.000000
1421.000000
123.000000
359.000000
439.000000
1178.000000
192.000000
312.000000
299.000000
1223.000000
358.000000
342.000000
520.000000
81.000000
547.000000
248.000000
745.000000
216.000000
164.000000
294.000000
995.000000
234.000000
1344.000000
156.000000
494.000000
1339.000000
1290.000000
2380.000000
1429.000000
801.000000
980.000000
217.000000
271.000000
72.000000
206.000000
171.000000
256.000000
254.000000
235.000000
690.000000
296.000000
429.000000
771.000000
958.000000
225.000000
302.000000
1542.000000
598.000000
207.000000
784.000000
341.000000
199.000000
98.000000
79.000000
206.000000
367.000000
107.000000
287.000000
253.000000
1991.000000
399.000000
168.000000
74.000000
358.000000
228.000000
118.000000
263.000000
599.000000
250.000000
327.000000
997.000000
223.000000
107.000000
591.000000
984.000000
242.000000
196.000000
419.000000
2159.000000
71.000000
274.000000
494.000000
379.000000
295.000000
503.000000
299.000000
539.000000
592.000000
155.000000
380.000000
673.000000
786.000000
326.000000
163.000000
756.000000
555.000000
181.000000
199.000000
141.000000
200.000000
283.000000
360.000000
220.000000
1379.000000
1603.000000
27.000000
3703.000000
465.000000
355.000000
185.000000
50.000000
97.000000
1135.000000
125.000000
185.000000
518.000000
259.000000
716.000000
359.000000
811.000000
571.000000
3155.000000
390.000000
270.000000
562.000000
504.000000
154.000000
468.000000
127.000000
558.000000
352.000000
3181.000000
393.000000
1860.000000
211.000000
532.000000
307.000000
948.000000
234.000000
809.000000
634.000000
1397.000000
93.000000
383.000000
316.000000
592.000000
242.000000
217.000000
173.000000
476.000000
168.000000
1229.000000
124.000000
327.000000
687.000000
1782.000000
2764.000000
271.000000
325.000000
79.000000
527.000000
70.000000
109.000000
818.000000
71.000000
244.000000
241.000000
870.000000
2315.000000
560.000000
1545.000000
545.000000
445.000000
232.000000
476.000000
52.000000
437.000000
250.000000
141.000000
205.000000
539.000000
1283.000000
598.000000
134.000000
374.000000
347.000000
452.000000
435.000000
236.000000
2296.000000
960.000000
430.000000
177.000000
1182.000000
1561.000000
389.000000
290.000000
1898.000000
765.000000
32.000000
287.000000
228.000000
112.000000
480.000000
26.000000
439.000000
41.000000
158.000000
826.000000
214.000000
70.000000
1756.000000
283.000000
154.000000
558.000000
548.000000
407.000000
336.000000
169.000000
246.000000
353.000000
313.000000
976.000000
572.000000
268.000000
555.000000
720.000000
679.000000
1523.000000
770.000000
668.000000
336.000000
104.000000
169.000000
3763.000000
384.000000
685.000000
1008.000000
525.000000
863.000000
204.000000
313.000000
24.000000
529.000000
407.000000
1666.000000
316.000000
1430.000000
273.000000
220.000000
533.000000
570.000000
194.000000
257.000000
946.000000
211.000000
2157.000000
94.000000
5394.000000
220.000000
1888.000000
385.000000
707.000000
102.000000
1439.000000
566.000000
56.000000
70.000000
1965.000000
820.000000
779.000000
951.000000
967.000000
532.000000
220.000000
234.000000
543.000000
198.000000
297.000000
3483.000000
138.000000
849.000000
767.000000
707.000000
180.000000
523.000000
2557.000000
218.000000
117.000000
213.000000
86.000000
193.000000
41.000000
179.000000
786.000000
516.000000
134.000000
160.000000
93.000000
985.000000
518.000000
303.000000
1098.000000
326.000000
85.000000
1333.000000
83.000000
1669.000000
106.000000
642.000000
101.000000
1293.000000
1483.000000
179.000000
327.000000
294.000000
68.000000
316.000000
85.000000
2235.000000
86.000000
303.000000
558.000000
1245.000000
170.000000
346.000000
442.000000
832.000000
669.000000
523.000000
899.000000
509.000000
265.000000
293.000000
221.000000
930.000000
306.000000
309.000000
166.000000
1242.000000
693.000000
2178.000000
1327.000000
1988.000000
856.000000
245.000000
1751.000000
1048.000000
1243.000000
190.000000
16.000000
2857.000000
518.000000
206.000000
606.000000
422.000000
440.000000
78.000000
162.000000
217.000000
1082.000000
82.000000
1489.000000
128.000000
2378.000000
2680.000000
134.000000
1548.000000
483.000000
573.000000
100.000000
114.000000
26.000000
377.000000
216.000000
69.000000
410.000000
997.000000
42.000000
832.000000
458.000000
1919.000000
2240.000000
1054.000000
1112.000000
190.000000
648.000000
405.000000
266.000000
544.000000
732.000000
116.000000
421.000000
663.000000
159.000000
503.000000
979.000000
1275.000000
586.000000
500.000000
817.000000
76.000000
545.000000
188.000000
216.000000
185.000000
462.000000
936.000000
758.000000
440.000000
167.000000
638.000000
337.000000
4345.000000
428.000000
92.000000
195.000000
157.000000
258.000000
142.000000
378.000000
260.000000
76.000000
62.000000
3376.000000
42.000000
202.000000
263.000000
2184.000000
124.000000
239.000000
420.000000
89.000000
203.000000
535.000000
373.000000
627.000000
113.000000
348.000000
1566.000000
335.000000
532.000000
1034.000000
286.000000
248.000000
65.000000
516.000000
473.000000
81.000000
251.000000
117.000000
371.000000
913.000000
377.000000
340.000000
97.000000
373.000000
339.000000
645.000000
431.000000
376.000000
392.000000
186.000000
572.000000
217.000000
1804.000000
58.000000
130.000000
1745.000000
931.000000
379.000000
585.000000
439.000000
178.000000
750.000000
112.000000
165.000000
1612.000000
380.000000
1114.000000
1729.000000
862.000000
247.000000
199.000000
311.000000
290.000000
1422.000000
437.000000
798.000000
353.000000
179.000000
335.000000
988.000000
329.000000
1268.000000
240.000000
716.000000
354.000000
49.000000
335.000000
398.000000
153.000000
84.000000
400.000000
212.000000
2183.000000
213.000000
1968.000000
3013.000000
3767.000000
501.000000
198.000000
409.000000
135.000000
126.000000
362.000000
1095.000000
180.000000
90.000000
4957.000000
580.000000
138.000000
438.000000
775.000000
312.000000
332.000000
490.000000
364.000000
1572.000000
308.000000
1697.000000
259.000000
1190.000000
24.000000
189.000000
493.000000
222.000000
273.000000
1236.000000
562.000000
194.000000
240.000000
499.000000
775.000000
310.000000
147.000000
162.000000
870.000000
361.000000
476.000000
152.000000
229.000000
54.000000
920.000000
4315.000000
110.000000
2549.000000
470.000000
723.000000
1172.000000
940.000000
644.000000
171.000000
611.000000
362.000000
660.000000
924.000000
146.000000
559.000000
1433.000000
1808.000000
282.000000
396.000000
1100.000000
893.000000
74.000000
52.000000
320.000000
1690.000000
931.000000
322.000000
389.000000
136.000000
561.000000
234.000000
2853.000000
128.000000
328.000000
106.000000
372.000000
1128.000000
578.000000
69.000000
596.000000
267.000000
807.000000
226.000000
519.000000
479.000000
1120.000000
318.000000
185.000000
513.000000
32.000000
1308.000000
253.000000
698.000000
390.000000
187.000000
1756.000000
9403.000000
49.000000
526.000000
840.000000
175.000000
1674.000000
313.000000
590.000000
492.000000
136.000000
1136.000000
264.000000
62.000000
481.000000
338.000000
189.000000
72.000000
191.000000
1117.000000
105.000000
449.000000
1664.000000
2772.000000
170.000000
229.000000
779.000000
561.000000
2036.000000
914.000000
171.000000
465.000000
409.000000
70.000000
876.000000
168.000000
685.000000
758.000000
480.000000
217.000000
438.000000
3626.000000
281.000000
467.000000
3508.000000
366.000000
266.000000
187.000000
574.000000
393.000000
1587.000000
175.000000
249.000000
106.000000
1128.000000
155.000000
277.000000
156.000000
96.000000
464.000000
2638.000000
1835.000000
1463.000000
218.000000
335.000000
966.000000
521.000000
33.000000
974.000000
371.000000
658.000000
718.000000
7892.000000
1039.000000
350.000000
1017.000000
278.000000
394.000000
222.000000
239.000000
1388.000000
260.000000
125.000000
1141.000000
725.000000
289.000000
218.000000
1041.000000
2484.000000
504.000000
176.000000
2719.000000
367.000000
1028.000000
1182.000000
879.000000
163.000000
637.000000
57.000000
700.000000
511.000000
1966.000000
152.000000
343.000000
347.000000
1014.000000
70.000000
5531.000000
1678.000000
324.000000
917.000000
256.000000
915.000000
489.000000
656.000000
291.000000
1131.000000
971.000000
154.000000
80.000000
758.000000
339.000000
377.000000
446.000000
456.000000
295.000000
161.000000
1604.000000
106.000000
160.000000
1234.000000
250.000000
1172.000000
133.000000
422.000000
179.000000
443.000000
1612.000000
1730.000000
1590.000000
2751.000000
643.000000
515.000000
159.000000
650.000000
841.000000
1851.000000
122.000000
3694.000000
969.000000
1130.000000
171.000000
97.000000
79.000000
662.000000
359.000000
113.000000
342.000000
531.000000
728.000000
201.000000
2503.000000
481.000000
878.000000
416.000000
456.000000
127.000000
659.000000
596.000000
399.000000
114.000000
1342.000000
535.000000
1970.000000
426.000000
842.000000
382.000000
236.000000
5546.000000
753.000000
234.000000
182.000000
71.000000
877.000000
2227.000000
578.000000
4933.000000
822.000000
63.000000
1838.000000
694.000000
622.000000
162.000000
403.000000
353.000000
579.000000
395.000000
235.000000
151.000000
634.000000
317.000000
213.000000
332.000000
1230.000000
122.000000
872.000000
99.000000
135.000000
285.000000
337.000000
507.000000
186.000000
147.000000
344.000000
945.000000
1680.000000
288.000000
184.000000
1062.000000
314.000000
1684.000000
134.000000
256.000000
371.000000
121.000000
585.000000
295.000000
1891.000000
969.000000
405.000000
56.000000
197.000000
210.000000
336.000000
474.000000
125.000000
105.000000
770.000000
