76.000000
205.000000
729.000000
1314.000000
390.000000
801.000000
783.000000
204.000000
1872.000000
308.000000
198.000000
396.000000
80.000000
134.000000
467.000000
879.000000
945.000000
643.000000
96.000000
422.000000
169.000000
202.000000
2678.000000
122.000000
387.000000
192.000000
2169.000000
113.000000
128.000000
413.000000
189.000000
20.000000
1398.000000
808.000000
311.000000
513.000000
197.000000
661.000000
2621.000000
139.000000
432.000000
729.000000
224.000000
237.000000
260.000000
2939.000000
493.000000
160.000000
305.000000
2598.000000
72.000000
3840.000000
271.000000
596.000000
264.000000
857.000000
269.000000
336.000000
175.000000
1533.000000
128.000000
754.000000
122.000000
195.000000
113.000000
1247.000000
156.000000
684.000000
970.000000
324.000000
167.000000
515.000000
764.000000
60.000000
735.000000
518.000000
186.000000
1390.000000
330.000000
97.000000
1292.000000
1828.000000
372.000000
906.000000
140.000000
2729.000000
1615.000000
449.000000
484.000000
1189.000000
353.000000
64.000000
523.000000
664.000000
202.000000
1431.000000
202.000000
674.000000
2839.000000
611.000000
160.000000
1868.000000
858.000000
87.000000
2625.000000
1469.000000
53.000000
653.000000
391.000000
231.000000
549.000000
1021.000000
611.000000
4088.000000
344.000000
267.000000
1655.000000
1311.000000
341.000000
3349.000000
218.000000
404.000000
984.000000
448.000000
67.000000
504.000000
204.000000
3101.000000
660.000000
72.000000
450.000000
348.000000
555.000000
115.000000
2839.000000
152.000000
502.000000
77.000000
972.000000
294.000000
199.000000
1262.000000
146.000000
99.000000
139.000000
186.000000
433.000000
1642.000000
118.000000
858.000000
2733.000000
755.000000
584.000000
1339.000000
1681.000000
1385.000000
170.000000
518.000000
184.000000
258.000000
165.000000
218.000000
142.000000
119.000000
867.000000
1783.000000
390.000000
248.000000
188.000000
1660.000000
357.000000
908.000000
365.000000
74.000000
180.000000
624.000000
131.000000
186.000000
409.000000
335.000000
113.000000
1356.000000
1138.000000
151.000000
110.000000
355.000000
1093.000000
1168.000000
10535.000000
133.000000
391.000000
117.000000
159.000000
115.000000
181.000000
1526.000000
332.000000
261.000000
88.000000
80.000000
589.000000
3326.000000
207.000000
237.000000
341.000000
128.000000
470.000000
178.000000
247.000000
470.000000
2772.000000
1022.000000
1010.000000
704.000000
342.000000
347.000000
1324.000000
375.000000
1558.000000
110.000000
2629.000000
1928.000000
266.000000
222.000000
484.000000
464.000000
652.000000
497.000000
1173.000000
1318.000000
1093.000000
530.000000
783.000000
181.000000
206.000000
523.000000
1218.000000
187.000000
187.000000
879.000000
510.000000
426.000000
62.000000
1961.000000
213.000000
253.000000
716.000000
499.000000
516.000000
245.000000
1432.000000
585.000000
229.000000
161.000000
251.000000
365.000000
1236.000000
294.000000
807.000000
335.000000
95.000000
65.000000
291.000000
745.000000
195.000000
854.000000
168.000000
74.000000
922.000000
430.000000
94.000000
1575.000000
628.000000
170.000000
511.000000
599.000000
309.000000
2746.000000
335.000000
43.000000
1151.000000
200.000000
258.000000
49.000000
2325.000000
543.000000
155.000000
467.000000
660.000000
143.000000
137.000000
142.000000
1595.000000
138.000000
734.000000
314.000000
871.000000
595.000000
326.000000
45.000000
2746.000000
657.000000
708.000000
262.000000
490.000000
1192.000000
721.000000
805.000000
505.000000
201.000000
664.000000
2152.000000
349.000000
229.000000
362.000000
785.000000
504.000000
322.000000
58.000000
588.000000
404.000000
480.000000
171.000000
308.000000
908.000000
482.000000
51.000000
970.000000
204.000000
1273.000000
31.000000
378.000000
158.000000
263.000000
357.000000
161.000000
273.000000
513.000000
1950.000000
859.000000
316.000000
1647.000000
287.000000
152.000000
1877.000000
649.000000
290.000000
2242.000000
564.000000
1289.000000
164.000000
1313.000000
533.000000
317.000000
117.000000
123.000000
1125.000000
381.000000
102.000000
27.000000
475.000000
1465.000000
1720.000000
456.000000
76.000000
589.000000
110.000000
421.000000
154.000000
983.000000
511.000000
145.000000
55.000000
272.000000
127.000000
868.000000
260.000000
1344.000000
74.000000
51.000000
242.000000
389.000000
364.000000
353.000000
679.000000
1256.000000
891.000000
373.000000
250.000000
502.000000
90.000000
140.000000
930.000000
279.000000
306.000000
194.000000
1113.000000
293.000000
713.000000
980.000000
231.000000
465.000000
172.000000
239.000000
672.000000
405.000000
144.000000
86.000000
123.000000
156.000000
871.000000
392.000000
332.000000
183.000000
162.000000
5171.000000
1049.000000
148.000000
329.000000
124.000000
464.000000
566.000000
665.000000
475.000000
307.000000
156.000000
198.000000
502.000000
381.000000
855.000000
199.000000
2210.000000
302.000000
164.000000
187.000000
856.000000
232.000000
1636.000000
492.000000
837.000000
780.000000
1160.000000
179.000000
1358.000000
102.000000
221.000000
928.000000
842.000000
446.000000
272.000000
672.000000
600.000000
407.000000
61.000000
887.000000
130.000000
359.000000
177.000000
931.000000
1742.000000
1529.000000
193.000000
1557.000000
1048.000000
630.000000
441.000000
555.000000
467.000000
295.000000
788.000000
220.000000
159.000000
2809.000000
502.000000
904.000000
566.000000
361.000000
129.000000
218.000000
644.000000
338.000000
746.000000
2695.000000
373.000000
125.000000
157.000000
2427.000000
220.000000
195.000000
756.000000
146.000000
902.000000
151.000000
327.000000
118.000000
245.000000
266.000000
659.000000
378.000000
806.000000
42.000000
239.000000
983.000000
344.000000
685.000000
1091.000000
628.000000
1568.000000
516.000000
49.000000
1288.000000
1118.000000
1105.000000
724.000000
391.000000
1837.000000
342.000000
424.000000
1136.000000
248.000000
279.000000
175.000000
328.000000
205.000000
2605.000000
625.000000
1531.000000
202.000000
164.000000
156.000000
134.000000
382.000000
126.000000
731.000000
375.000000
397.000000
61.000000
223.000000
105.000000
283.000000
430.000000
344.000000
338.000000
592.000000
269.000000
93.000000
651.000000
471.000000
245.000000
831.000000
146.000000
1102.000000
789.000000
2404.000000
288.000000
157.000000
165.000000
357.000000
570.000000
2008.000000
159.000000
4279.000000
370.000000
185.000000
624.000000
529.000000
53.000000
61.000000
461.000000
377.000000
209.000000
562.000000
336.000000
598.000000
314.000000
1093.000000
270.000000
457.000000
465.000000
289.000000
490.000000
588.000000
285.000000
354.000000
1079.000000
291.000000
412.000000
273.000000
1631.000000
240.000000
215.000000
144.000000
803.000000
449.000000
146.000000
812.000000
257.000000
301.000000
1682.000000
187.000000
253.000000
545.000000
538.000000
534.000000
318.000000
140.000000
2816.000000
674.000000
544.000000
274.000000
277.000000
4115.000000
725.000000
74.000000
1870.000000
1817.000000
2299.000000
249.000000
280.000000
566.000000
56.000000
310.000000
190.000000
1588.000000
114.000000
1166.000000
2543.000000
1120.000000
177.000000
150.000000
95.000000
355.000000
1759.000000
119.000000
194.000000
665.000000
393.000000
497.000000
3310.000000
62.000000
765.000000
1004.000000
1017.000000
356.000000
44.000000
479.000000
1120.000000
344.000000
787.000000
409.000000
177.000000
741.000000
1742.000000
322.000000
717.000000
354.000000
640.000000
146.000000
504.000000
107.000000
145.000000
459.000000
125.000000
434.000000
204.000000
247.000000
172.000000
394.000000
630.000000
657.000000
307.000000
725.000000
528.000000
338.000000
220.000000
565.000000
188.000000
772.000000
2761.000000
602.000000
98.000000
1444.000000
355.000000
450.000000
337.000000
233.000000
929.000000
128.000000
110.000000
760.000000
225.000000
2273.000000
4397.000000
675.000000
342.000000
521.000000
151.000000
499.000000
109.000000
1962.000000
397.000000
193.000000
3098.000000
701.000000
193.000000
454.000000
258.000000
345.000000
416.000000
570.000000
966.000000
2210.000000
286.000000
427.000000
377.000000
1455.000000
1729.000000
615.000000
480.000000
191.000000
96.000000
115.000000
650.000000
1000.000000
119.000000
438.000000
114.000000
95.000000
972.000000
563.000000
688.000000
49.000000
773.000000
1074.000000
1779.000000
107.000000
2730.000000
262.000000
248.000000
551.000000
258.000000
512.000000
614.000000
1875.000000
598.000000
885.000000
682.000000
178.000000
1119.000000
1797.000000
120.000000
728.000000
1806.000000
235.000000
459.000000
708.000000
96.000000
405.000000
251.000000
57.000000
184.000000
387.000000
193.000000
294.000000
389.000000
715.000000
83.000000
132.000000
821.000000
343.000000
835.000000
138.000000
644.000000
870.000000
879.000000
269.000000
1160.000000
320.000000
296.000000
1086.000000
475.000000
315.000000
236.000000
158.000000
1377.000000
252.000000
181.000000
3985.000000
284.000000
750.000000
588.000000
358.000000
833.000000
2025.000000
111.000000
1189.000000
87.000000
125.000000
598.000000
274.000000
284.000000
198.000000
301.000000
365.000000
862.000000
2233.000000
518.000000
3398.000000
246.000000
1262.000000
339.000000
137.000000
956.000000
1375.000000
202.000000
269.000000
546.000000
901.000000
368.000000
334.000000
311.000000
2584.000000
501.000000
325.000000
407.000000
598.000000
448.000000
646.000000
1522.000000
340.000000
2151.000000
181.000000
1099.000000
178.000000
1061.000000
1024.000000
155.000000
160.000000
69.000000
246.000000
219.000000
594.000000
400.000000
512.000000
792.000000
116.000000
849.000000
905.000000
628.000000
545.000000
449.000000
149.000000
46.000000
271.000000
483.000000
201.000000
496.000000
1014.000000
139.000000
241.000000
506.000000
1532.000000
111.000000
153.000000
1233.000000
1580.000000
235.000000
93.000000
1146.000000
50.000000
569.000000
57.000000
204.000000
72.000000
4956.000000
298.000000
684.000000
1847.000000
164.000000
540.000000
173.000000
1391.000000
310.000000
697.000000
284.000000
441.000000
265.000000
171.000000
244.000000
683.000000
168.000000
182.000000
144.000000
2122.000000
213.000000
237.000000
985.000000
480.000000
597.000000
162.000000
569.000000
372.000000
1508.000000
380.000000
367.000000
616.000000
188.000000
470.000000
937.000000
564.000000
141.000000
520.000000
1482.000000
725.000000
191.000000
663.000000
725.000000
691.000000
127.000000
1827.000000
120.000000
139.000000
2007.000000
91.000000
332.000000
144.000000
2553.000000
557.000000
1654.000000
143.000000
171.000000
52.000000
222.000000
345.000000
573.000000
277.000000
237.000000
649.000000
147.000000
162.000000
173.000000
1177.000000
578.000000
710.000000
294.000000
1363.000000
83.000000
232.000000
198.000000
261.000000
2063.000000
2060.000000
349.000000
882.000000
858.000000
59.000000
386.000000
780.000000
74.000000
411.000000
1520.000000
201.000000
790.000000
1136.000000
2259.000000
131.000000
454.000000
473.000000
97.000000
896.000000
968.000000
1470.000000
405.000000
732.000000
167.000000
257.000000
492.000000
258.000000
483.000000
253.000000
835.000000
117.000000
1665.000000
808.000000
293.000000
4986.000000
284.000000
1164.000000
4339.000000
420.000000
317.000000
4562.000000
82.000000
911.000000
116.000000
204.000000
86.000000
197.000000
601.000000
952.000000
