5311.000000
152.000000
312.000000
298.000000
185.000000
257.000000
232.000000
1996.000000
141.000000
907.000000
1680.000000
1312.000000
2148.000000
1005.000000
1390.000000
79.000000
195.000000
998.000000
1360.000000
278.000000
2096.000000
256.000000
1093.000000
160.000000
485.000000
280.000000
1179.000000
437.000000
1345.000000
72.000000
347.000000
344.000000
179.000000
164.000000
57.000000
237.000000
748.000000
117.000000
133.000000
775.000000
1512.000000
348.000000
48.000000
388.000000
1497.000000
369.000000
323.000000
21.000000
5382.000000
562.000000
262.000000
196.000000
561.000000
1535.000000
106.000000
266.000000
2398.000000
191.000000
1111.000000
742.000000
88.000000
69.000000
140.000000
492.000000
147.000000
314.000000
2994.000000
803.000000
264.000000
469.000000
412.000000
607.000000
567.000000
294.000000
155.000000
377.000000
150.000000
359.000000
461.000000
497.000000
470.000000
517.000000
571.000000
416.000000
727.000000
95.000000
43.000000
78.000000
227.000000
6933.000000
98.000000
986.000000
620.000000
1109.000000
640.000000
539.000000
188.000000
1284.000000
545.000000
448.000000
180.000000
199.000000
177.000000
184.000000
302.000000
623.000000
273.000000
1020.000000
158.000000
611.000000
162.000000
1227.000000
282.000000
671.000000
878.000000
649.000000
525.000000
480.000000
154.000000
51.000000
1149.000000
569.000000
126.000000
1007.000000
674.000000
113.000000
1646.000000
350.000000
1052.000000
123.000000
579.000000
890.000000
581.000000
3621.000000
1726.000000
1838.000000
329.000000
453.000000
1471.000000
251.000000
228.000000
264.000000
170.000000
393.000000
491.000000
108.000000
237.000000
315.000000
192.000000
302.000000
2102.000000
1343.000000
1503.000000
970.000000
706.000000
222.000000
702.000000
1862.000000
81.000000
339.000000
167.000000
508.000000
125.000000
304.000000
322.000000
507.000000
410.000000
137.000000
1356.000000
195.000000
195.000000
582.000000
450.000000
752.000000
227.000000
3349.000000
1792.000000
436.000000
331.000000
378.000000
225.000000
152.000000
315.000000
769.000000
204.000000
1188.000000
189.000000
138.000000
179.000000
148.000000
1206.000000
466.000000
149.000000
79.000000
286.000000
82.000000
631.000000
272.000000
541.000000
1272.000000
477.000000
80.000000
553.000000
527.000000
656.000000
339.000000
587.000000
340.000000
777.000000
590.000000
261.000000
2904.000000
1045.000000
314.000000
89.000000
252.000000
484.000000
648.000000
2603.000000
454.000000
1118.000000
1095.000000
301.000000
583.000000
105.000000
838.000000
206.000000
1950.000000
74.000000
734.000000
9426.000000
1991.000000
1215.000000
2434.000000
362.000000
750.000000
142.000000
1574.000000
109.000000
143.000000
2410.000000
262.000000
620.000000
623.000000
187.000000
141.000000
1563.000000
1236.000000
536.000000
2407.000000
337.000000
565.000000
1303.000000
616.000000
33.000000
203.000000
1221.000000
135.000000
695.000000
1532.000000
210.000000
496.000000
653.000000
199.000000
1627.000000
312.000000
150.000000
2904.000000
7326.000000
594.000000
347.000000
353.000000
802.000000
206.000000
398.000000
212.000000
270.000000
798.000000
1371.000000
359.000000
102.000000
159.000000
199.000000
598.000000
605.000000
262.000000
175.000000
285.000000
708.000000
250.000000
166.000000
623.000000
119.000000
128.000000
270.000000
730.000000
410.000000
764.000000
641.000000
208.000000
582.000000
185.000000
235.000000
475.000000
82.000000
972.000000
177.000000
345.000000
229.000000
287.000000
63.000000
288.000000
1513.000000
362.000000
800.000000
247.000000
677.000000
240.000000
198.000000
150.000000
494.000000
324.000000
205.000000
2696.000000
119.000000
378.000000
717.000000
82.000000
67.000000
551.000000
155.000000
219.000000
457.000000
441.000000
794.000000
1115.000000
215.000000
919.000000
1349.000000
281.000000
228.000000
756.000000
517.000000
87.000000
233.000000
545.000000
527.000000
2750.000000
214.000000
712.000000
569.000000
1325.000000
392.000000
434.000000
1019.000000
43.000000
1551.000000
1276.000000
718.000000
506.000000
1215.000000
343.000000
104.000000
1000.000000
56.000000
360.000000
401.000000
249.000000
62.000000
1389.000000
2918.000000
583.000000
946.000000
2370.000000
2193.000000
333.000000
820.000000
1390.000000
176.000000
65.000000
919.000000
382.000000
1055.000000
236.000000
1067.000000
329.000000
100.000000
618.000000
94.000000
446.000000
661.000000
569.000000
218.000000
148.000000
2874.000000
545.000000
213.000000
294.000000
320.000000
1665.000000
365.000000
2412.000000
168.000000
261.000000
807.000000
948.000000
421.000000
998.000000
287.000000
583.000000
447.000000
903.000000
103.000000
827.000000
50.000000
372.000000
117.000000
449.000000
363.000000
542.000000
195.000000
643.000000
554.000000
1014.000000
744.000000
560.000000
1839.000000
288.000000
83.000000
1184.000000
784.000000
485.000000
83.000000
308.000000
740.000000
173.000000
526.000000
786.000000
1749.000000
65.000000
147.000000
222.000000
515.000000
856.000000
307.000000
88.000000
321.000000
483.000000
286.000000
387.000000
88.000000
188.000000
356.000000
1783.000000
245.000000
49.000000
392.000000
4327.000000
139.000000
269.000000
790.000000
1187.000000
119.000000
393.000000
326.000000
44.000000
175.000000
15.000000
198.000000
2008.000000
295.000000
702.000000
230.000000
544.000000
319.000000
545.000000
411.000000
659.000000
7581.000000
146.000000
162.000000
1277.000000
361.000000
317.000000
114.000000
101.000000
1404.000000
2143.000000
725.000000
250.000000
152.000000
2634.000000
1187.000000
351.000000
735.000000
672.000000
1635.000000
79.000000
6738.000000
208.000000
212.000000
146.000000
257.000000
1677.000000
269.000000
664.000000
212.000000
81.000000
167.000000
601.000000
99.000000
942.000000
834.000000
357.000000
282.000000
810.000000
70.000000
470.000000
266.000000
3474.000000
1063.000000
315.000000
75.000000
310.000000
420.000000
34.000000
709.000000
1310.000000
3035.000000
211.000000
194.000000
210.000000
1433.000000
126.000000
1656.000000
470.000000
33.000000
151.000000
3795.000000
175.000000
1718.000000
189.000000
156.000000
1581.000000
362.000000
217.000000
907.000000
1592.000000
672.000000
146.000000
1440.000000
262.000000
28.000000
3799.000000
118.000000
156.000000
380.000000
1005.000000
1284.000000
94.000000
664.000000
440.000000
77.000000
3830.000000
393.000000
313.000000
92.000000
2169.000000
279.000000
426.000000
297.000000
1042.000000
386.000000
230.000000
2414.000000
511.000000
270.000000
294.000000
562.000000
37.000000
782.000000
1182.000000
270.000000
266.000000
519.000000
869.000000
993.000000
129.000000
1657.000000
501.000000
361.000000
222.000000
536.000000
1686.000000
106.000000
137.000000
43.000000
701.000000
8074.000000
564.000000
301.000000
272.000000
1060.000000
753.000000
458.000000
277.000000
123.000000
112.000000
322.000000
394.000000
800.000000
490.000000
246.000000
52.000000
634.000000
299.000000
1091.000000
993.000000
1142.000000
872.000000
316.000000
1956.000000
581.000000
1006.000000
1163.000000
85.000000
828.000000
908.000000
3853.000000
391.000000
1141.000000
1759.000000
469.000000
793.000000
49.000000
379.000000
957.000000
434.000000
122.000000
1592.000000
803.000000
996.000000
984.000000
1915.000000
2592.000000
124.000000
238.000000
739.000000
858.000000
519.000000
269.000000
104.000000
422.000000
1438.000000
357.000000
503.000000
382.000000
474.000000
707.000000
79.000000
1013.000000
93.000000
55.000000
1960.000000
67.000000
192.000000
53.000000
484.000000
373.000000
485.000000
95.000000
1217.000000
536.000000
1499.000000
933.000000
483.000000
79.000000
172.000000
401.000000
188.000000
838.000000
640.000000
510.000000
322.000000
901.000000
5699.000000
102.000000
815.000000
511.000000
4345.000000
635.000000
117.000000
1246.000000
2060.000000
57.000000
589.000000
1238.000000
56.000000
1011.000000
3267.000000
155.000000
1174.000000
558.000000
2397.000000
952.000000
271.000000
479.000000
814.000000
711.000000
120.000000
642.000000
2034.000000
1033.000000
2267.000000
143.000000
223.000000
130.000000
79.000000
586.000000
1101.000000
202.000000
1516.000000
1105.000000
464.000000
2452.000000
487.000000
1826.000000
332.000000
727.000000
715.000000
865.000000
211.000000
901.000000
226.000000
201.000000
926.000000
455.000000
53.000000
624.000000
245.000000
327.000000
250.000000
778.000000
134.000000
188.000000
448.000000
673.000000
518.000000
644.000000
318.000000
770.000000
1246.000000
1636.000000
395.000000
562.000000
249.000000
352.000000
382.000000
614.000000
136.000000
1705.000000
638.000000
169.000000
526.000000
1122.000000
470.000000
51.000000
533.000000
383.000000
793.000000
334.000000
4709.000000
510.000000
983.000000
58.000000
243.000000
1673.000000
156.000000
231.000000
125.000000
1741.000000
237.000000
424.000000
416.000000
511.000000
303.000000
1035.000000
299.000000
94.000000
73.000000
1760.000000
2954.000000
398.000000
742.000000
430.000000
869.000000
326.000000
1352.000000
138.000000
543.000000
77.000000
165.000000
79.000000
980.000000
288.000000
112.000000
190.000000
66.000000
396.000000
1008.000000
183.000000
1886.000000
114.000000
654.000000
89.000000
1347.000000
172.000000
404.000000
462.000000
2232.000000
220.000000
400.000000
309.000000
756.000000
247.000000
742.000000
946.000000
417.000000
169.000000
1949.000000
1053.000000
261.000000
275.000000
2599.000000
138.000000
1045.000000
791.000000
398.000000
324.000000
437.000000
340.000000
171.000000
403.000000
157.000000
406.000000
848.000000
429.000000
381.000000
769.000000
422.000000
550.000000
3348.000000
587.000000
192.000000
217.000000
122.000000
926.000000
469.000000
169.000000
850.000000
364.000000
593.000000
105.000000
671.000000
922.000000
670.000000
53.000000
88.000000
2338.000000
487.000000
277.000000
171.000000
60.000000
586.000000
188.000000
299.000000
733.000000
142.000000
375.000000
2123.000000
483.000000
588.000000
296.000000
119.000000
212.000000
1225.000000
139.000000
1945.000000
1128.000000
926.000000
682.000000
69.000000
162.000000
136.000000
472.000000
104.000000
174.000000
523.000000
290.000000
519.000000
584.000000
1440.000000
260.000000
336.000000
891.000000
632.000000
486.000000
1848.000000
292.000000
4709.000000
1146.000000
3028.000000
543.000000
470.000000
195.000000
890.000000
602.000000
1760.000000
313.000000
203.000000
770.000000
1325.000000
53.000000
70.000000
151.000000
637.000000
186.000000
156.000000
208.000000
964.000000
708.000000
1798.000000
92.000000
44.000000
832.000000
359.000000
322.000000
414.000000
60.000000
582.000000
669.000000
693.000000
1408.000000
2072.000000
976.000000
788.000000
137.000000
381.000000
281.000000
145.000000
211.000000
2292.000000
3237.000000
94.000000
593.000000
329.000000
673.000000
1005.000000
34.000000
4339.000000
1076.000000
495.000000
519.000000
227.000000
321.000000
77.000000
735.000000
188.000000
1010.000000
134.000000
739.000000
2833.000000
1466.000000
1080.000000
841.000000
289.000000
428.000000
617.000000
1977.000000
54.000000
862.000000
584.000000
480.000000
2369.000000
80.000000
226.000000
578.000000
8044.000000
425.000000
369.000000
188.000000
335.000000
2873.000000
335.000000
493.000000
218.000000
47.000000
188.000000
882.000000
1366.000000
