105.000000
685.000000
1237.000000
1272.000000
51.000000
170.000000
168.000000
48.000000
846.000000
433.000000
1471.000000
1400.000000
333.000000
41.000000
289.000000
195.000000
712.000000
1124.000000
254.000000
151.000000
269.000000
438.000000
226.000000
156.000000
177.000000
446.000000
992.000000
1597.000000
1319.000000
1264.000000
217.000000
825.000000
20.000000
396.000000
1660.000000
2771.000000
122.000000
1080.000000
523.000000
60.000000
96.000000
298.000000
341.000000
255.000000
816.000000
478.000000
734.000000
132.000000
255.000000
83.000000
90.000000
150.000000
303.000000
585.000000
959.000000
1421.000000
406.000000
158.000000
826.000000
415.000000
128.000000
65.000000
178.000000
300.000000
246.000000
712.000000
375.000000
570.000000
1170.000000
151.000000
115.000000
487.000000
264.000000
872.000000
246.000000
3307.000000
484.000000
186.000000
270.000000
268.000000
36.000000
270.000000
127.000000
342.000000
554.000000
315.000000
478.000000
48.000000
114.000000
97.000000
332.000000
780.000000
386.000000
636.000000
264.000000
643.000000
132.000000
377.000000
1497.000000
1502.000000
131.000000
247.000000
405.000000
246.000000
467.000000
240.000000
776.000000
176.000000
575.000000
527.000000
151.000000
421.000000
77.000000
86.000000
213.000000
302.000000
188.000000
213.000000
179.000000
144.000000
3844.000000
308.000000
653.000000
885.000000
1115.000000
454.000000
121.000000
282.000000
45.000000
737.000000
122.000000
1052.000000
503.000000
425.000000
1216.000000
308.000000
171.000000
244.000000
700.000000
1312.000000
311.000000
600.000000
510.000000
644.000000
365.000000
503.000000
776.000000
227.000000
1152.000000
2174.000000
117.000000
1106.000000
1005.000000
62.000000
1428.000000
400.000000
573.000000
356.000000
906.000000
3641.000000
166.000000
669.000000
1760.000000
649.000000
468.000000
238.000000
312.000000
115.000000
506.000000
190.000000
1336.000000
311.000000
4084.000000
436.000000
149.000000
207.000000
232.000000
1128.000000
627.000000
50.000000
146.000000
718.000000
549.000000
543.000000
1196.000000
997.000000
1568.000000
177.000000
327.000000
388.000000
103.000000
309.000000
424.000000
36.000000
569.000000
511.000000
117.000000
109.000000
169.000000
382.000000
118.000000
32.000000
920.000000
580.000000
491.000000
252.000000
402.000000
109.000000
374.000000
80.000000
451.000000
200.000000
1661.000000
732.000000
426.000000
868.000000
132.000000
78.000000
433.000000
1183.000000
55.000000
1825.000000
59.000000
253.000000
27.000000
565.000000
840.000000
90.000000
452.000000
272.000000
199.000000
673.000000
67.000000
1880.000000
215.000000
837.000000
770.000000
702.000000
473.000000
100.000000
190.000000
982.000000
120.000000
495.000000
868.000000
190.000000
456.000000
604.000000
181.000000
508.000000
1173.000000
143.000000
1686.000000
143.000000
73.000000
427.000000
136.000000
176.000000
391.000000
151.000000
66.000000
1041.000000
157.000000
605.000000
959.000000
1247.000000
598.000000
199.000000
110.000000
1379.000000
583.000000
467.000000
629.000000
240.000000
743.000000
206.000000
1733.000000
327.000000
446.000000
599.000000
2015.000000
187.000000
244.000000
1576.000000
273.000000
279.000000
1566.000000
230.000000
948.000000
410.000000
1297.000000
474.000000
484.000000
91.000000
159.000000
1083.000000
374.000000
436.000000
255.000000
330.000000
741.000000
134.000000
3219.000000
1396.000000
663.000000
1682.000000
566.000000
635.000000
189.000000
404.000000
150.000000
1648.000000
372.000000
1017.000000
45.000000
393.000000
523.000000
230.000000
1201.000000
133.000000
1444.000000
1586.000000
53.000000
364.000000
770.000000
1206.000000
65.000000
164.000000
630.000000
326.000000
2838.000000
93.000000
423.000000
836.000000
518.000000
840.000000
392.000000
111.000000
717.000000
104.000000
6083.000000
240.000000
275.000000
342.000000
457.000000
110.000000
45.000000
120.000000
1097.000000
537.000000
1300.000000
377.000000
273.000000
717.000000
661.000000
469.000000
539.000000
137.000000
2816.000000
346.000000
451.000000
454.000000
485.000000
480.000000
3047.000000
2146.000000
192.000000
634.000000
2805.000000
243.000000
16.000000
372.000000
484.000000
1247.000000
445.000000
289.000000
418.000000
158.000000
198.000000
1433.000000
318.000000
377.000000
173.000000
2020.000000
685.000000
692.000000
68.000000
48.000000
436.000000
1541.000000
969.000000
731.000000
250.000000
167.000000
300.000000
138.000000
155.000000
289.000000
876.000000
306.000000
5164.000000
770.000000
2749.000000
265.000000
354.000000
183.000000
86.000000
3097.000000
312.000000
148.000000
278.000000
299.000000
178.000000
838.000000
355.000000
188.000000
563.000000
119.000000
320.000000
384.000000
935.000000
230.000000
676.000000
256.000000
2242.000000
158.000000
100.000000
3988.000000
181.000000
143.000000
505.000000
366.000000
115.000000
1753.000000
446.000000
262.000000
812.000000
69.000000
369.000000
261.000000
278.000000
1342.000000
104.000000
215.000000
296.000000
1685.000000
103.000000
274.000000
164.000000
208.000000
1052.000000
1583.000000
1334.000000
256.000000
471.000000
215.000000
98.000000
100.000000
273.000000
970.000000
236.000000
377.000000
232.000000
631.000000
1377.000000
983.000000
159.000000
1372.000000
293.000000
324.000000
225.000000
3592.000000
678.000000
420.000000
54.000000
667.000000
1164.000000
356.000000
136.000000
1960.000000
116.000000
366.000000
528.000000
100.000000
561.000000
1362.000000
198.000000
328.000000
517.000000
1034.000000
1808.000000
645.000000
1332.000000
335.000000
326.000000
478.000000
268.000000
4197.000000
388.000000
104.000000
1035.000000
379.000000
505.000000
138.000000
2855.000000
1467.000000
844.000000
140.000000
474.000000
98.000000
267.000000
93.000000
1110.000000
244.000000
338.000000
829.000000
221.000000
306.000000
1535.000000
280.000000
109.000000
687.000000
2113.000000
163.000000
148.000000
199.000000
75.000000
141.000000
773.000000
114.000000
720.000000
174.000000
2690.000000
685.000000
325.000000
1142.000000
531.000000
155.000000
393.000000
590.000000
222.000000
78.000000
325.000000
130.000000
206.000000
978.000000
809.000000
1109.000000
68.000000
1367.000000
262.000000
2265.000000
2933.000000
624.000000
41.000000
872.000000
90.000000
631.000000
873.000000
197.000000
724.000000
988.000000
111.000000
1241.000000
148.000000
204.000000
1288.000000
588.000000
469.000000
102.000000
400.000000
272.000000
318.000000
720.000000
597.000000
412.000000
208.000000
144.000000
1076.000000
62.000000
1230.000000
845.000000
204.000000
4641.000000
923.000000
285.000000
573.000000
796.000000
230.000000
75.000000
729.000000
516.000000
1236.000000
898.000000
216.000000
770.000000
110.000000
147.000000
473.000000
275.000000
292.000000
1146.000000
469.000000
255.000000
4152.000000
1378.000000
2768.000000
771.000000
411.000000
855.000000
383.000000
40.000000
419.000000
464.000000
645.000000
215.000000
288.000000
1302.000000
294.000000
335.000000
1041.000000
3027.000000
753.000000
179.000000
1288.000000
1230.000000
100.000000
801.000000
302.000000
139.000000
1977.000000
482.000000
2846.000000
49.000000
449.000000
874.000000
170.000000
290.000000
276.000000
636.000000
126.000000
172.000000
182.000000
487.000000
598.000000
447.000000
230.000000
551.000000
263.000000
450.000000
146.000000
200.000000
2284.000000
275.000000
87.000000
436.000000
226.000000
155.000000
150.000000
512.000000
385.000000
697.000000
4442.000000
2200.000000
552.000000
262.000000
519.000000
3516.000000
716.000000
334.000000
914.000000
190.000000
496.000000
4246.000000
319.000000
469.000000
67.000000
303.000000
2487.000000
1308.000000
177.000000
539.000000
178.000000
168.000000
175.000000
34.000000
167.000000
1190.000000
281.000000
287.000000
239.000000
248.000000
489.000000
138.000000
514.000000
322.000000
95.000000
910.000000
219.000000
1275.000000
1414.000000
502.000000
210.000000
206.000000
165.000000
212.000000
832.000000
137.000000
185.000000
655.000000
207.000000
174.000000
724.000000
227.000000
448.000000
1163.000000
1209.000000
346.000000
106.000000
333.000000
145.000000
1399.000000
322.000000
94.000000
1026.000000
347.000000
1304.000000
962.000000
208.000000
443.000000
443.000000
216.000000
522.000000
1604.000000
859.000000
415.000000
179.000000
891.000000
4255.000000
206.000000
681.000000
336.000000
55.000000
372.000000
136.000000
568.000000
268.000000
112.000000
464.000000
377.000000
502.000000
922.000000
836.000000
142.000000
349.000000
600.000000
934.000000
409.000000
41.000000
606.000000
313.000000
135.000000
114.000000
124.000000
725.000000
290.000000
66.000000
136.000000
119.000000
285.000000
855.000000
1393.000000
770.000000
199.000000
904.000000
163.000000
174.000000
774.000000
1236.000000
226.000000
414.000000
173.000000
871.000000
82.000000
146.000000
497.000000
194.000000
120.000000
877.000000
45.000000
250.000000
72.000000
857.000000
898.000000
100.000000
562.000000
2519.000000
220.000000
777.000000
592.000000
197.000000
110.000000
337.000000
393.000000
294.000000
2807.000000
556.000000
413.000000
651.000000
125.000000
245.000000
71.000000
167.000000
329.000000
194.000000
194.000000
497.000000
442.000000
633.000000
163.000000
56.000000
132.000000
167.000000
541.000000
285.000000
1230.000000
196.000000
66.000000
813.000000
640.000000
302.000000
59.000000
171.000000
77.000000
104.000000
1101.000000
840.000000
800.000000
1498.000000
566.000000
48.000000
500.000000
825.000000
152.000000
420.000000
464.000000
648.000000
399.000000
492.000000
353.000000
331.000000
814.000000
281.000000
582.000000
1111.000000
169.000000
458.000000
1700.000000
6707.000000
442.000000
207.000000
386.000000
1031.000000
101.000000
570.000000
132.000000
1768.000000
695.000000
84.000000
497.000000
189.000000
814.000000
921.000000
130.000000
595.000000
183.000000
1534.000000
516.000000
234.000000
68.000000
101.000000
278.000000
940.000000
2326.000000
652.000000
132.000000
301.000000
858.000000
489.000000
400.000000
129.000000
226.000000
446.000000
136.000000
377.000000
765.000000
159.000000
24.000000
921.000000
417.000000
186.000000
475.000000
227.000000
960.000000
1834.000000
79.000000
198.000000
341.000000
357.000000
591.000000
1311.000000
738.000000
242.000000
408.000000
528.000000
251.000000
875.000000
402.000000
320.000000
335.000000
342.000000
416.000000
137.000000
138.000000
82.000000
1568.000000
169.000000
647.000000
872.000000
643.000000
117.000000
652.000000
77.000000
98.000000
684.000000
232.000000
833.000000
60.000000
1642.000000
266.000000
193.000000
196.000000
213.000000
568.000000
519.000000
494.000000
449.000000
148.000000
265.000000
484.000000
101.000000
514.000000
178.000000
373.000000
1250.000000
652.000000
142.000000
1468.000000
260.000000
834.000000
109.000000
1086.000000
507.000000
381.000000
102.000000
641.000000
430.000000
151.000000
147.000000
375.000000
1252.000000
2518.000000
204.000000
148.000000
5080.000000
1121.000000
485.000000
715.000000
473.000000
210.000000
677.000000
61.000000
810.000000
642.000000
221.000000
1667.000000
256.000000
398.000000
650.000000
382.000000
257.000000
540.000000
1568.000000
1224.000000
1733.000000
133.000000
322.000000
50.000000
164.000000
231.000000
