169.000000
588.000000
228.000000
482.000000
805.000000
1918.000000
226.000000
189.000000
239.000000
699.000000
418.000000
572.000000
524.000000
258.000000
152.000000
3554.000000
793.000000
1279.000000
350.000000
161.000000
110.000000
720.000000
1797.000000
72.000000
261.000000
309.000000
925.000000
436.000000
590.000000
31.000000
275.000000
162.000000
194.000000
481.000000
324.000000
126.000000
584.000000
209.000000
1023.000000
1399.000000
460.000000
823.000000
912.000000
81.000000
329.000000
585.000000
415.000000
464.000000
1081.000000
421.000000
599.000000
93.000000
260.000000
256.000000
952.000000
622.000000
222.000000
111.000000
925.000000
1968.000000
207.000000
59.000000
65.000000
434.000000
313.000000
548.000000
209.000000
489.000000
270.000000
72.000000
290.000000
605.000000
644.000000
411.000000
562.000000
1671.000000
126.000000
571.000000
1776.000000
156.000000
405.000000
371.000000
730.000000
321.000000
213.000000
159.000000
268.000000
344.000000
1743.000000
429.000000
201.000000
102.000000
242.000000
725.000000
69.000000
262.000000
375.000000
135.000000
268.000000
330.000000
143.000000
303.000000
23.000000
33.000000
654.000000
739.000000
106.000000
221.000000
273.000000
954.000000
151.000000
656.000000
1352.000000
994.000000
284.000000
141.000000
106.000000
162.000000
91.000000
223.000000
491.000000
2814.000000
965.000000
367.000000
521.000000
390.000000
109.000000
426.000000
945.000000
511.000000
316.000000
318.000000
163.000000
793.000000
2692.000000
217.000000
175.000000
195.000000
815.000000
628.000000
1271.000000
1029.000000
1230.000000
287.000000
584.000000
38.000000
384.000000
351.000000
165.000000
148.000000
963.000000
815.000000
230.000000
524.000000
174.000000
578.000000
206.000000
86.000000
391.000000
906.000000
582.000000
406.000000
4244.000000
286.000000
338.000000
758.000000
506.000000
50.000000
600.000000
270.000000
635.000000
88.000000
246.000000
375.000000
3907.000000
225.000000
589.000000
123.000000
243.000000
1309.000000
577.000000
113.000000
1628.000000
279.000000
380.000000
504.000000
197.000000
941.000000
422.000000
468.000000
141.000000
261.000000
311.000000
687.000000
2626.000000
179.000000
292.000000
2849.000000
616.000000
407.000000
182.000000
322.000000
838.000000
1193.000000
234.000000
633.000000
112.000000
702.000000
79.000000
234.000000
536.000000
341.000000
107.000000
61.000000
226.000000
273.000000
144.000000
205.000000
95.000000
648.000000
204.000000
158.000000
305.000000
1121.000000
2688.000000
650.000000
256.000000
1869.000000
440.000000
462.000000
116.000000
629.000000
1214.000000
3835.000000
213.000000
183.000000
206.000000
191.000000
429.000000
264.000000
814.000000
86.000000
335.000000
369.000000
1584.000000
419.000000
210.000000
745.000000
213.000000
505.000000
82.000000
295.000000
1065.000000
6448.000000
1762.000000
298.000000
886.000000
257.000000
472.000000
6719.000000
173.000000
651.000000
281.000000
170.000000
836.000000
154.000000
211.000000
523.000000
51.000000
254.000000
70.000000
2237.000000
747.000000
1913.000000
1399.000000
259.000000
136.000000
898.000000
924.000000
510.000000
216.000000
422.000000
379.000000
1341.000000
1245.000000
4374.000000
893.000000
1452.000000
109.000000
537.000000
2368.000000
385.000000
374.000000
26.000000
361.000000
782.000000
3433.000000
75.000000
452.000000
115.000000
621.000000
795.000000
183.000000
205.000000
205.000000
3152.000000
372.000000
1050.000000
179.000000
36.000000
1801.000000
528.000000
398.000000
156.000000
131.000000
522.000000
476.000000
476.000000
239.000000
1527.000000
495.000000
72.000000
85.000000
459.000000
300.000000
1267.000000
102.000000
681.000000
142.000000
98.000000
408.000000
551.000000
2070.000000
292.000000
234.000000
510.000000
382.000000
421.000000
134.000000
223.000000
436.000000
824.000000
434.000000
325.000000
862.000000
207.000000
118.000000
2048.000000
7042.000000
245.000000
618.000000
46.000000
1990.000000
2858.000000
834.000000
360.000000
253.000000
309.000000
386.000000
1671.000000
192.000000
277.000000
306.000000
259.000000
136.000000
122.000000
1263.000000
297.000000
333.000000
3138.000000
4825.000000
1165.000000
222.000000
268.000000
941.000000
392.000000
429.000000
271.000000
42.000000
35.000000
193.000000
195.000000
5294.000000
263.000000
267.000000
208.000000
37.000000
135.000000
389.000000
220.000000
195.000000
321.000000
722.000000
62.000000
1428.000000
410.000000
973.000000
84.000000
62.000000
439.000000
1911.000000
44.000000
2948.000000
175.000000
214.000000
1124.000000
749.000000
851.000000
881.000000
1398.000000
26.000000
639.000000
406.000000
850.000000
13973.000000
255.000000
222.000000
821.000000
248.000000
230.000000
139.000000
215.000000
257.000000
308.000000
317.000000
385.000000
134.000000
546.000000
27.000000
409.000000
107.000000
228.000000
109.000000
719.000000
769.000000
1484.000000
3130.000000
202.000000
252.000000
1716.000000
724.000000
636.000000
50.000000
241.000000
816.000000
878.000000
193.000000
193.000000
4111.000000
324.000000
373.000000
68.000000
1647.000000
1648.000000
1873.000000
122.000000
64.000000
606.000000
551.000000
2401.000000
179.000000
1110.000000
553.000000
165.000000
148.000000
197.000000
1284.000000
155.000000
115.000000
430.000000
1351.000000
194.000000
145.000000
491.000000
151.000000
464.000000
685.000000
291.000000
3081.000000
452.000000
576.000000
586.000000
301.000000
2585.000000
219.000000
323.000000
173.000000
311.000000
34.000000
530.000000
479.000000
1122.000000
1231.000000
194.000000
461.000000
65.000000
257.000000
484.000000
609.000000
143.000000
586.000000
115.000000
255.000000
654.000000
4170.000000
299.000000
2547.000000
2502.000000
251.000000
545.000000
107.000000
122.000000
457.000000
2078.000000
85.000000
1881.000000
1332.000000
435.000000
536.000000
880.000000
433.000000
5226.000000
483.000000
434.000000
288.000000
314.000000
432.000000
605.000000
796.000000
343.000000
1295.000000
10121.000000
587.000000
220.000000
252.000000
445.000000
118.000000
336.000000
74.000000
3105.000000
305.000000
957.000000
266.000000
330.000000
306.000000
220.000000
122.000000
273.000000
608.000000
1690.000000
4687.000000
679.000000
207.000000
1739.000000
746.000000
113.000000
491.000000
135.000000
1710.000000
36.000000
32.000000
225.000000
990.000000
202.000000
934.000000
703.000000
445.000000
98.000000
1597.000000
216.000000
224.000000
4399.000000
686.000000
290.000000
343.000000
718.000000
59.000000
937.000000
251.000000
806.000000
35.000000
794.000000
4258.000000
582.000000
258.000000
328.000000
156.000000
363.000000
266.000000
529.000000
283.000000
1648.000000
530.000000
2018.000000
249.000000
784.000000
805.000000
258.000000
1777.000000
519.000000
307.000000
2183.000000
1203.000000
189.000000
1293.000000
1730.000000
164.000000
606.000000
230.000000
413.000000
757.000000
281.000000
61.000000
100.000000
470.000000
940.000000
1480.000000
93.000000
387.000000
110.000000
905.000000
1053.000000
74.000000
1596.000000
103.000000
330.000000
536.000000
382.000000
249.000000
1301.000000
61.000000
463.000000
170.000000
31.000000
678.000000
309.000000
143.000000
354.000000
406.000000
823.000000
257.000000
498.000000
938.000000
62.000000
135.000000
113.000000
1246.000000
554.000000
1628.000000
223.000000
440.000000
1296.000000
219.000000
857.000000
1072.000000
913.000000
466.000000
638.000000
75.000000
1105.000000
481.000000
708.000000
420.000000
42.000000
579.000000
2091.000000
1334.000000
381.000000
309.000000
282.000000
323.000000
193.000000
1183.000000
282.000000
280.000000
141.000000
407.000000
347.000000
376.000000
156.000000
322.000000
343.000000
223.000000
858.000000
527.000000
730.000000
1683.000000
138.000000
2346.000000
160.000000
1059.000000
688.000000
413.000000
175.000000
659.000000
142.000000
959.000000
595.000000
179.000000
306.000000
866.000000
463.000000
178.000000
609.000000
547.000000
273.000000
332.000000
272.000000
383.000000
1115.000000
320.000000
133.000000
821.000000
98.000000
259.000000
62.000000
1425.000000
236.000000
555.000000
502.000000
458.000000
8031.000000
125.000000
156.000000
1671.000000
403.000000
85.000000
845.000000
976.000000
326.000000
924.000000
232.000000
268.000000
309.000000
191.000000
197.000000
155.000000
1460.000000
1406.000000
142.000000
451.000000
241.000000
308.000000
1383.000000
365.000000
481.000000
294.000000
53.000000
732.000000
1168.000000
2911.000000
788.000000
197.000000
900.000000
75.000000
141.000000
284.000000
574.000000
38.000000
1885.000000
267.000000
511.000000
30.000000
335.000000
403.000000
454.000000
692.000000
703.000000
1610.000000
68.000000
386.000000
255.000000
486.000000
106.000000
73.000000
1277.000000
1998.000000
1567.000000
8130.000000
289.000000
445.000000
215.000000
690.000000
392.000000
416.000000
231.000000
82.000000
104.000000
277.000000
513.000000
131.000000
420.000000
191.000000
92.000000
818.000000
621.000000
449.000000
191.000000
664.000000
98.000000
87.000000
466.000000
137.000000
1000.000000
299.000000
44.000000
129.000000
60.000000
369.000000
494.000000
61.000000
864.000000
91.000000
83.000000
897.000000
1580.000000
497.000000
1909.000000
129.000000
588.000000
714.000000
190.000000
636.000000
148.000000
121.000000
1067.000000
76.000000
275.000000
383.000000
292.000000
302.000000
628.000000
1370.000000
713.000000
279.000000
758.000000
175.000000
424.000000
667.000000
557.000000
209.000000
793.000000
412.000000
71.000000
980.000000
464.000000
357.000000
137.000000
63.000000
301.000000
1242.000000
293.000000
178.000000
661.000000
449.000000
370.000000
2259.000000
230.000000
191.000000
208.000000
121.000000
1520.000000
621.000000
186.000000
1074.000000
175.000000
1122.000000
449.000000
959.000000
168.000000
76.000000
100.000000
434.000000
129.000000
220.000000
516.000000
306.000000
2349.000000
691.000000
469.000000
106.000000
472.000000
1330.000000
1357.000000
438.000000
172.000000
97.000000
163.000000
353.000000
688.000000
920.000000
382.000000
433.000000
157.000000
88.000000
2086.000000
186.000000
572.000000
148.000000
272.000000
201.000000
239.000000
571.000000
150.000000
1254.000000
1071.000000
427.000000
487.000000
245.000000
462.000000
2511.000000
356.000000
718.000000
692.000000
357.000000
887.000000
476.000000
358.000000
1172.000000
324.000000
375.000000
43.000000
1563.000000
957.000000
141.000000
30.000000
1041.000000
201.000000
207.000000
267.000000
247.000000
557.000000
705.000000
62.000000
755.000000
275.000000
251.000000
684.000000
63.000000
563.000000
523.000000
1040.000000
298.000000
151.000000
86.000000
449.000000
437.000000
697.000000
187.000000
488.000000
136.000000
1767.000000
577.000000
200.000000
263.000000
555.000000
940.000000
340.000000
617.000000
564.000000
87.000000
293.000000
668.000000
743.000000
1869.000000
54.000000
236.000000
1895.000000
425.000000
251.000000
790.000000
134.000000
531.000000
3452.000000
472.000000
4106.000000
522.000000
236.000000
479.000000
142.000000
164.000000
152.000000
178.000000
70.000000
194.000000
433.000000
942.000000
431.000000
91.000000
704.000000
1526.000000
2875.000000
588.000000
450.000000
761.000000
778.000000
3086.000000
429.000000
233.000000
4501.000000
