977.000000
100.000000
1467.000000
1017.000000
98.000000
635.000000
1088.000000
2942.000000
272.000000
303.000000
464.000000
626.000000
489.000000
982.000000
413.000000
440.000000
192.000000
429.000000
285.000000
274.000000
159.000000
3309.000000
2321.000000
102.000000
2093.000000
579.000000
247.000000
250.000000
895.000000
345.000000
116.000000
40.000000
311.000000
110.000000
1584.000000
106.000000
299.000000
413.000000
326.000000
1658.000000
75.000000
126.000000
214.000000
174.000000
102.000000
383.000000
170.000000
465.000000
458.000000
754.000000
438.000000
782.000000
457.000000
546.000000
777.000000
254.000000
202.000000
54.000000
977.000000
155.000000
110.000000
395.000000
1335.000000
956.000000
787.000000
936.000000
325.000000
95.000000
713.000000
256.000000
1878.000000
153.000000
1037.000000
77.000000
1781.000000
367.000000
497.000000
274.000000
752.000000
2104.000000
2196.000000
174.000000
326.000000
781.000000
211.000000
1683.000000
619.000000
214.000000
960.000000
1990.000000
81.000000
420.000000
99.000000
1138.000000
1087.000000
83.000000
403.000000
379.000000
83.000000
661.000000
42.000000
423.000000
272.000000
192.000000
243.000000
600.000000
291.000000
880.000000
118.000000
185.000000
305.000000
676.000000
223.000000
407.000000
850.000000
1364.000000
154.000000
538.000000
309.000000
943.000000
997.000000
1570.000000
1222.000000
204.000000
1017.000000
555.000000
447.000000
881.000000
1083.000000
108.000000
147.000000
355.000000
402.000000
1777.000000
2177.000000
288.000000
604.000000
1610.000000
162.000000
116.000000
551.000000
322.000000
1761.000000
146.000000
280.000000
63.000000
384.000000
223.000000
834.000000
579.000000
613.000000
1350.000000
1197.000000
249.000000
41.000000
382.000000
387.000000
67.000000
808.000000
276.000000
1269.000000
263.000000
121.000000
86.000000
24.000000
437.000000
2085.000000
169.000000
740.000000
391.000000
37.000000
169.000000
82.000000
308.000000
222.000000
913.000000
210.000000
164.000000
93.000000
512.000000
98.000000
676.000000
52.000000
3620.000000
132.000000
270.000000
87.000000
1081.000000
2033.000000
259.000000
749.000000
271.000000
121.000000
828.000000
200.000000
358.000000
796.000000
1064.000000
815.000000
242.000000
592.000000
493.000000
1547.000000
406.000000
610.000000
309.000000
1094.000000
478.000000
708.000000
446.000000
102.000000
786.000000
623.000000
286.000000
1078.000000
65.000000
833.000000
161.000000
936.000000
1942.000000
124.000000
342.000000
1151.000000
203.000000
4143.000000
339.000000
779.000000
77.000000
2740.000000
538.000000
319.000000
47.000000
232.000000
572.000000
162.000000
105.000000
484.000000
162.000000
334.000000
771.000000
633.000000
2306.000000
737.000000
956.000000
515.000000
168.000000
307.000000
579.000000
912.000000
286.000000
1278.000000
682.000000
420.000000
610.000000
386.000000
426.000000
325.000000
291.000000
108.000000
269.000000
1036.000000
164.000000
335.000000
624.000000
445.000000
781.000000
2812.000000
327.000000
514.000000
501.000000
39.000000
630.000000
137.000000
303.000000
556.000000
722.000000
859.000000
893.000000
233.000000
113.000000
646.000000
692.000000
1104.000000
6769.000000
329.000000
330.000000
182.000000
612.000000
604.000000
203.000000
38.000000
357.000000
1332.000000
304.000000
1767.000000
1335.000000
419.000000
338.000000
379.000000
213.000000
589.000000
314.000000
933.000000
1295.000000
119.000000
145.000000
244.000000
85.000000
93.000000
266.000000
1204.000000
112.000000
440.000000
170.000000
858.000000
658.000000
455.000000
1199.000000
205.000000
1225.000000
1276.000000
338.000000
370.000000
630.000000
137.000000
175.000000
1147.000000
694.000000
55.000000
103.000000
320.000000
216.000000
2028.000000
996.000000
895.000000
93.000000
372.000000
516.000000
213.000000
322.000000
1179.000000
2795.000000
531.000000
67.000000
268.000000
1283.000000
650.000000
127.000000
865.000000
1283.000000
100.000000
326.000000
107.000000
1654.000000
302.000000
272.000000
12.000000
1520.000000
504.000000
374.000000
431.000000
367.000000
296.000000
464.000000
914.000000
624.000000
169.000000
213.000000
380.000000
1941.000000
245.000000
307.000000
2605.000000
88.000000
375.000000
184.000000
168.000000
315.000000
112.000000
261.000000
330.000000
228.000000
107.000000
361.000000
1069.000000
218.000000
644.000000
967.000000
251.000000
290.000000
965.000000
1342.000000
949.000000
1872.000000
706.000000
277.000000
204.000000
251.000000
761.000000
1065.000000
59.000000
398.000000
145.000000
157.000000
179.000000
87.000000
213.000000
1885.000000
132.000000
272.000000
2985.000000
380.000000
272.000000
1046.000000
2022.000000
291.000000
153.000000
212.000000
684.000000
297.000000
469.000000
132.000000
452.000000
419.000000
1271.000000
182.000000
863.000000
196.000000
112.000000
461.000000
774.000000
362.000000
42.000000
751.000000
790.000000
610.000000
27.000000
312.000000
841.000000
432.000000
44.000000
952.000000
1527.000000
226.000000
2034.000000
975.000000
216.000000
167.000000
121.000000
3552.000000
403.000000
128.000000
606.000000
2455.000000
1177.000000
200.000000
611.000000
229.000000
1036.000000
282.000000
1013.000000
59.000000
1514.000000
602.000000
1873.000000
407.000000
464.000000
284.000000
146.000000
219.000000
460.000000
1156.000000
1174.000000
158.000000
385.000000
101.000000
2057.000000
196.000000
141.000000
6647.000000
289.000000
111.000000
193.000000
503.000000
112.000000
214.000000
6144.000000
338.000000
325.000000
39.000000
336.000000
143.000000
255.000000
365.000000
4356.000000
255.000000
190.000000
452.000000
1200.000000
485.000000
441.000000
703.000000
234.000000
173.000000
195.000000
218.000000
103.000000
490.000000
300.000000
1197.000000
671.000000
107.000000
1850.000000
1596.000000
3521.000000
203.000000
112.000000
1835.000000
1022.000000
366.000000
603.000000
451.000000
266.000000
1180.000000
793.000000
1109.000000
1102.000000
1162.000000
940.000000
266.000000
643.000000
36.000000
240.000000
1428.000000
299.000000
2715.000000
740.000000
737.000000
307.000000
394.000000
127.000000
431.000000
2236.000000
961.000000
3711.000000
68.000000
878.000000
140.000000
189.000000
201.000000
712.000000
626.000000
552.000000
539.000000
358.000000
392.000000
5539.000000
232.000000
1415.000000
7071.000000
309.000000
631.000000
332.000000
270.000000
883.000000
358.000000
1513.000000
276.000000
312.000000
380.000000
313.000000
1270.000000
282.000000
511.000000
1115.000000
623.000000
111.000000
737.000000
602.000000
207.000000
450.000000
204.000000
229.000000
337.000000
494.000000
642.000000
521.000000
556.000000
162.000000
308.000000
59.000000
446.000000
367.000000
653.000000
104.000000
502.000000
362.000000
324.000000
185.000000
242.000000
455.000000
649.000000
2372.000000
3125.000000
931.000000
2010.000000
209.000000
752.000000
746.000000
1115.000000
476.000000
496.000000
379.000000
96.000000
89.000000
485.000000
233.000000
128.000000
1174.000000
837.000000
511.000000
223.000000
75.000000
735.000000
138.000000
213.000000
1913.000000
501.000000
860.000000
114.000000
339.000000
378.000000
555.000000
367.000000
974.000000
162.000000
123.000000
320.000000
119.000000
617.000000
84.000000
1659.000000
177.000000
14.000000
181.000000
214.000000
2602.000000
2568.000000
537.000000
174.000000
366.000000
144.000000
587.000000
400.000000
305.000000
1658.000000
1323.000000
116.000000
3359.000000
226.000000
1374.000000
85.000000
282.000000
761.000000
427.000000
646.000000
59.000000
1351.000000
352.000000
288.000000
169.000000
3526.000000
2087.000000
1114.000000
338.000000
77.000000
873.000000
972.000000
1782.000000
3312.000000
939.000000
365.000000
140.000000
266.000000
2112.000000
283.000000
45.000000
317.000000
564.000000
188.000000
491.000000
1855.000000
1546.000000
1965.000000
2376.000000
214.000000
287.000000
927.000000
179.000000
398.000000
398.000000
377.000000
109.000000
1627.000000
290.000000
60.000000
324.000000
272.000000
972.000000
940.000000
49.000000
567.000000
2734.000000
339.000000
681.000000
311.000000
181.000000
462.000000
365.000000
656.000000
521.000000
336.000000
181.000000
933.000000
3498.000000
248.000000
778.000000
218.000000
144.000000
2024.000000
409.000000
256.000000
1521.000000
149.000000
885.000000
219.000000
1779.000000
718.000000
54.000000
1994.000000
651.000000
254.000000
157.000000
736.000000
299.000000
655.000000
501.000000
104.000000
626.000000
2178.000000
827.000000
312.000000
1037.000000
663.000000
1496.000000
535.000000
1276.000000
114.000000
823.000000
322.000000
531.000000
459.000000
703.000000
555.000000
255.000000
169.000000
620.000000
208.000000
1717.000000
915.000000
856.000000
453.000000
491.000000
680.000000
467.000000
155.000000
1061.000000
823.000000
1066.000000
401.000000
1075.000000
166.000000
433.000000
388.000000
985.000000
693.000000
322.000000
457.000000
1764.000000
346.000000
527.000000
199.000000
905.000000
1113.000000
295.000000
2139.000000
444.000000
3756.000000
592.000000
182.000000
1891.000000
259.000000
321.000000
1144.000000
662.000000
36.000000
86.000000
79.000000
302.000000
791.000000
93.000000
555.000000
324.000000
137.000000
120.000000
205.000000
521.000000
173.000000
376.000000
779.000000
1248.000000
256.000000
187.000000
3481.000000
783.000000
156.000000
120.000000
717.000000
50.000000
246.000000
930.000000
381.000000
194.000000
228.000000
497.000000
314.000000
482.000000
1678.000000
214.000000
190.000000
546.000000
262.000000
117.000000
3665.000000
801.000000
256.000000
477.000000
213.000000
902.000000
38.000000
666.000000
368.000000
260.000000
1175.000000
911.000000
110.000000
1646.000000
1303.000000
301.000000
571.000000
543.000000
566.000000
201.000000
253.000000
1111.000000
228.000000
392.000000
396.000000
163.000000
1470.000000
4014.000000
313.000000
1057.000000
467.000000
1312.000000
389.000000
589.000000
1702.000000
70.000000
304.000000
630.000000
950.000000
64.000000
804.000000
170.000000
324.000000
819.000000
567.000000
6769.000000
87.000000
569.000000
42.000000
1539.000000
767.000000
296.000000
94.000000
327.000000
3032.000000
814.000000
1355.000000
226.000000
404.000000
668.000000
497.000000
893.000000
3521.000000
671.000000
1794.000000
685.000000
146.000000
984.000000
5174.000000
109.000000
695.000000
696.000000
309.000000
171.000000
128.000000
238.000000
301.000000
479.000000
523.000000
3100.000000
26.000000
481.000000
115.000000
57.000000
559.000000
918.000000
128.000000
359.000000
222.000000
193.000000
537.000000
404.000000
2474.000000
701.000000
230.000000
459.000000
295.000000
1472.000000
457.000000
774.000000
2777.000000
93.000000
1055.000000
133.000000
774.000000
1156.000000
737.000000
201.000000
2165.000000
374.000000
279.000000
33.000000
274.000000
458.000000
1346.000000
582.000000
893.000000
202.000000
270.000000
186.000000
2395.000000
472.000000
99.000000
1202.000000
264.000000
2187.000000
2965.000000
985.000000
228.000000
583.000000
212.000000
1109.000000
488.000000
1293.000000
577.000000
2583.000000
847.000000
1071.000000
350.000000
353.000000
439.000000
186.000000
1275.000000
276.000000
1171.000000
510.000000
18.000000
238.000000
130.000000
271.000000
90.000000
824.000000
1837.000000
59.000000
380.000000
1724.000000
431.000000
