867.000000
216.000000
2337.000000
765.000000
191.000000
595.000000
54.000000
865.000000
920.000000
676.000000
2115.000000
198.000000
58.000000
1455.000000
328.000000
506.000000
229.000000
1751.000000
1492.000000
175.000000
277.000000
496.000000
355.000000
1429.000000
81.000000
190.000000
98.000000
324.000000
470.000000
888.000000
451.000000
88.000000
626.000000
215.000000
293.000000
362.000000
1330.000000
576.000000
930.000000
37.000000
2676.000000
238.000000
1644.000000
488.000000
782.000000
300.000000
179.000000
1194.000000
824.000000
479.000000
1205.000000
661.000000
407.000000
271.000000
1000.000000
75.000000
65.000000
121.000000
2868.000000
233.000000
1885.000000
2018.000000
624.000000
141.000000
31.000000
152.000000
48.000000
155.000000
105.000000
1134.000000
667.000000
2683.000000
120.000000
228.000000
205.000000
355.000000
780.000000
272.000000
387.000000
505.000000
65.000000
362.000000
297.000000
445.000000
203.000000
733.000000
207.000000
695.000000
995.000000
781.000000
269.000000
192.000000
201.000000
1254.000000
284.000000
1205.000000
278.000000
1653.000000
152.000000
874.000000
195.000000
1070.000000
728.000000
95.000000
380.000000
298.000000
580.000000
437.000000
849.000000
725.000000
1071.000000
131.000000
240.000000
446.000000
82.000000
155.000000
216.000000
268.000000
76.000000
1713.000000
1697.000000
2768.000000
142.000000
682.000000
1604.000000
644.000000
536.000000
66.000000
1508.000000
467.000000
184.000000
130.000000
118.000000
740.000000
4036.000000
1003.000000
206.000000
564.000000
612.000000
1868.000000
183.000000
332.000000
235.000000
517.000000
126.000000
373.000000
1285.000000
2118.000000
1797.000000
235.000000
802.000000
145.000000
476.000000
259.000000
386.000000
2933.000000
446.000000
542.000000
909.000000
944.000000
563.000000
519.000000
348.000000
196.000000
417.000000
261.000000
125.000000
262.000000
1033.000000
241.000000
775.000000
211.000000
129.000000
264.000000
783.000000
90.000000
117.000000
526.000000
95.000000
132.000000
390.000000
419.000000
603.000000
1491.000000
677.000000
865.000000
422.000000
536.000000
380.000000
537.000000
798.000000
330.000000
96.000000
431.000000
539.000000
185.000000
1528.000000
360.000000
386.000000
407.000000
817.000000
424.000000
158.000000
331.000000
2443.000000
369.000000
207.000000
721.000000
481.000000
428.000000
122.000000
815.000000
386.000000
256.000000
252.000000
393.000000
1012.000000
289.000000
86.000000
254.000000
319.000000
1289.000000
24.000000
2213.000000
268.000000
374.000000
471.000000
252.000000
342.000000
713.000000
644.000000
299.000000
216.000000
311.000000
345.000000
1244.000000
488.000000
688.000000
1295.000000
1524.000000
245.000000
476.000000
369.000000
145.000000
76.000000
143.000000
173.000000
210.000000
28.000000
675.000000
1731.000000
2144.000000
30.000000
211.000000
343.000000
999.000000
218.000000
251.000000
1256.000000
770.000000
1611.000000
584.000000
1252.000000
803.000000
187.000000
148.000000
398.000000
2009.000000
626.000000
198.000000
603.000000
508.000000
250.000000
322.000000
530.000000
543.000000
1475.000000
486.000000
259.000000
1435.000000
599.000000
562.000000
534.000000
75.000000
1358.000000
401.000000
909.000000
560.000000
198.000000
143.000000
722.000000
1416.000000
621.000000
53.000000
267.000000
589.000000
139.000000
126.000000
85.000000
438.000000
1034.000000
1184.000000
331.000000
42.000000
774.000000
357.000000
510.000000
65.000000
1778.000000
336.000000
461.000000
109.000000
922.000000
664.000000
105.000000
663.000000
687.000000
1520.000000
292.000000
61.000000
822.000000
372.000000
186.000000
2758.000000
1350.000000
156.000000
210.000000
92.000000
784.000000
604.000000
756.000000
510.000000
422.000000
205.000000
937.000000
135.000000
283.000000
292.000000
283.000000
1958.000000
959.000000
2316.000000
189.000000
746.000000
445.000000
852.000000
393.000000
16888.000000
152.000000
455.000000
442.000000
233.000000
2249.000000
679.000000
680.000000
349.000000
373.000000
744.000000
644.000000
568.000000
235.000000
715.000000
1269.000000
302.000000
3558.000000
217.000000
1397.000000
252.000000
2726.000000
1645.000000
788.000000
688.000000
2363.000000
773.000000
263.000000
1688.000000
161.000000
284.000000
1202.000000
743.000000
52.000000
236.000000
398.000000
843.000000
177.000000
1010.000000
357.000000
279.000000
950.000000
802.000000
306.000000
999.000000
263.000000
166.000000
3160.000000
1420.000000
55.000000
109.000000
2406.000000
598.000000
81.000000
2020.000000
1890.000000
2727.000000
673.000000
428.000000
461.000000
453.000000
149.000000
345.000000
378.000000
206.000000
943.000000
252.000000
857.000000
477.000000
126.000000
530.000000
123.000000
459.000000
409.000000
877.000000
836.000000
502.000000
469.000000
10360.000000
983.000000
278.000000
352.000000
535.000000
1084.000000
144.000000
459.000000
1746.000000
1108.000000
470.000000
95.000000
600.000000
801.000000
536.000000
70.000000
153.000000
315.000000
1161.000000
67.000000
92.000000
71.000000
364.000000
100.000000
195.000000
192.000000
472.000000
299.000000
97.000000
4943.000000
513.000000
1090.000000
98.000000
191.000000
150.000000
447.000000
241.000000
662.000000
376.000000
94.000000
440.000000
103.000000
744.000000
455.000000
1433.000000
1131.000000
55.000000
362.000000
703.000000
1063.000000
371.000000
989.000000
372.000000
428.000000
753.000000
1574.000000
220.000000
204.000000
1833.000000
318.000000
350.000000
2861.000000
768.000000
196.000000
412.000000
397.000000
59.000000
685.000000
87.000000
1679.000000
557.000000
1127.000000
2155.000000
498.000000
2924.000000
1768.000000
323.000000
145.000000
147.000000
126.000000
787.000000
490.000000
151.000000
345.000000
71.000000
1573.000000
889.000000
561.000000
451.000000
83.000000
116.000000
199.000000
257.000000
1379.000000
1456.000000
208.000000
705.000000
888.000000
60.000000
55.000000
102.000000
105.000000
130.000000
1439.000000
73.000000
493.000000
263.000000
231.000000
411.000000
366.000000
1353.000000
149.000000
167.000000
125.000000
1584.000000
455.000000
1368.000000
617.000000
338.000000
703.000000
705.000000
3270.000000
2010.000000
259.000000
1944.000000
246.000000
365.000000
1821.000000
369.000000
117.000000
390.000000
637.000000
156.000000
117.000000
905.000000
1125.000000
759.000000
432.000000
156.000000
370.000000
191.000000
165.000000
574.000000
175.000000
211.000000
614.000000
611.000000
705.000000
171.000000
397.000000
858.000000
532.000000
2920.000000
482.000000
1976.000000
1268.000000
693.000000
1108.000000
575.000000
134.000000
568.000000
775.000000
1036.000000
650.000000
664.000000
558.000000
244.000000
564.000000
777.000000
2987.000000
1303.000000
893.000000
965.000000
299.000000
82.000000
351.000000
946.000000
845.000000
171.000000
462.000000
1986.000000
786.000000
287.000000
318.000000
528.000000
245.000000
3429.000000
489.000000
227.000000
882.000000
688.000000
132.000000
169.000000
118.000000
736.000000
401.000000
959.000000
2463.000000
223.000000
217.000000
168.000000
201.000000
848.000000
426.000000
637.000000
324.000000
794.000000
703.000000
770.000000
281.000000
213.000000
578.000000
434.000000
62.000000
2378.000000
571.000000
1063.000000
796.000000
487.000000
2661.000000
235.000000
567.000000
573.000000
620.000000
121.000000
1060.000000
144.000000
1819.000000
102.000000
263.000000
1322.000000
1645.000000
238.000000
61.000000
806.000000
240.000000
514.000000
493.000000
419.000000
647.000000
739.000000
220.000000
1466.000000
175.000000
303.000000
960.000000
128.000000
63.000000
39.000000
495.000000
115.000000
3107.000000
809.000000
433.000000
463.000000
90.000000
417.000000
112.000000
110.000000
125.000000
1197.000000
128.000000
353.000000
109.000000
500.000000
2555.000000
620.000000
126.000000
297.000000
43.000000
100.000000
1083.000000
371.000000
78.000000
2114.000000
85.000000
1717.000000
107.000000
44.000000
394.000000
31.000000
712.000000
1250.000000
360.000000
381.000000
395.000000
353.000000
379.000000
1119.000000
1484.000000
1540.000000
247.000000
5895.000000
433.000000
2302.000000
451.000000
557.000000
1207.000000
1516.000000
283.000000
151.000000
104.000000
2242.000000
151.000000
172.000000
317.000000
146.000000
1274.000000
212.000000
199.000000
298.000000
258.000000
443.000000
869.000000
4776.000000
376.000000
268.000000
1625.000000
588.000000
122.000000
1211.000000
1000.000000
348.000000
443.000000
1570.000000
324.000000
48.000000
1262.000000
2873.000000
828.000000
93.000000
116.000000
538.000000
1255.000000
397.000000
47.000000
381.000000
405.000000
1395.000000
222.000000
337.000000
1543.000000
592.000000
114.000000
244.000000
764.000000
220.000000
488.000000
1579.000000
137.000000
102.000000
20.000000
107.000000
268.000000
671.000000
163.000000
1199.000000
1863.000000
348.000000
244.000000
551.000000
558.000000
197.000000
796.000000
370.000000
289.000000
47.000000
195.000000
159.000000
182.000000
49.000000
473.000000
4190.000000
1283.000000
167.000000
390.000000
705.000000
75.000000
300.000000
306.000000
78.000000
5182.000000
40.000000
242.000000
295.000000
156.000000
588.000000
846.000000
295.000000
113.000000
498.000000
1033.000000
1461.000000
194.000000
1535.000000
159.000000
578.000000
2151.000000
150.000000
1976.000000
77.000000
274.000000
357.000000
805.000000
2760.000000
411.000000
706.000000
679.000000
764.000000
1133.000000
1830.000000
602.000000
346.000000
192.000000
158.000000
915.000000
917.000000
590.000000
122.000000
205.000000
409.000000
835.000000
1288.000000
227.000000
587.000000
440.000000
17.000000
776.000000
2258.000000
766.000000
658.000000
166.000000
803.000000
621.000000
519.000000
654.000000
1032.000000
421.000000
75.000000
262.000000
71.000000
59.000000
74.000000
2673.000000
662.000000
565.000000
44.000000
943.000000
1368.000000
391.000000
251.000000
424.000000
416.000000
122.000000
1006.000000
409.000000
911.000000
136.000000
127.000000
138.000000
157.000000
691.000000
1951.000000
1891.000000
538.000000
707.000000
1686.000000
692.000000
3019.000000
65.000000
553.000000
722.000000
3946.000000
394.000000
290.000000
1838.000000
183.000000
1004.000000
789.000000
410.000000
972.000000
778.000000
894.000000
1268.000000
697.000000
131.000000
875.000000
351.000000
2567.000000
206.000000
1016.000000
411.000000
669.000000
65.000000
118.000000
691.000000
914.000000
1074.000000
536.000000
338.000000
244.000000
564.000000
276.000000
2583.000000
204.000000
98.000000
573.000000
480.000000
1756.000000
215.000000
49.000000
81.000000
747.000000
73.000000
192.000000
601.000000
120.000000
130.000000
253.000000
195.000000
535.000000
636.000000
359.000000
216.000000
258.000000
715.000000
334.000000
1068.000000
774.000000
511.000000
56.000000
462.000000
382.000000
152.000000
461.000000
548.000000
445.000000
1564.000000
379.000000
633.000000
796.000000
146.000000
58.000000
204.000000
844.000000
364.000000
975.000000
51.000000
1252.000000
91.000000
93.000000
707.000000
177.000000
145.000000
163.000000
101.000000
553.000000
956.000000
173.000000
289.000000
580.000000
530.000000
485.000000
352.000000
241.000000
152.000000
622.000000
966.000000
168.000000
185.000000
620.000000
159.000000
397.000000
731.000000
2509.000000
