607.000000
613.000000
704.000000
67.000000
1049.000000
375.000000
91.000000
405.000000
686.000000
410.000000
408.000000
333.000000
1156.000000
678.000000
1641.000000
177.000000
196.000000
2543.000000
150.000000
2028.000000
93.000000
344.000000
822.000000
141.000000
1040.000000
398.000000
480.000000
472.000000
247.000000
141.000000
638.000000
2576.000000
663.000000
1664.000000
868.000000
3306.000000
165.000000
3264.000000
85.000000
1401.000000
1026.000000
1296.000000
1346.000000
469.000000
39.000000
775.000000
984.000000
391.000000
877.000000
147.000000
302.000000
459.000000
782.000000
198.000000
736.000000
284.000000
783.000000
596.000000
95.000000
87.000000
119.000000
906.000000
468.000000
129.000000
286.000000
605.000000
632.000000
2094.000000
1190.000000
243.000000
293.000000
494.000000
596.000000
283.000000
117.000000
1792.000000
201.000000
427.000000
118.000000
140.000000
443.000000
1273.000000
2295.000000
304.000000
441.000000
102.000000
400.000000
713.000000
83.000000
109.000000
258.000000
412.000000
269.000000
310.000000
290.000000
346.000000
187.000000
164.000000
366.000000
281.000000
92.000000
152.000000
249.000000
195.000000
495.000000
394.000000
253.000000
1259.000000
541.000000
1243.000000
563.000000
703.000000
1179.000000
571.000000
395.000000
779.000000
1460.000000
143.000000
203.000000
200.000000
429.000000
713.000000
341.000000
45.000000
416.000000
125.000000
249.000000
1293.000000
389.000000
304.000000
355.000000
591.000000
389.000000
338.000000
1264.000000
607.000000
962.000000
327.000000
343.000000
275.000000
584.000000
109.000000
437.000000
88.000000
1025.000000
901.000000
1403.000000
351.000000
568.000000
547.000000
157.000000
914.000000
621.000000
1459.000000
148.000000
466.000000
253.000000
562.000000
1314.000000
542.000000
309.000000
25.000000
324.000000
86.000000
950.000000
110.000000
284.000000
145.000000
73.000000
699.000000
128.000000
267.000000
105.000000
433.000000
409.000000
783.000000
698.000000
619.000000
592.000000
529.000000
1645.000000
216.000000
311.000000
1197.000000
1163.000000
256.000000
189.000000
478.000000
1429.000000
690.000000
165.000000
770.000000
1831.000000
195.000000
532.000000
527.000000
260.000000
138.000000
230.000000
105.000000
428.000000
96.000000
109.000000
1591.000000
843.000000
586.000000
3170.000000
2210.000000
679.000000
480.000000
298.000000
392.000000
4450.000000
220.000000
642.000000
203.000000
71.000000
1205.000000
938.000000
335.000000
455.000000
351.000000
403.000000
192.000000
752.000000
1100.000000
683.000000
2650.000000
1756.000000
715.000000
680.000000
393.000000
418.000000
535.000000
1210.000000
1323.000000
192.000000
513.000000
92.000000
403.000000
469.000000
542.000000
202.000000
3363.000000
277.000000
385.000000
199.000000
2273.000000
647.000000
257.000000
178.000000
213.000000
363.000000
8792.000000
162.000000
482.000000
665.000000
867.000000
164.000000
269.000000
3844.000000
173.000000
338.000000
451.000000
86.000000
278.000000
322.000000
341.000000
1071.000000
6353.000000
1773.000000
339.000000
931.000000
244.000000
623.000000
250.000000
241.000000
345.000000
73.000000
205.000000
528.000000
114.000000
125.000000
87.000000
53.000000
2954.000000
569.000000
146.000000
244.000000
316.000000
342.000000
270.000000
394.000000
1240.000000
2643.000000
378.000000
503.000000
728.000000
339.000000
1124.000000
995.000000
1067.000000
209.000000
207.000000
225.000000
405.000000
1913.000000
486.000000
105.000000
346.000000
234.000000
207.000000
161.000000
487.000000
232.000000
434.000000
1121.000000
37.000000
603.000000
272.000000
316.000000
205.000000
1059.000000
263.000000
1289.000000
276.000000
831.000000
183.000000
206.000000
497.000000
57.000000
1317.000000
439.000000
139.000000
130.000000
283.000000
404.000000
394.000000
304.000000
260.000000
2143.000000
308.000000
1355.000000
75.000000
700.000000
555.000000
228.000000
355.000000
265.000000
2383.000000
623.000000
851.000000
203.000000
130.000000
198.000000
2262.000000
3184.000000
83.000000
128.000000
734.000000
162.000000
233.000000
206.000000
234.000000
1379.000000
528.000000
379.000000
817.000000
296.000000
2532.000000
230.000000
211.000000
274.000000
555.000000
7133.000000
101.000000
866.000000
425.000000
859.000000
646.000000
102.000000
357.000000
617.000000
1115.000000
346.000000
216.000000
180.000000
1617.000000
306.000000
340.000000
173.000000
336.000000
187.000000
416.000000
754.000000
851.000000
391.000000
2522.000000
752.000000
864.000000
277.000000
69.000000
189.000000
575.000000
166.000000
190.000000
494.000000
142.000000
480.000000
761.000000
226.000000
367.000000
277.000000
752.000000
321.000000
874.000000
300.000000
420.000000
1924.000000
162.000000
282.000000
551.000000
176.000000
164.000000
113.000000
473.000000
1895.000000
240.000000
286.000000
547.000000
1145.000000
697.000000
2208.000000
476.000000
732.000000
561.000000
443.000000
169.000000
301.000000
991.000000
146.000000
322.000000
2880.000000
326.000000
142.000000
241.000000
369.000000
216.000000
194.000000
124.000000
606.000000
140.000000
491.000000
326.000000
149.000000
516.000000
823.000000
296.000000
220.000000
117.000000
3407.000000
41.000000
264.000000
109.000000
1201.000000
265.000000
1485.000000
471.000000
533.000000
68.000000
1091.000000
615.000000
935.000000
187.000000
881.000000
193.000000
216.000000
861.000000
832.000000
1857.000000
123.000000
154.000000
366.000000
455.000000
1206.000000
783.000000
260.000000
460.000000
543.000000
2879.000000
1573.000000
3158.000000
902.000000
206.000000
16.000000
5710.000000
740.000000
916.000000
108.000000
651.000000
325.000000
1680.000000
275.000000
205.000000
630.000000
332.000000
59.000000
88.000000
142.000000
152.000000
1235.000000
732.000000
636.000000
753.000000
866.000000
466.000000
356.000000
80.000000
152.000000
92.000000
420.000000
369.000000
1928.000000
6869.000000
361.000000
1342.000000
325.000000
403.000000
2465.000000
97.000000
2473.000000
650.000000
236.000000
640.000000
62.000000
282.000000
495.000000
528.000000
1777.000000
2108.000000
749.000000
234.000000
352.000000
104.000000
542.000000
108.000000
307.000000
715.000000
362.000000
141.000000
692.000000
280.000000
1475.000000
510.000000
584.000000
333.000000
516.000000
291.000000
1258.000000
107.000000
852.000000
235.000000
432.000000
406.000000
887.000000
252.000000
117.000000
345.000000
28.000000
1126.000000
860.000000
674.000000
666.000000
98.000000
352.000000
64.000000
246.000000
820.000000
344.000000
80.000000
188.000000
759.000000
150.000000
2855.000000
226.000000
704.000000
303.000000
183.000000
76.000000
107.000000
75.000000
230.000000
1119.000000
607.000000
134.000000
1574.000000
297.000000
1059.000000
575.000000
1097.000000
493.000000
1366.000000
90.000000
1320.000000
1416.000000
106.000000
910.000000
797.000000
155.000000
914.000000
291.000000
370.000000
300.000000
508.000000
236.000000
754.000000
1299.000000
405.000000
573.000000
257.000000
73.000000
1027.000000
250.000000
466.000000
1414.000000
349.000000
1218.000000
237.000000
157.000000
561.000000
394.000000
374.000000
457.000000
218.000000
263.000000
286.000000
582.000000
354.000000
162.000000
520.000000
1413.000000
498.000000
469.000000
215.000000
72.000000
168.000000
37.000000
664.000000
131.000000
766.000000
415.000000
340.000000
1009.000000
311.000000
158.000000
1396.000000
362.000000
1412.000000
144.000000
101.000000
119.000000
654.000000
257.000000
107.000000
1220.000000
122.000000
121.000000
266.000000
611.000000
68.000000
446.000000
470.000000
62.000000
949.000000
1284.000000
756.000000
119.000000
965.000000
238.000000
536.000000
223.000000
204.000000
115.000000
1928.000000
286.000000
852.000000
354.000000
232.000000
252.000000
1490.000000
2414.000000
666.000000
1249.000000
229.000000
637.000000
483.000000
305.000000
1662.000000
791.000000
140.000000
49.000000
268.000000
138.000000
104.000000
450.000000
646.000000
317.000000
388.000000
590.000000
243.000000
916.000000
524.000000
463.000000
747.000000
257.000000
144.000000
811.000000
1907.000000
700.000000
421.000000
285.000000
371.000000
193.000000
292.000000
147.000000
281.000000
1204.000000
755.000000
375.000000
330.000000
394.000000
161.000000
824.000000
179.000000
4678.000000
643.000000
2140.000000
2292.000000
869.000000
405.000000
400.000000
3556.000000
641.000000
424.000000
1711.000000
597.000000
287.000000
1448.000000
773.000000
276.000000
333.000000
40.000000
533.000000
32.000000
449.000000
120.000000
1823.000000
401.000000
356.000000
1222.000000
1192.000000
367.000000
531.000000
89.000000
1111.000000
467.000000
430.000000
312.000000
63.000000
454.000000
5212.000000
318.000000
165.000000
235.000000
344.000000
492.000000
313.000000
43.000000
191.000000
170.000000
472.000000
451.000000
1252.000000
75.000000
224.000000
1197.000000
849.000000
3616.000000
151.000000
433.000000
485.000000
399.000000
404.000000
324.000000
1195.000000
114.000000
667.000000
702.000000
411.000000
173.000000
515.000000
1339.000000
32.000000
156.000000
323.000000
201.000000
537.000000
548.000000
1227.000000
225.000000
904.000000
1712.000000
210.000000
567.000000
379.000000
550.000000
153.000000
65.000000
1701.000000
386.000000
561.000000
526.000000
2066.000000
58.000000
159.000000
1990.000000
211.000000
999.000000
180.000000
375.000000
482.000000
243.000000
437.000000
221.000000
323.000000
1007.000000
920.000000
546.000000
499.000000
190.000000
730.000000
87.000000
196.000000
90.000000
560.000000
280.000000
776.000000
395.000000
389.000000
211.000000
160.000000
374.000000
297.000000
457.000000
361.000000
301.000000
750.000000
462.000000
267.000000
307.000000
332.000000
1280.000000
364.000000
66.000000
1347.000000
1106.000000
223.000000
394.000000
1353.000000
824.000000
671.000000
305.000000
765.000000
182.000000
562.000000
429.000000
902.000000
31.000000
1712.000000
237.000000
572.000000
38.000000
733.000000
2221.000000
844.000000
581.000000
5869.000000
336.000000
447.000000
144.000000
108.000000
654.000000
263.000000
1167.000000
652.000000
1692.000000
92.000000
964.000000
909.000000
320.000000
265.000000
282.000000
227.000000
483.000000
691.000000
354.000000
927.000000
1299.000000
458.000000
52.000000
1252.000000
29.000000
531.000000
1124.000000
983.000000
460.000000
509.000000
294.000000
648.000000
79.000000
863.000000
300.000000
243.000000
733.000000
554.000000
1405.000000
50.000000
457.000000
254.000000
541.000000
82.000000
99.000000
574.000000
893.000000
4563.000000
865.000000
657.000000
914.000000
1337.000000
525.000000
42.000000
35.000000
514.000000
599.000000
1643.000000
259.000000
480.000000
634.000000
1397.000000
115.000000
250.000000
217.000000
294.000000
419.000000
553.000000
129.000000
116.000000
656.000000
1757.000000
694.000000
277.000000
457.000000
546.000000
135.000000
179.000000
205.000000
537.000000
366.000000
475.000000
1230.000000
106.000000
433.000000
265.000000
2118.000000
130.000000
150.000000
972.000000
462.000000
2623.000000
1185.000000
826.000000
1741.000000
459.000000
521.000000
217.000000
1061.000000
374.000000
204.000000
1141.000000
276.000000
447.000000
843.000000
280.000000
932.000000
114.000000
3856.000000
210.000000
414.000000
127.000000
238.000000
