108.000000
1072.000000
85.000000
372.000000
324.000000
745.000000
875.000000
5487.000000
767.000000
165.000000
1344.000000
41.000000
233.000000
626.000000
1386.000000
307.000000
58.000000
538.000000
340.000000
519.000000
570.000000
210.000000
664.000000
836.000000
136.000000
663.000000
243.000000
211.000000
301.000000
448.000000
1045.000000
1715.000000
187.000000
79.000000
180.000000
1964.000000
146.000000
572.000000
2785.000000
421.000000
107.000000
1048.000000
234.000000
422.000000
959.000000
738.000000
79.000000
175.000000
265.000000
409.000000
69.000000
235.000000
97.000000
385.000000
220.000000
453.000000
188.000000
542.000000
589.000000
151.000000
1562.000000
1396.000000
1050.000000
1677.000000
562.000000
244.000000
194.000000
515.000000
276.000000
1797.000000
1005.000000
1029.000000
903.000000
56.000000
107.000000
56.000000
175.000000
1808.000000
349.000000
367.000000
437.000000
150.000000
767.000000
376.000000
228.000000
203.000000
771.000000
1059.000000
672.000000
212.000000
2512.000000
169.000000
524.000000
165.000000
211.000000
81.000000
351.000000
960.000000
510.000000
813.000000
115.000000
1024.000000
456.000000
105.000000
209.000000
292.000000
242.000000
957.000000
472.000000
526.000000
961.000000
771.000000
1518.000000
136.000000
184.000000
1360.000000
1314.000000
576.000000
665.000000
671.000000
250.000000
613.000000
74.000000
324.000000
22.000000
259.000000
489.000000
118.000000
3664.000000
28.000000
544.000000
869.000000
142.000000
1751.000000
277.000000
66.000000
1457.000000
97.000000
220.000000
228.000000
330.000000
35.000000
308.000000
489.000000
272.000000
59.000000
657.000000
1046.000000
706.000000
829.000000
896.000000
147.000000
458.000000
213.000000
1883.000000
131.000000
1775.000000
337.000000
155.000000
420.000000
546.000000
142.000000
200.000000
437.000000
396.000000
397.000000
1452.000000
260.000000
133.000000
977.000000
294.000000
660.000000
324.000000
3121.000000
168.000000
569.000000
1010.000000
36.000000
85.000000
320.000000
335.000000
1029.000000
1006.000000
945.000000
1177.000000
1139.000000
322.000000
476.000000
61.000000
115.000000
152.000000
219.000000
123.000000
1309.000000
596.000000
410.000000
223.000000
2912.000000
355.000000
1136.000000
243.000000
194.000000
108.000000
90.000000
105.000000
202.000000
509.000000
629.000000
124.000000
247.000000
329.000000
119.000000
54.000000
482.000000
1017.000000
648.000000
321.000000
2494.000000
155.000000
165.000000
144.000000
144.000000
1999.000000
3363.000000
479.000000
555.000000
356.000000
289.000000
778.000000
184.000000
911.000000
1135.000000
173.000000
1378.000000
588.000000
256.000000
205.000000
235.000000
464.000000
663.000000
382.000000
835.000000
453.000000
67.000000
84.000000
1680.000000
1080.000000
219.000000
152.000000
63.000000
366.000000
215.000000
378.000000
374.000000
40.000000
259.000000
266.000000
540.000000
283.000000
2282.000000
1864.000000
632.000000
474.000000
33.000000
477.000000
1203.000000
166.000000
183.000000
670.000000
594.000000
335.000000
1577.000000
630.000000
942.000000
325.000000
295.000000
601.000000
581.000000
165.000000
133.000000
52.000000
562.000000
179.000000
592.000000
475.000000
989.000000
390.000000
562.000000
324.000000
1902.000000
195.000000
168.000000
157.000000
375.000000
2449.000000
550.000000
90.000000
377.000000
741.000000
145.000000
1026.000000
221.000000
2083.000000
173.000000
209.000000
451.000000
714.000000
669.000000
168.000000
104.000000
62.000000
157.000000
2107.000000
409.000000
453.000000
335.000000
612.000000
98.000000
91.000000
87.000000
144.000000
1200.000000
983.000000
1382.000000
576.000000
171.000000
624.000000
1127.000000
321.000000
1657.000000
683.000000
326.000000
352.000000
461.000000
239.000000
686.000000
422.000000
470.000000
93.000000
132.000000
1500.000000
478.000000
382.000000
167.000000
467.000000
901.000000
3672.000000
117.000000
263.000000
461.000000
467.000000
105.000000
632.000000
338.000000
1359.000000
1496.000000
245.000000
340.000000
175.000000
580.000000
1964.000000
221.000000
1099.000000
1314.000000
1775.000000
297.000000
894.000000
142.000000
231.000000
585.000000
231.000000
1849.000000
177.000000
569.000000
4269.000000
275.000000
170.000000
1093.000000
1667.000000
216.000000
332.000000
134.000000
916.000000
503.000000
567.000000
258.000000
291.000000
290.000000
570.000000
362.000000
458.000000
404.000000
505.000000
95.000000
336.000000
276.000000
200.000000
522.000000
297.000000
1216.000000
697.000000
235.000000
214.000000
820.000000
169.000000
159.000000
216.000000
41.000000
222.000000
238.000000
161.000000
351.000000
65.000000
802.000000
159.000000
325.000000
153.000000
500.000000
847.000000
387.000000
1335.000000
355.000000
459.000000
561.000000
1691.000000
815.000000
735.000000
32.000000
165.000000
839.000000
568.000000
351.000000
715.000000
213.000000
1132.000000
179.000000
588.000000
815.000000
94.000000
235.000000
242.000000
3433.000000
252.000000
656.000000
224.000000
286.000000
339.000000
642.000000
250.000000
582.000000
135.000000
71.000000
776.000000
2464.000000
274.000000
133.000000
646.000000
903.000000
1486.000000
549.000000
201.000000
114.000000
952.000000
111.000000
162.000000
863.000000
666.000000
248.000000
177.000000
144.000000
94.000000
203.000000
418.000000
720.000000
455.000000
277.000000
272.000000
1597.000000
130.000000
389.000000
59.000000
714.000000
781.000000
738.000000
330.000000
447.000000
885.000000
471.000000
434.000000
171.000000
652.000000
492.000000
161.000000
115.000000
684.000000
4256.000000
1196.000000
862.000000
210.000000
1183.000000
326.000000
316.000000
143.000000
261.000000
10488.000000
353.000000
754.000000
1415.000000
681.000000
303.000000
37.000000
140.000000
1797.000000
125.000000
400.000000
1579.000000
458.000000
186.000000
89.000000
208.000000
410.000000
1516.000000
290.000000
170.000000
752.000000
172.000000
602.000000
331.000000
408.000000
1336.000000
85.000000
227.000000
1690.000000
463.000000
913.000000
622.000000
507.000000
145.000000
620.000000
1426.000000
150.000000
846.000000
967.000000
191.000000
72.000000
97.000000
185.000000
267.000000
560.000000
6243.000000
455.000000
363.000000
236.000000
227.000000
632.000000
532.000000
671.000000
246.000000
668.000000
584.000000
462.000000
3068.000000
119.000000
297.000000
301.000000
347.000000
662.000000
149.000000
2475.000000
1992.000000
175.000000
614.000000
2095.000000
108.000000
839.000000
143.000000
81.000000
357.000000
812.000000
242.000000
456.000000
999.000000
295.000000
444.000000
1467.000000
207.000000
158.000000
405.000000
60.000000
606.000000
2697.000000
267.000000
315.000000
1536.000000
63.000000
387.000000
274.000000
859.000000
192.000000
323.000000
255.000000
291.000000
849.000000
806.000000
96.000000
203.000000
174.000000
87.000000
351.000000
265.000000
165.000000
53.000000
316.000000
183.000000
140.000000
1223.000000
52.000000
807.000000
1438.000000
503.000000
892.000000
300.000000
924.000000
192.000000
1315.000000
522.000000
1130.000000
1055.000000
124.000000
690.000000
1924.000000
69.000000
1097.000000
850.000000
547.000000
347.000000
350.000000
1055.000000
588.000000
179.000000
181.000000
387.000000
915.000000
142.000000
889.000000
1285.000000
317.000000
213.000000
540.000000
596.000000
134.000000
376.000000
563.000000
359.000000
172.000000
1044.000000
227.000000
90.000000
345.000000
135.000000
1493.000000
1996.000000
55.000000
315.000000
320.000000
416.000000
1257.000000
445.000000
450.000000
290.000000
256.000000
1074.000000
231.000000
210.000000
510.000000
658.000000
245.000000
763.000000
532.000000
120.000000
233.000000
310.000000
203.000000
40.000000
1074.000000
615.000000
373.000000
256.000000
323.000000
920.000000
2762.000000
980.000000
762.000000
634.000000
270.000000
144.000000
2447.000000
953.000000
459.000000
377.000000
2261.000000
835.000000
182.000000
448.000000
1451.000000
43.000000
770.000000
303.000000
778.000000
2156.000000
858.000000
290.000000
154.000000
202.000000
349.000000
176.000000
528.000000
150.000000
168.000000
423.000000
118.000000
432.000000
408.000000
774.000000
474.000000
910.000000
742.000000
555.000000
1474.000000
690.000000
266.000000
822.000000
915.000000
996.000000
428.000000
65.000000
1480.000000
187.000000
77.000000
288.000000
425.000000
173.000000
633.000000
671.000000
847.000000
3659.000000
671.000000
895.000000
459.000000
544.000000
287.000000
3833.000000
314.000000
331.000000
169.000000
139.000000
120.000000
3064.000000
174.000000
1769.000000
1314.000000
347.000000
1774.000000
1573.000000
245.000000
206.000000
325.000000
419.000000
1280.000000
174.000000
559.000000
95.000000
183.000000
3321.000000
1737.000000
58.000000
398.000000
407.000000
1488.000000
605.000000
175.000000
183.000000
331.000000
162.000000
62.000000
181.000000
218.000000
176.000000
179.000000
105.000000
240.000000
323.000000
21.000000
363.000000
102.000000
1018.000000
1225.000000
280.000000
1592.000000
1734.000000
1244.000000
1967.000000
1475.000000
1333.000000
613.000000
518.000000
484.000000
595.000000
83.000000
413.000000
367.000000
201.000000
181.000000
445.000000
2470.000000
4655.000000
1361.000000
78.000000
703.000000
210.000000
634.000000
584.000000
60.000000
452.000000
837.000000
815.000000
560.000000
777.000000
560.000000
2010.000000
396.000000
626.000000
64.000000
278.000000
100.000000
1502.000000
3235.000000
1205.000000
30.000000
544.000000
249.000000
600.000000
379.000000
369.000000
1044.000000
640.000000
75.000000
924.000000
105.000000
62.000000
654.000000
406.000000
409.000000
926.000000
136.000000
1952.000000
369.000000
158.000000
174.000000
1020.000000
1223.000000
242.000000
1003.000000
550.000000
224.000000
936.000000
534.000000
259.000000
92.000000
389.000000
416.000000
858.000000
214.000000
113.000000
359.000000
349.000000
895.000000
96.000000
60.000000
965.000000
673.000000
661.000000
1629.000000
817.000000
186.000000
32.000000
262.000000
692.000000
273.000000
932.000000
357.000000
483.000000
366.000000
327.000000
236.000000
829.000000
448.000000
353.000000
628.000000
1666.000000
108.000000
598.000000
1705.000000
597.000000
1457.000000
356.000000
349.000000
490.000000
1274.000000
208.000000
1031.000000
618.000000
19.000000
181.000000
947.000000
1193.000000
1143.000000
271.000000
261.000000
616.000000
399.000000
326.000000
1315.000000
200.000000
425.000000
242.000000
693.000000
2957.000000
192.000000
1289.000000
679.000000
62.000000
91.000000
1463.000000
490.000000
186.000000
421.000000
431.000000
316.000000
341.000000
1062.000000
126.000000
1328.000000
251.000000
49.000000
627.000000
565.000000
415.000000
95.000000
209.000000
725.000000
222.000000
329.000000
100.000000
311.000000
1262.000000
814.000000
108.000000
610.000000
201.000000
2956.000000
337.000000
176.000000
233.000000
93.000000
426.000000
3422.000000
387.000000
640.000000
1236.000000
165.000000
129.000000
401.000000
231.000000
5818.000000
439.000000
2046.000000
1583.000000
358.000000
1826.000000
623.000000
397.000000
469.000000
407.000000
285.000000
1067.000000
223.000000
143.000000
324.000000
890.000000
518.000000
497.000000
567.000000
755.000000
245.000000
66.000000
870.000000
1457.000000
119.000000
968.000000
