80.000000
231.000000
504.000000
927.000000
322.000000
169.000000
160.000000
602.000000
188.000000
885.000000
638.000000
407.000000
149.000000
673.000000
774.000000
106.000000
139.000000
616.000000
897.000000
54.000000
386.000000
1884.000000
200.000000
182.000000
180.000000
217.000000
240.000000
104.000000
445.000000
915.000000
1298.000000
800.000000
2444.000000
90.000000
505.000000
1562.000000
128.000000
702.000000
461.000000
267.000000
86.000000
296.000000
175.000000
79.000000
2474.000000
497.000000
528.000000
1079.000000
169.000000
410.000000
93.000000
540.000000
77.000000
406.000000
349.000000
92.000000
1220.000000
152.000000
186.000000
948.000000
2249.000000
404.000000
102.000000
115.000000
336.000000
963.000000
159.000000
389.000000
1151.000000
1338.000000
411.000000
91.000000
816.000000
280.000000
109.000000
1162.000000
3019.000000
273.000000
417.000000
112.000000
422.000000
697.000000
551.000000
631.000000
525.000000
65.000000
247.000000
1380.000000
151.000000
364.000000
177.000000
886.000000
137.000000
163.000000
778.000000
1576.000000
3421.000000
223.000000
476.000000
524.000000
275.000000
148.000000
580.000000
511.000000
640.000000
1726.000000
320.000000
126.000000
251.000000
151.000000
902.000000
521.000000
21.000000
428.000000
308.000000
101.000000
1615.000000
179.000000
648.000000
205.000000
610.000000
162.000000
939.000000
30.000000
366.000000
800.000000
371.000000
506.000000
336.000000
375.000000
82.000000
152.000000
39.000000
633.000000
1190.000000
527.000000
520.000000
732.000000
137.000000
1431.000000
44.000000
118.000000
298.000000
197.000000
909.000000
2861.000000
493.000000
240.000000
2819.000000
195.000000
101.000000
1092.000000
1510.000000
194.000000
444.000000
836.000000
902.000000
222.000000
898.000000
803.000000
427.000000
210.000000
89.000000
403.000000
34.000000
478.000000
658.000000
718.000000
250.000000
529.000000
759.000000
243.000000
30.000000
1045.000000
140.000000
847.000000
477.000000
139.000000
295.000000
467.000000
175.000000
150.000000
1552.000000
59.000000
247.000000
633.000000
314.000000
2455.000000
407.000000
2333.000000
55.000000
245.000000
573.000000
209.000000
470.000000
332.000000
1398.000000
1946.000000
480.000000
530.000000
591.000000
255.000000
924.000000
1128.000000
272.000000
483.000000
294.000000
262.000000
427.000000
239.000000
260.000000
858.000000
224.000000
506.000000
244.000000
1408.000000
187.000000
267.000000
1029.000000
236.000000
1317.000000
915.000000
467.000000
201.000000
400.000000
157.000000
530.000000
469.000000
516.000000
166.000000
499.000000
3819.000000
556.000000
1546.000000
590.000000
200.000000
782.000000
187.000000
736.000000
1203.000000
159.000000
258.000000
67.000000
1827.000000
350.000000
987.000000
387.000000
4113.000000
1168.000000
616.000000
464.000000
386.000000
515.000000
431.000000
344.000000
465.000000
2422.000000
278.000000
962.000000
343.000000
378.000000
1152.000000
181.000000
223.000000
1018.000000
802.000000
485.000000
9170.000000
433.000000
430.000000
1323.000000
823.000000
434.000000
245.000000
1827.000000
68.000000
1209.000000
243.000000
957.000000
1157.000000
915.000000
462.000000
106.000000
477.000000
71.000000
381.000000
3113.000000
167.000000
413.000000
287.000000
1689.000000
585.000000
1294.000000
148.000000
1648.000000
175.000000
842.000000
521.000000
340.000000
341.000000
213.000000
208.000000
1142.000000
271.000000
301.000000
140.000000
136.000000
765.000000
219.000000
454.000000
112.000000
162.000000
941.000000
97.000000
171.000000
469.000000
874.000000
834.000000
1805.000000
259.000000
281.000000
742.000000
462.000000
48.000000
923.000000
55.000000
814.000000
222.000000
495.000000
616.000000
1375.000000
350.000000
383.000000
438.000000
151.000000
383.000000
66.000000
1248.000000
178.000000
222.000000
246.000000
116.000000
82.000000
2043.000000
1315.000000
712.000000
227.000000
256.000000
292.000000
263.000000
728.000000
91.000000
167.000000
1273.000000
333.000000
670.000000
252.000000
482.000000
60.000000
232.000000
237.000000
305.000000
107.000000
498.000000
4090.000000
275.000000
2669.000000
960.000000
400.000000
354.000000
1212.000000
662.000000
1118.000000
930.000000
171.000000
329.000000
621.000000
371.000000
98.000000
643.000000
307.000000
1189.000000
353.000000
549.000000
284.000000
230.000000
280.000000
199.000000
204.000000
1138.000000
1361.000000
1545.000000
370.000000
121.000000
1566.000000
261.000000
456.000000
64.000000
506.000000
79.000000
418.000000
271.000000
47.000000
270.000000
325.000000
3921.000000
184.000000
381.000000
2395.000000
243.000000
229.000000
266.000000
596.000000
988.000000
144.000000
1025.000000
535.000000
216.000000
458.000000
446.000000
1212.000000
417.000000
391.000000
835.000000
882.000000
283.000000
702.000000
237.000000
93.000000
125.000000
25.000000
677.000000
338.000000
138.000000
1749.000000
3184.000000
635.000000
297.000000
255.000000
183.000000
145.000000
65.000000
746.000000
380.000000
1846.000000
76.000000
321.000000
378.000000
280.000000
146.000000
3410.000000
114.000000
1468.000000
370.000000
92.000000
969.000000
3229.000000
450.000000
226.000000
126.000000
318.000000
1074.000000
955.000000
416.000000
1162.000000
3036.000000
621.000000
1744.000000
271.000000
209.000000
471.000000
1971.000000
625.000000
86.000000
565.000000
906.000000
488.000000
125.000000
248.000000
534.000000
712.000000
495.000000
4583.000000
316.000000
55.000000
1161.000000
122.000000
841.000000
161.000000
623.000000
487.000000
245.000000
149.000000
181.000000
504.000000
139.000000
598.000000
511.000000
97.000000
580.000000
4059.000000
370.000000
2938.000000
660.000000
115.000000
51.000000
320.000000
297.000000
238.000000
265.000000
680.000000
79.000000
124.000000
1319.000000
635.000000
404.000000
196.000000
2484.000000
300.000000
239.000000
656.000000
503.000000
574.000000
858.000000
532.000000
2990.000000
849.000000
604.000000
1066.000000
129.000000
1808.000000
552.000000
1085.000000
45.000000
413.000000
231.000000
461.000000
1600.000000
180.000000
649.000000
1499.000000
149.000000
128.000000
104.000000
377.000000
706.000000
699.000000
812.000000
391.000000
140.000000
234.000000
146.000000
391.000000
59.000000
615.000000
7917.000000
2072.000000
321.000000
161.000000
794.000000
627.000000
777.000000
162.000000
147.000000
4583.000000
832.000000
218.000000
435.000000
99.000000
375.000000
1250.000000
229.000000
677.000000
339.000000
771.000000
556.000000
114.000000
266.000000
743.000000
159.000000
637.000000
165.000000
662.000000
1013.000000
710.000000
506.000000
120.000000
1092.000000
167.000000
26.000000
192.000000
59.000000
743.000000
285.000000
314.000000
1237.000000
210.000000
164.000000
141.000000
3723.000000
516.000000
754.000000
237.000000
322.000000
1518.000000
169.000000
379.000000
1251.000000
312.000000
421.000000
907.000000
358.000000
688.000000
915.000000
490.000000
650.000000
327.000000
129.000000
47.000000
714.000000
83.000000
676.000000
126.000000
183.000000
1080.000000
2239.000000
1797.000000
664.000000
860.000000
402.000000
329.000000
119.000000
185.000000
363.000000
418.000000
363.000000
185.000000
228.000000
442.000000
2020.000000
109.000000
225.000000
32.000000
264.000000
1743.000000
256.000000
848.000000
2097.000000
567.000000
229.000000
684.000000
470.000000
504.000000
372.000000
838.000000
150.000000
2137.000000
90.000000
147.000000
333.000000
107.000000
834.000000
1484.000000
623.000000
1257.000000
101.000000
543.000000
531.000000
187.000000
982.000000
1191.000000
304.000000
1248.000000
1248.000000
396.000000
338.000000
225.000000
792.000000
314.000000
391.000000
239.000000
827.000000
401.000000
365.000000
575.000000
386.000000
850.000000
327.000000
350.000000
382.000000
267.000000
407.000000
533.000000
211.000000
119.000000
205.000000
277.000000
1627.000000
1079.000000
562.000000
2579.000000
227.000000
471.000000
705.000000
125.000000
657.000000
1157.000000
1608.000000
546.000000
142.000000
284.000000
131.000000
370.000000
365.000000
50.000000
454.000000
320.000000
766.000000
346.000000
128.000000
518.000000
160.000000
895.000000
137.000000
104.000000
202.000000
117.000000
519.000000
970.000000
1110.000000
194.000000
134.000000
2051.000000
816.000000
174.000000
160.000000
218.000000
530.000000
239.000000
182.000000
390.000000
404.000000
344.000000
55.000000
174.000000
453.000000
138.000000
236.000000
268.000000
1065.000000
194.000000
471.000000
3814.000000
1343.000000
910.000000
267.000000
476.000000
424.000000
390.000000
424.000000
2367.000000
531.000000
829.000000
1949.000000
270.000000
946.000000
215.000000
82.000000
671.000000
549.000000
253.000000
89.000000
225.000000
62.000000
2293.000000
252.000000
910.000000
109.000000
88.000000
272.000000
675.000000
123.000000
447.000000
907.000000
1988.000000
905.000000
298.000000
1191.000000
165.000000
638.000000
1026.000000
635.000000
987.000000
619.000000
636.000000
250.000000
369.000000
274.000000
177.000000
570.000000
721.000000
192.000000
1007.000000
2618.000000
78.000000
344.000000
163.000000
249.000000
1135.000000
359.000000
852.000000
401.000000
115.000000
1349.000000
732.000000
2477.000000
307.000000
278.000000
817.000000
424.000000
64.000000
1448.000000
295.000000
394.000000
236.000000
354.000000
204.000000
500.000000
2875.000000
991.000000
137.000000
940.000000
249.000000
386.000000
90.000000
183.000000
397.000000
1223.000000
325.000000
111.000000
1169.000000
273.000000
399.000000
757.000000
103.000000
1440.000000
93.000000
459.000000
582.000000
205.000000
218.000000
1385.000000
1259.000000
594.000000
324.000000
433.000000
165.000000
1595.000000
608.000000
146.000000
1186.000000
2389.000000
406.000000
473.000000
602.000000
223.000000
285.000000
2835.000000
49.000000
211.000000
239.000000
59.000000
948.000000
1371.000000
422.000000
151.000000
837.000000
404.000000
329.000000
526.000000
232.000000
214.000000
281.000000
135.000000
1038.000000
998.000000
465.000000
82.000000
641.000000
261.000000
53.000000
549.000000
557.000000
1007.000000
272.000000
2460.000000
541.000000
90.000000
112.000000
192.000000
454.000000
795.000000
1236.000000
801.000000
182.000000
469.000000
338.000000
741.000000
333.000000
1396.000000
939.000000
1210.000000
1874.000000
881.000000
377.000000
104.000000
809.000000
52.000000
816.000000
354.000000
1204.000000
194.000000
242.000000
575.000000
457.000000
326.000000
250.000000
147.000000
330.000000
690.000000
882.000000
795.000000
410.000000
798.000000
1433.000000
137.000000
981.000000
2136.000000
994.000000
441.000000
3500.000000
1606.000000
1043.000000
291.000000
132.000000
113.000000
2063.000000
590.000000
105.000000
1031.000000
195.000000
448.000000
598.000000
1474.000000
111.000000
550.000000
199.000000
747.000000
3038.000000
191.000000
74.000000
281.000000
703.000000
133.000000
719.000000
745.000000
319.000000
4341.000000
254.000000
2219.000000
1276.000000
422.000000
1112.000000
220.000000
35.000000
225.000000
311.000000
630.000000
117.000000
477.000000
192.000000
240.000000
1209.000000
542.000000
54.000000
66.000000
262.000000
391.000000
305.000000
482.000000
176.000000
841.000000
374.000000
457.000000
438.000000
690.000000
334.000000
910.000000
835.000000
586.000000
