850.000000
30.000000
507.000000
1297.000000
964.000000
2011.000000
1034.000000
80.000000
884.000000
89.000000
467.000000
410.000000
1991.000000
92.000000
917.000000
259.000000
312.000000
94.000000
123.000000
187.000000
378.000000
1030.000000
334.000000
512.000000
707.000000
427.000000
359.000000
1543.000000
65.000000
115.000000
145.000000
1229.000000
640.000000
1294.000000
836.000000
861.000000
194.000000
202.000000
4625.000000
861.000000
728.000000
281.000000
326.000000
268.000000
521.000000
242.000000
181.000000
217.000000
267.000000
91.000000
1230.000000
850.000000
243.000000
414.000000
72.000000
102.000000
1491.000000
682.000000
560.000000
104.000000
1418.000000
357.000000
371.000000
299.000000
96.000000
156.000000
2103.000000
238.000000
99.000000
177.000000
903.000000
114.000000
3456.000000
1558.000000
270.000000
440.000000
177.000000
277.000000
778.000000
167.000000
209.000000
471.000000
414.000000
2187.000000
799.000000
1447.000000
162.000000
236.000000
513.000000
46.000000
623.000000
397.000000
419.000000
1354.000000
228.000000
266.000000
6824.000000
322.000000
206.000000
259.000000
969.000000
8230.000000
697.000000
748.000000
274.000000
64.000000
752.000000
407.000000
1920.000000
71.000000
3509.000000
707.000000
819.000000
498.000000
381.000000
368.000000
374.000000
204.000000
1474.000000
419.000000
731.000000
160.000000
203.000000
556.000000
71.000000
220.000000
542.000000
128.000000
583.000000
458.000000
257.000000
1662.000000
903.000000
200.000000
83.000000
237.000000
974.000000
1690.000000
603.000000
1177.000000
377.000000
739.000000
306.000000
366.000000
550.000000
285.000000
108.000000
732.000000
477.000000
80.000000
147.000000
80.000000
2056.000000
582.000000
1471.000000
1311.000000
1105.000000
126.000000
691.000000
1679.000000
88.000000
193.000000
2013.000000
32.000000
668.000000
664.000000
164.000000
489.000000
765.000000
785.000000
432.000000
318.000000
547.000000
741.000000
2432.000000
113.000000
647.000000
932.000000
1064.000000
1499.000000
130.000000
1458.000000
669.000000
401.000000
499.000000
536.000000
449.000000
154.000000
1370.000000
431.000000
267.000000
83.000000
1706.000000
984.000000
2726.000000
162.000000
197.000000
352.000000
886.000000
2200.000000
914.000000
2381.000000
167.000000
3391.000000
125.000000
671.000000
575.000000
125.000000
565.000000
2090.000000
2022.000000
1357.000000
84.000000
130.000000
261.000000
483.000000
149.000000
748.000000
493.000000
255.000000
562.000000
230.000000
707.000000
148.000000
1945.000000
1198.000000
651.000000
800.000000
75.000000
245.000000
115.000000
1752.000000
299.000000
4368.000000
317.000000
165.000000
1160.000000
1871.000000
264.000000
156.000000
243.000000
2115.000000
732.000000
570.000000
209.000000
127.000000
990.000000
862.000000
222.000000
34.000000
381.000000
72.000000
459.000000
1042.000000
152.000000
2976.000000
120.000000
37.000000
176.000000
348.000000
1496.000000
855.000000
562.000000
1521.000000
162.000000
224.000000
398.000000
236.000000
138.000000
1451.000000
208.000000
119.000000
1590.000000
350.000000
137.000000
412.000000
102.000000
207.000000
294.000000
610.000000
374.000000
326.000000
156.000000
140.000000
1170.000000
139.000000
242.000000
139.000000
202.000000
165.000000
350.000000
167.000000
428.000000
468.000000
96.000000
198.000000
625.000000
567.000000
325.000000
144.000000
558.000000
35.000000
223.000000
150.000000
829.000000
937.000000
377.000000
597.000000
906.000000
323.000000
326.000000
515.000000
751.000000
482.000000
1102.000000
382.000000
77.000000
511.000000
339.000000
788.000000
1136.000000
192.000000
135.000000
219.000000
2002.000000
365.000000
955.000000
89.000000
1280.000000
1200.000000
2944.000000
1424.000000
149.000000
566.000000
1028.000000
462.000000
715.000000
1107.000000
525.000000
825.000000
441.000000
418.000000
569.000000
84.000000
286.000000
468.000000
80.000000
870.000000
282.000000
528.000000
319.000000
366.000000
285.000000
107.000000
183.000000
4417.000000
755.000000
287.000000
91.000000
836.000000
163.000000
512.000000
1876.000000
585.000000
260.000000
245.000000
653.000000
260.000000
1266.000000
320.000000
175.000000
162.000000
493.000000
14.000000
684.000000
435.000000
2499.000000
188.000000
650.000000
4798.000000
113.000000
298.000000
311.000000
196.000000
210.000000
509.000000
95.000000
1219.000000
99.000000
144.000000
294.000000
2666.000000
741.000000
1004.000000
626.000000
205.000000
194.000000
242.000000
230.000000
825.000000
17.000000
225.000000
367.000000
1860.000000
437.000000
1529.000000
1838.000000
852.000000
436.000000
511.000000
967.000000
1568.000000
149.000000
632.000000
349.000000
116.000000
1051.000000
448.000000
666.000000
144.000000
124.000000
221.000000
363.000000
192.000000
477.000000
560.000000
249.000000
215.000000
1145.000000
114.000000
80.000000
50.000000
129.000000
3048.000000
329.000000
142.000000
196.000000
939.000000
1478.000000
791.000000
545.000000
808.000000
559.000000
492.000000
401.000000
112.000000
521.000000
47.000000
993.000000
380.000000
875.000000
1071.000000
1283.000000
511.000000
119.000000
90.000000
447.000000
98.000000
165.000000
54.000000
634.000000
59.000000
992.000000
1533.000000
1613.000000
89.000000
1249.000000
429.000000
469.000000
551.000000
364.000000
469.000000
188.000000
258.000000
131.000000
806.000000
1325.000000
3154.000000
87.000000
559.000000
1037.000000
328.000000
301.000000
196.000000
500.000000
1499.000000
180.000000
323.000000
79.000000
258.000000
420.000000
503.000000
152.000000
868.000000
329.000000
871.000000
1599.000000
229.000000
292.000000
2935.000000
711.000000
291.000000
734.000000
244.000000
150.000000
1201.000000
504.000000
1652.000000
222.000000
579.000000
774.000000
1665.000000
336.000000
248.000000
366.000000
229.000000
1037.000000
2365.000000
2338.000000
767.000000
605.000000
389.000000
1150.000000
1530.000000
61.000000
1704.000000
387.000000
462.000000
61.000000
201.000000
434.000000
2258.000000
225.000000
236.000000
2996.000000
173.000000
199.000000
104.000000
771.000000
111.000000
214.000000
190.000000
589.000000
736.000000
1636.000000
403.000000
1501.000000
864.000000
749.000000
1997.000000
203.000000
69.000000
417.000000
494.000000
21.000000
87.000000
291.000000
202.000000
1381.000000
458.000000
111.000000
258.000000
317.000000
342.000000
181.000000
142.000000
400.000000
688.000000
3416.000000
185.000000
359.000000
1540.000000
809.000000
283.000000
575.000000
290.000000
895.000000
144.000000
3893.000000
1268.000000
357.000000
342.000000
60.000000
616.000000
75.000000
7553.000000
136.000000
169.000000
66.000000
677.000000
239.000000
1272.000000
217.000000
912.000000
1080.000000
214.000000
1568.000000
2740.000000
156.000000
2658.000000
752.000000
698.000000
60.000000
2978.000000
86.000000
713.000000
771.000000
1332.000000
56.000000
329.000000
1041.000000
1355.000000
188.000000
2787.000000
122.000000
651.000000
307.000000
491.000000
271.000000
108.000000
1544.000000
1872.000000
233.000000
207.000000
808.000000
72.000000
285.000000
140.000000
1921.000000
1893.000000
689.000000
177.000000
210.000000
2761.000000
225.000000
2098.000000
228.000000
892.000000
1644.000000
498.000000
398.000000
737.000000
462.000000
86.000000
212.000000
1613.000000
417.000000
148.000000
188.000000
190.000000
126.000000
252.000000
1865.000000
277.000000
212.000000
675.000000
279.000000
928.000000
355.000000
149.000000
384.000000
157.000000
321.000000
649.000000
676.000000
138.000000
514.000000
602.000000
344.000000
3326.000000
315.000000
477.000000
197.000000
124.000000
262.000000
245.000000
518.000000
266.000000
129.000000
264.000000
300.000000
230.000000
988.000000
425.000000
406.000000
527.000000
1034.000000
166.000000
1869.000000
220.000000
528.000000
130.000000
522.000000
1081.000000
799.000000
254.000000
191.000000
106.000000
298.000000
313.000000
2455.000000
188.000000
151.000000
121.000000
1291.000000
306.000000
1148.000000
219.000000
242.000000
1504.000000
396.000000
469.000000
459.000000
223.000000
566.000000
580.000000
92.000000
742.000000
869.000000
247.000000
94.000000
577.000000
132.000000
201.000000
984.000000
103.000000
92.000000
396.000000
1588.000000
292.000000
16.000000
295.000000
65.000000
145.000000
451.000000
388.000000
622.000000
814.000000
509.000000
133.000000
162.000000
273.000000
773.000000
954.000000
1443.000000
177.000000
63.000000
281.000000
1175.000000
564.000000
1071.000000
1267.000000
144.000000
406.000000
64.000000
236.000000
199.000000
139.000000
189.000000
178.000000
173.000000
63.000000
1884.000000
676.000000
379.000000
148.000000
208.000000
111.000000
802.000000
1171.000000
777.000000
705.000000
422.000000
666.000000
2165.000000
402.000000
276.000000
1238.000000
1031.000000
201.000000
109.000000
569.000000
159.000000
226.000000
395.000000
148.000000
314.000000
1012.000000
526.000000
1015.000000
480.000000
276.000000
2774.000000
2833.000000
720.000000
592.000000
584.000000
427.000000
1960.000000
160.000000
2660.000000
469.000000
792.000000
752.000000
112.000000
65.000000
107.000000
735.000000
146.000000
568.000000
141.000000
230.000000
539.000000
643.000000
653.000000
311.000000
900.000000
253.000000
477.000000
4054.000000
343.000000
1336.000000
222.000000
192.000000
119.000000
544.000000
779.000000
671.000000
3638.000000
303.000000
190.000000
521.000000
1255.000000
338.000000
648.000000
826.000000
317.000000
24.000000
294.000000
388.000000
97.000000
567.000000
264.000000
427.000000
370.000000
1499.000000
1801.000000
216.000000
31.000000
110.000000
246.000000
1142.000000
759.000000
162.000000
702.000000
1206.000000
704.000000
410.000000
242.000000
308.000000
308.000000
786.000000
857.000000
332.000000
261.000000
1075.000000
779.000000
493.000000
366.000000
586.000000
117.000000
106.000000
401.000000
887.000000
99.000000
848.000000
717.000000
318.000000
144.000000
353.000000
867.000000
328.000000
1012.000000
1036.000000
274.000000
194.000000
609.000000
1511.000000
80.000000
340.000000
749.000000
393.000000
112.000000
214.000000
3865.000000
2589.000000
110.000000
619.000000
206.000000
136.000000
495.000000
1422.000000
184.000000
525.000000
492.000000
3205.000000
1121.000000
364.000000
150.000000
612.000000
160.000000
288.000000
579.000000
3691.000000
772.000000
92.000000
661.000000
148.000000
599.000000
224.000000
1644.000000
249.000000
193.000000
300.000000
406.000000
384.000000
424.000000
760.000000
1278.000000
387.000000
955.000000
539.000000
430.000000
141.000000
29.000000
743.000000
678.000000
87.000000
780.000000
250.000000
23.000000
281.000000
847.000000
383.000000
257.000000
674.000000
519.000000
1445.000000
933.000000
1536.000000
255.000000
271.000000
253.000000
147.000000
297.000000
1332.000000
372.000000
263.000000
264.000000
1312.000000
282.000000
119.000000
40.000000
354.000000
136.000000
976.000000
230.000000
244.000000
184.000000
670.000000
102.000000
220.000000
2618.000000
2323.000000
1602.000000
1540.000000
439.000000
337.000000
268.000000
177.000000
405.000000
238.000000
621.000000
923.000000
780.000000
274.000000
81.000000
70.000000
902.000000
446.000000
257.000000
1707.000000
260.000000
505.000000
173.000000
817.000000
291.000000
312.000000
2591.000000
303.000000
