2116.000000
714.000000
594.000000
1982.000000
384.000000
452.000000
190.000000
135.000000
97.000000
967.000000
194.000000
377.000000
60.000000
11108.000000
201.000000
241.000000
533.000000
2829.000000
87.000000
197.000000
203.000000
2911.000000
109.000000
629.000000
116.000000
1303.000000
486.000000
1145.000000
1352.000000
203.000000
142.000000
269.000000
936.000000
971.000000
603.000000
117.000000
1643.000000
246.000000
1729.000000
336.000000
310.000000
72.000000
21.000000
1235.000000
1481.000000
410.000000
245.000000
235.000000
70.000000
515.000000
212.000000
436.000000
1183.000000
216.000000
1067.000000
1582.000000
594.000000
444.000000
452.000000
870.000000
522.000000
994.000000
867.000000
111.000000
105.000000
445.000000
33.000000
12810.000000
1343.000000
293.000000
1188.000000
7642.000000
454.000000
157.000000
365.000000
309.000000
88.000000
121.000000
291.000000
1399.000000
137.000000
611.000000
1848.000000
1991.000000
178.000000
65.000000
499.000000
605.000000
371.000000
705.000000
464.000000
63.000000
297.000000
560.000000
1429.000000
53.000000
130.000000
150.000000
215.000000
119.000000
233.000000
1246.000000
987.000000
303.000000
1293.000000
72.000000
109.000000
152.000000
120.000000
794.000000
572.000000
282.000000
149.000000
516.000000
74.000000
351.000000
102.000000
2687.000000
744.000000
1221.000000
304.000000
64.000000
266.000000
309.000000
270.000000
526.000000
332.000000
343.000000
1443.000000
67.000000
140.000000
986.000000
264.000000
349.000000
525.000000
104.000000
603.000000
470.000000
944.000000
463.000000
301.000000
578.000000
5829.000000
2354.000000
136.000000
1336.000000
94.000000
1656.000000
69.000000
109.000000
271.000000
477.000000
440.000000
723.000000
132.000000
2462.000000
389.000000
484.000000
1179.000000
695.000000
399.000000
164.000000
177.000000
1059.000000
1280.000000
120.000000
1017.000000
795.000000
657.000000
731.000000
545.000000
236.000000
329.000000
212.000000
118.000000
325.000000
36.000000
768.000000
2546.000000
982.000000
499.000000
585.000000
102.000000
1690.000000
1317.000000
195.000000
1052.000000
171.000000
1462.000000
145.000000
169.000000
314.000000
152.000000
54.000000
225.000000
117.000000
727.000000
319.000000
662.000000
277.000000
128.000000
848.000000
76.000000
1057.000000
1177.000000
672.000000
969.000000
5186.000000
181.000000
63.000000
613.000000
424.000000
143.000000
585.000000
58.000000
109.000000
1531.000000
550.000000
660.000000
144.000000
442.000000
132.000000
2397.000000
594.000000
820.000000
618.000000
260.000000
677.000000
353.000000
1002.000000
995.000000
747.000000
126.000000
309.000000
293.000000
662.000000
170.000000
1354.000000
156.000000
1194.000000
4510.000000
241.000000
974.000000
337.000000
1178.000000
248.000000
465.000000
201.000000
1102.000000
1060.000000
619.000000
6454.000000
1605.000000
2110.000000
518.000000
1222.000000
637.000000
608.000000
174.000000
145.000000
1259.000000
76.000000
2028.000000
75.000000
294.000000
1226.000000
452.000000
113.000000
122.000000
594.000000
136.000000
96.000000
1050.000000
40.000000
1506.000000
759.000000
482.000000
416.000000
684.000000
720.000000
375.000000
1325.000000
100.000000
125.000000
2922.000000
460.000000
138.000000
199.000000
1143.000000
334.000000
140.000000
675.000000
572.000000
1427.000000
844.000000
1691.000000
1795.000000
82.000000
308.000000
966.000000
194.000000
101.000000
75.000000
873.000000
922.000000
539.000000
417.000000
428.000000
407.000000
506.000000
327.000000
1911.000000
679.000000
653.000000
2520.000000
394.000000
326.000000
2164.000000
171.000000
100.000000
384.000000
194.000000
377.000000
364.000000
2280.000000
248.000000
78.000000
342.000000
120.000000
1187.000000
323.000000
445.000000
226.000000
90.000000
136.000000
650.000000
343.000000
719.000000
458.000000
51.000000
1014.000000
239.000000
337.000000
124.000000
293.000000
546.000000
165.000000
269.000000
154.000000
920.000000
854.000000
532.000000
69.000000
130.000000
659.000000
459.000000
115.000000
669.000000
136.000000
409.000000
491.000000
4497.000000
81.000000
1329.000000
449.000000
1097.000000
389.000000
677.000000
653.000000
1589.000000
266.000000
130.000000
115.000000
89.000000
328.000000
689.000000
2271.000000
658.000000
364.000000
503.000000
277.000000
302.000000
379.000000
469.000000
193.000000
216.000000
166.000000
48.000000
2088.000000
1976.000000
248.000000
1906.000000
1041.000000
347.000000
157.000000
342.000000
132.000000
274.000000
167.000000
404.000000
208.000000
186.000000
528.000000
1016.000000
737.000000
461.000000
447.000000
1750.000000
697.000000
83.000000
532.000000
100.000000
2434.000000
121.000000
259.000000
651.000000
1645.000000
347.000000
207.000000
382.000000
531.000000
1193.000000
282.000000
1102.000000
1482.000000
725.000000
125.000000
187.000000
460.000000
157.000000
4257.000000
70.000000
131.000000
244.000000
2443.000000
364.000000
324.000000
200.000000
1813.000000
885.000000
91.000000
30.000000
354.000000
473.000000
131.000000
269.000000
623.000000
299.000000
131.000000
366.000000
265.000000
906.000000
614.000000
443.000000
120.000000
462.000000
250.000000
983.000000
741.000000
1884.000000
66.000000
734.000000
62.000000
651.000000
940.000000
757.000000
489.000000
851.000000
107.000000
1773.000000
360.000000
1114.000000
305.000000
247.000000
81.000000
212.000000
1598.000000
246.000000
259.000000
246.000000
324.000000
272.000000
835.000000
184.000000
355.000000
562.000000
159.000000
1299.000000
626.000000
807.000000
560.000000
776.000000
98.000000
486.000000
175.000000
417.000000
462.000000
205.000000
1849.000000
437.000000
261.000000
160.000000
1011.000000
244.000000
2744.000000
1597.000000
159.000000
2885.000000
426.000000
331.000000
242.000000
601.000000
216.000000
2262.000000
499.000000
375.000000
395.000000
152.000000
2154.000000
788.000000
685.000000
472.000000
365.000000
450.000000
1797.000000
131.000000
761.000000
946.000000
666.000000
99.000000
191.000000
950.000000
849.000000
159.000000
111.000000
889.000000
63.000000
1279.000000
133.000000
279.000000
1394.000000
412.000000
562.000000
331.000000
537.000000
833.000000
55.000000
166.000000
397.000000
368.000000
125.000000
352.000000
31.000000
275.000000
94.000000
163.000000
163.000000
438.000000
374.000000
207.000000
8792.000000
90.000000
375.000000
635.000000
1342.000000
432.000000
3189.000000
128.000000
1006.000000
565.000000
988.000000
410.000000
348.000000
107.000000
432.000000
1572.000000
462.000000
285.000000
152.000000
270.000000
202.000000
877.000000
410.000000
793.000000
175.000000
335.000000
484.000000
378.000000
1052.000000
115.000000
333.000000
542.000000
603.000000
809.000000
45.000000
240.000000
344.000000
391.000000
105.000000
1948.000000
455.000000
1524.000000
150.000000
1181.000000
1113.000000
62.000000
122.000000
436.000000
125.000000
163.000000
252.000000
263.000000
126.000000
1210.000000
502.000000
1258.000000
75.000000
485.000000
1290.000000
198.000000
127.000000
199.000000
250.000000
412.000000
742.000000
1375.000000
156.000000
411.000000
141.000000
772.000000
1273.000000
1264.000000
593.000000
632.000000
205.000000
137.000000
422.000000
214.000000
198.000000
320.000000
525.000000
130.000000
384.000000
491.000000
1161.000000
409.000000
396.000000
412.000000
844.000000
560.000000
323.000000
280.000000
189.000000
112.000000
1436.000000
1654.000000
143.000000
225.000000
371.000000
1626.000000
429.000000
424.000000
221.000000
761.000000
374.000000
314.000000
184.000000
28.000000
792.000000
622.000000
635.000000
3071.000000
1036.000000
524.000000
414.000000
102.000000
345.000000
1449.000000
412.000000
204.000000
193.000000
84.000000
1545.000000
84.000000
163.000000
502.000000
1053.000000
142.000000
91.000000
1194.000000
148.000000
1216.000000
104.000000
2474.000000
457.000000
1007.000000
192.000000
95.000000
155.000000
3258.000000
77.000000
278.000000
661.000000
1073.000000
430.000000
900.000000
3655.000000
127.000000
371.000000
51.000000
283.000000
260.000000
102.000000
224.000000
269.000000
252.000000
126.000000
58.000000
739.000000
209.000000
148.000000
307.000000
892.000000
1326.000000
157.000000
159.000000
743.000000
332.000000
2515.000000
407.000000
811.000000
323.000000
800.000000
214.000000
486.000000
1381.000000
296.000000
407.000000
2630.000000
206.000000
524.000000
933.000000
334.000000
439.000000
861.000000
222.000000
1027.000000
550.000000
128.000000
173.000000
358.000000
588.000000
2031.000000
534.000000
335.000000
329.000000
155.000000
970.000000
81.000000
1406.000000
505.000000
44.000000
1738.000000
318.000000
276.000000
386.000000
145.000000
590.000000
244.000000
324.000000
342.000000
312.000000
2957.000000
1313.000000
293.000000
1616.000000
529.000000
296.000000
176.000000
1262.000000
94.000000
295.000000
231.000000
339.000000
611.000000
1408.000000
844.000000
544.000000
512.000000
389.000000
246.000000
700.000000
497.000000
392.000000
1616.000000
591.000000
689.000000
383.000000
980.000000
1426.000000
316.000000
669.000000
72.000000
125.000000
183.000000
2533.000000
289.000000
1905.000000
324.000000
269.000000
519.000000
548.000000
1549.000000
712.000000
227.000000
322.000000
148.000000
102.000000
250.000000
631.000000
200.000000
850.000000
1966.000000
835.000000
188.000000
247.000000
80.000000
294.000000
474.000000
630.000000
358.000000
93.000000
271.000000
941.000000
240.000000
254.000000
1141.000000
137.000000
398.000000
238.000000
441.000000
796.000000
109.000000
1006.000000
331.000000
424.000000
171.000000
148.000000
534.000000
558.000000
311.000000
570.000000
330.000000
1541.000000
817.000000
271.000000
959.000000
419.000000
151.000000
65.000000
1235.000000
109.000000
652.000000
1177.000000
107.000000
966.000000
32.000000
69.000000
839.000000
493.000000
346.000000
94.000000
1021.000000
522.000000
476.000000
165.000000
961.000000
1610.000000
569.000000
1030.000000
896.000000
1436.000000
440.000000
240.000000
270.000000
196.000000
246.000000
136.000000
2018.000000
537.000000
356.000000
417.000000
294.000000
151.000000
541.000000
60.000000
349.000000
1563.000000
330.000000
107.000000
819.000000
665.000000
666.000000
65.000000
2318.000000
83.000000
177.000000
158.000000
364.000000
2023.000000
7437.000000
90.000000
353.000000
655.000000
172.000000
786.000000
753.000000
1135.000000
1426.000000
121.000000
110.000000
115.000000
46.000000
515.000000
517.000000
3689.000000
4006.000000
356.000000
202.000000
553.000000
218.000000
560.000000
205.000000
563.000000
348.000000
426.000000
126.000000
459.000000
337.000000
172.000000
27.000000
281.000000
3106.000000
551.000000
275.000000
121.000000
756.000000
1378.000000
511.000000
286.000000
706.000000
76.000000
494.000000
159.000000
1340.000000
58.000000
326.000000
1189.000000
1915.000000
1545.000000
202.000000
158.000000
212.000000
1410.000000
1410.000000
189.000000
254.000000
1204.000000
155.000000
108.000000
201.000000
79.000000
245.000000
265.000000
93.000000
329.000000
125.000000
2043.000000
598.000000
47.000000
267.000000
776.000000
159.000000
1366.000000
71.000000
693.000000
169.000000
225.000000
309.000000
314.000000
247.000000
1390.000000
952.000000
894.000000
525.000000
519.000000
469.000000
116.000000
622.000000
328.000000
