379.000000
629.000000
450.000000
417.000000
61.000000
133.000000
555.000000
208.000000
399.000000
197.000000
300.000000
971.000000
68.000000
433.000000
893.000000
59.000000
1272.000000
353.000000
158.000000
176.000000
2221.000000
87.000000
408.000000
345.000000
236.000000
276.000000
174.000000
390.000000
374.000000
327.000000
1549.000000
567.000000
112.000000
207.000000
343.000000
242.000000
191.000000
492.000000
242.000000
1020.000000
293.000000
291.000000
592.000000
168.000000
1300.000000
696.000000
410.000000
502.000000
1236.000000
121.000000
110.000000
158.000000
1561.000000
649.000000
298.000000
739.000000
331.000000
720.000000
1131.000000
3547.000000
299.000000
491.000000
959.000000
1159.000000
2587.000000
842.000000
668.000000
1734.000000
138.000000
865.000000
781.000000
76.000000
2244.000000
105.000000
465.000000
303.000000
87.000000
646.000000
197.000000
384.000000
295.000000
3839.000000
610.000000
1184.000000
173.000000
100.000000
1775.000000
225.000000
144.000000
329.000000
148.000000
629.000000
392.000000
570.000000
355.000000
168.000000
206.000000
385.000000
507.000000
2202.000000
464.000000
392.000000
52.000000
146.000000
326.000000
833.000000
191.000000
176.000000
1387.000000
414.000000
541.000000
1038.000000
306.000000
1312.000000
811.000000
65.000000
98.000000
1802.000000
570.000000
435.000000
649.000000
214.000000
1110.000000
1669.000000
72.000000
32.000000
2299.000000
687.000000
550.000000
356.000000
648.000000
348.000000
509.000000
215.000000
177.000000
1208.000000
375.000000
141.000000
105.000000
384.000000
1027.000000
1010.000000
279.000000
763.000000
544.000000
499.000000
724.000000
151.000000
634.000000
386.000000
47.000000
586.000000
220.000000
201.000000
467.000000
498.000000
85.000000
726.000000
207.000000
248.000000
249.000000
185.000000
294.000000
181.000000
191.000000
235.000000
1365.000000
1002.000000
1029.000000
230.000000
452.000000
614.000000
634.000000
506.000000
357.000000
256.000000
624.000000
821.000000
264.000000
652.000000
211.000000
249.000000
333.000000
848.000000
102.000000
80.000000
1006.000000
852.000000
226.000000
355.000000
221.000000
1382.000000
198.000000
1015.000000
2212.000000
144.000000
340.000000
471.000000
435.000000
121.000000
1337.000000
295.000000
352.000000
111.000000
72.000000
1232.000000
684.000000
2096.000000
258.000000
646.000000
247.000000
2109.000000
467.000000
677.000000
1510.000000
1170.000000
760.000000
3769.000000
293.000000
1045.000000
335.000000
507.000000
335.000000
140.000000
138.000000
593.000000
247.000000
465.000000
429.000000
484.000000
555.000000
1099.000000
1887.000000
309.000000
1118.000000
142.000000
1367.000000
3083.000000
571.000000
2838.000000
1664.000000
267.000000
595.000000
809.000000
105.000000
91.000000
752.000000
623.000000
231.000000
291.000000
218.000000
122.000000
209.000000
146.000000
42.000000
721.000000
284.000000
431.000000
2783.000000
375.000000
571.000000
229.000000
592.000000
177.000000
886.000000
1131.000000
243.000000
1087.000000
71.000000
1656.000000
1585.000000
260.000000
307.000000
351.000000
585.000000
521.000000
496.000000
1558.000000
234.000000
376.000000
603.000000
245.000000
743.000000
189.000000
256.000000
496.000000
419.000000
650.000000
317.000000
1305.000000
137.000000
443.000000
212.000000
706.000000
168.000000
455.000000
295.000000
261.000000
1231.000000
154.000000
696.000000
1203.000000
2756.000000
147.000000
714.000000
1036.000000
224.000000
246.000000
5724.000000
92.000000
462.000000
1053.000000
362.000000
1305.000000
331.000000
1208.000000
1277.000000
668.000000
184.000000
84.000000
157.000000
142.000000
296.000000
298.000000
788.000000
1227.000000
344.000000
806.000000
262.000000
479.000000
2742.000000
254.000000
480.000000
273.000000
373.000000
81.000000
141.000000
998.000000
527.000000
507.000000
398.000000
313.000000
183.000000
521.000000
342.000000
358.000000
1354.000000
59.000000
589.000000
358.000000
374.000000
2264.000000
229.000000
397.000000
368.000000
348.000000
138.000000
361.000000
84.000000
246.000000
250.000000
193.000000
194.000000
842.000000
955.000000
1113.000000
130.000000
416.000000
301.000000
177.000000
919.000000
642.000000
10287.000000
810.000000
847.000000
258.000000
129.000000
5389.000000
543.000000
368.000000
212.000000
372.000000
489.000000
89.000000
375.000000
245.000000
531.000000
650.000000
1314.000000
336.000000
1109.000000
170.000000
196.000000
37.000000
462.000000
774.000000
3125.000000
98.000000
301.000000
516.000000
91.000000
313.000000
730.000000
293.000000
292.000000
101.000000
614.000000
655.000000
244.000000
113.000000
253.000000
2204.000000
943.000000
606.000000
193.000000
1516.000000
158.000000
786.000000
344.000000
235.000000
55.000000
112.000000
52.000000
597.000000
130.000000
461.000000
884.000000
421.000000
5655.000000
131.000000
2047.000000
245.000000
654.000000
1734.000000
830.000000
3142.000000
886.000000
393.000000
185.000000
830.000000
321.000000
120.000000
164.000000
248.000000
213.000000
3235.000000
147.000000
1710.000000
332.000000
648.000000
115.000000
263.000000
267.000000
309.000000
357.000000
756.000000
168.000000
1436.000000
637.000000
402.000000
139.000000
1083.000000
284.000000
318.000000
706.000000
859.000000
46.000000
112.000000
2233.000000
633.000000
794.000000
173.000000
174.000000
23.000000
118.000000
169.000000
2351.000000
452.000000
369.000000
313.000000
894.000000
138.000000
426.000000
269.000000
975.000000
292.000000
114.000000
468.000000
543.000000
597.000000
1122.000000
342.000000
65.000000
449.000000
817.000000
114.000000
586.000000
521.000000
475.000000
65.000000
873.000000
1993.000000
667.000000
198.000000
353.000000
133.000000
690.000000
60.000000
129.000000
458.000000
4184.000000
432.000000
876.000000
2408.000000
1527.000000
719.000000
24.000000
275.000000
571.000000
1029.000000
722.000000
1046.000000
49.000000
2876.000000
424.000000
184.000000
1134.000000
597.000000
325.000000
304.000000
495.000000
892.000000
434.000000
67.000000
506.000000
727.000000
288.000000
385.000000
425.000000
110.000000
421.000000
193.000000
263.000000
147.000000
66.000000
1308.000000
2011.000000
396.000000
471.000000
4133.000000
333.000000
572.000000
251.000000
282.000000
553.000000
997.000000
1485.000000
146.000000
589.000000
647.000000
389.000000
875.000000
533.000000
597.000000
278.000000
74.000000
180.000000
189.000000
376.000000
729.000000
257.000000
62.000000
332.000000
473.000000
258.000000
95.000000
770.000000
5610.000000
260.000000
994.000000
1050.000000
228.000000
3212.000000
120.000000
456.000000
743.000000
275.000000
1579.000000
768.000000
159.000000
1033.000000
1038.000000
220.000000
193.000000
112.000000
572.000000
655.000000
975.000000
1371.000000
1707.000000
268.000000
611.000000
37.000000
64.000000
5716.000000
3660.000000
746.000000
163.000000
65.000000
84.000000
146.000000
525.000000
434.000000
209.000000
1204.000000
88.000000
817.000000
5126.000000
111.000000
84.000000
50.000000
565.000000
1148.000000
156.000000
499.000000
427.000000
182.000000
73.000000
1358.000000
129.000000
585.000000
408.000000
1003.000000
411.000000
1097.000000
2138.000000
182.000000
709.000000
472.000000
6441.000000
4480.000000
129.000000
377.000000
577.000000
1175.000000
197.000000
556.000000
545.000000
493.000000
576.000000
1726.000000
23.000000
745.000000
49.000000
202.000000
210.000000
139.000000
619.000000
126.000000
549.000000
1419.000000
77.000000
299.000000
386.000000
104.000000
347.000000
788.000000
240.000000
208.000000
143.000000
351.000000
452.000000
1369.000000
1620.000000
416.000000
1081.000000
802.000000
630.000000
158.000000
871.000000
381.000000
203.000000
947.000000
230.000000
389.000000
411.000000
46.000000
356.000000
352.000000
784.000000
458.000000
516.000000
348.000000
1061.000000
364.000000
162.000000
313.000000
150.000000
187.000000
587.000000
1036.000000
325.000000
794.000000
182.000000
180.000000
78.000000
197.000000
497.000000
505.000000
108.000000
226.000000
1129.000000
574.000000
473.000000
83.000000
368.000000
736.000000
1096.000000
209.000000
118.000000
89.000000
117.000000
1252.000000
1226.000000
113.000000
127.000000
163.000000
620.000000
1622.000000
1069.000000
329.000000
196.000000
38.000000
424.000000
153.000000
837.000000
742.000000
434.000000
219.000000
124.000000
1144.000000
378.000000
886.000000
99.000000
112.000000
235.000000
744.000000
281.000000
40.000000
1842.000000
1834.000000
162.000000
223.000000
526.000000
252.000000
361.000000
192.000000
1411.000000
237.000000
1485.000000
415.000000
169.000000
291.000000
355.000000
571.000000
93.000000
1902.000000
343.000000
329.000000
176.000000
211.000000
332.000000
487.000000
626.000000
1432.000000
204.000000
292.000000
222.000000
916.000000
1189.000000
194.000000
89.000000
379.000000
163.000000
221.000000
858.000000
150.000000
382.000000
697.000000
372.000000
1910.000000
827.000000
2629.000000
618.000000
209.000000
1348.000000
251.000000
1963.000000
370.000000
41.000000
1370.000000
585.000000
1512.000000
655.000000
228.000000
315.000000
446.000000
248.000000
964.000000
304.000000
312.000000
97.000000
125.000000
121.000000
248.000000
298.000000
205.000000
954.000000
413.000000
1106.000000
241.000000
618.000000
427.000000
591.000000
1064.000000
76.000000
60.000000
753.000000
99.000000
655.000000
343.000000
2438.000000
473.000000
833.000000
1160.000000
4355.000000
691.000000
958.000000
779.000000
646.000000
304.000000
445.000000
389.000000
1010.000000
1152.000000
515.000000
358.000000
130.000000
1705.000000
47.000000
323.000000
2877.000000
153.000000
1636.000000
739.000000
768.000000
238.000000
103.000000
2345.000000
358.000000
140.000000
676.000000
437.000000
282.000000
271.000000
187.000000
452.000000
638.000000
969.000000
166.000000
769.000000
366.000000
159.000000
395.000000
491.000000
400.000000
235.000000
353.000000
185.000000
480.000000
348.000000
1338.000000
2270.000000
212.000000
434.000000
349.000000
1136.000000
202.000000
436.000000
688.000000
707.000000
204.000000
477.000000
2498.000000
894.000000
500.000000
1149.000000
941.000000
511.000000
390.000000
650.000000
291.000000
804.000000
346.000000
802.000000
1461.000000
274.000000
373.000000
1053.000000
711.000000
90.000000
374.000000
548.000000
277.000000
532.000000
116.000000
139.000000
987.000000
406.000000
1019.000000
841.000000
660.000000
96.000000
3277.000000
1260.000000
183.000000
23.000000
4471.000000
480.000000
173.000000
108.000000
600.000000
21236.000000
219.000000
422.000000
176.000000
53.000000
183.000000
452.000000
318.000000
268.000000
181.000000
301.000000
803.000000
756.000000
387.000000
1023.000000
192.000000
103.000000
571.000000
1107.000000
109.000000
148.000000
77.000000
426.000000
1217.000000
1319.000000
717.000000
62.000000
943.000000
1970.000000
311.000000
169.000000
285.000000
143.000000
147.000000
394.000000
637.000000
131.000000
2751.000000
175.000000
214.000000
608.000000
35.000000
1650.000000
3143.000000
316.000000
90.000000
137.000000
206.000000
1299.000000
868.000000
1727.000000
1020.000000
600.000000
744.000000
161.000000
67.000000
110.000000
525.000000
360.000000
224.000000
169.000000
877.000000
142.000000
179.000000
2732.000000
1515.000000
467.000000
263.000000
