1119.000000
45.000000
360.000000
386.000000
328.000000
440.000000
121.000000
1943.000000
251.000000
311.000000
536.000000
438.000000
1848.000000
207.000000
255.000000
1701.000000
352.000000
399.000000
200.000000
158.000000
158.000000
72.000000
943.000000
126.000000
871.000000
404.000000
309.000000
298.000000
223.000000
170.000000
1255.000000
187.000000
106.000000
232.000000
478.000000
924.000000
2343.000000
592.000000
594.000000
463.000000
172.000000
630.000000
243.000000
160.000000
262.000000
628.000000
1121.000000
778.000000
380.000000
110.000000
201.000000
582.000000
975.000000
834.000000
647.000000
527.000000
198.000000
437.000000
402.000000
60.000000
289.000000
44.000000
1426.000000
764.000000
52.000000
513.000000
208.000000
161.000000
188.000000
166.000000
208.000000
373.000000
296.000000
153.000000
173.000000
343.000000
276.000000
301.000000
103.000000
91.000000
184.000000
2399.000000
368.000000
70.000000
378.000000
429.000000
928.000000
401.000000
1185.000000
1029.000000
518.000000
237.000000
143.000000
628.000000
608.000000
478.000000
214.000000
212.000000
429.000000
1259.000000
538.000000
52.000000
605.000000
101.000000
1091.000000
625.000000
313.000000
117.000000
354.000000
100.000000
743.000000
159.000000
679.000000
412.000000
953.000000
2013.000000
446.000000
188.000000
637.000000
889.000000
2110.000000
284.000000
147.000000
120.000000
1250.000000
62.000000
222.000000
116.000000
453.000000
89.000000
1053.000000
391.000000
593.000000
322.000000
82.000000
286.000000
917.000000
392.000000
291.000000
430.000000
807.000000
2191.000000
386.000000
274.000000
226.000000
366.000000
199.000000
360.000000
531.000000
255.000000
531.000000
485.000000
299.000000
145.000000
1588.000000
379.000000
234.000000
244.000000
375.000000
837.000000
2053.000000
90.000000
624.000000
794.000000
824.000000
162.000000
67.000000
436.000000
552.000000
493.000000
181.000000
1429.000000
411.000000
540.000000
260.000000
207.000000
190.000000
332.000000
669.000000
62.000000
278.000000
924.000000
696.000000
417.000000
55.000000
203.000000
546.000000
363.000000
517.000000
119.000000
175.000000
1152.000000
505.000000
420.000000
208.000000
375.000000
311.000000
237.000000
1234.000000
1467.000000
456.000000
255.000000
715.000000
900.000000
1068.000000
550.000000
388.000000
945.000000
1809.000000
297.000000
462.000000
609.000000
696.000000
453.000000
1022.000000
130.000000
192.000000
537.000000
341.000000
655.000000
224.000000
1561.000000
395.000000
588.000000
1391.000000
201.000000
160.000000
689.000000
780.000000
1262.000000
2117.000000
1288.000000
221.000000
1165.000000
164.000000
696.000000
247.000000
619.000000
206.000000
190.000000
376.000000
135.000000
414.000000
660.000000
541.000000
1632.000000
823.000000
959.000000
286.000000
847.000000
159.000000
161.000000
420.000000
1566.000000
1049.000000
115.000000
674.000000
252.000000
416.000000
393.000000
200.000000
424.000000
168.000000
279.000000
259.000000
301.000000
66.000000
553.000000
4622.000000
1211.000000
447.000000
577.000000
512.000000
91.000000
465.000000
331.000000
285.000000
1069.000000
1243.000000
1128.000000
178.000000
269.000000
343.000000
241.000000
995.000000
2508.000000
388.000000
76.000000
147.000000
331.000000
103.000000
928.000000
18.000000
519.000000
277.000000
1638.000000
454.000000
356.000000
69.000000
864.000000
100.000000
44.000000
862.000000
860.000000
177.000000
1157.000000
536.000000
243.000000
265.000000
181.000000
112.000000
669.000000
387.000000
3190.000000
72.000000
503.000000
311.000000
1104.000000
882.000000
273.000000
171.000000
191.000000
1933.000000
606.000000
371.000000
2722.000000
228.000000
1133.000000
104.000000
84.000000
300.000000
552.000000
265.000000
1054.000000
145.000000
204.000000
484.000000
305.000000
643.000000
92.000000
456.000000
249.000000
124.000000
2060.000000
814.000000
404.000000
235.000000
270.000000
4484.000000
289.000000
947.000000
578.000000
290.000000
116.000000
756.000000
88.000000
189.000000
1533.000000
1104.000000
717.000000
104.000000
394.000000
274.000000
612.000000
1687.000000
51.000000
1024.000000
283.000000
128.000000
945.000000
102.000000
286.000000
335.000000
176.000000
1142.000000
104.000000
1442.000000
2240.000000
381.000000
113.000000
1011.000000
1824.000000
687.000000
791.000000
109.000000
785.000000
206.000000
326.000000
35.000000
6053.000000
1038.000000
57.000000
167.000000
114.000000
320.000000
267.000000
559.000000
48.000000
1232.000000
130.000000
143.000000
688.000000
537.000000
366.000000
403.000000
190.000000
1152.000000
416.000000
374.000000
776.000000
78.000000
490.000000
610.000000
318.000000
865.000000
379.000000
378.000000
408.000000
2045.000000
288.000000
544.000000
148.000000
1625.000000
270.000000
179.000000
346.000000
821.000000
1049.000000
409.000000
265.000000
8392.000000
417.000000
138.000000
823.000000
702.000000
235.000000
133.000000
422.000000
164.000000
1016.000000
893.000000
167.000000
589.000000
806.000000
261.000000
274.000000
120.000000
295.000000
314.000000
756.000000
364.000000
1517.000000
52.000000
474.000000
100.000000
396.000000
810.000000
1001.000000
516.000000
260.000000
191.000000
511.000000
843.000000
47.000000
312.000000
529.000000
1294.000000
331.000000
1364.000000
963.000000
301.000000
1837.000000
191.000000
226.000000
142.000000
109.000000
922.000000
1249.000000
186.000000
1891.000000
210.000000
68.000000
540.000000
391.000000
639.000000
363.000000
729.000000
3102.000000
1346.000000
337.000000
4493.000000
390.000000
95.000000
177.000000
329.000000
399.000000
1302.000000
407.000000
41.000000
90.000000
174.000000
131.000000
968.000000
659.000000
437.000000
991.000000
57.000000
389.000000
443.000000
50.000000
1210.000000
709.000000
746.000000
1292.000000
183.000000
1440.000000
360.000000
2788.000000
261.000000
1582.000000
179.000000
123.000000
212.000000
150.000000
1014.000000
1258.000000
471.000000
265.000000
111.000000
183.000000
232.000000
650.000000
1322.000000
1075.000000
987.000000
330.000000
139.000000
109.000000
887.000000
208.000000
971.000000
216.000000
172.000000
573.000000
176.000000
470.000000
1059.000000
321.000000
264.000000
1407.000000
226.000000
2363.000000
786.000000
631.000000
311.000000
32.000000
2381.000000
320.000000
43.000000
4170.000000
4207.000000
196.000000
2556.000000
478.000000
201.000000
1047.000000
561.000000
1329.000000
287.000000
689.000000
297.000000
134.000000
747.000000
424.000000
1503.000000
631.000000
453.000000
195.000000
346.000000
636.000000
119.000000
1056.000000
825.000000
694.000000
48.000000
37.000000
644.000000
1117.000000
400.000000
973.000000
124.000000
1354.000000
137.000000
394.000000
233.000000
968.000000
104.000000
698.000000
1775.000000
144.000000
2197.000000
1314.000000
82.000000
269.000000
102.000000
360.000000
85.000000
118.000000
221.000000
366.000000
290.000000
330.000000
13.000000
356.000000
201.000000
100.000000
164.000000
1452.000000
470.000000
346.000000
1499.000000
719.000000
152.000000
345.000000
38.000000
269.000000
239.000000
155.000000
2095.000000
696.000000
1571.000000
633.000000
566.000000
213.000000
163.000000
1203.000000
418.000000
225.000000
615.000000
206.000000
578.000000
225.000000
476.000000
87.000000
541.000000
164.000000
341.000000
114.000000
2160.000000
506.000000
522.000000
1062.000000
508.000000
2426.000000
409.000000
256.000000
774.000000
3314.000000
257.000000
118.000000
219.000000
279.000000
280.000000
323.000000
182.000000
247.000000
627.000000
874.000000
335.000000
73.000000
419.000000
155.000000
302.000000
2040.000000
450.000000
483.000000
1735.000000
307.000000
288.000000
364.000000
1664.000000
249.000000
169.000000
824.000000
331.000000
875.000000
1074.000000
123.000000
579.000000
712.000000
129.000000
136.000000
248.000000
1063.000000
895.000000
173.000000
1863.000000
143.000000
209.000000
605.000000
287.000000
376.000000
71.000000
1217.000000
965.000000
428.000000
222.000000
267.000000
276.000000
208.000000
436.000000
160.000000
193.000000
99.000000
243.000000
97.000000
1267.000000
1847.000000
530.000000
541.000000
116.000000
353.000000
244.000000
266.000000
1005.000000
427.000000
1835.000000
136.000000
305.000000
737.000000
487.000000
159.000000
2076.000000
39.000000
483.000000
70.000000
323.000000
252.000000
282.000000
101.000000
362.000000
276.000000
1968.000000
1862.000000
386.000000
224.000000
1309.000000
434.000000
4006.000000
1612.000000
304.000000
600.000000
586.000000
262.000000
51.000000
261.000000
905.000000
91.000000
615.000000
449.000000
166.000000
928.000000
244.000000
53.000000
68.000000
944.000000
168.000000
440.000000
487.000000
1788.000000
174.000000
115.000000
542.000000
627.000000
820.000000
425.000000
1349.000000
273.000000
61.000000
214.000000
288.000000
712.000000
601.000000
300.000000
84.000000
368.000000
1873.000000
193.000000
204.000000
38.000000
290.000000
219.000000
467.000000
304.000000
187.000000
1340.000000
547.000000
1142.000000
381.000000
219.000000
81.000000
304.000000
809.000000
464.000000
360.000000
221.000000
491.000000
591.000000
543.000000
276.000000
893.000000
75.000000
342.000000
168.000000
312.000000
859.000000
266.000000
1417.000000
68.000000
1594.000000
121.000000
226.000000
330.000000
106.000000
165.000000
76.000000
715.000000
95.000000
415.000000
427.000000
1020.000000
134.000000
277.000000
156.000000
774.000000
1703.000000
235.000000
83.000000
49.000000
324.000000
184.000000
46.000000
326.000000
312.000000
778.000000
1464.000000
277.000000
250.000000
114.000000
155.000000
22.000000
792.000000
321.000000
267.000000
412.000000
168.000000
439.000000
4128.000000
356.000000
150.000000
737.000000
775.000000
887.000000
263.000000
87.000000
3374.000000
66.000000
269.000000
1606.000000
883.000000
1000.000000
364.000000
86.000000
194.000000
419.000000
198.000000
137.000000
1060.000000
563.000000
223.000000
1080.000000
106.000000
131.000000
698.000000
498.000000
759.000000
150.000000
200.000000
1320.000000
162.000000
1119.000000
125.000000
489.000000
139.000000
247.000000
243.000000
792.000000
292.000000
297.000000
310.000000
866.000000
351.000000
388.000000
166.000000
119.000000
339.000000
170.000000
130.000000
706.000000
398.000000
359.000000
329.000000
1046.000000
502.000000
401.000000
874.000000
591.000000
706.000000
600.000000
131.000000
242.000000
1423.000000
1007.000000
824.000000
339.000000
128.000000
469.000000
439.000000
1210.000000
928.000000
1253.000000
321.000000
471.000000
167.000000
728.000000
157.000000
19.000000
172.000000
629.000000
730.000000
1061.000000
21.000000
544.000000
294.000000
1198.000000
921.000000
167.000000
2758.000000
278.000000
66.000000
123.000000
550.000000
372.000000
1129.000000
187.000000
625.000000
864.000000
104.000000
96.000000
171.000000
96.000000
260.000000
172.000000
5422.000000
539.000000
1142.000000
111.000000
332.000000
3361.000000
1232.000000
114.000000
906.000000
465.000000
2198.000000
606.000000
556.000000
2068.000000
736.000000
338.000000
406.000000
614.000000
845.000000
636.000000
930.000000
750.000000
773.000000
792.000000
1880.000000
4018.000000
544.000000
208.000000
627.000000
490.000000
718.000000
304.000000
287.000000
996.000000
229.000000
716.000000
455.000000
