116.000000
154.000000
272.000000
393.000000
42.000000
249.000000
101.000000
779.000000
287.000000
154.000000
126.000000
646.000000
250.000000
2406.000000
970.000000
2955.000000
18.000000
943.000000
283.000000
298.000000
1486.000000
125.000000
1664.000000
6333.000000
517.000000
157.000000
174.000000
1062.000000
247.000000
189.000000
625.000000
106.000000
3241.000000
786.000000
426.000000
1023.000000
325.000000
299.000000
618.000000
258.000000
421.000000
206.000000
66.000000
101.000000
585.000000
4959.000000
114.000000
6390.000000
146.000000
732.000000
561.000000
84.000000
1122.000000
65.000000
467.000000
803.000000
479.000000
1282.000000
520.000000
286.000000
24.000000
721.000000
930.000000
687.000000
298.000000
387.000000
532.000000
140.000000
199.000000
371.000000
74.000000
863.000000
700.000000
171.000000
268.000000
119.000000
678.000000
2273.000000
237.000000
223.000000
565.000000
716.000000
645.000000
91.000000
465.000000
199.000000
310.000000
1136.000000
781.000000
159.000000
1096.000000
476.000000
175.000000
712.000000
473.000000
1200.000000
651.000000
468.000000
113.000000
1896.000000
138.000000
197.000000
108.000000
605.000000
517.000000
421.000000
118.000000
815.000000
902.000000
222.000000
77.000000
345.000000
1775.000000
2403.000000
747.000000
224.000000
310.000000
757.000000
964.000000
90.000000
355.000000
1659.000000
582.000000
568.000000
209.000000
1745.000000
65.000000
149.000000
405.000000
1703.000000
144.000000
502.000000
51.000000
199.000000
907.000000
925.000000
4273.000000
228.000000
649.000000
231.000000
468.000000
333.000000
101.000000
1711.000000
1001.000000
81.000000
307.000000
611.000000
562.000000
337.000000
1011.000000
2417.000000
201.000000
522.000000
274.000000
195.000000
223.000000
301.000000
237.000000
400.000000
413.000000
115.000000
78.000000
49.000000
124.000000
250.000000
212.000000
194.000000
504.000000
394.000000
254.000000
304.000000
766.000000
437.000000
216.000000
437.000000
131.000000
15.000000
222.000000
287.000000
1607.000000
683.000000
1489.000000
338.000000
1538.000000
108.000000
126.000000
77.000000
400.000000
145.000000
153.000000
552.000000
1229.000000
851.000000
585.000000
656.000000
617.000000
347.000000
84.000000
1134.000000
205.000000
83.000000
93.000000
421.000000
119.000000
244.000000
1331.000000
424.000000
249.000000
166.000000
232.000000
141.000000
260.000000
1496.000000
774.000000
2559.000000
1642.000000
1651.000000
251.000000
812.000000
2202.000000
1179.000000
199.000000
532.000000
781.000000
355.000000
861.000000
526.000000
126.000000
164.000000
90.000000
111.000000
130.000000
447.000000
360.000000
309.000000
1786.000000
67.000000
354.000000
625.000000
1013.000000
428.000000
964.000000
234.000000
629.000000
469.000000
541.000000
709.000000
345.000000
737.000000
264.000000
168.000000
197.000000
1225.000000
220.000000
131.000000
532.000000
94.000000
73.000000
716.000000
190.000000
283.000000
194.000000
382.000000
1544.000000
169.000000
70.000000
96.000000
1147.000000
433.000000
115.000000
502.000000
1327.000000
402.000000
68.000000
455.000000
2081.000000
97.000000
387.000000
1331.000000
86.000000
297.000000
1604.000000
902.000000
287.000000
267.000000
153.000000
164.000000
237.000000
276.000000
253.000000
219.000000
368.000000
95.000000
856.000000
258.000000
258.000000
145.000000
1440.000000
255.000000
9540.000000
95.000000
598.000000
461.000000
168.000000
903.000000
1241.000000
965.000000
623.000000
463.000000
1916.000000
1859.000000
106.000000
261.000000
774.000000
415.000000
202.000000
1367.000000
241.000000
175.000000
199.000000
414.000000
967.000000
1436.000000
177.000000
127.000000
243.000000
570.000000
157.000000
157.000000
690.000000
541.000000
2523.000000
132.000000
223.000000
1115.000000
411.000000
1102.000000
993.000000
1300.000000
445.000000
104.000000
403.000000
396.000000
1494.000000
457.000000
907.000000
142.000000
115.000000
138.000000
272.000000
659.000000
814.000000
105.000000
316.000000
1255.000000
651.000000
247.000000
1281.000000
126.000000
159.000000
247.000000
210.000000
68.000000
936.000000
323.000000
929.000000
761.000000
333.000000
359.000000
575.000000
332.000000
149.000000
452.000000
73.000000
787.000000
902.000000
218.000000
1221.000000
274.000000
1346.000000
78.000000
940.000000
1685.000000
129.000000
94.000000
215.000000
206.000000
241.000000
1231.000000
1620.000000
185.000000
105.000000
1519.000000
664.000000
295.000000
242.000000
1029.000000
453.000000
154.000000
1402.000000
468.000000
166.000000
494.000000
884.000000
316.000000
232.000000
594.000000
33.000000
1611.000000
507.000000
210.000000
434.000000
326.000000
606.000000
111.000000
116.000000
130.000000
154.000000
642.000000
193.000000
556.000000
368.000000
958.000000
504.000000
104.000000
1373.000000
143.000000
639.000000
250.000000
247.000000
316.000000
629.000000
136.000000
278.000000
361.000000
109.000000
288.000000
205.000000
777.000000
433.000000
495.000000
5296.000000
368.000000
1231.000000
101.000000
245.000000
3439.000000
652.000000
289.000000
383.000000
222.000000
502.000000
2572.000000
570.000000
182.000000
82.000000
749.000000
304.000000
405.000000
480.000000
1375.000000
140.000000
201.000000
220.000000
158.000000
81.000000
147.000000
578.000000
1658.000000
596.000000
484.000000
128.000000
254.000000
501.000000
123.000000
69.000000
1121.000000
353.000000
671.000000
297.000000
25.000000
1492.000000
795.000000
408.000000
96.000000
58.000000
1072.000000
311.000000
57.000000
875.000000
469.000000
789.000000
876.000000
609.000000
394.000000
89.000000
197.000000
13212.000000
49.000000
638.000000
458.000000
710.000000
94.000000
144.000000
1457.000000
275.000000
217.000000
572.000000
2847.000000
3471.000000
187.000000
140.000000
695.000000
8044.000000
428.000000
373.000000
640.000000
56.000000
394.000000
198.000000
1087.000000
292.000000
3598.000000
170.000000
571.000000
463.000000
226.000000
258.000000
233.000000
1257.000000
641.000000
84.000000
2378.000000
1827.000000
590.000000
689.000000
1382.000000
62.000000
96.000000
351.000000
2349.000000
271.000000
436.000000
3485.000000
241.000000
231.000000
1186.000000
114.000000
658.000000
246.000000
690.000000
434.000000
1264.000000
1116.000000
612.000000
778.000000
300.000000
2525.000000
297.000000
1514.000000
676.000000
175.000000
171.000000
191.000000
150.000000
263.000000
1628.000000
38.000000
158.000000
1037.000000
67.000000
394.000000
196.000000
1910.000000
97.000000
107.000000
5724.000000
23.000000
923.000000
2935.000000
156.000000
402.000000
1544.000000
628.000000
70.000000
505.000000
839.000000
511.000000
1331.000000
156.000000
140.000000
279.000000
676.000000
2627.000000
1312.000000
807.000000
713.000000
133.000000
125.000000
76.000000
98.000000
452.000000
234.000000
253.000000
267.000000
205.000000
380.000000
408.000000
213.000000
113.000000
166.000000
1458.000000
6155.000000
404.000000
187.000000
949.000000
97.000000
199.000000
474.000000
1196.000000
598.000000
234.000000
178.000000
400.000000
1446.000000
1214.000000
910.000000
350.000000
225.000000
684.000000
311.000000
833.000000
1633.000000
261.000000
610.000000
358.000000
431.000000
150.000000
1643.000000
250.000000
99.000000
7755.000000
351.000000
73.000000
859.000000
375.000000
73.000000
127.000000
441.000000
398.000000
241.000000
134.000000
1975.000000
147.000000
169.000000
459.000000
232.000000
132.000000
108.000000
286.000000
344.000000
257.000000
1508.000000
1211.000000
360.000000
173.000000
154.000000
464.000000
67.000000
774.000000
1911.000000
1361.000000
181.000000
1284.000000
99.000000
196.000000
700.000000
1120.000000
2027.000000
625.000000
3084.000000
262.000000
420.000000
353.000000
1377.000000
3334.000000
920.000000
96.000000
33.000000
275.000000
11.000000
1315.000000
473.000000
817.000000
1125.000000
84.000000
396.000000
433.000000
465.000000
248.000000
1238.000000
183.000000
198.000000
236.000000
538.000000
581.000000
167.000000
297.000000
317.000000
597.000000
306.000000
306.000000
182.000000
240.000000
1330.000000
589.000000
180.000000
1333.000000
122.000000
611.000000
152.000000
726.000000
531.000000
499.000000
227.000000
239.000000
368.000000
203.000000
270.000000
730.000000
661.000000
192.000000
235.000000
822.000000
190.000000
576.000000
98.000000
1913.000000
142.000000
289.000000
492.000000
148.000000
161.000000
510.000000
430.000000
54.000000
702.000000
202.000000
475.000000
522.000000
803.000000
2687.000000
278.000000
679.000000
41.000000
413.000000
250.000000
681.000000
297.000000
71.000000
689.000000
5035.000000
241.000000
359.000000
584.000000
477.000000
32.000000
598.000000
367.000000
424.000000
391.000000
721.000000
970.000000
69.000000
129.000000
305.000000
196.000000
247.000000
702.000000
408.000000
222.000000
54.000000
70.000000
401.000000
241.000000
1471.000000
470.000000
794.000000
1906.000000
415.000000
830.000000
1062.000000
982.000000
470.000000
139.000000
209.000000
278.000000
57.000000
261.000000
638.000000
309.000000
162.000000
541.000000
164.000000
66.000000
1157.000000
337.000000
423.000000
207.000000
405.000000
436.000000
2246.000000
176.000000
757.000000
665.000000
187.000000
468.000000
426.000000
345.000000
192.000000
321.000000
303.000000
274.000000
533.000000
359.000000
176.000000
139.000000
811.000000
233.000000
239.000000
415.000000
128.000000
472.000000
554.000000
361.000000
731.000000
123.000000
699.000000
774.000000
311.000000
423.000000
4163.000000
786.000000
77.000000
383.000000
64.000000
480.000000
434.000000
195.000000
137.000000
23.000000
481.000000
267.000000
914.000000
37.000000
99.000000
89.000000
327.000000
284.000000
133.000000
270.000000
1408.000000
161.000000
1704.000000
300.000000
385.000000
784.000000
247.000000
2079.000000
178.000000
558.000000
278.000000
634.000000
981.000000
257.000000
410.000000
355.000000
580.000000
668.000000
443.000000
582.000000
83.000000
237.000000
771.000000
110.000000
497.000000
545.000000
38.000000
797.000000
1099.000000
60.000000
291.000000
399.000000
239.000000
878.000000
2379.000000
1223.000000
544.000000
85.000000
737.000000
1519.000000
900.000000
202.000000
246.000000
504.000000
584.000000
230.000000
50.000000
271.000000
1099.000000
141.000000
105.000000
351.000000
476.000000
556.000000
178.000000
66.000000
3539.000000
2707.000000
648.000000
1830.000000
81.000000
246.000000
332.000000
166.000000
684.000000
389.000000
166.000000
379.000000
209.000000
389.000000
938.000000
152.000000
229.000000
419.000000
169.000000
487.000000
883.000000
136.000000
669.000000
403.000000
207.000000
1601.000000
463.000000
48.000000
112.000000
3091.000000
239.000000
652.000000
181.000000
648.000000
614.000000
318.000000
686.000000
1116.000000
1548.000000
345.000000
746.000000
887.000000
603.000000
498.000000
1064.000000
70.000000
369.000000
246.000000
871.000000
63.000000
311.000000
295.000000
471.000000
146.000000
80.000000
1150.000000
2203.000000
50.000000
686.000000
77.000000
155.000000
325.000000
383.000000
689.000000
491.000000
856.000000
1208.000000
222.000000
299.000000
155.000000
2376.000000
236.000000
972.000000
543.000000
725.000000
117.000000
1702.000000
377.000000
68.000000
991.000000
361.000000
81.000000
