229.000000
5068.000000
301.000000
983.000000
1168.000000
968.000000
472.000000
170.000000
480.000000
260.000000
448.000000
141.000000
367.000000
228.000000
191.000000
2029.000000
984.000000
1743.000000
118.000000
747.000000
1500.000000
1084.000000
275.000000
138.000000
110.000000
289.000000
474.000000
311.000000
952.000000
198.000000
172.000000
120.000000
380.000000
556.000000
292.000000
97.000000
377.000000
86.000000
264.000000
410.000000
288.000000
321.000000
414.000000
323.000000
1903.000000
125.000000
148.000000
1920.000000
857.000000
308.000000
83.000000
1770.000000
356.000000
104.000000
1252.000000
342.000000
196.000000
5433.000000
6563.000000
129.000000
453.000000
1832.000000
3321.000000
124.000000
373.000000
941.000000
57.000000
361.000000
910.000000
313.000000
632.000000
191.000000
370.000000
1340.000000
74.000000
127.000000
364.000000
570.000000
250.000000
415.000000
1025.000000
420.000000
264.000000
1921.000000
292.000000
723.000000
898.000000
84.000000
799.000000
738.000000
368.000000
114.000000
764.000000
238.000000
361.000000
1531.000000
32.000000
161.000000
214.000000
463.000000
546.000000
201.000000
942.000000
1001.000000
123.000000
922.000000
68.000000
939.000000
117.000000
3388.000000
334.000000
511.000000
111.000000
816.000000
180.000000
1025.000000
743.000000
287.000000
210.000000
1400.000000
131.000000
836.000000
453.000000
343.000000
3469.000000
54.000000
1958.000000
550.000000
437.000000
1072.000000
992.000000
389.000000
104.000000
264.000000
907.000000
128.000000
219.000000
291.000000
1381.000000
1743.000000
1321.000000
783.000000
301.000000
36.000000
111.000000
232.000000
515.000000
286.000000
2136.000000
765.000000
375.000000
535.000000
3108.000000
1699.000000
425.000000
1180.000000
672.000000
610.000000
209.000000
319.000000
214.000000
572.000000
1541.000000
745.000000
199.000000
2601.000000
872.000000
1221.000000
6486.000000
202.000000
248.000000
1203.000000
256.000000
179.000000
1127.000000
1738.000000
904.000000
41.000000
184.000000
710.000000
144.000000
838.000000
1725.000000
1052.000000
205.000000
127.000000
139.000000
215.000000
199.000000
241.000000
304.000000
159.000000
2161.000000
670.000000
433.000000
141.000000
308.000000
232.000000
151.000000
113.000000
196.000000
456.000000
60.000000
324.000000
236.000000
181.000000
1616.000000
1454.000000
1785.000000
377.000000
1555.000000
278.000000
213.000000
2083.000000
462.000000
91.000000
444.000000
255.000000
163.000000
1284.000000
1904.000000
2586.000000
93.000000
421.000000
72.000000
442.000000
430.000000
1015.000000
357.000000
257.000000
192.000000
1143.000000
274.000000
1351.000000
488.000000
85.000000
295.000000
472.000000
1386.000000
128.000000
631.000000
453.000000
114.000000
229.000000
108.000000
430.000000
133.000000
377.000000
1810.000000
233.000000
116.000000
298.000000
292.000000
103.000000
532.000000
857.000000
1139.000000
651.000000
368.000000
459.000000
1501.000000
183.000000
1061.000000
485.000000
627.000000
990.000000
638.000000
1038.000000
307.000000
545.000000
439.000000
237.000000
370.000000
750.000000
1928.000000
159.000000
2239.000000
94.000000
805.000000
586.000000
595.000000
605.000000
34.000000
3115.000000
399.000000
1237.000000
372.000000
367.000000
54.000000
71.000000
305.000000
180.000000
194.000000
684.000000
269.000000
817.000000
122.000000
49.000000
270.000000
586.000000
944.000000
527.000000
912.000000
214.000000
239.000000
1808.000000
278.000000
172.000000
176.000000
549.000000
333.000000
282.000000
2129.000000
891.000000
163.000000
538.000000
309.000000
754.000000
57.000000
6934.000000
371.000000
1203.000000
160.000000
145.000000
99.000000
2112.000000
822.000000
68.000000
711.000000
1508.000000
47.000000
769.000000
1940.000000
402.000000
1206.000000
322.000000
500.000000
290.000000
493.000000
547.000000
6537.000000
1058.000000
572.000000
489.000000
469.000000
179.000000
148.000000
779.000000
211.000000
549.000000
185.000000
165.000000
644.000000
144.000000
147.000000
252.000000
1541.000000
1217.000000
898.000000
816.000000
80.000000
181.000000
278.000000
1966.000000
43.000000
35.000000
397.000000
133.000000
531.000000
1050.000000
161.000000
265.000000
126.000000
1563.000000
67.000000
141.000000
81.000000
187.000000
711.000000
1320.000000
331.000000
548.000000
922.000000
198.000000
2652.000000
1191.000000
488.000000
116.000000
502.000000
356.000000
490.000000
338.000000
154.000000
1123.000000
336.000000
1106.000000
2534.000000
105.000000
562.000000
125.000000
956.000000
222.000000
116.000000
759.000000
47.000000
883.000000
247.000000
455.000000
579.000000
188.000000
2944.000000
1814.000000
4075.000000
21.000000
119.000000
268.000000
164.000000
502.000000
179.000000
262.000000
1927.000000
191.000000
800.000000
236.000000
732.000000
130.000000
253.000000
1771.000000
310.000000
257.000000
147.000000
571.000000
296.000000
220.000000
15.000000
184.000000
371.000000
151.000000
2396.000000
409.000000
273.000000
940.000000
1140.000000
504.000000
1232.000000
683.000000
245.000000
212.000000
525.000000
2694.000000
737.000000
917.000000
1275.000000
366.000000
788.000000
196.000000
269.000000
970.000000
8099.000000
1005.000000
74.000000
132.000000
1594.000000
122.000000
1501.000000
183.000000
112.000000
1669.000000
3377.000000
250.000000
862.000000
575.000000
355.000000
220.000000
804.000000
336.000000
96.000000
656.000000
235.000000
425.000000
68.000000
340.000000
786.000000
198.000000
94.000000
408.000000
149.000000
2274.000000
121.000000
750.000000
36.000000
2173.000000
2813.000000
34.000000
201.000000
156.000000
133.000000
1863.000000
1141.000000
180.000000
1221.000000
135.000000
66.000000
193.000000
51.000000
196.000000
315.000000
630.000000
183.000000
1029.000000
294.000000
1991.000000
322.000000
95.000000
356.000000
212.000000
1910.000000
363.000000
750.000000
457.000000
2668.000000
75.000000
341.000000
316.000000
526.000000
97.000000
122.000000
282.000000
1071.000000
1745.000000
229.000000
550.000000
314.000000
306.000000
383.000000
346.000000
240.000000
321.000000
1864.000000
1104.000000
968.000000
302.000000
45.000000
263.000000
783.000000
243.000000
230.000000
3364.000000
181.000000
1842.000000
681.000000
2659.000000
437.000000
679.000000
2817.000000
179.000000
2208.000000
315.000000
528.000000
369.000000
258.000000
3293.000000
176.000000
81.000000
143.000000
356.000000
99.000000
130.000000
438.000000
703.000000
264.000000
750.000000
556.000000
272.000000
2560.000000
1186.000000
1013.000000
329.000000
309.000000
1441.000000
397.000000
533.000000
5395.000000
746.000000
492.000000
177.000000
927.000000
399.000000
419.000000
84.000000
320.000000
62.000000
1316.000000
1318.000000
762.000000
231.000000
419.000000
159.000000
721.000000
102.000000
164.000000
238.000000
120.000000
604.000000
151.000000
646.000000
203.000000
332.000000
234.000000
1083.000000
111.000000
1439.000000
42.000000
1448.000000
743.000000
217.000000
242.000000
234.000000
205.000000
759.000000
421.000000
404.000000
151.000000
57.000000
335.000000
156.000000
702.000000
773.000000
114.000000
295.000000
180.000000
348.000000
970.000000
484.000000
120.000000
519.000000
358.000000
722.000000
479.000000
251.000000
961.000000
6407.000000
967.000000
1066.000000
574.000000
942.000000
1647.000000
1103.000000
119.000000
1281.000000
634.000000
726.000000
3833.000000
361.000000
411.000000
444.000000
180.000000
81.000000
1139.000000
573.000000
530.000000
1106.000000
523.000000
1233.000000
71.000000
156.000000
171.000000
173.000000
251.000000
1014.000000
216.000000
414.000000
306.000000
922.000000
392.000000
338.000000
2344.000000
592.000000
1034.000000
251.000000
570.000000
162.000000
698.000000
518.000000
140.000000
97.000000
173.000000
56.000000
273.000000
1595.000000
367.000000
133.000000
508.000000
77.000000
288.000000
359.000000
282.000000
426.000000
345.000000
1941.000000
145.000000
288.000000
584.000000
305.000000
202.000000
373.000000
964.000000
451.000000
502.000000
401.000000
241.000000
399.000000
834.000000
173.000000
380.000000
66.000000
100.000000
335.000000
1392.000000
215.000000
82.000000
677.000000
446.000000
376.000000
1033.000000
383.000000
491.000000
1763.000000
411.000000
1159.000000
1092.000000
416.000000
380.000000
274.000000
144.000000
1636.000000
422.000000
137.000000
405.000000
815.000000
508.000000
1251.000000
268.000000
282.000000
1031.000000
202.000000
202.000000
172.000000
93.000000
1274.000000
331.000000
535.000000
1120.000000
224.000000
362.000000
466.000000
258.000000
130.000000
392.000000
262.000000
623.000000
146.000000
350.000000
394.000000
118.000000
1806.000000
154.000000
185.000000
318.000000
706.000000
847.000000
1391.000000
411.000000
136.000000
1694.000000
166.000000
296.000000
2052.000000
283.000000
1249.000000
233.000000
424.000000
966.000000
399.000000
183.000000
153.000000
2744.000000
255.000000
328.000000
420.000000
146.000000
134.000000
69.000000
256.000000
963.000000
42.000000
330.000000
99.000000
570.000000
126.000000
129.000000
362.000000
415.000000
1401.000000
528.000000
117.000000
159.000000
112.000000
222.000000
331.000000
1509.000000
316.000000
647.000000
237.000000
201.000000
921.000000
537.000000
330.000000
169.000000
92.000000
217.000000
405.000000
687.000000
1003.000000
306.000000
145.000000
160.000000
328.000000
183.000000
535.000000
111.000000
1608.000000
597.000000
206.000000
393.000000
1318.000000
132.000000
268.000000
293.000000
323.000000
225.000000
3848.000000
324.000000
257.000000
1429.000000
376.000000
1610.000000
563.000000
387.000000
348.000000
466.000000
735.000000
233.000000
1269.000000
74.000000
52.000000
311.000000
578.000000
271.000000
234.000000
240.000000
487.000000
403.000000
2279.000000
439.000000
457.000000
232.000000
167.000000
657.000000
1175.000000
171.000000
95.000000
499.000000
1315.000000
312.000000
2315.000000
136.000000
1947.000000
497.000000
262.000000
193.000000
983.000000
1032.000000
166.000000
439.000000
621.000000
1488.000000
788.000000
267.000000
172.000000
107.000000
145.000000
689.000000
6958.000000
455.000000
85.000000
363.000000
208.000000
674.000000
487.000000
853.000000
155.000000
1059.000000
654.000000
950.000000
247.000000
431.000000
404.000000
51.000000
567.000000
750.000000
672.000000
148.000000
717.000000
735.000000
227.000000
161.000000
412.000000
407.000000
39.000000
540.000000
1252.000000
184.000000
114.000000
933.000000
644.000000
137.000000
676.000000
374.000000
2486.000000
256.000000
953.000000
989.000000
311.000000
2582.000000
724.000000
148.000000
1049.000000
443.000000
164.000000
1709.000000
1312.000000
494.000000
534.000000
274.000000
530.000000
139.000000
214.000000
604.000000
56.000000
236.000000
327.000000
1360.000000
241.000000
850.000000
149.000000
166.000000
111.000000
231.000000
1009.000000
67.000000
226.000000
960.000000
390.000000
1117.000000
79.000000
411.000000
1366.000000
150.000000
337.000000
802.000000
2616.000000
1818.000000
1009.000000
206.000000
608.000000
783.000000
646.000000
1004.000000
261.000000
386.000000
1144.000000
1290.000000
447.000000
192.000000
314.000000
292.000000
3156.000000
442.000000
261.000000
387.000000
1069.000000
732.000000
367.000000
94.000000
105.000000
716.000000
317.000000
295.000000
763.000000
