241.000000
1219.000000
465.000000
236.000000
338.000000
272.000000
979.000000
678.000000
1188.000000
254.000000
531.000000
675.000000
851.000000
357.000000
452.000000
441.000000
32.000000
94.000000
157.000000
362.000000
1158.000000
531.000000
543.000000
366.000000
2428.000000
292.000000
630.000000
497.000000
103.000000
1176.000000
222.000000
1643.000000
477.000000
942.000000
172.000000
267.000000
2356.000000
723.000000
211.000000
578.000000
377.000000
3782.000000
264.000000
474.000000
950.000000
94.000000
172.000000
614.000000
2079.000000
421.000000
304.000000
285.000000
48.000000
192.000000
615.000000
393.000000
176.000000
925.000000
1672.000000
471.000000
4229.000000
310.000000
107.000000
344.000000
1013.000000
137.000000
1030.000000
1582.000000
416.000000
215.000000
728.000000
696.000000
600.000000
620.000000
193.000000
158.000000
1982.000000
740.000000
413.000000
117.000000
86.000000
44.000000
195.000000
881.000000
623.000000
609.000000
711.000000
276.000000
50.000000
133.000000
95.000000
591.000000
51.000000
330.000000
748.000000
214.000000
777.000000
369.000000
82.000000
58.000000
936.000000
269.000000
167.000000
943.000000
360.000000
1012.000000
708.000000
155.000000
262.000000
302.000000
422.000000
220.000000
747.000000
393.000000
1123.000000
3304.000000
112.000000
419.000000
262.000000
269.000000
392.000000
64.000000
302.000000
420.000000
646.000000
213.000000
141.000000
373.000000
75.000000
110.000000
738.000000
136.000000
429.000000
112.000000
842.000000
1137.000000
122.000000
80.000000
517.000000
257.000000
29.000000
201.000000
1425.000000
1957.000000
80.000000
621.000000
5273.000000
124.000000
731.000000
385.000000
408.000000
1423.000000
94.000000
854.000000
782.000000
599.000000
135.000000
800.000000
88.000000
522.000000
144.000000
615.000000
388.000000
348.000000
110.000000
667.000000
626.000000
589.000000
385.000000
1009.000000
571.000000
172.000000
414.000000
215.000000
402.000000
955.000000
458.000000
1075.000000
1026.000000
1655.000000
189.000000
120.000000
569.000000
528.000000
812.000000
629.000000
839.000000
2623.000000
503.000000
466.000000
19202.000000
210.000000
63.000000
1519.000000
1080.000000
553.000000
187.000000
121.000000
160.000000
182.000000
367.000000
184.000000
752.000000
244.000000
281.000000
3444.000000
2067.000000
147.000000
2106.000000
582.000000
240.000000
197.000000
110.000000
693.000000
1740.000000
77.000000
251.000000
463.000000
261.000000
1169.000000
258.000000
1119.000000
321.000000
762.000000
515.000000
543.000000
446.000000
238.000000
467.000000
105.000000
1269.000000
61.000000
313.000000
407.000000
427.000000
172.000000
1091.000000
165.000000
108.000000
262.000000
77.000000
527.000000
354.000000
2424.000000
289.000000
1822.000000
264.000000
1008.000000
418.000000
85.000000
567.000000
195.000000
309.000000
758.000000
1749.000000
51.000000
1159.000000
288.000000
350.000000
880.000000
675.000000
79.000000
152.000000
796.000000
477.000000
208.000000
1577.000000
261.000000
195.000000
561.000000
6734.000000
1805.000000
1039.000000
1037.000000
209.000000
217.000000
456.000000
70.000000
2398.000000
534.000000
318.000000
180.000000
806.000000
344.000000
192.000000
156.000000
590.000000
414.000000
91.000000
543.000000
851.000000
266.000000
542.000000
260.000000
299.000000
2325.000000
1827.000000
234.000000
487.000000
2060.000000
443.000000
547.000000
134.000000
237.000000
34.000000
34.000000
350.000000
811.000000
198.000000
991.000000
142.000000
850.000000
949.000000
203.000000
1034.000000
597.000000
253.000000
793.000000
1024.000000
1758.000000
209.000000
210.000000
338.000000
89.000000
907.000000
624.000000
839.000000
2910.000000
364.000000
3297.000000
175.000000
359.000000
573.000000
124.000000
671.000000
167.000000
550.000000
685.000000
4294.000000
612.000000
446.000000
606.000000
246.000000
1317.000000
143.000000
3190.000000
2056.000000
126.000000
297.000000
474.000000
561.000000
79.000000
289.000000
569.000000
254.000000
91.000000
450.000000
369.000000
254.000000
444.000000
144.000000
420.000000
133.000000
508.000000
1176.000000
229.000000
598.000000
327.000000
192.000000
1772.000000
101.000000
2654.000000
286.000000
346.000000
106.000000
630.000000
216.000000
622.000000
414.000000
677.000000
203.000000
263.000000
232.000000
697.000000
524.000000
669.000000
2014.000000
155.000000
381.000000
365.000000
963.000000
967.000000
771.000000
338.000000
94.000000
26.000000
549.000000
404.000000
344.000000
610.000000
637.000000
253.000000
595.000000
203.000000
504.000000
350.000000
451.000000
3453.000000
584.000000
674.000000
1361.000000
1318.000000
210.000000
849.000000
588.000000
1220.000000
120.000000
3769.000000
312.000000
908.000000
181.000000
146.000000
1552.000000
425.000000
997.000000
1178.000000
288.000000
182.000000
238.000000
138.000000
121.000000
3517.000000
455.000000
1098.000000
263.000000
570.000000
343.000000
1707.000000
347.000000
232.000000
65.000000
293.000000
180.000000
496.000000
85.000000
246.000000
2314.000000
465.000000
1218.000000
990.000000
693.000000
823.000000
2268.000000
747.000000
371.000000
271.000000
451.000000
223.000000
390.000000
140.000000
427.000000
339.000000
1416.000000
1273.000000
449.000000
2130.000000
885.000000
40.000000
270.000000
1109.000000
182.000000
472.000000
108.000000
453.000000
3235.000000
1524.000000
435.000000
3403.000000
808.000000
672.000000
557.000000
917.000000
211.000000
389.000000
819.000000
95.000000
87.000000
607.000000
656.000000
410.000000
561.000000
260.000000
413.000000
122.000000
230.000000
148.000000
484.000000
600.000000
168.000000
3142.000000
635.000000
89.000000
186.000000
173.000000
360.000000
2239.000000
491.000000
197.000000
361.000000
216.000000
2502.000000
133.000000
3505.000000
352.000000
350.000000
305.000000
74.000000
22.000000
1453.000000
63.000000
237.000000
316.000000
535.000000
451.000000
5786.000000
257.000000
1351.000000
121.000000
344.000000
55.000000
240.000000
103.000000
586.000000
596.000000
659.000000
111.000000
2621.000000
955.000000
652.000000
63.000000
40.000000
2745.000000
204.000000
497.000000
1186.000000
59.000000
429.000000
763.000000
81.000000
135.000000
791.000000
55.000000
527.000000
2909.000000
458.000000
382.000000
155.000000
116.000000
2287.000000
618.000000
357.000000
138.000000
105.000000
308.000000
567.000000
633.000000
270.000000
281.000000
522.000000
1523.000000
389.000000
134.000000
227.000000
908.000000
43.000000
1741.000000
639.000000
215.000000
776.000000
412.000000
150.000000
550.000000
1407.000000
143.000000
277.000000
338.000000
32.000000
142.000000
832.000000
272.000000
386.000000
463.000000
493.000000
158.000000
210.000000
474.000000
437.000000
257.000000
848.000000
978.000000
187.000000
123.000000
235.000000
415.000000
197.000000
92.000000
822.000000
1662.000000
237.000000
1590.000000
343.000000
365.000000
158.000000
209.000000
199.000000
732.000000
95.000000
199.000000
2179.000000
1909.000000
858.000000
320.000000
247.000000
138.000000
257.000000
1598.000000
748.000000
287.000000
529.000000
319.000000
475.000000
473.000000
125.000000
68.000000
51.000000
93.000000
897.000000
117.000000
656.000000
391.000000
2279.000000
116.000000
334.000000
62.000000
825.000000
775.000000
708.000000
342.000000
394.000000
4268.000000
306.000000
409.000000
881.000000
611.000000
805.000000
385.000000
382.000000
446.000000
391.000000
3330.000000
866.000000
929.000000
393.000000
121.000000
261.000000
579.000000
276.000000
282.000000
670.000000
154.000000
462.000000
68.000000
72.000000
238.000000
663.000000
222.000000
1870.000000
149.000000
916.000000
3521.000000
768.000000
195.000000
137.000000
435.000000
1294.000000
229.000000
212.000000
526.000000
196.000000
917.000000
716.000000
576.000000
3689.000000
1727.000000
1512.000000
440.000000
714.000000
185.000000
102.000000
130.000000
389.000000
85.000000
2330.000000
4056.000000
115.000000
367.000000
44.000000
473.000000
491.000000
324.000000
1363.000000
626.000000
8223.000000
738.000000
1266.000000
894.000000
575.000000
1092.000000
324.000000
71.000000
2844.000000
142.000000
309.000000
553.000000
1161.000000
423.000000
195.000000
97.000000
198.000000
539.000000
531.000000
150.000000
198.000000
334.000000
292.000000
404.000000
89.000000
158.000000
1581.000000
628.000000
265.000000
452.000000
179.000000
226.000000
217.000000
1733.000000
166.000000
1177.000000
498.000000
1279.000000
47.000000
134.000000
785.000000
1052.000000
197.000000
124.000000
1291.000000
407.000000
280.000000
162.000000
121.000000
894.000000
225.000000
1005.000000
675.000000
1242.000000
261.000000
1485.000000
233.000000
348.000000
983.000000
1007.000000
184.000000
469.000000
225.000000
304.000000
90.000000
205.000000
10009.000000
793.000000
180.000000
79.000000
1749.000000
104.000000
559.000000
478.000000
136.000000
147.000000
275.000000
420.000000
155.000000
129.000000
1225.000000
614.000000
51.000000
115.000000
803.000000
284.000000
443.000000
577.000000
367.000000
2020.000000
3690.000000
700.000000
301.000000
190.000000
2609.000000
124.000000
90.000000
782.000000
623.000000
206.000000
318.000000
146.000000
927.000000
389.000000
558.000000
298.000000
678.000000
553.000000
717.000000
262.000000
196.000000
210.000000
253.000000
594.000000
54.000000
270.000000
1033.000000
862.000000
380.000000
195.000000
87.000000
156.000000
489.000000
1086.000000
122.000000
432.000000
639.000000
291.000000
219.000000
141.000000
643.000000
37.000000
1204.000000
477.000000
86.000000
332.000000
533.000000
89.000000
193.000000
119.000000
71.000000
923.000000
601.000000
311.000000
412.000000
66.000000
36.000000
64.000000
1212.000000
419.000000
104.000000
678.000000
629.000000
299.000000
636.000000
4263.000000
73.000000
709.000000
211.000000
375.000000
123.000000
322.000000
265.000000
1055.000000
755.000000
397.000000
1071.000000
862.000000
724.000000
369.000000
6986.000000
605.000000
907.000000
621.000000
111.000000
297.000000
524.000000
697.000000
2878.000000
612.000000
412.000000
246.000000
42.000000
1532.000000
423.000000
2345.000000
1389.000000
263.000000
547.000000
159.000000
300.000000
216.000000
194.000000
336.000000
37.000000
908.000000
72.000000
150.000000
82.000000
346.000000
576.000000
333.000000
123.000000
118.000000
271.000000
331.000000
1048.000000
1670.000000
1907.000000
1262.000000
212.000000
157.000000
356.000000
144.000000
1020.000000
314.000000
232.000000
801.000000
726.000000
570.000000
736.000000
123.000000
619.000000
809.000000
320.000000
190.000000
1790.000000
126.000000
1088.000000
558.000000
223.000000
345.000000
1033.000000
204.000000
1507.000000
331.000000
704.000000
557.000000
2008.000000
612.000000
658.000000
163.000000
318.000000
464.000000
753.000000
920.000000
69.000000
1725.000000
172.000000
643.000000
79.000000
1073.000000
1503.000000
1442.000000
286.000000
863.000000
140.000000
42.000000
2138.000000
1034.000000
302.000000
347.000000
2191.000000
211.000000
160.000000
170.000000
1528.000000
677.000000
908.000000
1486.000000
440.000000
576.000000
83.000000
8787.000000
28.000000
1162.000000
384.000000
1081.000000
1347.000000
6116.000000
1538.000000
1271.000000
1804.000000
243.000000
200.000000
208.000000
88.000000
766.000000
