800.000000
719.000000
437.000000
126.000000
840.000000
110.000000
983.000000
524.000000
525.000000
1283.000000
246.000000
541.000000
901.000000
122.000000
356.000000
631.000000
364.000000
175.000000
267.000000
328.000000
1134.000000
312.000000
1040.000000
337.000000
310.000000
869.000000
894.000000
325.000000
53.000000
112.000000
822.000000
679.000000
993.000000
233.000000
214.000000
304.000000
166.000000
206.000000
1115.000000
38.000000
365.000000
443.000000
1380.000000
375.000000
836.000000
246.000000
968.000000
652.000000
65.000000
287.000000
207.000000
335.000000
779.000000
1311.000000
134.000000
695.000000
974.000000
756.000000
18.000000
1804.000000
1049.000000
85.000000
264.000000
404.000000
893.000000
298.000000
262.000000
929.000000
83.000000
314.000000
272.000000
2402.000000
277.000000
310.000000
1245.000000
391.000000
144.000000
242.000000
273.000000
1882.000000
1620.000000
122.000000
260.000000
417.000000
2983.000000
595.000000
56.000000
1603.000000
204.000000
114.000000
444.000000
1338.000000
1057.000000
620.000000
505.000000
32.000000
109.000000
166.000000
1439.000000
217.000000
352.000000
416.000000
892.000000
62.000000
748.000000
323.000000
136.000000
711.000000
293.000000
1212.000000
298.000000
1157.000000
1076.000000
177.000000
231.000000
551.000000
1022.000000
888.000000
1380.000000
236.000000
418.000000
1710.000000
731.000000
388.000000
1053.000000
2349.000000
1080.000000
1095.000000
1359.000000
1192.000000
571.000000
277.000000
302.000000
1148.000000
545.000000
329.000000
604.000000
515.000000
381.000000
280.000000
112.000000
1683.000000
792.000000
100.000000
326.000000
483.000000
370.000000
127.000000
206.000000
332.000000
3094.000000
1234.000000
826.000000
109.000000
207.000000
1515.000000
99.000000
456.000000
258.000000
283.000000
1933.000000
500.000000
884.000000
781.000000
1195.000000
1261.000000
484.000000
164.000000
297.000000
536.000000
200.000000
177.000000
247.000000
468.000000
2513.000000
619.000000
391.000000
653.000000
362.000000
284.000000
1061.000000
72.000000
442.000000
1781.000000
580.000000
1059.000000
1120.000000
255.000000
3797.000000
245.000000
675.000000
93.000000
209.000000
932.000000
1133.000000
386.000000
136.000000
1504.000000
563.000000
2236.000000
152.000000
355.000000
50.000000
486.000000
186.000000
827.000000
880.000000
906.000000
1269.000000
153.000000
87.000000
468.000000
145.000000
380.000000
2575.000000
245.000000
192.000000
1644.000000
1865.000000
1729.000000
684.000000
455.000000
1884.000000
870.000000
183.000000
975.000000
209.000000
254.000000
626.000000
323.000000
1432.000000
603.000000
688.000000
568.000000
379.000000
168.000000
219.000000
256.000000
1393.000000
554.000000
228.000000
447.000000
349.000000
191.000000
354.000000
126.000000
1015.000000
230.000000
404.000000
148.000000
2021.000000
814.000000
1107.000000
244.000000
211.000000
248.000000
104.000000
176.000000
169.000000
247.000000
323.000000
981.000000
124.000000
428.000000
1678.000000
850.000000
49.000000
325.000000
549.000000
806.000000
617.000000
202.000000
111.000000
418.000000
1477.000000
216.000000
623.000000
322.000000
664.000000
621.000000
479.000000
356.000000
557.000000
859.000000
142.000000
591.000000
239.000000
2536.000000
344.000000
414.000000
1377.000000
408.000000
1195.000000
139.000000
72.000000
330.000000
882.000000
1236.000000
113.000000
171.000000
659.000000
92.000000
103.000000
147.000000
148.000000
307.000000
269.000000
99.000000
851.000000
1258.000000
638.000000
679.000000
126.000000
861.000000
497.000000
425.000000
371.000000
142.000000
561.000000
720.000000
197.000000
388.000000
135.000000
105.000000
374.000000
976.000000
288.000000
1905.000000
894.000000
521.000000
661.000000
737.000000
139.000000
526.000000
955.000000
71.000000
186.000000
571.000000
515.000000
89.000000
205.000000
276.000000
716.000000
167.000000
476.000000
496.000000
1495.000000
2509.000000
129.000000
361.000000
112.000000
821.000000
423.000000
68.000000
221.000000
819.000000
145.000000
387.000000
350.000000
692.000000
717.000000
519.000000
236.000000
587.000000
1036.000000
129.000000
579.000000
793.000000
741.000000
2167.000000
170.000000
1415.000000
361.000000
39.000000
1618.000000
562.000000
198.000000
37.000000
1507.000000
1992.000000
79.000000
670.000000
169.000000
688.000000
654.000000
615.000000
247.000000
991.000000
358.000000
167.000000
413.000000
2294.000000
446.000000
597.000000
560.000000
23.000000
1304.000000
267.000000
702.000000
256.000000
187.000000
1166.000000
271.000000
391.000000
805.000000
916.000000
594.000000
60.000000
425.000000
433.000000
182.000000
185.000000
832.000000
165.000000
249.000000
331.000000
1115.000000
841.000000
1024.000000
120.000000
334.000000
1098.000000
148.000000
1442.000000
61.000000
574.000000
735.000000
574.000000
570.000000
571.000000
402.000000
1374.000000
584.000000
1458.000000
1260.000000
452.000000
201.000000
359.000000
524.000000
1694.000000
692.000000
273.000000
264.000000
444.000000
314.000000
284.000000
754.000000
758.000000
182.000000
74.000000
374.000000
174.000000
79.000000
711.000000
1430.000000
1002.000000
195.000000
162.000000
1303.000000
902.000000
1083.000000
2335.000000
353.000000
616.000000
312.000000
543.000000
314.000000
1235.000000
352.000000
179.000000
1055.000000
656.000000
1401.000000
60.000000
76.000000
183.000000
434.000000
1475.000000
189.000000
3900.000000
265.000000
275.000000
745.000000
483.000000
157.000000
805.000000
126.000000
433.000000
518.000000
281.000000
84.000000
240.000000
693.000000
154.000000
73.000000
266.000000
224.000000
318.000000
240.000000
443.000000
2677.000000
78.000000
174.000000
109.000000
367.000000
181.000000
236.000000
891.000000
653.000000
1894.000000
319.000000
658.000000
1664.000000
501.000000
73.000000
1191.000000
384.000000
91.000000
208.000000
225.000000
887.000000
447.000000
4170.000000
1111.000000
287.000000
71.000000
381.000000
1387.000000
253.000000
172.000000
1678.000000
363.000000
87.000000
211.000000
800.000000
114.000000
404.000000
284.000000
91.000000
355.000000
128.000000
1991.000000
164.000000
633.000000
501.000000
745.000000
1432.000000
96.000000
136.000000
622.000000
329.000000
981.000000
7391.000000
1887.000000
446.000000
338.000000
354.000000
1008.000000
661.000000
1539.000000
792.000000
141.000000
93.000000
220.000000
711.000000
985.000000
678.000000
143.000000
144.000000
268.000000
1110.000000
344.000000
983.000000
721.000000
74.000000
248.000000
646.000000
145.000000
199.000000
536.000000
1296.000000
1360.000000
224.000000
873.000000
370.000000
1089.000000
979.000000
97.000000
173.000000
320.000000
131.000000
432.000000
461.000000
404.000000
806.000000
360.000000
1485.000000
1036.000000
480.000000
688.000000
244.000000
270.000000
305.000000
935.000000
711.000000
318.000000
1796.000000
344.000000
194.000000
302.000000
509.000000
777.000000
100.000000
228.000000
380.000000
494.000000
477.000000
313.000000
460.000000
1299.000000
20.000000
417.000000
310.000000
225.000000
140.000000
102.000000
359.000000
338.000000
1248.000000
244.000000
1350.000000
119.000000
408.000000
404.000000
440.000000
1306.000000
562.000000
193.000000
71.000000
5920.000000
460.000000
480.000000
104.000000
141.000000
585.000000
97.000000
828.000000
31.000000
913.000000
141.000000
126.000000
247.000000
527.000000
89.000000
31.000000
620.000000
360.000000
351.000000
555.000000
458.000000
35.000000
609.000000
445.000000
214.000000
758.000000
118.000000
343.000000
354.000000
685.000000
407.000000
271.000000
584.000000
1117.000000
1379.000000
276.000000
507.000000
277.000000
454.000000
838.000000
385.000000
409.000000
693.000000
761.000000
323.000000
677.000000
229.000000
591.000000
376.000000
257.000000
5858.000000
512.000000
572.000000
529.000000
2031.000000
327.000000
1054.000000
161.000000
840.000000
466.000000
583.000000
522.000000
890.000000
173.000000
160.000000
303.000000
465.000000
717.000000
192.000000
943.000000
1742.000000
742.000000
252.000000
1232.000000
52.000000
423.000000
466.000000
473.000000
180.000000
368.000000
254.000000
433.000000
1129.000000
696.000000
144.000000
185.000000
1614.000000
839.000000
324.000000
180.000000
493.000000
496.000000
600.000000
453.000000
2850.000000
110.000000
158.000000
531.000000
497.000000
258.000000
60.000000
405.000000
626.000000
246.000000
506.000000
189.000000
128.000000
533.000000
824.000000
395.000000
518.000000
374.000000
317.000000
741.000000
718.000000
498.000000
274.000000
1220.000000
553.000000
86.000000
1014.000000
854.000000
383.000000
1257.000000
532.000000
246.000000
299.000000
359.000000
1092.000000
59.000000
1211.000000
98.000000
2662.000000
81.000000
501.000000
1080.000000
106.000000
276.000000
389.000000
406.000000
1289.000000
194.000000
2640.000000
1504.000000
426.000000
20.000000
945.000000
219.000000
273.000000
252.000000
686.000000
413.000000
196.000000
291.000000
290.000000
1188.000000
785.000000
666.000000
275.000000
114.000000
199.000000
476.000000
147.000000
210.000000
291.000000
715.000000
197.000000
2571.000000
135.000000
1001.000000
1352.000000
2502.000000
588.000000
564.000000
327.000000
389.000000
3070.000000
849.000000
354.000000
1918.000000
1183.000000
1870.000000
418.000000
436.000000
98.000000
334.000000
80.000000
212.000000
238.000000
228.000000
88.000000
486.000000
1113.000000
893.000000
117.000000
909.000000
2202.000000
1259.000000
407.000000
1491.000000
395.000000
2280.000000
3830.000000
840.000000
152.000000
413.000000
617.000000
1192.000000
141.000000
305.000000
194.000000
788.000000
1617.000000
1375.000000
191.000000
1159.000000
1620.000000
134.000000
181.000000
271.000000
365.000000
97.000000
218.000000
1398.000000
757.000000
559.000000
97.000000
499.000000
496.000000
204.000000
5369.000000
643.000000
737.000000
252.000000
97.000000
377.000000
395.000000
849.000000
318.000000
19.000000
963.000000
349.000000
179.000000
479.000000
221.000000
77.000000
702.000000
169.000000
921.000000
1504.000000
702.000000
361.000000
543.000000
458.000000
626.000000
343.000000
2913.000000
3391.000000
141.000000
415.000000
338.000000
94.000000
3994.000000
124.000000
875.000000
695.000000
170.000000
417.000000
1605.000000
500.000000
3236.000000
770.000000
74.000000
386.000000
1405.000000
259.000000
113.000000
1493.000000
356.000000
60.000000
654.000000
656.000000
424.000000
476.000000
2846.000000
741.000000
246.000000
455.000000
500.000000
598.000000
663.000000
776.000000
383.000000
301.000000
1507.000000
1157.000000
418.000000
1905.000000
361.000000
155.000000
311.000000
212.000000
573.000000
725.000000
710.000000
204.000000
600.000000
221.000000
480.000000
29.000000
758.000000
111.000000
653.000000
442.000000
2285.000000
552.000000
1086.000000
143.000000
292.000000
362.000000
161.000000
163.000000
1157.000000
632.000000
1272.000000
186.000000
2313.000000
494.000000
477.000000
575.000000
735.000000
418.000000
943.000000
668.000000
293.000000
185.000000
207.000000
14.000000
216.000000
670.000000
351.000000
220.000000
1157.000000
221.000000
1020.000000
218.000000
349.000000
1115.000000
243.000000
438.000000
513.000000
747.000000
633.000000
1087.000000
201.000000
162.000000
175.000000
175.000000
806.000000
695.000000
372.000000
