762.000000
816.000000
1154.000000
311.000000
225.000000
115.000000
79.000000
2047.000000
621.000000
30.000000
241.000000
354.000000
2205.000000
142.000000
236.000000
5194.000000
2398.000000
528.000000
2852.000000
460.000000
968.000000
640.000000
576.000000
541.000000
4149.000000
622.000000
84.000000
266.000000
875.000000
130.000000
371.000000
201.000000
272.000000
923.000000
427.000000
381.000000
159.000000
878.000000
269.000000
608.000000
410.000000
909.000000
381.000000
699.000000
903.000000
2611.000000
502.000000
234.000000
1374.000000
199.000000
871.000000
2887.000000
354.000000
433.000000
276.000000
409.000000
1068.000000
106.000000
474.000000
99.000000
615.000000
246.000000
77.000000
705.000000
219.000000
431.000000
240.000000
2969.000000
694.000000
1066.000000
391.000000
531.000000
699.000000
741.000000
2287.000000
259.000000
234.000000
2764.000000
255.000000
313.000000
784.000000
452.000000
126.000000
746.000000
210.000000
131.000000
290.000000
634.000000
106.000000
503.000000
1111.000000
427.000000
327.000000
1440.000000
123.000000
236.000000
42.000000
337.000000
2811.000000
161.000000
67.000000
413.000000
57.000000
218.000000
193.000000
372.000000
323.000000
1791.000000
505.000000
1095.000000
1252.000000
242.000000
1410.000000
96.000000
155.000000
375.000000
495.000000
259.000000
673.000000
2238.000000
246.000000
476.000000
308.000000
421.000000
289.000000
111.000000
452.000000
389.000000
134.000000
429.000000
372.000000
570.000000
157.000000
157.000000
275.000000
385.000000
159.000000
648.000000
231.000000
607.000000
764.000000
2497.000000
920.000000
794.000000
434.000000
672.000000
253.000000
783.000000
155.000000
326.000000
1723.000000
52.000000
349.000000
688.000000
593.000000
540.000000
236.000000
1534.000000
1378.000000
232.000000
51.000000
611.000000
202.000000
250.000000
134.000000
182.000000
823.000000
852.000000
406.000000
674.000000
153.000000
357.000000
89.000000
54.000000
582.000000
802.000000
827.000000
171.000000
2061.000000
2839.000000
613.000000
445.000000
298.000000
48.000000
232.000000
188.000000
332.000000
314.000000
80.000000
718.000000
476.000000
1423.000000
451.000000
1154.000000
859.000000
353.000000
321.000000
613.000000
245.000000
758.000000
1501.000000
85.000000
126.000000
3678.000000
291.000000
35.000000
1329.000000
1361.000000
795.000000
263.000000
194.000000
511.000000
73.000000
76.000000
453.000000
2487.000000
778.000000
160.000000
933.000000
343.000000
1190.000000
242.000000
102.000000
55.000000
327.000000
666.000000
101.000000
448.000000
348.000000
1848.000000
228.000000
2197.000000
2683.000000
1361.000000
703.000000
650.000000
158.000000
1603.000000
1370.000000
745.000000
368.000000
1107.000000
26.000000
1081.000000
69.000000
731.000000
414.000000
636.000000
518.000000
66.000000
1857.000000
268.000000
434.000000
1979.000000
343.000000
83.000000
1710.000000
458.000000
572.000000
460.000000
832.000000
283.000000
1007.000000
712.000000
664.000000
245.000000
109.000000
42.000000
714.000000
410.000000
433.000000
707.000000
576.000000
249.000000
797.000000
339.000000
795.000000
162.000000
148.000000
385.000000
83.000000
638.000000
651.000000
98.000000
303.000000
572.000000
566.000000
488.000000
1139.000000
199.000000
624.000000
450.000000
337.000000
1574.000000
5160.000000
259.000000
637.000000
381.000000
152.000000
443.000000
519.000000
267.000000
653.000000
1515.000000
201.000000
2242.000000
58.000000
356.000000
242.000000
332.000000
444.000000
124.000000
695.000000
225.000000
1160.000000
603.000000
293.000000
185.000000
266.000000
209.000000
688.000000
2162.000000
109.000000
187.000000
472.000000
195.000000
708.000000
5137.000000
1371.000000
511.000000
493.000000
227.000000
777.000000
1021.000000
369.000000
184.000000
189.000000
774.000000
658.000000
622.000000
644.000000
809.000000
165.000000
551.000000
125.000000
224.000000
562.000000
549.000000
513.000000
118.000000
102.000000
1134.000000
315.000000
212.000000
103.000000
970.000000
340.000000
1219.000000
466.000000
343.000000
712.000000
214.000000
2062.000000
114.000000
379.000000
1017.000000
470.000000
1680.000000
132.000000
936.000000
48.000000
108.000000
388.000000
297.000000
753.000000
101.000000
209.000000
612.000000
132.000000
87.000000
180.000000
53.000000
781.000000
1533.000000
510.000000
3028.000000
435.000000
1642.000000
713.000000
249.000000
435.000000
622.000000
125.000000
115.000000
205.000000
835.000000
111.000000
509.000000
1852.000000
6022.000000
752.000000
158.000000
729.000000
114.000000
379.000000
188.000000
167.000000
737.000000
190.000000
398.000000
231.000000
694.000000
124.000000
509.000000
215.000000
730.000000
151.000000
237.000000
1438.000000
802.000000
261.000000
499.000000
589.000000
170.000000
430.000000
195.000000
243.000000
738.000000
133.000000
270.000000
179.000000
2101.000000
193.000000
1841.000000
244.000000
406.000000
172.000000
1817.000000
701.000000
137.000000
1737.000000
3266.000000
1330.000000
724.000000
773.000000
295.000000
531.000000
213.000000
120.000000
66.000000
327.000000
2376.000000
754.000000
319.000000
276.000000
90.000000
2256.000000
185.000000
89.000000
195.000000
195.000000
1287.000000
129.000000
846.000000
90.000000
880.000000
239.000000
164.000000
3714.000000
429.000000
459.000000
209.000000
195.000000
146.000000
60.000000
358.000000
366.000000
685.000000
1135.000000
1655.000000
1813.000000
503.000000
973.000000
707.000000
291.000000
465.000000
170.000000
330.000000
329.000000
66.000000
85.000000
233.000000
819.000000
520.000000
177.000000
1210.000000
608.000000
176.000000
748.000000
249.000000
1545.000000
1143.000000
324.000000
1520.000000
803.000000
87.000000
2917.000000
305.000000
583.000000
448.000000
407.000000
429.000000
921.000000
164.000000
1352.000000
650.000000
184.000000
842.000000
106.000000
866.000000
382.000000
691.000000
508.000000
44.000000
454.000000
639.000000
168.000000
103.000000
97.000000
221.000000
394.000000
158.000000
145.000000
1395.000000
291.000000
613.000000
236.000000
78.000000
749.000000
704.000000
501.000000
424.000000
418.000000
507.000000
212.000000
242.000000
1122.000000
2242.000000
204.000000
546.000000
357.000000
153.000000
369.000000
817.000000
364.000000
3825.000000
182.000000
369.000000
698.000000
280.000000
1301.000000
87.000000
140.000000
1169.000000
376.000000
3746.000000
45.000000
352.000000
108.000000
295.000000
421.000000
120.000000
374.000000
124.000000
185.000000
202.000000
538.000000
152.000000
385.000000
389.000000
2400.000000
146.000000
2742.000000
4726.000000
203.000000
96.000000
102.000000
779.000000
120.000000
125.000000
347.000000
1368.000000
121.000000
158.000000
628.000000
299.000000
3873.000000
468.000000
509.000000
465.000000
106.000000
82.000000
144.000000
110.000000
258.000000
438.000000
949.000000
170.000000
129.000000
305.000000
335.000000
427.000000
176.000000
2896.000000
242.000000
156.000000
2240.000000
654.000000
515.000000
269.000000
1658.000000
2001.000000
85.000000
710.000000
628.000000
241.000000
196.000000
349.000000
87.000000
81.000000
200.000000
394.000000
129.000000
810.000000
962.000000
244.000000
118.000000
177.000000
646.000000
585.000000
263.000000
900.000000
704.000000
755.000000
301.000000
442.000000
446.000000
151.000000
28.000000
332.000000
495.000000
760.000000
752.000000
50.000000
204.000000
246.000000
257.000000
386.000000
5500.000000
1291.000000
100.000000
955.000000
1067.000000
1659.000000
850.000000
511.000000
280.000000
22.000000
217.000000
49.000000
289.000000
1282.000000
691.000000
540.000000
317.000000
881.000000
764.000000
198.000000
255.000000
205.000000
162.000000
55.000000
410.000000
874.000000
1087.000000
258.000000
156.000000
184.000000
168.000000
298.000000
924.000000
55.000000
500.000000
764.000000
160.000000
148.000000
646.000000
84.000000
624.000000
538.000000
216.000000
442.000000
134.000000
137.000000
965.000000
361.000000
155.000000
145.000000
183.000000
411.000000
645.000000
62.000000
3050.000000
197.000000
79.000000
649.000000
24.000000
415.000000
388.000000
96.000000
311.000000
251.000000
2105.000000
825.000000
96.000000
128.000000
262.000000
622.000000
104.000000
300.000000
433.000000
2746.000000
538.000000
881.000000
414.000000
2222.000000
1003.000000
486.000000
104.000000
106.000000
323.000000
41.000000
398.000000
162.000000
412.000000
527.000000
277.000000
1777.000000
86.000000
343.000000
204.000000
1231.000000
713.000000
357.000000
1010.000000
1364.000000
1934.000000
78.000000
549.000000
91.000000
182.000000
951.000000
346.000000
228.000000
273.000000
173.000000
1214.000000
4237.000000
262.000000
954.000000
724.000000
323.000000
1189.000000
258.000000
200.000000
1322.000000
156.000000
729.000000
111.000000
1047.000000
214.000000
1579.000000
477.000000
824.000000
97.000000
872.000000
745.000000
203.000000
335.000000
210.000000
86.000000
327.000000
1211.000000
277.000000
120.000000
359.000000
90.000000
1431.000000
1140.000000
707.000000
393.000000
112.000000
156.000000
455.000000
206.000000
82.000000
533.000000
598.000000
275.000000
775.000000
321.000000
993.000000
404.000000
1635.000000
391.000000
974.000000
225.000000
1109.000000
108.000000
297.000000
136.000000
169.000000
699.000000
44.000000
455.000000
206.000000
454.000000
1613.000000
3193.000000
659.000000
157.000000
94.000000
171.000000
320.000000
163.000000
2662.000000
1673.000000
375.000000
785.000000
145.000000
445.000000
158.000000
400.000000
247.000000
527.000000
217.000000
365.000000
689.000000
214.000000
809.000000
82.000000
308.000000
307.000000
109.000000
435.000000
607.000000
299.000000
443.000000
128.000000
100.000000
3264.000000
136.000000
227.000000
239.000000
143.000000
235.000000
218.000000
131.000000
188.000000
1757.000000
512.000000
447.000000
946.000000
203.000000
260.000000
1095.000000
523.000000
321.000000
754.000000
149.000000
387.000000
325.000000
148.000000
806.000000
569.000000
103.000000
1030.000000
1918.000000
1144.000000
559.000000
960.000000
73.000000
2974.000000
719.000000
167.000000
500.000000
891.000000
432.000000
249.000000
557.000000
70.000000
2178.000000
646.000000
123.000000
946.000000
132.000000
526.000000
371.000000
63.000000
734.000000
111.000000
115.000000
343.000000
684.000000
141.000000
227.000000
170.000000
1687.000000
249.000000
78.000000
334.000000
242.000000
1354.000000
393.000000
526.000000
285.000000
454.000000
1392.000000
775.000000
283.000000
113.000000
267.000000
473.000000
2930.000000
423.000000
44.000000
276.000000
453.000000
265.000000
777.000000
2045.000000
627.000000
1459.000000
75.000000
125.000000
591.000000
189.000000
170.000000
465.000000
254.000000
192.000000
1237.000000
484.000000
794.000000
243.000000
41.000000
1817.000000
758.000000
966.000000
451.000000
471.000000
2013.000000
105.000000
515.000000
1611.000000
67.000000
498.000000
182.000000
215.000000
386.000000
122.000000
429.000000
411.000000
186.000000
122.000000
150.000000
210.000000
421.000000
346.000000
1155.000000
944.000000
1647.000000
404.000000
301.000000
210.000000
3170.000000
722.000000
126.000000
163.000000
314.000000
194.000000
476.000000
339.000000
412.000000
1031.000000
865.000000
407.000000
195.000000
207.000000
1401.000000
