112.000000
722.000000
177.000000
4049.000000
285.000000
1003.000000
507.000000
325.000000
1403.000000
117.000000
203.000000
222.000000
1105.000000
1326.000000
667.000000
137.000000
61.000000
383.000000
293.000000
697.000000
1180.000000
367.000000
914.000000
787.000000
282.000000
277.000000
2073.000000
53.000000
239.000000
327.000000
650.000000
934.000000
2355.000000
626.000000
405.000000
337.000000
371.000000
104.000000
300.000000
574.000000
227.000000
1023.000000
81.000000
307.000000
134.000000
650.000000
692.000000
1081.000000
1031.000000
127.000000
398.000000
68.000000
472.000000
242.000000
140.000000
1197.000000
1362.000000
424.000000
364.000000
645.000000
91.000000
1848.000000
217.000000
75.000000
638.000000
1016.000000
332.000000
2628.000000
1330.000000
242.000000
639.000000
598.000000
712.000000
865.000000
1080.000000
761.000000
1297.000000
1612.000000
538.000000
42.000000
271.000000
183.000000
135.000000
109.000000
520.000000
772.000000
647.000000
297.000000
282.000000
866.000000
394.000000
661.000000
217.000000
2605.000000
150.000000
326.000000
272.000000
848.000000
2577.000000
139.000000
1079.000000
68.000000
405.000000
178.000000
1877.000000
615.000000
239.000000
114.000000
93.000000
3030.000000
532.000000
594.000000
896.000000
1738.000000
1914.000000
120.000000
605.000000
3687.000000
174.000000
23.000000
189.000000
129.000000
333.000000
574.000000
398.000000
189.000000
1123.000000
659.000000
190.000000
78.000000
128.000000
632.000000
254.000000
1339.000000
304.000000
178.000000
155.000000
238.000000
340.000000
283.000000
80.000000
422.000000
492.000000
788.000000
2681.000000
266.000000
105.000000
268.000000
26.000000
276.000000
394.000000
85.000000
234.000000
375.000000
345.000000
33.000000
365.000000
170.000000
193.000000
267.000000
212.000000
301.000000
1036.000000
697.000000
324.000000
1514.000000
586.000000
277.000000
1824.000000
3669.000000
941.000000
1265.000000
452.000000
92.000000
243.000000
387.000000
1887.000000
342.000000
2220.000000
119.000000
471.000000
1814.000000
1462.000000
182.000000
718.000000
348.000000
147.000000
7843.000000
352.000000
1289.000000
968.000000
147.000000
41.000000
1695.000000
457.000000
112.000000
192.000000
3241.000000
255.000000
207.000000
103.000000
453.000000
221.000000
1195.000000
132.000000
320.000000
170.000000
114.000000
78.000000
101.000000
446.000000
436.000000
262.000000
3738.000000
1322.000000
328.000000
1261.000000
895.000000
426.000000
682.000000
80.000000
1254.000000
752.000000
601.000000
136.000000
1989.000000
303.000000
74.000000
720.000000
2439.000000
1139.000000
256.000000
25.000000
217.000000
698.000000
179.000000
367.000000
126.000000
1960.000000
48.000000
474.000000
1367.000000
739.000000
396.000000
561.000000
646.000000
1710.000000
200.000000
345.000000
162.000000
106.000000
161.000000
1127.000000
371.000000
361.000000
373.000000
203.000000
378.000000
1680.000000
498.000000
680.000000
980.000000
317.000000
140.000000
744.000000
402.000000
591.000000
582.000000
395.000000
833.000000
704.000000
2712.000000
951.000000
395.000000
150.000000
249.000000
876.000000
482.000000
89.000000
1510.000000
311.000000
569.000000
679.000000
487.000000
1068.000000
672.000000
365.000000
173.000000
213.000000
1114.000000
312.000000
201.000000
426.000000
1170.000000
326.000000
245.000000
310.000000
387.000000
113.000000
343.000000
250.000000
25.000000
132.000000
1694.000000
175.000000
163.000000
51.000000
362.000000
509.000000
626.000000
150.000000
1067.000000
308.000000
208.000000
178.000000
613.000000
430.000000
276.000000
850.000000
196.000000
108.000000
1118.000000
59.000000
250.000000
548.000000
335.000000
389.000000
912.000000
743.000000
487.000000
1237.000000
439.000000
1787.000000
120.000000
405.000000
357.000000
1173.000000
1360.000000
262.000000
39.000000
263.000000
240.000000
440.000000
360.000000
294.000000
919.000000
643.000000
189.000000
106.000000
305.000000
1209.000000
1072.000000
182.000000
442.000000
156.000000
136.000000
324.000000
905.000000
477.000000
511.000000
1656.000000
1636.000000
349.000000
185.000000
624.000000
733.000000
333.000000
4527.000000
254.000000
204.000000
697.000000
344.000000
228.000000
249.000000
72.000000
787.000000
731.000000
158.000000
163.000000
456.000000
185.000000
534.000000
89.000000
480.000000
184.000000
49.000000
43.000000
192.000000
1671.000000
282.000000
1018.000000
413.000000
141.000000
2064.000000
39.000000
154.000000
169.000000
232.000000
97.000000
1378.000000
4083.000000
2651.000000
108.000000
171.000000
195.000000
1342.000000
558.000000
552.000000
544.000000
225.000000
193.000000
3707.000000
635.000000
416.000000
235.000000
436.000000
63.000000
4241.000000
574.000000
1083.000000
844.000000
92.000000
1256.000000
50.000000
359.000000
76.000000
581.000000
709.000000
676.000000
580.000000
522.000000
48.000000
656.000000
647.000000
349.000000
54.000000
1296.000000
707.000000
211.000000
167.000000
2642.000000
337.000000
412.000000
299.000000
237.000000
395.000000
2203.000000
1656.000000
705.000000
423.000000
281.000000
958.000000
1262.000000
389.000000
2290.000000
2189.000000
232.000000
1177.000000
511.000000
243.000000
2921.000000
5684.000000
342.000000
971.000000
78.000000
543.000000
221.000000
199.000000
792.000000
185.000000
2425.000000
361.000000
185.000000
173.000000
2126.000000
310.000000
60.000000
195.000000
371.000000
279.000000
319.000000
413.000000
434.000000
45.000000
223.000000
96.000000
6570.000000
661.000000
514.000000
446.000000
1869.000000
372.000000
2125.000000
1103.000000
377.000000
2279.000000
683.000000
380.000000
976.000000
552.000000
1154.000000
285.000000
279.000000
997.000000
293.000000
1195.000000
173.000000
298.000000
4830.000000
339.000000
1350.000000
616.000000
95.000000
308.000000
293.000000
478.000000
331.000000
169.000000
1036.000000
642.000000
218.000000
181.000000
340.000000
428.000000
639.000000
585.000000
244.000000
361.000000
59.000000
735.000000
199.000000
77.000000
896.000000
555.000000
222.000000
454.000000
231.000000
302.000000
374.000000
307.000000
1745.000000
3578.000000
384.000000
49.000000
482.000000
478.000000
117.000000
1389.000000
949.000000
1395.000000
393.000000
810.000000
286.000000
4365.000000
500.000000
154.000000
238.000000
192.000000
119.000000
354.000000
424.000000
558.000000
468.000000
160.000000
263.000000
1046.000000
380.000000
2200.000000
569.000000
382.000000
1228.000000
118.000000
352.000000
169.000000
907.000000
685.000000
1660.000000
715.000000
2497.000000
151.000000
11503.000000
129.000000
226.000000
1553.000000
1602.000000
850.000000
96.000000
2956.000000
249.000000
423.000000
1088.000000
106.000000
1426.000000
56.000000
724.000000
220.000000
213.000000
105.000000
701.000000
323.000000
46.000000
116.000000
688.000000
129.000000
204.000000
193.000000
100.000000
1088.000000
376.000000
91.000000
483.000000
325.000000
1354.000000
306.000000
376.000000
595.000000
246.000000
96.000000
212.000000
190.000000
261.000000
475.000000
168.000000
1163.000000
408.000000
105.000000
63.000000
306.000000
45.000000
184.000000
397.000000
4708.000000
182.000000
498.000000
855.000000
631.000000
79.000000
59.000000
304.000000
265.000000
692.000000
115.000000
386.000000
1051.000000
207.000000
120.000000
331.000000
545.000000
934.000000
51.000000
127.000000
141.000000
765.000000
452.000000
1588.000000
53.000000
1129.000000
187.000000
1191.000000
498.000000
322.000000
590.000000
2861.000000
211.000000
603.000000
166.000000
1105.000000
211.000000
212.000000
249.000000
199.000000
78.000000
787.000000
324.000000
1264.000000
39.000000
1226.000000
626.000000
953.000000
156.000000
292.000000
538.000000
892.000000
147.000000
253.000000
256.000000
414.000000
46.000000
981.000000
128.000000
259.000000
235.000000
526.000000
616.000000
123.000000
810.000000
257.000000
916.000000
1601.000000
548.000000
374.000000
196.000000
433.000000
1471.000000
277.000000
97.000000
1517.000000
793.000000
249.000000
655.000000
878.000000
209.000000
227.000000
313.000000
438.000000
34.000000
691.000000
900.000000
733.000000
2295.000000
786.000000
777.000000
56.000000
724.000000
157.000000
371.000000
231.000000
66.000000
281.000000
656.000000
58.000000
321.000000
536.000000
167.000000
293.000000
93.000000
167.000000
178.000000
262.000000
658.000000
137.000000
607.000000
212.000000
511.000000
736.000000
199.000000
685.000000
607.000000
258.000000
440.000000
132.000000
465.000000
109.000000
125.000000
945.000000
400.000000
1174.000000
725.000000
251.000000
793.000000
60.000000
1084.000000
252.000000
1707.000000
606.000000
1112.000000
453.000000
151.000000
2570.000000
474.000000
235.000000
1202.000000
1151.000000
175.000000
194.000000
610.000000
222.000000
2935.000000
102.000000
170.000000
1238.000000
574.000000
379.000000
604.000000
219.000000
909.000000
552.000000
116.000000
256.000000
4581.000000
331.000000
1596.000000
811.000000
263.000000
175.000000
106.000000
494.000000
198.000000
501.000000
586.000000
537.000000
648.000000
1174.000000
86.000000
179.000000
1060.000000
231.000000
313.000000
183.000000
157.000000
533.000000
299.000000
228.000000
83.000000
95.000000
289.000000
310.000000
609.000000
925.000000
1120.000000
732.000000
1167.000000
206.000000
279.000000
768.000000
447.000000
162.000000
229.000000
373.000000
71.000000
328.000000
346.000000
108.000000
294.000000
1257.000000
642.000000
253.000000
341.000000
238.000000
37.000000
242.000000
249.000000
1168.000000
267.000000
1370.000000
418.000000
422.000000
55.000000
622.000000
405.000000
1244.000000
1477.000000
278.000000
86.000000
542.000000
624.000000
2323.000000
1263.000000
193.000000
93.000000
2163.000000
292.000000
1099.000000
616.000000
807.000000
1691.000000
408.000000
531.000000
370.000000
403.000000
593.000000
424.000000
285.000000
1120.000000
1023.000000
241.000000
814.000000
528.000000
61.000000
277.000000
257.000000
213.000000
333.000000
897.000000
40.000000
128.000000
517.000000
358.000000
523.000000
176.000000
176.000000
220.000000
307.000000
341.000000
661.000000
82.000000
246.000000
1014.000000
653.000000
46.000000
129.000000
114.000000
455.000000
2806.000000
283.000000
1301.000000
486.000000
959.000000
34.000000
647.000000
803.000000
248.000000
750.000000
438.000000
593.000000
841.000000
213.000000
256.000000
1162.000000
1679.000000
762.000000
386.000000
922.000000
199.000000
101.000000
855.000000
130.000000
183.000000
1398.000000
2478.000000
227.000000
136.000000
208.000000
53.000000
348.000000
114.000000
254.000000
209.000000
265.000000
235.000000
218.000000
528.000000
1064.000000
129.000000
217.000000
870.000000
47.000000
982.000000
468.000000
1375.000000
181.000000
789.000000
96.000000
274.000000
152.000000
2077.000000
696.000000
949.000000
87.000000
484.000000
239.000000
702.000000
147.000000
385.000000
154.000000
338.000000
1106.000000
139.000000
327.000000
1082.000000
269.000000
431.000000
244.000000
131.000000
159.000000
1606.000000
91.000000
1128.000000
499.000000
576.000000
827.000000
350.000000
68.000000
245.000000
384.000000
271.000000
355.000000
47.000000
387.000000
257.000000
2450.000000
476.000000
1125.000000
979.000000
1633.000000
306.000000
1461.000000
262.000000
121.000000
311.000000
