157.000000
471.000000
102.000000
499.000000
46.000000
62.000000
1554.000000
347.000000
125.000000
143.000000
2032.000000
181.000000
95.000000
736.000000
258.000000
434.000000
160.000000
117.000000
774.000000
452.000000
694.000000
324.000000
750.000000
231.000000
91.000000
406.000000
296.000000
479.000000
607.000000
732.000000
66.000000
774.000000
1050.000000
207.000000
469.000000
81.000000
600.000000
198.000000
1127.000000
1514.000000
118.000000
125.000000
160.000000
1912.000000
142.000000
457.000000
227.000000
1984.000000
55.000000
301.000000
184.000000
1236.000000
170.000000
403.000000
501.000000
1926.000000
432.000000
5252.000000
280.000000
960.000000
271.000000
170.000000
3127.000000
657.000000
51.000000
675.000000
1210.000000
265.000000
938.000000
566.000000
382.000000
586.000000
1023.000000
899.000000
184.000000
279.000000
42.000000
195.000000
1648.000000
408.000000
1717.000000
175.000000
176.000000
725.000000
128.000000
1190.000000
214.000000
162.000000
393.000000
207.000000
466.000000
4451.000000
116.000000
307.000000
259.000000
866.000000
95.000000
129.000000
1086.000000
372.000000
143.000000
806.000000
367.000000
938.000000
458.000000
191.000000
538.000000
683.000000
724.000000
1935.000000
952.000000
116.000000
510.000000
692.000000
198.000000
428.000000
1913.000000
184.000000
575.000000
206.000000
216.000000
188.000000
255.000000
453.000000
131.000000
77.000000
826.000000
3012.000000
490.000000
408.000000
134.000000
589.000000
198.000000
414.000000
548.000000
1222.000000
708.000000
648.000000
410.000000
521.000000
671.000000
707.000000
469.000000
958.000000
602.000000
149.000000
173.000000
212.000000
207.000000
1483.000000
564.000000
183.000000
288.000000
434.000000
785.000000
131.000000
1293.000000
666.000000
81.000000
341.000000
497.000000
196.000000
409.000000
469.000000
104.000000
238.000000
395.000000
906.000000
425.000000
198.000000
1315.000000
203.000000
215.000000
1374.000000
1826.000000
812.000000
262.000000
149.000000
796.000000
883.000000
324.000000
136.000000
270.000000
458.000000
2342.000000
397.000000
338.000000
548.000000
122.000000
379.000000
225.000000
68.000000
695.000000
73.000000
116.000000
220.000000
755.000000
148.000000
1459.000000
215.000000
1312.000000
456.000000
425.000000
58.000000
406.000000
791.000000
278.000000
368.000000
62.000000
433.000000
1035.000000
1492.000000
193.000000
140.000000
336.000000
1505.000000
248.000000
1118.000000
236.000000
754.000000
295.000000
625.000000
167.000000
258.000000
71.000000
1193.000000
574.000000
578.000000
5543.000000
142.000000
365.000000
380.000000
574.000000
286.000000
921.000000
134.000000
888.000000
190.000000
688.000000
1557.000000
225.000000
767.000000
663.000000
294.000000
1406.000000
1012.000000
208.000000
525.000000
481.000000
205.000000
72.000000
296.000000
885.000000
2074.000000
249.000000
1266.000000
914.000000
1245.000000
277.000000
186.000000
1215.000000
61.000000
135.000000
241.000000
205.000000
1606.000000
785.000000
632.000000
1631.000000
246.000000
597.000000
1702.000000
98.000000
425.000000
743.000000
446.000000
101.000000
3832.000000
902.000000
95.000000
214.000000
512.000000
108.000000
100.000000
1757.000000
210.000000
261.000000
481.000000
456.000000
1982.000000
1835.000000
2978.000000
1129.000000
1121.000000
2182.000000
475.000000
33.000000
206.000000
343.000000
811.000000
230.000000
1800.000000
196.000000
986.000000
1335.000000
133.000000
763.000000
256.000000
80.000000
128.000000
120.000000
746.000000
84.000000
373.000000
111.000000
524.000000
661.000000
443.000000
37.000000
373.000000
277.000000
476.000000
865.000000
731.000000
728.000000
452.000000
609.000000
54.000000
112.000000
646.000000
875.000000
361.000000
242.000000
997.000000
498.000000
2268.000000
2188.000000
106.000000
225.000000
182.000000
86.000000
662.000000
197.000000
341.000000
373.000000
93.000000
1234.000000
117.000000
479.000000
316.000000
325.000000
108.000000
1086.000000
311.000000
388.000000
1065.000000
4449.000000
154.000000
685.000000
762.000000
129.000000
548.000000
1445.000000
117.000000
802.000000
670.000000
1056.000000
324.000000
1147.000000
231.000000
380.000000
221.000000
1375.000000
911.000000
610.000000
420.000000
202.000000
769.000000
6574.000000
1061.000000
189.000000
741.000000
419.000000
3477.000000
2072.000000
142.000000
613.000000
703.000000
26.000000
41.000000
68.000000
317.000000
121.000000
105.000000
469.000000
1482.000000
463.000000
433.000000
1004.000000
2745.000000
84.000000
2007.000000
168.000000
99.000000
241.000000
329.000000
1228.000000
685.000000
490.000000
1020.000000
684.000000
240.000000
611.000000
243.000000
111.000000
1193.000000
202.000000
360.000000
2611.000000
590.000000
424.000000
901.000000
225.000000
3552.000000
174.000000
186.000000
851.000000
270.000000
343.000000
1047.000000
786.000000
231.000000
611.000000
240.000000
453.000000
1968.000000
1203.000000
1036.000000
154.000000
74.000000
152.000000
480.000000
516.000000
1564.000000
201.000000
1033.000000
175.000000
1060.000000
866.000000
147.000000
729.000000
660.000000
400.000000
563.000000
1637.000000
717.000000
582.000000
153.000000
285.000000
241.000000
329.000000
391.000000
173.000000
686.000000
31.000000
153.000000
2505.000000
649.000000
378.000000
104.000000
200.000000
373.000000
308.000000
858.000000
83.000000
531.000000
264.000000
285.000000
254.000000
102.000000
163.000000
504.000000
276.000000
599.000000
756.000000
781.000000
1402.000000
906.000000
864.000000
340.000000
9569.000000
205.000000
455.000000
232.000000
795.000000
514.000000
70.000000
1236.000000
148.000000
722.000000
1081.000000
594.000000
652.000000
1872.000000
268.000000
2316.000000
1584.000000
221.000000
1577.000000
406.000000
301.000000
718.000000
428.000000
89.000000
122.000000
526.000000
3934.000000
1030.000000
4390.000000
226.000000
440.000000
3976.000000
404.000000
2420.000000
79.000000
225.000000
582.000000
337.000000
105.000000
558.000000
172.000000
140.000000
463.000000
332.000000
101.000000
133.000000
320.000000
273.000000
255.000000
50.000000
61.000000
154.000000
291.000000
293.000000
2060.000000
304.000000
329.000000
1782.000000
364.000000
83.000000
154.000000
145.000000
1729.000000
385.000000
894.000000
147.000000
378.000000
806.000000
772.000000
563.000000
211.000000
190.000000
303.000000
1023.000000
84.000000
163.000000
642.000000
573.000000
841.000000
755.000000
2416.000000
807.000000
905.000000
1490.000000
86.000000
686.000000
1968.000000
369.000000
297.000000
425.000000
328.000000
99.000000
743.000000
683.000000
138.000000
631.000000
228.000000
352.000000
410.000000
794.000000
195.000000
1030.000000
171.000000
354.000000
301.000000
202.000000
185.000000
725.000000
209.000000
134.000000
161.000000
147.000000
224.000000
1010.000000
187.000000
465.000000
1042.000000
569.000000
433.000000
1524.000000
143.000000
208.000000
81.000000
235.000000
294.000000
153.000000
843.000000
511.000000
919.000000
612.000000
751.000000
1492.000000
2093.000000
361.000000
297.000000
80.000000
793.000000
634.000000
346.000000
183.000000
344.000000
168.000000
39.000000
182.000000
2633.000000
248.000000
841.000000
784.000000
520.000000
1562.000000
573.000000
303.000000
1285.000000
583.000000
136.000000
202.000000
2859.000000
182.000000
1853.000000
425.000000
315.000000
295.000000
101.000000
730.000000
1188.000000
168.000000
281.000000
349.000000
771.000000
1595.000000
821.000000
494.000000
385.000000
1274.000000
906.000000
316.000000
686.000000
105.000000
1891.000000
169.000000
214.000000
37.000000
281.000000
1949.000000
213.000000
479.000000
148.000000
518.000000
160.000000
635.000000
220.000000
54.000000
545.000000
628.000000
252.000000
355.000000
217.000000
1086.000000
299.000000
348.000000
56.000000
737.000000
556.000000
489.000000
417.000000
291.000000
1086.000000
1588.000000
204.000000
236.000000
1190.000000
1212.000000
801.000000
164.000000
75.000000
217.000000
268.000000
386.000000
304.000000
329.000000
1124.000000
231.000000
652.000000
465.000000
139.000000
504.000000
1030.000000
234.000000
730.000000
530.000000
520.000000
24.000000
177.000000
289.000000
81.000000
953.000000
124.000000
235.000000
685.000000
2021.000000
607.000000
702.000000
4818.000000
319.000000
669.000000
44.000000
136.000000
504.000000
211.000000
615.000000
321.000000
1948.000000
147.000000
473.000000
436.000000
846.000000
425.000000
579.000000
558.000000
1923.000000
1026.000000
443.000000
2179.000000
634.000000
197.000000
1503.000000
535.000000
1881.000000
396.000000
514.000000
1558.000000
930.000000
91.000000
201.000000
245.000000
1328.000000
482.000000
633.000000
131.000000
1086.000000
405.000000
92.000000
1417.000000
793.000000
249.000000
244.000000
4368.000000
53.000000
1078.000000
389.000000
269.000000
231.000000
250.000000
59.000000
1509.000000
2965.000000
877.000000
274.000000
112.000000
86.000000
657.000000
136.000000
289.000000
82.000000
828.000000
651.000000
391.000000
582.000000
437.000000
64.000000
506.000000
384.000000
1934.000000
393.000000
700.000000
153.000000
476.000000
2971.000000
3149.000000
178.000000
257.000000
1734.000000
1008.000000
176.000000
136.000000
307.000000
316.000000
263.000000
348.000000
1233.000000
331.000000
192.000000
640.000000
927.000000
772.000000
96.000000
506.000000
511.000000
672.000000
677.000000
36.000000
559.000000
967.000000
754.000000
755.000000
484.000000
188.000000
128.000000
212.000000
478.000000
184.000000
287.000000
310.000000
386.000000
281.000000
362.000000
167.000000
339.000000
199.000000
434.000000
333.000000
1363.000000
419.000000
244.000000
1714.000000
3369.000000
203.000000
241.000000
1346.000000
93.000000
275.000000
404.000000
421.000000
320.000000
146.000000
804.000000
463.000000
527.000000
172.000000
260.000000
178.000000
33.000000
347.000000
103.000000
1101.000000
76.000000
2011.000000
524.000000
1134.000000
842.000000
166.000000
569.000000
469.000000
6904.000000
154.000000
909.000000
948.000000
235.000000
147.000000
231.000000
187.000000
1510.000000
53.000000
366.000000
257.000000
358.000000
613.000000
185.000000
435.000000
378.000000
229.000000
244.000000
1720.000000
577.000000
202.000000
846.000000
850.000000
1319.000000
396.000000
107.000000
717.000000
315.000000
959.000000
390.000000
268.000000
171.000000
208.000000
1821.000000
238.000000
329.000000
170.000000
407.000000
401.000000
204.000000
728.000000
300.000000
1631.000000
376.000000
83.000000
67.000000
467.000000
386.000000
160.000000
60.000000
602.000000
2370.000000
248.000000
1196.000000
898.000000
880.000000
1848.000000
295.000000
434.000000
132.000000
795.000000
394.000000
54.000000
309.000000
963.000000
931.000000
98.000000
378.000000
1700.000000
191.000000
218.000000
189.000000
1697.000000
258.000000
396.000000
556.000000
56.000000
185.000000
255.000000
538.000000
854.000000
258.000000
512.000000
848.000000
1147.000000
2138.000000
1207.000000
636.000000
133.000000
97.000000
158.000000
694.000000
1383.000000
1369.000000
76.000000
1594.000000
551.000000
168.000000
1294.000000
2580.000000
178.000000
1449.000000
709.000000
190.000000
405.000000
95.000000
2024.000000
179.000000
1230.000000
590.000000
1917.000000
357.000000
406.000000
306.000000
572.000000
4056.000000
