188.000000
1487.000000
1662.000000
174.000000
355.000000
888.000000
583.000000
542.000000
333.000000
836.000000
3260.000000
404.000000
4940.000000
169.000000
359.000000
300.000000
211.000000
564.000000
86.000000
612.000000
1117.000000
556.000000
899.000000
181.000000
108.000000
466.000000
212.000000
1257.000000
636.000000
459.000000
3661.000000
114.000000
500.000000
613.000000
799.000000
228.000000
492.000000
193.000000
1066.000000
622.000000
449.000000
255.000000
606.000000
271.000000
467.000000
2776.000000
128.000000
535.000000
220.000000
840.000000
1535.000000
477.000000
763.000000
445.000000
347.000000
655.000000
928.000000
1250.000000
233.000000
598.000000
138.000000
266.000000
1342.000000
103.000000
1053.000000
481.000000
702.000000
189.000000
519.000000
391.000000
3219.000000
714.000000
996.000000
386.000000
2060.000000
366.000000
427.000000
529.000000
738.000000
830.000000
596.000000
297.000000
169.000000
622.000000
2894.000000
6814.000000
354.000000
441.000000
160.000000
285.000000
449.000000
605.000000
387.000000
793.000000
92.000000
34.000000
911.000000
697.000000
530.000000
122.000000
767.000000
379.000000
538.000000
48.000000
127.000000
473.000000
570.000000
265.000000
118.000000
1633.000000
666.000000
1202.000000
2016.000000
138.000000
1066.000000
335.000000
34.000000
910.000000
746.000000
840.000000
349.000000
382.000000
402.000000
387.000000
55.000000
1647.000000
139.000000
434.000000
683.000000
124.000000
588.000000
795.000000
278.000000
2365.000000
295.000000
426.000000
945.000000
1353.000000
336.000000
701.000000
390.000000
4537.000000
557.000000
1485.000000
299.000000
179.000000
110.000000
566.000000
1279.000000
129.000000
124.000000
313.000000
341.000000
311.000000
238.000000
57.000000
131.000000
303.000000
582.000000
664.000000
182.000000
448.000000
704.000000
397.000000
405.000000
843.000000
1220.000000
20.000000
277.000000
164.000000
545.000000
281.000000
118.000000
215.000000
448.000000
587.000000
749.000000
120.000000
568.000000
1534.000000
109.000000
704.000000
771.000000
540.000000
6578.000000
174.000000
24.000000
176.000000
1098.000000
184.000000
96.000000
484.000000
354.000000
189.000000
618.000000
1546.000000
255.000000
547.000000
235.000000
2002.000000
3507.000000
135.000000
192.000000
161.000000
580.000000
244.000000
472.000000
113.000000
502.000000
73.000000
172.000000
210.000000
158.000000
482.000000
110.000000
190.000000
1028.000000
109.000000
479.000000
792.000000
1460.000000
808.000000
1140.000000
14.000000
286.000000
3323.000000
101.000000
372.000000
280.000000
285.000000
190.000000
270.000000
7009.000000
66.000000
289.000000
724.000000
1495.000000
317.000000
78.000000
3066.000000
321.000000
89.000000
1633.000000
761.000000
331.000000
609.000000
602.000000
238.000000
164.000000
1380.000000
205.000000
1968.000000
93.000000
1580.000000
205.000000
62.000000
201.000000
110.000000
200.000000
489.000000
887.000000
208.000000
720.000000
559.000000
433.000000
162.000000
245.000000
383.000000
1795.000000
1617.000000
379.000000
4926.000000
108.000000
325.000000
641.000000
255.000000
143.000000
386.000000
218.000000
190.000000
596.000000
601.000000
139.000000
605.000000
395.000000
236.000000
344.000000
326.000000
567.000000
78.000000
617.000000
767.000000
342.000000
2340.000000
1144.000000
875.000000
614.000000
1543.000000
708.000000
409.000000
694.000000
71.000000
641.000000
542.000000
1052.000000
303.000000
201.000000
342.000000
1255.000000
136.000000
405.000000
129.000000
930.000000
40.000000
666.000000
470.000000
209.000000
130.000000
181.000000
293.000000
111.000000
150.000000
82.000000
467.000000
50.000000
105.000000
331.000000
58.000000
659.000000
1217.000000
160.000000
2342.000000
300.000000
78.000000
979.000000
841.000000
210.000000
379.000000
79.000000
379.000000
758.000000
583.000000
1070.000000
1796.000000
546.000000
330.000000
83.000000
1029.000000
2132.000000
544.000000
298.000000
749.000000
808.000000
380.000000
1681.000000
340.000000
63.000000
978.000000
169.000000
691.000000
42.000000
752.000000
74.000000
726.000000
452.000000
2968.000000
2260.000000
164.000000
1073.000000
791.000000
1760.000000
138.000000
544.000000
113.000000
183.000000
1124.000000
217.000000
171.000000
1438.000000
100.000000
755.000000
1878.000000
1128.000000
322.000000
36.000000
301.000000
997.000000
411.000000
348.000000
263.000000
1130.000000
1559.000000
319.000000
454.000000
194.000000
237.000000
220.000000
1726.000000
1502.000000
825.000000
140.000000
1827.000000
189.000000
133.000000
169.000000
433.000000
2880.000000
335.000000
512.000000
612.000000
161.000000
385.000000
196.000000
148.000000
419.000000
518.000000
1137.000000
163.000000
1503.000000
193.000000
1263.000000
722.000000
483.000000
677.000000
321.000000
44.000000
966.000000
227.000000
280.000000
398.000000
110.000000
2990.000000
453.000000
920.000000
351.000000
760.000000
59.000000
1294.000000
736.000000
525.000000
232.000000
1274.000000
408.000000
4232.000000
254.000000
454.000000
316.000000
609.000000
446.000000
541.000000
1358.000000
486.000000
107.000000
786.000000
203.000000
174.000000
844.000000
671.000000
266.000000
296.000000
210.000000
1024.000000
119.000000
407.000000
183.000000
218.000000
331.000000
271.000000
854.000000
329.000000
543.000000
278.000000
4008.000000
57.000000
837.000000
269.000000
968.000000
88.000000
1544.000000
1933.000000
1484.000000
712.000000
763.000000
385.000000
504.000000
285.000000
371.000000
2416.000000
517.000000
589.000000
255.000000
634.000000
1666.000000
745.000000
325.000000
198.000000
1480.000000
1523.000000
227.000000
1280.000000
1228.000000
169.000000
2807.000000
773.000000
154.000000
358.000000
163.000000
341.000000
563.000000
238.000000
321.000000
465.000000
2753.000000
625.000000
1675.000000
143.000000
1144.000000
251.000000
444.000000
1761.000000
620.000000
297.000000
444.000000
494.000000
254.000000
154.000000
1564.000000
248.000000
158.000000
1413.000000
2167.000000
813.000000
141.000000
128.000000
1624.000000
2976.000000
50.000000
227.000000
124.000000
253.000000
350.000000
299.000000
392.000000
636.000000
911.000000
1996.000000
1710.000000
843.000000
570.000000
1002.000000
64.000000
638.000000
1595.000000
8120.000000
527.000000
5080.000000
148.000000
369.000000
328.000000
280.000000
99.000000
112.000000
2569.000000
143.000000
881.000000
762.000000
370.000000
1606.000000
127.000000
979.000000
1599.000000
1427.000000
1378.000000
556.000000
103.000000
765.000000
214.000000
920.000000
481.000000
117.000000
349.000000
241.000000
158.000000
337.000000
227.000000
141.000000
199.000000
163.000000
249.000000
826.000000
90.000000
1439.000000
341.000000
84.000000
412.000000
347.000000
702.000000
1258.000000
138.000000
372.000000
106.000000
2923.000000
328.000000
465.000000
122.000000
866.000000
664.000000
611.000000
159.000000
1312.000000
907.000000
198.000000
1943.000000
4644.000000
384.000000
2548.000000
2124.000000
464.000000
346.000000
273.000000
309.000000
180.000000
484.000000
372.000000
428.000000
1116.000000
172.000000
101.000000
1534.000000
1008.000000
408.000000
768.000000
440.000000
1410.000000
67.000000
614.000000
166.000000
316.000000
318.000000
157.000000
157.000000
100.000000
96.000000
793.000000
796.000000
1476.000000
86.000000
806.000000
963.000000
624.000000
71.000000
730.000000
437.000000
819.000000
1276.000000
821.000000
2105.000000
683.000000
411.000000
392.000000
1432.000000
851.000000
3312.000000
646.000000
213.000000
273.000000
1214.000000
1118.000000
473.000000
496.000000
747.000000
90.000000
222.000000
1724.000000
1148.000000
309.000000
242.000000
227.000000
152.000000
604.000000
514.000000
447.000000
945.000000
117.000000
317.000000
205.000000
597.000000
436.000000
1241.000000
209.000000
313.000000
287.000000
206.000000
677.000000
1732.000000
219.000000
462.000000
534.000000
551.000000
376.000000
353.000000
591.000000
561.000000
158.000000
370.000000
806.000000
604.000000
1995.000000
89.000000
449.000000
1702.000000
223.000000
81.000000
247.000000
95.000000
1624.000000
447.000000
831.000000
106.000000
444.000000
2553.000000
1655.000000
193.000000
944.000000
245.000000
571.000000
187.000000
176.000000
289.000000
1864.000000
330.000000
652.000000
2148.000000
1075.000000
550.000000
606.000000
419.000000
267.000000
814.000000
757.000000
93.000000
84.000000
451.000000
340.000000
1076.000000
100.000000
155.000000
1155.000000
532.000000
180.000000
71.000000
2549.000000
154.000000
400.000000
853.000000
241.000000
948.000000
762.000000
173.000000
1251.000000
847.000000
292.000000
1042.000000
1672.000000
491.000000
294.000000
179.000000
170.000000
109.000000
153.000000
128.000000
698.000000
4233.000000
552.000000
474.000000
336.000000
2597.000000
1440.000000
240.000000
4527.000000
1034.000000
924.000000
264.000000
1217.000000
442.000000
622.000000
32.000000
959.000000
690.000000
405.000000
381.000000
445.000000
122.000000
415.000000
577.000000
372.000000
285.000000
801.000000
118.000000
117.000000
415.000000
193.000000
287.000000
261.000000
579.000000
427.000000
535.000000
30.000000
410.000000
1202.000000
539.000000
2633.000000
663.000000
183.000000
371.000000
253.000000
3198.000000
426.000000
4408.000000
458.000000
615.000000
458.000000
155.000000
633.000000
540.000000
723.000000
726.000000
320.000000
403.000000
590.000000
207.000000
52.000000
226.000000
848.000000
819.000000
979.000000
189.000000
820.000000
717.000000
1109.000000
793.000000
310.000000
455.000000
220.000000
270.000000
605.000000
718.000000
687.000000
253.000000
205.000000
272.000000
187.000000
2489.000000
405.000000
431.000000
1250.000000
295.000000
240.000000
326.000000
1731.000000
244.000000
752.000000
862.000000
241.000000
439.000000
575.000000
446.000000
395.000000
527.000000
323.000000
64.000000
102.000000
325.000000
1192.000000
289.000000
337.000000
635.000000
122.000000
62.000000
219.000000
281.000000
1107.000000
133.000000
1147.000000
236.000000
760.000000
816.000000
310.000000
370.000000
353.000000
125.000000
737.000000
234.000000
255.000000
490.000000
610.000000
402.000000
995.000000
60.000000
196.000000
630.000000
246.000000
1258.000000
532.000000
601.000000
477.000000
116.000000
820.000000
616.000000
162.000000
1998.000000
359.000000
577.000000
233.000000
140.000000
1850.000000
4911.000000
284.000000
176.000000
224.000000
415.000000
195.000000
151.000000
877.000000
137.000000
420.000000
406.000000
472.000000
180.000000
370.000000
524.000000
251.000000
1865.000000
470.000000
153.000000
432.000000
199.000000
655.000000
512.000000
796.000000
387.000000
541.000000
899.000000
463.000000
1818.000000
250.000000
719.000000
92.000000
138.000000
193.000000
702.000000
303.000000
182.000000
648.000000
400.000000
130.000000
88.000000
1108.000000
1044.000000
449.000000
645.000000
62.000000
92.000000
1317.000000
452.000000
506.000000
392.000000
151.000000
179.000000
251.000000
409.000000
901.000000
2014.000000
84.000000
42.000000
378.000000
385.000000
4224.000000
537.000000
657.000000
370.000000
243.000000
412.000000
2571.000000
545.000000
402.000000
111.000000
183.000000
96.000000
956.000000
274.000000
290.000000
254.000000
78.000000
59.000000
420.000000
552.000000
105.000000
376.000000
275.000000
