1353.000000
413.000000
829.000000
325.000000
876.000000
243.000000
75.000000
163.000000
143.000000
39.000000
827.000000
834.000000
157.000000
466.000000
578.000000
15.000000
1345.000000
44.000000
104.000000
435.000000
130.000000
140.000000
517.000000
309.000000
410.000000
3377.000000
1960.000000
441.000000
84.000000
477.000000
343.000000
233.000000
1483.000000
1151.000000
721.000000
210.000000
491.000000
350.000000
1313.000000
403.000000
172.000000
252.000000
284.000000
13409.000000
2336.000000
213.000000
609.000000
87.000000
120.000000
292.000000
63.000000
314.000000
86.000000
1681.000000
396.000000
113.000000
232.000000
815.000000
230.000000
1416.000000
690.000000
836.000000
180.000000
504.000000
1061.000000
132.000000
342.000000
131.000000
437.000000
190.000000
350.000000
602.000000
693.000000
652.000000
490.000000
420.000000
384.000000
249.000000
1243.000000
481.000000
98.000000
1057.000000
953.000000
566.000000
915.000000
1006.000000
1261.000000
382.000000
217.000000
94.000000
609.000000
244.000000
7336.000000
672.000000
257.000000
924.000000
170.000000
322.000000
424.000000
945.000000
221.000000
966.000000
3007.000000
418.000000
659.000000
351.000000
280.000000
538.000000
903.000000
530.000000
972.000000
50.000000
329.000000
286.000000
62.000000
244.000000
305.000000
461.000000
130.000000
1201.000000
264.000000
305.000000
1782.000000
412.000000
181.000000
422.000000
1446.000000
473.000000
20.000000
228.000000
617.000000
914.000000
308.000000
314.000000
1304.000000
646.000000
918.000000
213.000000
607.000000
93.000000
89.000000
211.000000
3425.000000
2476.000000
502.000000
372.000000
454.000000
267.000000
377.000000
541.000000
665.000000
152.000000
332.000000
43.000000
338.000000
216.000000
252.000000
137.000000
1203.000000
146.000000
272.000000
587.000000
773.000000
1995.000000
115.000000
60.000000
25.000000
755.000000
2484.000000
401.000000
285.000000
1395.000000
290.000000
1252.000000
244.000000
119.000000
1150.000000
98.000000
45.000000
293.000000
126.000000
2228.000000
43.000000
92.000000
1922.000000
612.000000
680.000000
188.000000
69.000000
559.000000
580.000000
169.000000
692.000000
387.000000
65.000000
220.000000
650.000000
105.000000
381.000000
327.000000
666.000000
934.000000
153.000000
684.000000
81.000000
1046.000000
309.000000
516.000000
119.000000
177.000000
219.000000
1084.000000
287.000000
1923.000000
346.000000
1499.000000
1569.000000
287.000000
343.000000
403.000000
505.000000
553.000000
723.000000
114.000000
284.000000
109.000000
458.000000
594.000000
484.000000
609.000000
558.000000
381.000000
407.000000
107.000000
4072.000000
745.000000
282.000000
870.000000
525.000000
211.000000
266.000000
352.000000
221.000000
339.000000
450.000000
540.000000
351.000000
852.000000
126.000000
456.000000
733.000000
164.000000
765.000000
1261.000000
25.000000
3917.000000
231.000000
938.000000
228.000000
169.000000
966.000000
894.000000
213.000000
391.000000
32.000000
2186.000000
542.000000
749.000000
106.000000
464.000000
51.000000
390.000000
317.000000
2415.000000
289.000000
97.000000
1186.000000
1640.000000
166.000000
415.000000
189.000000
136.000000
668.000000
1014.000000
180.000000
1254.000000
245.000000
513.000000
1018.000000
65.000000
234.000000
807.000000
116.000000
591.000000
702.000000
139.000000
123.000000
110.000000
898.000000
533.000000
125.000000
515.000000
315.000000
699.000000
253.000000
169.000000
324.000000
600.000000
118.000000
287.000000
1787.000000
78.000000
431.000000
944.000000
383.000000
147.000000
1523.000000
390.000000
431.000000
236.000000
783.000000
1669.000000
748.000000
441.000000
1293.000000
2296.000000
95.000000
469.000000
209.000000
357.000000
1811.000000
693.000000
657.000000
1921.000000
751.000000
85.000000
79.000000
2265.000000
411.000000
7034.000000
539.000000
892.000000
724.000000
350.000000
364.000000
124.000000
305.000000
454.000000
95.000000
262.000000
222.000000
1474.000000
833.000000
419.000000
123.000000
205.000000
519.000000
291.000000
297.000000
166.000000
277.000000
369.000000
665.000000
1059.000000
139.000000
156.000000
91.000000
388.000000
675.000000
689.000000
332.000000
666.000000
491.000000
2561.000000
447.000000
616.000000
63.000000
649.000000
884.000000
627.000000
230.000000
162.000000
945.000000
45.000000
277.000000
167.000000
261.000000
62.000000
17.000000
880.000000
390.000000
282.000000
1103.000000
839.000000
167.000000
525.000000
632.000000
518.000000
2457.000000
536.000000
572.000000
311.000000
409.000000
584.000000
686.000000
956.000000
779.000000
1784.000000
218.000000
60.000000
2019.000000
201.000000
2421.000000
460.000000
407.000000
154.000000
1983.000000
233.000000
971.000000
670.000000
29.000000
1021.000000
272.000000
232.000000
974.000000
604.000000
146.000000
1804.000000
346.000000
2359.000000
172.000000
1316.000000
169.000000
463.000000
163.000000
1237.000000
151.000000
2199.000000
193.000000
546.000000
297.000000
223.000000
733.000000
264.000000
153.000000
130.000000
361.000000
621.000000
260.000000
332.000000
2847.000000
3177.000000
950.000000
209.000000
503.000000
580.000000
293.000000
75.000000
338.000000
105.000000
228.000000
341.000000
100.000000
278.000000
68.000000
2156.000000
190.000000
173.000000
549.000000
3567.000000
867.000000
550.000000
178.000000
139.000000
990.000000
416.000000
159.000000
296.000000
1493.000000
328.000000
261.000000
594.000000
978.000000
448.000000
252.000000
478.000000
33.000000
470.000000
196.000000
336.000000
185.000000
307.000000
279.000000
981.000000
325.000000
1608.000000
84.000000
163.000000
117.000000
217.000000
381.000000
336.000000
996.000000
1403.000000
833.000000
362.000000
4615.000000
295.000000
300.000000
1186.000000
592.000000
494.000000
24.000000
179.000000
142.000000
1223.000000
947.000000
515.000000
3713.000000
807.000000
421.000000
409.000000
736.000000
1133.000000
367.000000
3285.000000
309.000000
669.000000
122.000000
1414.000000
1050.000000
1458.000000
385.000000
366.000000
800.000000
758.000000
282.000000
147.000000
111.000000
320.000000
170.000000
485.000000
873.000000
824.000000
181.000000
978.000000
339.000000
94.000000
921.000000
510.000000
981.000000
1476.000000
381.000000
437.000000
206.000000
641.000000
330.000000
535.000000
278.000000
147.000000
1415.000000
1710.000000
633.000000
429.000000
279.000000
504.000000
810.000000
802.000000
557.000000
157.000000
326.000000
1108.000000
208.000000
1255.000000
963.000000
4060.000000
270.000000
94.000000
143.000000
165.000000
378.000000
64.000000
474.000000
29.000000
440.000000
286.000000
288.000000
308.000000
109.000000
1036.000000
589.000000
3717.000000
352.000000
1648.000000
80.000000
1402.000000
320.000000
850.000000
2355.000000
2887.000000
711.000000
603.000000
119.000000
177.000000
277.000000
1033.000000
1583.000000
877.000000
386.000000
282.000000
442.000000
138.000000
117.000000
1032.000000
132.000000
245.000000
712.000000
832.000000
589.000000
1502.000000
269.000000
183.000000
569.000000
2773.000000
99.000000
369.000000
1394.000000
862.000000
105.000000
195.000000
375.000000
36.000000
402.000000
497.000000
270.000000
752.000000
199.000000
688.000000
759.000000
975.000000
330.000000
364.000000
1047.000000
64.000000
210.000000
239.000000
439.000000
292.000000
280.000000
882.000000
388.000000
1412.000000
423.000000
696.000000
1154.000000
444.000000
1206.000000
184.000000
452.000000
122.000000
113.000000
528.000000
645.000000
554.000000
855.000000
763.000000
157.000000
735.000000
1450.000000
240.000000
89.000000
1277.000000
418.000000
82.000000
618.000000
1672.000000
317.000000
890.000000
351.000000
104.000000
755.000000
298.000000
284.000000
247.000000
165.000000
147.000000
445.000000
722.000000
426.000000
119.000000
167.000000
1253.000000
2501.000000
215.000000
3141.000000
382.000000
373.000000
674.000000
967.000000
2409.000000
233.000000
81.000000
303.000000
588.000000
255.000000
174.000000
344.000000
262.000000
63.000000
355.000000
176.000000
95.000000
610.000000
495.000000
159.000000
493.000000
786.000000
694.000000
220.000000
3532.000000
25.000000
244.000000
868.000000
160.000000
257.000000
179.000000
594.000000
1746.000000
1602.000000
5306.000000
695.000000
384.000000
497.000000
275.000000
469.000000
237.000000
491.000000
371.000000
1216.000000
1871.000000
761.000000
501.000000
401.000000
223.000000
310.000000
112.000000
883.000000
448.000000
495.000000
341.000000
311.000000
1130.000000
793.000000
1198.000000
128.000000
280.000000
91.000000
222.000000
258.000000
145.000000
227.000000
78.000000
1036.000000
283.000000
67.000000
290.000000
409.000000
99.000000
93.000000
139.000000
344.000000
133.000000
979.000000
314.000000
614.000000
1267.000000
235.000000
271.000000
2449.000000
365.000000
4016.000000
1430.000000
140.000000
992.000000
220.000000
1273.000000
389.000000
1239.000000
151.000000
324.000000
583.000000
343.000000
125.000000
1015.000000
484.000000
146.000000
781.000000
1278.000000
346.000000
541.000000
869.000000
2850.000000
1164.000000
267.000000
2752.000000
816.000000
777.000000
2475.000000
43.000000
415.000000
235.000000
417.000000
82.000000
344.000000
750.000000
2701.000000
86.000000
288.000000
1272.000000
455.000000
2108.000000
668.000000
24.000000
141.000000
126.000000
1168.000000
2751.000000
110.000000
234.000000
282.000000
44.000000
420.000000
114.000000
1853.000000
762.000000
372.000000
793.000000
5817.000000
1010.000000
113.000000
913.000000
370.000000
1015.000000
26.000000
816.000000
189.000000
51.000000
123.000000
151.000000
582.000000
97.000000
89.000000
975.000000
119.000000
603.000000
1325.000000
172.000000
1743.000000
758.000000
678.000000
109.000000
218.000000
241.000000
45.000000
108.000000
781.000000
122.000000
2740.000000
200.000000
1032.000000
176.000000
1315.000000
1179.000000
192.000000
904.000000
526.000000
1265.000000
307.000000
63.000000
1110.000000
492.000000
1989.000000
379.000000
1243.000000
1077.000000
214.000000
265.000000
196.000000
243.000000
865.000000
1129.000000
6499.000000
157.000000
216.000000
570.000000
527.000000
293.000000
146.000000
544.000000
1040.000000
180.000000
233.000000
81.000000
1948.000000
1298.000000
214.000000
305.000000
195.000000
335.000000
1573.000000
812.000000
267.000000
1395.000000
346.000000
309.000000
136.000000
162.000000
113.000000
2084.000000
407.000000
625.000000
582.000000
637.000000
723.000000
398.000000
432.000000
300.000000
546.000000
388.000000
93.000000
87.000000
1213.000000
2133.000000
2402.000000
781.000000
452.000000
289.000000
1162.000000
190.000000
442.000000
1546.000000
912.000000
471.000000
673.000000
215.000000
2200.000000
185.000000
440.000000
447.000000
163.000000
346.000000
162.000000
453.000000
228.000000
699.000000
664.000000
630.000000
217.000000
310.000000
148.000000
150.000000
359.000000
414.000000
2147.000000
208.000000
319.000000
140.000000
402.000000
785.000000
519.000000
559.000000
1286.000000
49.000000
217.000000
185.000000
2638.000000
178.000000
605.000000
174.000000
195.000000
295.000000
427.000000
288.000000
151.000000
943.000000
554.000000
674.000000
812.000000
51.000000
559.000000
170.000000
164.000000
1691.000000
822.000000
2582.000000
207.000000
59.000000
314.000000
685.000000
136.000000
