539.000000
81.000000
331.000000
285.000000
835.000000
2143.000000
360.000000
420.000000
274.000000
1265.000000
526.000000
297.000000
1049.000000
527.000000
581.000000
1392.000000
1390.000000
330.000000
1194.000000
279.000000
98.000000
769.000000
472.000000
100.000000
438.000000
972.000000
147.000000
135.000000
261.000000
27.000000
2522.000000
1038.000000
1975.000000
435.000000
811.000000
1508.000000
280.000000
286.000000
142.000000
337.000000
606.000000
98.000000
2473.000000
258.000000
2491.000000
1005.000000
731.000000
1012.000000
52.000000
419.000000
337.000000
717.000000
651.000000
425.000000
463.000000
341.000000
253.000000
292.000000
685.000000
787.000000
573.000000
600.000000
99.000000
1304.000000
368.000000
2206.000000
855.000000
217.000000
477.000000
160.000000
2481.000000
999.000000
893.000000
223.000000
1488.000000
208.000000
841.000000
690.000000
1229.000000
370.000000
924.000000
215.000000
122.000000
1061.000000
738.000000
1222.000000
1577.000000
172.000000
1790.000000
601.000000
1939.000000
190.000000
277.000000
110.000000
133.000000
442.000000
1272.000000
277.000000
129.000000
317.000000
382.000000
332.000000
2282.000000
759.000000
140.000000
47.000000
690.000000
77.000000
46.000000
233.000000
1024.000000
336.000000
129.000000
3005.000000
161.000000
598.000000
1347.000000
399.000000
539.000000
706.000000
1730.000000
180.000000
302.000000
3357.000000
3116.000000
344.000000
467.000000
1748.000000
101.000000
301.000000
840.000000
183.000000
243.000000
223.000000
960.000000
509.000000
248.000000
371.000000
568.000000
3802.000000
228.000000
475.000000
466.000000
334.000000
645.000000
394.000000
848.000000
383.000000
346.000000
175.000000
387.000000
130.000000
343.000000
3594.000000
761.000000
516.000000
277.000000
249.000000
128.000000
1381.000000
287.000000
98.000000
197.000000
909.000000
3000.000000
331.000000
515.000000
561.000000
952.000000
225.000000
887.000000
535.000000
246.000000
100.000000
276.000000
106.000000
194.000000
505.000000
193.000000
1514.000000
410.000000
281.000000
366.000000
1763.000000
857.000000
93.000000
93.000000
334.000000
636.000000
159.000000
699.000000
1075.000000
579.000000
71.000000
389.000000
514.000000
301.000000
3041.000000
575.000000
670.000000
695.000000
75.000000
1611.000000
1144.000000
307.000000
573.000000
273.000000
320.000000
244.000000
166.000000
320.000000
123.000000
950.000000
897.000000
189.000000
241.000000
69.000000
759.000000
1437.000000
708.000000
1033.000000
743.000000
167.000000
502.000000
1092.000000
223.000000
467.000000
460.000000
254.000000
409.000000
405.000000
336.000000
172.000000
273.000000
206.000000
861.000000
122.000000
278.000000
938.000000
313.000000
1774.000000
285.000000
284.000000
1664.000000
90.000000
604.000000
1831.000000
298.000000
348.000000
86.000000
334.000000
92.000000
338.000000
602.000000
259.000000
67.000000
561.000000
422.000000
380.000000
314.000000
1077.000000
5546.000000
1368.000000
192.000000
1959.000000
520.000000
222.000000
949.000000
546.000000
172.000000
260.000000
244.000000
1731.000000
130.000000
716.000000
138.000000
125.000000
3045.000000
88.000000
162.000000
79.000000
283.000000
1450.000000
999.000000
88.000000
232.000000
96.000000
347.000000
102.000000
320.000000
80.000000
1145.000000
446.000000
754.000000
479.000000
1783.000000
888.000000
171.000000
2115.000000
1712.000000
910.000000
355.000000
132.000000
810.000000
214.000000
324.000000
858.000000
372.000000
538.000000
2868.000000
344.000000
237.000000
711.000000
149.000000
55.000000
186.000000
921.000000
103.000000
486.000000
791.000000
330.000000
520.000000
203.000000
160.000000
362.000000
70.000000
44.000000
176.000000
582.000000
80.000000
434.000000
155.000000
377.000000
421.000000
356.000000
3530.000000
98.000000
112.000000
1093.000000
964.000000
215.000000
1510.000000
303.000000
788.000000
1382.000000
842.000000
48.000000
1218.000000
385.000000
2094.000000
400.000000
7684.000000
556.000000
109.000000
2431.000000
266.000000
977.000000
4200.000000
605.000000
301.000000
89.000000
118.000000
122.000000
280.000000
62.000000
626.000000
1571.000000
406.000000
495.000000
1020.000000
83.000000
388.000000
2958.000000
163.000000
206.000000
514.000000
202.000000
1077.000000
500.000000
262.000000
503.000000
229.000000
1460.000000
1248.000000
437.000000
155.000000
1258.000000
266.000000
752.000000
419.000000
135.000000
811.000000
787.000000
947.000000
203.000000
607.000000
341.000000
182.000000
148.000000
284.000000
278.000000
393.000000
630.000000
399.000000
1213.000000
515.000000
85.000000
177.000000
879.000000
1149.000000
874.000000
93.000000
141.000000
1025.000000
517.000000
58.000000
669.000000
191.000000
1281.000000
390.000000
260.000000
1350.000000
829.000000
436.000000
92.000000
619.000000
154.000000
217.000000
969.000000
325.000000
37.000000
228.000000
1164.000000
470.000000
167.000000
352.000000
152.000000
1565.000000
1578.000000
973.000000
211.000000
1177.000000
674.000000
224.000000
813.000000
145.000000
209.000000
325.000000
158.000000
158.000000
223.000000
608.000000
428.000000
110.000000
301.000000
337.000000
149.000000
1163.000000
106.000000
400.000000
586.000000
75.000000
425.000000
68.000000
229.000000
446.000000
147.000000
1461.000000
444.000000
2576.000000
1065.000000
610.000000
141.000000
157.000000
468.000000
395.000000
355.000000
655.000000
898.000000
93.000000
1123.000000
286.000000
573.000000
379.000000
1954.000000
249.000000
210.000000
1901.000000
108.000000
906.000000
498.000000
536.000000
46.000000
487.000000
1285.000000
236.000000
985.000000
1543.000000
780.000000
197.000000
1447.000000
874.000000
52.000000
324.000000
241.000000
945.000000
1264.000000
1025.000000
132.000000
828.000000
938.000000
160.000000
795.000000
1403.000000
156.000000
994.000000
1167.000000
252.000000
323.000000
180.000000
742.000000
60.000000
78.000000
247.000000
245.000000
765.000000
226.000000
257.000000
26.000000
479.000000
1515.000000
252.000000
325.000000
169.000000
859.000000
2310.000000
4097.000000
115.000000
353.000000
656.000000
451.000000
521.000000
140.000000
790.000000
250.000000
1026.000000
68.000000
593.000000
427.000000
84.000000
834.000000
358.000000
1053.000000
986.000000
1293.000000
445.000000
275.000000
226.000000
219.000000
164.000000
133.000000
284.000000
1093.000000
419.000000
274.000000
359.000000
126.000000
1245.000000
93.000000
1109.000000
229.000000
351.000000
338.000000
447.000000
354.000000
646.000000
610.000000
200.000000
327.000000
150.000000
165.000000
148.000000
283.000000
1675.000000
326.000000
245.000000
172.000000
333.000000
85.000000
498.000000
333.000000
446.000000
364.000000
686.000000
94.000000
560.000000
698.000000
328.000000
642.000000
500.000000
184.000000
227.000000
154.000000
171.000000
286.000000
6745.000000
105.000000
1201.000000
605.000000
1451.000000
235.000000
670.000000
688.000000
481.000000
655.000000
220.000000
587.000000
1574.000000
159.000000
345.000000
622.000000
821.000000
302.000000
429.000000
361.000000
983.000000
320.000000
455.000000
587.000000
173.000000
1394.000000
328.000000
1000.000000
820.000000
499.000000
441.000000
977.000000
128.000000
812.000000
240.000000
947.000000
68.000000
411.000000
875.000000
173.000000
42.000000
564.000000
562.000000
850.000000
257.000000
1204.000000
342.000000
372.000000
1777.000000
483.000000
228.000000
1183.000000
168.000000
836.000000
76.000000
313.000000
149.000000
1230.000000
961.000000
270.000000
267.000000
83.000000
325.000000
10941.000000
2141.000000
761.000000
125.000000
218.000000
242.000000
1134.000000
478.000000
1259.000000
657.000000
905.000000
334.000000
208.000000
174.000000
74.000000
449.000000
1845.000000
264.000000
210.000000
92.000000
517.000000
106.000000
1850.000000
929.000000
48.000000
307.000000
1027.000000
198.000000
573.000000
339.000000
568.000000
865.000000
46.000000
86.000000
960.000000
105.000000
639.000000
869.000000
1021.000000
761.000000
142.000000
40.000000
231.000000
188.000000
356.000000
829.000000
655.000000
217.000000
164.000000
139.000000
349.000000
764.000000
335.000000
415.000000
135.000000
251.000000
4568.000000
159.000000
516.000000
390.000000
517.000000
481.000000
217.000000
486.000000
145.000000
878.000000
660.000000
71.000000
443.000000
328.000000
666.000000
563.000000
195.000000
1431.000000
127.000000
368.000000
117.000000
849.000000
690.000000
2776.000000
705.000000
423.000000
362.000000
128.000000
115.000000
313.000000
344.000000
348.000000
313.000000
1160.000000
1072.000000
507.000000
2324.000000
541.000000
2696.000000
951.000000
795.000000
136.000000
1745.000000
382.000000
306.000000
920.000000
674.000000
204.000000
257.000000
95.000000
124.000000
522.000000
298.000000
273.000000
715.000000
343.000000
74.000000
82.000000
279.000000
388.000000
1216.000000
350.000000
113.000000
776.000000
115.000000
197.000000
272.000000
1545.000000
350.000000
1864.000000
504.000000
1320.000000
1056.000000
455.000000
193.000000
433.000000
553.000000
659.000000
456.000000
274.000000
1838.000000
101.000000
578.000000
466.000000
38.000000
334.000000
71.000000
175.000000
2925.000000
76.000000
549.000000
566.000000
188.000000
1046.000000
1113.000000
601.000000
900.000000
336.000000
397.000000
187.000000
101.000000
162.000000
484.000000
331.000000
589.000000
607.000000
125.000000
510.000000
293.000000
146.000000
221.000000
589.000000
1003.000000
657.000000
685.000000
241.000000
696.000000
2488.000000
151.000000
1001.000000
74.000000
576.000000
403.000000
212.000000
289.000000
531.000000
832.000000
500.000000
1967.000000
810.000000
574.000000
230.000000
1272.000000
883.000000
1145.000000
225.000000
71.000000
272.000000
1490.000000
455.000000
1077.000000
187.000000
528.000000
347.000000
447.000000
418.000000
629.000000
45.000000
1621.000000
402.000000
710.000000
381.000000
931.000000
145.000000
1487.000000
298.000000
553.000000
1303.000000
78.000000
476.000000
229.000000
176.000000
413.000000
769.000000
494.000000
1112.000000
265.000000
86.000000
145.000000
360.000000
123.000000
250.000000
1384.000000
146.000000
474.000000
2202.000000
566.000000
541.000000
436.000000
276.000000
516.000000
635.000000
78.000000
172.000000
1112.000000
831.000000
1956.000000
139.000000
171.000000
766.000000
465.000000
341.000000
759.000000
1422.000000
616.000000
719.000000
197.000000
425.000000
322.000000
493.000000
222.000000
188.000000
321.000000
65.000000
165.000000
812.000000
126.000000
253.000000
196.000000
1313.000000
144.000000
276.000000
181.000000
1156.000000
671.000000
1601.000000
1012.000000
357.000000
343.000000
97.000000
990.000000
634.000000
712.000000
276.000000
1175.000000
438.000000
214.000000
104.000000
654.000000
1633.000000
1042.000000
822.000000
631.000000
654.000000
364.000000
1135.000000
436.000000
979.000000
498.000000
338.000000
134.000000
530.000000
1357.000000
3012.000000
578.000000
933.000000
84.000000
66.000000
360.000000
77.000000
96.000000
312.000000
486.000000
694.000000
58.000000
1433.000000
1566.000000
939.000000
63.000000
264.000000
231.000000
262.000000
49.000000
532.000000
1079.000000
191.000000
181.000000
174.000000
3251.000000
342.000000
423.000000
251.000000
175.000000
656.000000
546.000000
157.000000
