1997.000000
479.000000
114.000000
435.000000
1389.000000
556.000000
293.000000
160.000000
118.000000
593.000000
135.000000
188.000000
119.000000
295.000000
518.000000
8365.000000
551.000000
204.000000
596.000000
719.000000
68.000000
102.000000
151.000000
232.000000
218.000000
204.000000
1021.000000
2668.000000
802.000000
331.000000
90.000000
259.000000
215.000000
168.000000
2774.000000
906.000000
197.000000
648.000000
583.000000
114.000000
103.000000
748.000000
821.000000
344.000000
509.000000
65.000000
1021.000000
293.000000
1470.000000
874.000000
179.000000
622.000000
354.000000
112.000000
192.000000
1956.000000
154.000000
504.000000
535.000000
659.000000
1751.000000
21.000000
5381.000000
329.000000
2520.000000
278.000000
3509.000000
178.000000
74.000000
346.000000
149.000000
1721.000000
51.000000
235.000000
402.000000
170.000000
3026.000000
1101.000000
226.000000
388.000000
374.000000
180.000000
522.000000
249.000000
197.000000
90.000000
1886.000000
816.000000
612.000000
257.000000
88.000000
388.000000
166.000000
974.000000
87.000000
641.000000
254.000000
2147.000000
389.000000
93.000000
568.000000
115.000000
3517.000000
240.000000
236.000000
1117.000000
891.000000
905.000000
172.000000
1895.000000
93.000000
4899.000000
513.000000
716.000000
752.000000
319.000000
151.000000
302.000000
1440.000000
774.000000
524.000000
162.000000
82.000000
511.000000
178.000000
60.000000
434.000000
192.000000
504.000000
447.000000
278.000000
436.000000
408.000000
3594.000000
2766.000000
564.000000
488.000000
931.000000
518.000000
1583.000000
966.000000
4498.000000
1111.000000
370.000000
290.000000
306.000000
1773.000000
1099.000000
296.000000
3565.000000
2116.000000
250.000000
274.000000
526.000000
269.000000
469.000000
222.000000
1810.000000
134.000000
406.000000
228.000000
1114.000000
1066.000000
336.000000
601.000000
367.000000
1140.000000
217.000000
808.000000
495.000000
519.000000
880.000000
296.000000
197.000000
265.000000
627.000000
389.000000
2146.000000
2153.000000
581.000000
321.000000
246.000000
129.000000
235.000000
753.000000
319.000000
543.000000
1626.000000
973.000000
411.000000
349.000000
83.000000
95.000000
494.000000
131.000000
385.000000
95.000000
235.000000
491.000000
182.000000
192.000000
106.000000
143.000000
85.000000
501.000000
373.000000
604.000000
83.000000
299.000000
676.000000
123.000000
73.000000
125.000000
424.000000
806.000000
169.000000
206.000000
376.000000
266.000000
492.000000
91.000000
1449.000000
721.000000
419.000000
390.000000
738.000000
184.000000
155.000000
92.000000
205.000000
683.000000
977.000000
383.000000
327.000000
540.000000
505.000000
302.000000
1917.000000
228.000000
401.000000
1117.000000
77.000000
268.000000
128.000000
54.000000
553.000000
360.000000
3250.000000
659.000000
668.000000
609.000000
407.000000
398.000000
349.000000
75.000000
357.000000
1357.000000
114.000000
630.000000
99.000000
1826.000000
1048.000000
255.000000
139.000000
345.000000
74.000000
942.000000
1005.000000
1147.000000
1125.000000
398.000000
581.000000
500.000000
4297.000000
257.000000
1431.000000
264.000000
188.000000
142.000000
70.000000
778.000000
360.000000
1372.000000
498.000000
217.000000
292.000000
99.000000
104.000000
169.000000
425.000000
359.000000
301.000000
23.000000
233.000000
422.000000
572.000000
2494.000000
1232.000000
32.000000
609.000000
1878.000000
82.000000
2767.000000
174.000000
146.000000
1188.000000
588.000000
500.000000
2021.000000
509.000000
72.000000
653.000000
290.000000
418.000000
470.000000
993.000000
122.000000
223.000000
1423.000000
482.000000
421.000000
262.000000
144.000000
716.000000
129.000000
588.000000
459.000000
1158.000000
988.000000
26.000000
1139.000000
4177.000000
176.000000
340.000000
1650.000000
509.000000
160.000000
268.000000
395.000000
357.000000
79.000000
221.000000
5572.000000
159.000000
642.000000
2330.000000
1598.000000
121.000000
227.000000
541.000000
759.000000
250.000000
134.000000
162.000000
98.000000
1446.000000
612.000000
301.000000
717.000000
124.000000
294.000000
1838.000000
94.000000
640.000000
6952.000000
132.000000
362.000000
425.000000
555.000000
573.000000
284.000000
176.000000
525.000000
1175.000000
430.000000
2625.000000
57.000000
1681.000000
1229.000000
175.000000
183.000000
954.000000
1953.000000
1134.000000
236.000000
636.000000
135.000000
1076.000000
168.000000
1673.000000
2454.000000
1061.000000
732.000000
384.000000
187.000000
1029.000000
111.000000
888.000000
90.000000
34.000000
194.000000
147.000000
537.000000
575.000000
933.000000
1005.000000
960.000000
90.000000
287.000000
574.000000
1102.000000
497.000000
689.000000
2707.000000
215.000000
421.000000
247.000000
553.000000
55.000000
329.000000
84.000000
262.000000
265.000000
225.000000
302.000000
387.000000
431.000000
498.000000
647.000000
266.000000
456.000000
628.000000
176.000000
973.000000
391.000000
481.000000
560.000000
809.000000
489.000000
3758.000000
2571.000000
160.000000
691.000000
295.000000
404.000000
1256.000000
39.000000
1088.000000
105.000000
215.000000
225.000000
92.000000
357.000000
308.000000
130.000000
2323.000000
1697.000000
527.000000
2011.000000
150.000000
265.000000
982.000000
241.000000
188.000000
395.000000
297.000000
92.000000
995.000000
1209.000000
951.000000
560.000000
989.000000
1054.000000
930.000000
1126.000000
522.000000
126.000000
272.000000
31.000000
1988.000000
308.000000
54.000000
145.000000
429.000000
334.000000
110.000000
4200.000000
533.000000
389.000000
411.000000
778.000000
697.000000
340.000000
1236.000000
169.000000
143.000000
124.000000
905.000000
1186.000000
156.000000
740.000000
217.000000
153.000000
117.000000
1155.000000
2461.000000
456.000000
387.000000
393.000000
303.000000
166.000000
607.000000
216.000000
795.000000
481.000000
1704.000000
1203.000000
191.000000
297.000000
781.000000
287.000000
2066.000000
908.000000
442.000000
509.000000
84.000000
1251.000000
657.000000
612.000000
341.000000
530.000000
817.000000
711.000000
3444.000000
204.000000
376.000000
666.000000
3116.000000
707.000000
85.000000
787.000000
192.000000
475.000000
417.000000
451.000000
858.000000
50.000000
228.000000
604.000000
194.000000
259.000000
93.000000
602.000000
436.000000
107.000000
892.000000
1520.000000
565.000000
191.000000
292.000000
987.000000
143.000000
677.000000
78.000000
326.000000
265.000000
1234.000000
213.000000
45.000000
70.000000
206.000000
440.000000
56.000000
127.000000
115.000000
181.000000
727.000000
343.000000
433.000000
33.000000
196.000000
122.000000
152.000000
1854.000000
1212.000000
195.000000
929.000000
495.000000
236.000000
637.000000
479.000000
510.000000
56.000000
102.000000
934.000000
2959.000000
243.000000
1310.000000
310.000000
451.000000
590.000000
341.000000
752.000000
1236.000000
161.000000
339.000000
104.000000
752.000000
259.000000
235.000000
526.000000
188.000000
318.000000
981.000000
237.000000
173.000000
882.000000
125.000000
193.000000
363.000000
1503.000000
105.000000
409.000000
120.000000
332.000000
257.000000
6007.000000
1069.000000
1184.000000
124.000000
388.000000
408.000000
353.000000
2258.000000
460.000000
342.000000
303.000000
581.000000
662.000000
470.000000
256.000000
91.000000
1697.000000
457.000000
708.000000
98.000000
154.000000
788.000000
301.000000
468.000000
830.000000
92.000000
369.000000
1270.000000
250.000000
722.000000
84.000000
893.000000
874.000000
525.000000
731.000000
255.000000
217.000000
187.000000
345.000000
1402.000000
156.000000
90.000000
109.000000
659.000000
528.000000
111.000000
444.000000
250.000000
1232.000000
83.000000
893.000000
1693.000000
235.000000
395.000000
66.000000
571.000000
106.000000
641.000000
382.000000
75.000000
116.000000
371.000000
1332.000000
352.000000
204.000000
330.000000
373.000000
72.000000
120.000000
594.000000
574.000000
157.000000
53.000000
146.000000
259.000000
147.000000
179.000000
1406.000000
1092.000000
741.000000
241.000000
955.000000
106.000000
1335.000000
698.000000
847.000000
1655.000000
281.000000
296.000000
61.000000
41.000000
861.000000
505.000000
836.000000
70.000000
510.000000
613.000000
212.000000
312.000000
681.000000
2797.000000
502.000000
346.000000
1484.000000
526.000000
485.000000
83.000000
351.000000
124.000000
259.000000
252.000000
236.000000
899.000000
4247.000000
146.000000
152.000000
648.000000
122.000000
243.000000
1255.000000
941.000000
1663.000000
1241.000000
753.000000
986.000000
528.000000
92.000000
540.000000
168.000000
217.000000
1020.000000
480.000000
137.000000
4583.000000
1519.000000
215.000000
283.000000
410.000000
371.000000
242.000000
983.000000
147.000000
89.000000
433.000000
167.000000
464.000000
252.000000
1471.000000
351.000000
114.000000
499.000000
2012.000000
471.000000
2151.000000
819.000000
43.000000
98.000000
158.000000
579.000000
381.000000
483.000000
383.000000
1423.000000
3431.000000
737.000000
109.000000
995.000000
264.000000
693.000000
38.000000
542.000000
934.000000
351.000000
455.000000
394.000000
432.000000
578.000000
1254.000000
313.000000
1574.000000
109.000000
311.000000
822.000000
211.000000
144.000000
196.000000
124.000000
217.000000
531.000000
261.000000
2469.000000
619.000000
239.000000
1230.000000
2197.000000
1636.000000
2289.000000
528.000000
194.000000
407.000000
59.000000
398.000000
531.000000
1158.000000
525.000000
347.000000
425.000000
1556.000000
491.000000
325.000000
734.000000
1512.000000
871.000000
635.000000
116.000000
343.000000
414.000000
186.000000
147.000000
966.000000
3058.000000
943.000000
539.000000
1055.000000
199.000000
796.000000
162.000000
396.000000
253.000000
289.000000
301.000000
46.000000
338.000000
541.000000
183.000000
457.000000
136.000000
365.000000
93.000000
272.000000
204.000000
1875.000000
207.000000
2735.000000
199.000000
256.000000
510.000000
204.000000
287.000000
667.000000
1100.000000
670.000000
2179.000000
1414.000000
689.000000
427.000000
412.000000
1194.000000
191.000000
2897.000000
74.000000
527.000000
292.000000
155.000000
365.000000
196.000000
255.000000
184.000000
2082.000000
184.000000
291.000000
140.000000
1800.000000
52.000000
144.000000
419.000000
286.000000
751.000000
133.000000
241.000000
115.000000
112.000000
267.000000
982.000000
1358.000000
378.000000
248.000000
249.000000
107.000000
756.000000
331.000000
2564.000000
556.000000
307.000000
320.000000
424.000000
302.000000
440.000000
554.000000
607.000000
782.000000
806.000000
421.000000
114.000000
218.000000
206.000000
679.000000
86.000000
308.000000
754.000000
1158.000000
4618.000000
355.000000
151.000000
1360.000000
526.000000
170.000000
387.000000
238.000000
363.000000
133.000000
375.000000
213.000000
754.000000
405.000000
626.000000
78.000000
376.000000
471.000000
583.000000
441.000000
908.000000
327.000000
647.000000
591.000000
1810.000000
456.000000
218.000000
111.000000
618.000000
460.000000
219.000000
464.000000
223.000000
372.000000
1956.000000
497.000000
1067.000000
394.000000
51.000000
462.000000
370.000000
824.000000
599.000000
102.000000
368.000000
282.000000
1079.000000
508.000000
1575.000000
107.000000
584.000000
72.000000
916.000000
53.000000
447.000000
188.000000
90.000000
801.000000
1583.000000
657.000000
980.000000
882.000000
811.000000
