144.000000
92.000000
990.000000
184.000000
172.000000
93.000000
44.000000
1535.000000
172.000000
548.000000
1830.000000
2750.000000
150.000000
398.000000
175.000000
263.000000
228.000000
117.000000
352.000000
58.000000
623.000000
527.000000
463.000000
929.000000
633.000000
322.000000
640.000000
1554.000000
129.000000
472.000000
601.000000
493.000000
708.000000
425.000000
176.000000
320.000000
205.000000
179.000000
362.000000
769.000000
1785.000000
196.000000
583.000000
466.000000
880.000000
170.000000
511.000000
349.000000
1064.000000
1166.000000
296.000000
752.000000
145.000000
248.000000
55.000000
194.000000
55.000000
394.000000
203.000000
153.000000
288.000000
62.000000
391.000000
226.000000
1503.000000
173.000000
256.000000
186.000000
1312.000000
206.000000
487.000000
380.000000
550.000000
395.000000
200.000000
179.000000
259.000000
291.000000
775.000000
649.000000
82.000000
351.000000
664.000000
180.000000
429.000000
366.000000
232.000000
225.000000
1500.000000
115.000000
389.000000
231.000000
200.000000
517.000000
627.000000
725.000000
1127.000000
3620.000000
485.000000
1117.000000
206.000000
211.000000
1034.000000
393.000000
621.000000
533.000000
338.000000
86.000000
242.000000
155.000000
909.000000
204.000000
164.000000
80.000000
1049.000000
855.000000
358.000000
169.000000
262.000000
603.000000
749.000000
393.000000
653.000000
211.000000
311.000000
302.000000
538.000000
89.000000
614.000000
772.000000
1152.000000
194.000000
335.000000
142.000000
834.000000
80.000000
853.000000
1171.000000
3558.000000
324.000000
192.000000
852.000000
626.000000
907.000000
234.000000
1371.000000
267.000000
82.000000
1216.000000
667.000000
97.000000
360.000000
487.000000
977.000000
302.000000
419.000000
137.000000
506.000000
1295.000000
2486.000000
570.000000
559.000000
580.000000
311.000000
86.000000
1023.000000
418.000000
68.000000
248.000000
428.000000
180.000000
95.000000
15.000000
315.000000
375.000000
232.000000
145.000000
303.000000
44.000000
287.000000
579.000000
85.000000
138.000000
475.000000
332.000000
212.000000
380.000000
3218.000000
2601.000000
347.000000
775.000000
1545.000000
334.000000
330.000000
180.000000
67.000000
232.000000
1566.000000
234.000000
756.000000
209.000000
209.000000
1380.000000
685.000000
3649.000000
131.000000
438.000000
970.000000
133.000000
1265.000000
505.000000
775.000000
28.000000
1188.000000
271.000000
925.000000
117.000000
340.000000
676.000000
325.000000
718.000000
102.000000
292.000000
866.000000
153.000000
249.000000
199.000000
54.000000
43.000000
223.000000
44.000000
1192.000000
240.000000
1019.000000
61.000000
1270.000000
398.000000
213.000000
96.000000
1791.000000
103.000000
131.000000
649.000000
1778.000000
92.000000
1294.000000
1616.000000
276.000000
412.000000
285.000000
366.000000
367.000000
363.000000
551.000000
157.000000
426.000000
262.000000
123.000000
336.000000
2356.000000
839.000000
170.000000
462.000000
831.000000
224.000000
944.000000
853.000000
238.000000
757.000000
462.000000
695.000000
1962.000000
1499.000000
518.000000
838.000000
727.000000
2334.000000
2618.000000
186.000000
32.000000
812.000000
302.000000
382.000000
403.000000
298.000000
1076.000000
6160.000000
473.000000
717.000000
360.000000
284.000000
450.000000
481.000000
436.000000
2240.000000
274.000000
617.000000
4263.000000
148.000000
503.000000
640.000000
214.000000
1044.000000
174.000000
208.000000
1085.000000
585.000000
277.000000
214.000000
502.000000
722.000000
290.000000
661.000000
256.000000
376.000000
585.000000
603.000000
364.000000
170.000000
525.000000
1120.000000
205.000000
838.000000
1462.000000
68.000000
840.000000
752.000000
284.000000
1572.000000
526.000000
504.000000
290.000000
228.000000
422.000000
596.000000
199.000000
1113.000000
120.000000
1049.000000
1199.000000
1122.000000
157.000000
344.000000
39.000000
955.000000
189.000000
49.000000
246.000000
2027.000000
1521.000000
1321.000000
386.000000
1039.000000
653.000000
1014.000000
4114.000000
450.000000
305.000000
54.000000
820.000000
761.000000
195.000000
1000.000000
825.000000
1304.000000
512.000000
195.000000
328.000000
277.000000
875.000000
926.000000
654.000000
998.000000
4709.000000
215.000000
241.000000
2498.000000
203.000000
100.000000
2350.000000
210.000000
328.000000
538.000000
136.000000
226.000000
191.000000
76.000000
278.000000
1371.000000
405.000000
112.000000
286.000000
177.000000
147.000000
496.000000
289.000000
207.000000
877.000000
39.000000
289.000000
766.000000
273.000000
92.000000
696.000000
858.000000
714.000000
891.000000
161.000000
333.000000
113.000000
424.000000
816.000000
191.000000
575.000000
797.000000
259.000000
193.000000
241.000000
461.000000
552.000000
81.000000
784.000000
352.000000
138.000000
160.000000
196.000000
321.000000
2401.000000
560.000000
459.000000
160.000000
728.000000
413.000000
175.000000
335.000000
384.000000
976.000000
709.000000
102.000000
129.000000
227.000000
1458.000000
838.000000
1539.000000
836.000000
275.000000
131.000000
579.000000
185.000000
404.000000
917.000000
911.000000
409.000000
518.000000
117.000000
3401.000000
1245.000000
1561.000000
291.000000
124.000000
748.000000
1390.000000
439.000000
146.000000
140.000000
116.000000
893.000000
3885.000000
160.000000
672.000000
480.000000
1097.000000
3942.000000
78.000000
103.000000
2419.000000
2990.000000
256.000000
296.000000
859.000000
195.000000
483.000000
138.000000
891.000000
309.000000
1393.000000
60.000000
521.000000
1565.000000
266.000000
328.000000
3242.000000
297.000000
1315.000000
939.000000
1409.000000
786.000000
1494.000000
544.000000
86.000000
111.000000
425.000000
227.000000
168.000000
255.000000
321.000000
712.000000
1764.000000
6984.000000
411.000000
41.000000
1018.000000
693.000000
526.000000
402.000000
426.000000
933.000000
149.000000
1453.000000
231.000000
927.000000
162.000000
216.000000
872.000000
201.000000
252.000000
923.000000
565.000000
1719.000000
693.000000
97.000000
80.000000
398.000000
749.000000
285.000000
476.000000
439.000000
138.000000
781.000000
249.000000
798.000000
614.000000
145.000000
313.000000
187.000000
324.000000
127.000000
376.000000
547.000000
642.000000
683.000000
166.000000
778.000000
1139.000000
2189.000000
723.000000
1414.000000
1685.000000
812.000000
113.000000
109.000000
1407.000000
360.000000
3023.000000
598.000000
1298.000000
135.000000
1504.000000
410.000000
377.000000
75.000000
127.000000
2422.000000
310.000000
433.000000
867.000000
890.000000
2143.000000
1335.000000
421.000000
676.000000
547.000000
278.000000
464.000000
2190.000000
209.000000
165.000000
1169.000000
133.000000
427.000000
327.000000
152.000000
1438.000000
903.000000
588.000000
2222.000000
129.000000
426.000000
1507.000000
405.000000
888.000000
897.000000
503.000000
1738.000000
1062.000000
105.000000
495.000000
274.000000
1108.000000
269.000000
328.000000
111.000000
1160.000000
551.000000
144.000000
201.000000
1422.000000
2593.000000
157.000000
633.000000
7075.000000
1025.000000
510.000000
28.000000
1062.000000
896.000000
217.000000
834.000000
140.000000
253.000000
110.000000
105.000000
124.000000
582.000000
611.000000
85.000000
195.000000
448.000000
1797.000000
194.000000
778.000000
1059.000000
331.000000
218.000000
643.000000
640.000000
2000.000000
143.000000
557.000000
855.000000
573.000000
3062.000000
414.000000
1487.000000
155.000000
41.000000
231.000000
290.000000
779.000000
88.000000
302.000000
201.000000
396.000000
443.000000
680.000000
956.000000
721.000000
133.000000
665.000000
154.000000
356.000000
256.000000
1089.000000
112.000000
408.000000
193.000000
4163.000000
159.000000
137.000000
216.000000
1466.000000
1068.000000
81.000000
1486.000000
3267.000000
474.000000
525.000000
183.000000
197.000000
320.000000
317.000000
710.000000
1161.000000
324.000000
1371.000000
49.000000
78.000000
167.000000
2063.000000
691.000000
1122.000000
483.000000
1536.000000
293.000000
295.000000
626.000000
381.000000
641.000000
723.000000
1718.000000
204.000000
96.000000
456.000000
525.000000
828.000000
307.000000
384.000000
102.000000
138.000000
405.000000
536.000000
166.000000
1082.000000
646.000000
86.000000
262.000000
701.000000
326.000000
819.000000
257.000000
303.000000
321.000000
77.000000
466.000000
351.000000
331.000000
571.000000
1406.000000
135.000000
324.000000
1183.000000
1874.000000
636.000000
72.000000
586.000000
171.000000
1953.000000
706.000000
479.000000
512.000000
235.000000
158.000000
157.000000
190.000000
198.000000
394.000000
113.000000
780.000000
1136.000000
316.000000
2509.000000
466.000000
450.000000
42.000000
283.000000
635.000000
394.000000
908.000000
2471.000000
183.000000
4704.000000
99.000000
103.000000
393.000000
309.000000
324.000000
147.000000
684.000000
319.000000
119.000000
767.000000
475.000000
157.000000
491.000000
1609.000000
113.000000
256.000000
497.000000
321.000000
590.000000
105.000000
205.000000
56.000000
528.000000
361.000000
396.000000
442.000000
564.000000
157.000000
136.000000
328.000000
1372.000000
158.000000
526.000000
3519.000000
1437.000000
102.000000
893.000000
753.000000
1920.000000
248.000000
128.000000
291.000000
3422.000000
160.000000
40.000000
150.000000
386.000000
144.000000
929.000000
919.000000
726.000000
130.000000
251.000000
784.000000
318.000000
806.000000
3421.000000
292.000000
502.000000
436.000000
542.000000
1054.000000
1658.000000
1507.000000
3769.000000
488.000000
2808.000000
126.000000
446.000000
831.000000
695.000000
300.000000
55.000000
543.000000
1165.000000
334.000000
820.000000
3775.000000
1075.000000
308.000000
350.000000
188.000000
2091.000000
247.000000
475.000000
629.000000
293.000000
465.000000
464.000000
1995.000000
731.000000
545.000000
293.000000
605.000000
481.000000
898.000000
394.000000
433.000000
481.000000
272.000000
502.000000
1037.000000
490.000000
251.000000
2773.000000
162.000000
1346.000000
2447.000000
471.000000
114.000000
258.000000
1012.000000
217.000000
1931.000000
222.000000
250.000000
151.000000
543.000000
2570.000000
563.000000
195.000000
657.000000
696.000000
411.000000
2823.000000
117.000000
696.000000
1247.000000
1639.000000
102.000000
642.000000
2118.000000
213.000000
193.000000
545.000000
1054.000000
1149.000000
265.000000
252.000000
147.000000
894.000000
534.000000
88.000000
1344.000000
784.000000
676.000000
189.000000
203.000000
396.000000
148.000000
557.000000
270.000000
304.000000
1012.000000
535.000000
180.000000
287.000000
255.000000
649.000000
181.000000
255.000000
464.000000
556.000000
195.000000
662.000000
199.000000
914.000000
310.000000
46.000000
779.000000
104.000000
721.000000
428.000000
93.000000
1996.000000
105.000000
118.000000
75.000000
127.000000
102.000000
63.000000
281.000000
2362.000000
595.000000
301.000000
506.000000
1296.000000
1358.000000
158.000000
111.000000
91.000000
210.000000
381.000000
62.000000
505.000000
894.000000
530.000000
1242.000000
898.000000
629.000000
1398.000000
361.000000
8902.000000
83.000000
528.000000
50.000000
360.000000
759.000000
354.000000
180.000000
491.000000
1523.000000
212.000000
291.000000
138.000000
32.000000
537.000000
218.000000
494.000000
1806.000000
2001.000000
302.000000
274.000000
248.000000
251.000000
2544.000000
381.000000
619.000000
440.000000
