975.000000
68.000000
112.000000
353.000000
481.000000
1569.000000
954.000000
596.000000
332.000000
639.000000
207.000000
705.000000
602.000000
901.000000
56.000000
150.000000
420.000000
80.000000
534.000000
2315.000000
173.000000
691.000000
484.000000
213.000000
368.000000
311.000000
108.000000
3021.000000
197.000000
310.000000
109.000000
919.000000
322.000000
355.000000
120.000000
108.000000
988.000000
578.000000
558.000000
257.000000
321.000000
128.000000
610.000000
487.000000
227.000000
589.000000
175.000000
808.000000
2447.000000
427.000000
128.000000
1419.000000
326.000000
260.000000
255.000000
177.000000
125.000000
284.000000
1598.000000
210.000000
395.000000
497.000000
737.000000
377.000000
318.000000
741.000000
980.000000
546.000000
803.000000
320.000000
696.000000
582.000000
197.000000
264.000000
208.000000
291.000000
916.000000
380.000000
270.000000
3681.000000
414.000000
1103.000000
243.000000
214.000000
273.000000
265.000000
254.000000
907.000000
91.000000
190.000000
977.000000
452.000000
1232.000000
180.000000
289.000000
314.000000
429.000000
642.000000
243.000000
147.000000
33.000000
394.000000
1113.000000
215.000000
219.000000
177.000000
234.000000
369.000000
192.000000
460.000000
1326.000000
357.000000
142.000000
932.000000
365.000000
283.000000
439.000000
123.000000
307.000000
271.000000
152.000000
828.000000
259.000000
240.000000
292.000000
68.000000
1687.000000
172.000000
117.000000
160.000000
179.000000
787.000000
162.000000
124.000000
1364.000000
235.000000
80.000000
491.000000
413.000000
1160.000000
105.000000
545.000000
147.000000
901.000000
4335.000000
611.000000
570.000000
610.000000
646.000000
171.000000
102.000000
433.000000
130.000000
837.000000
174.000000
340.000000
92.000000
354.000000
359.000000
41.000000
473.000000
560.000000
693.000000
829.000000
163.000000
346.000000
2032.000000
3055.000000
1418.000000
161.000000
54.000000
304.000000
118.000000
2236.000000
1408.000000
258.000000
103.000000
367.000000
611.000000
721.000000
619.000000
962.000000
287.000000
591.000000
234.000000
1401.000000
40.000000
1218.000000
857.000000
208.000000
1017.000000
1617.000000
895.000000
451.000000
199.000000
1193.000000
77.000000
110.000000
699.000000
218.000000
189.000000
406.000000
583.000000
858.000000
440.000000
484.000000
911.000000
164.000000
2599.000000
407.000000
322.000000
420.000000
193.000000
460.000000
938.000000
369.000000
459.000000
154.000000
849.000000
540.000000
863.000000
313.000000
116.000000
2955.000000
800.000000
328.000000
166.000000
717.000000
324.000000
362.000000
551.000000
242.000000
637.000000
290.000000
3053.000000
866.000000
957.000000
146.000000
122.000000
821.000000
138.000000
78.000000
659.000000
374.000000
35.000000
244.000000
302.000000
1088.000000
320.000000
442.000000
329.000000
936.000000
481.000000
152.000000
294.000000
172.000000
7908.000000
78.000000
419.000000
388.000000
292.000000
120.000000
991.000000
1679.000000
354.000000
477.000000
185.000000
290.000000
3622.000000
320.000000
166.000000
560.000000
375.000000
254.000000
556.000000
1892.000000
288.000000
418.000000
392.000000
93.000000
347.000000
579.000000
109.000000
484.000000
625.000000
437.000000
249.000000
879.000000
1538.000000
825.000000
147.000000
437.000000
3071.000000
230.000000
82.000000
831.000000
295.000000
130.000000
874.000000
765.000000
1085.000000
159.000000
346.000000
83.000000
189.000000
290.000000
154.000000
154.000000
1132.000000
335.000000
990.000000
763.000000
615.000000
270.000000
335.000000
342.000000
135.000000
84.000000
380.000000
1696.000000
277.000000
502.000000
711.000000
2716.000000
389.000000
416.000000
333.000000
126.000000
220.000000
179.000000
267.000000
1027.000000
2072.000000
186.000000
600.000000
145.000000
462.000000
279.000000
153.000000
522.000000
984.000000
950.000000
767.000000
263.000000
113.000000
324.000000
2731.000000
193.000000
490.000000
385.000000
331.000000
1747.000000
680.000000
508.000000
237.000000
273.000000
301.000000
254.000000
74.000000
1709.000000
668.000000
523.000000
562.000000
548.000000
277.000000
2888.000000
76.000000
55.000000
179.000000
584.000000
310.000000
201.000000
331.000000
760.000000
176.000000
494.000000
419.000000
2631.000000
713.000000
482.000000
347.000000
1718.000000
318.000000
792.000000
359.000000
2296.000000
875.000000
2059.000000
262.000000
781.000000
191.000000
117.000000
414.000000
1163.000000
717.000000
816.000000
1050.000000
947.000000
587.000000
79.000000
637.000000
273.000000
80.000000
491.000000
122.000000
706.000000
146.000000
885.000000
307.000000
165.000000
586.000000
713.000000
244.000000
1868.000000
293.000000
456.000000
67.000000
858.000000
400.000000
341.000000
186.000000
801.000000
194.000000
534.000000
584.000000
1670.000000
197.000000
711.000000
270.000000
1092.000000
759.000000
205.000000
176.000000
56.000000
800.000000
996.000000
588.000000
70.000000
972.000000
229.000000
342.000000
871.000000
136.000000
401.000000
181.000000
551.000000
744.000000
677.000000
350.000000
994.000000
1322.000000
1989.000000
645.000000
70.000000
667.000000
195.000000
96.000000
97.000000
37.000000
1566.000000
382.000000
2057.000000
336.000000
575.000000
1214.000000
794.000000
364.000000
493.000000
7120.000000
277.000000
158.000000
918.000000
192.000000
905.000000
1610.000000
429.000000
159.000000
134.000000
1109.000000
1708.000000
5514.000000
729.000000
516.000000
461.000000
1377.000000
604.000000
2721.000000
61.000000
1750.000000
163.000000
689.000000
1021.000000
229.000000
670.000000
44.000000
978.000000
475.000000
1195.000000
686.000000
59.000000
429.000000
641.000000
240.000000
1186.000000
301.000000
300.000000
1214.000000
701.000000
206.000000
4532.000000
2165.000000
445.000000
2502.000000
513.000000
628.000000
550.000000
2472.000000
141.000000
1230.000000
226.000000
992.000000
447.000000
685.000000
177.000000
240.000000
412.000000
641.000000
205.000000
153.000000
461.000000
178.000000
359.000000
684.000000
838.000000
1466.000000
88.000000
503.000000
249.000000
282.000000
1236.000000
661.000000
6414.000000
97.000000
304.000000
2314.000000
357.000000
82.000000
553.000000
843.000000
1706.000000
350.000000
405.000000
46.000000
373.000000
604.000000
1115.000000
645.000000
348.000000
491.000000
1075.000000
663.000000
157.000000
665.000000
545.000000
1592.000000
177.000000
1201.000000
1395.000000
191.000000
919.000000
2750.000000
386.000000
741.000000
335.000000
157.000000
404.000000
2142.000000
387.000000
175.000000
112.000000
243.000000
709.000000
1705.000000
234.000000
153.000000
172.000000
397.000000
130.000000
646.000000
988.000000
1199.000000
1763.000000
471.000000
143.000000
61.000000
250.000000
1152.000000
215.000000
380.000000
559.000000
399.000000
1378.000000
395.000000
604.000000
173.000000
174.000000
277.000000
85.000000
442.000000
288.000000
127.000000
319.000000
2727.000000
375.000000
111.000000
257.000000
715.000000
555.000000
194.000000
252.000000
257.000000
132.000000
523.000000
601.000000
88.000000
1163.000000
1005.000000
236.000000
1309.000000
329.000000
142.000000
228.000000
454.000000
229.000000
90.000000
794.000000
90.000000
140.000000
1624.000000
487.000000
1693.000000
210.000000
610.000000
379.000000
762.000000
861.000000
342.000000
280.000000
290.000000
439.000000
200.000000
56.000000
283.000000
4700.000000
1413.000000
1066.000000
1342.000000
316.000000
539.000000
72.000000
327.000000
139.000000
1017.000000
1129.000000
4980.000000
1140.000000
302.000000
1839.000000
340.000000
154.000000
228.000000
1332.000000
147.000000
245.000000
683.000000
783.000000
400.000000
188.000000
2012.000000
2029.000000
374.000000
155.000000
396.000000
292.000000
286.000000
1494.000000
1662.000000
257.000000
616.000000
428.000000
215.000000
244.000000
184.000000
2090.000000
1102.000000
207.000000
623.000000
166.000000
838.000000
385.000000
889.000000
216.000000
1394.000000
705.000000
639.000000
1140.000000
218.000000
227.000000
1165.000000
360.000000
508.000000
223.000000
221.000000
519.000000
305.000000
627.000000
760.000000
188.000000
263.000000
350.000000
1841.000000
2795.000000
350.000000
5740.000000
114.000000
614.000000
831.000000
153.000000
219.000000
1708.000000
2071.000000
420.000000
25.000000
221.000000
167.000000
284.000000
160.000000
237.000000
297.000000
41.000000
1047.000000
176.000000
2482.000000
377.000000
28.000000
261.000000
157.000000
528.000000
382.000000
330.000000
627.000000
785.000000
455.000000
574.000000
209.000000
289.000000
878.000000
350.000000
91.000000
390.000000
1234.000000
651.000000
2444.000000
120.000000
299.000000
1256.000000
1591.000000
1082.000000
494.000000
92.000000
208.000000
703.000000
340.000000
290.000000
166.000000
456.000000
1027.000000
1002.000000
309.000000
449.000000
284.000000
651.000000
1454.000000
361.000000
309.000000
300.000000
817.000000
409.000000
661.000000
1980.000000
425.000000
860.000000
134.000000
676.000000
506.000000
230.000000
474.000000
184.000000
150.000000
1745.000000
1426.000000
1177.000000
893.000000
1705.000000
239.000000
1244.000000
374.000000
564.000000
98.000000
745.000000
367.000000
334.000000
585.000000
32.000000
119.000000
308.000000
1234.000000
853.000000
290.000000
1601.000000
355.000000
208.000000
216.000000
340.000000
498.000000
1664.000000
124.000000
1005.000000
2101.000000
342.000000
1164.000000
460.000000
658.000000
577.000000
471.000000
188.000000
199.000000
533.000000
2886.000000
169.000000
390.000000
220.000000
205.000000
1277.000000
666.000000
385.000000
820.000000
249.000000
138.000000
253.000000
194.000000
326.000000
1205.000000
248.000000
99.000000
1289.000000
3609.000000
300.000000
710.000000
76.000000
47.000000
1165.000000
424.000000
367.000000
204.000000
1232.000000
111.000000
1559.000000
140.000000
162.000000
171.000000
446.000000
118.000000
257.000000
477.000000
357.000000
437.000000
774.000000
174.000000
61.000000
209.000000
357.000000
217.000000
538.000000
2148.000000
306.000000
538.000000
152.000000
501.000000
850.000000
848.000000
360.000000
785.000000
494.000000
128.000000
174.000000
266.000000
110.000000
147.000000
473.000000
613.000000
97.000000
402.000000
1594.000000
977.000000
393.000000
1359.000000
942.000000
127.000000
377.000000
327.000000
647.000000
461.000000
590.000000
250.000000
399.000000
157.000000
559.000000
189.000000
384.000000
329.000000
2674.000000
89.000000
218.000000
720.000000
462.000000
1102.000000
709.000000
364.000000
306.000000
682.000000
456.000000
659.000000
1591.000000
220.000000
266.000000
463.000000
1262.000000
738.000000
628.000000
231.000000
823.000000
930.000000
520.000000
702.000000
20.000000
134.000000
1023.000000
114.000000
342.000000
541.000000
143.000000
66.000000
76.000000
726.000000
2438.000000
405.000000
73.000000
781.000000
829.000000
37.000000
739.000000
3752.000000
639.000000
192.000000
364.000000
1939.000000
129.000000
587.000000
144.000000
1643.000000
2184.000000
643.000000
145.000000
430.000000
411.000000
311.000000
376.000000
751.000000
561.000000
175.000000
733.000000
265.000000
41.000000
79.000000
1637.000000
770.000000
287.000000
789.000000
60.000000
651.000000
625.000000
1073.000000
356.000000
548.000000
406.000000
911.000000
644.000000
153.000000
2384.000000
