191.000000
99.000000
780.000000
75.000000
19.000000
325.000000
781.000000
376.000000
399.000000
311.000000
3314.000000
390.000000
29.000000
78.000000
1985.000000
418.000000
122.000000
456.000000
846.000000
250.000000
1135.000000
522.000000
1316.000000
779.000000
538.000000
340.000000
526.000000
28.000000
233.000000
198.000000
348.000000
182.000000
400.000000
869.000000
2364.000000
355.000000
87.000000
396.000000
44.000000
220.000000
30.000000
226.000000
286.000000
187.000000
835.000000
549.000000
1169.000000
256.000000
202.000000
313.000000
1762.000000
157.000000
751.000000
745.000000
326.000000
1937.000000
701.000000
706.000000
379.000000
2211.000000
364.000000
2352.000000
350.000000
1265.000000
249.000000
1617.000000
1734.000000
330.000000
4555.000000
470.000000
254.000000
69.000000
743.000000
1048.000000
111.000000
539.000000
383.000000
556.000000
28300.000000
386.000000
167.000000
283.000000
510.000000
144.000000
354.000000
267.000000
2059.000000
73.000000
493.000000
230.000000
226.000000
94.000000
1203.000000
354.000000
271.000000
260.000000
92.000000
666.000000
204.000000
823.000000
727.000000
2919.000000
2624.000000
1385.000000
321.000000
424.000000
164.000000
253.000000
284.000000
688.000000
329.000000
84.000000
336.000000
3049.000000
278.000000
327.000000
527.000000
539.000000
125.000000
86.000000
208.000000
86.000000
689.000000
572.000000
1489.000000
2398.000000
1673.000000
722.000000
451.000000
1794.000000
1197.000000
443.000000
351.000000
167.000000
1332.000000
804.000000
665.000000
749.000000
409.000000
226.000000
216.000000
383.000000
414.000000
1042.000000
428.000000
222.000000
221.000000
548.000000
291.000000
59.000000
758.000000
934.000000
391.000000
502.000000
435.000000
341.000000
810.000000
844.000000
661.000000
206.000000
1047.000000
946.000000
90.000000
155.000000
931.000000
789.000000
443.000000
1065.000000
85.000000
2064.000000
745.000000
558.000000
1479.000000
367.000000
1895.000000
269.000000
56.000000
79.000000
901.000000
199.000000
1643.000000
206.000000
667.000000
557.000000
561.000000
95.000000
556.000000
1349.000000
65.000000
215.000000
1639.000000
736.000000
434.000000
227.000000
8379.000000
1463.000000
124.000000
780.000000
632.000000
3864.000000
631.000000
128.000000
352.000000
387.000000
2102.000000
396.000000
1000.000000
227.000000
319.000000
1951.000000
579.000000
531.000000
360.000000
253.000000
1130.000000
1515.000000
732.000000
380.000000
358.000000
701.000000
253.000000
257.000000
1343.000000
1558.000000
3089.000000
1609.000000
2037.000000
232.000000
1149.000000
1041.000000
235.000000
173.000000
689.000000
851.000000
295.000000
236.000000
228.000000
1122.000000
799.000000
187.000000
1453.000000
705.000000
1055.000000
110.000000
2065.000000
173.000000
157.000000
1652.000000
567.000000
1498.000000
295.000000
659.000000
272.000000
82.000000
1162.000000
150.000000
945.000000
584.000000
473.000000
812.000000
1108.000000
193.000000
52.000000
303.000000
2349.000000
196.000000
238.000000
81.000000
1119.000000
441.000000
345.000000
404.000000
2878.000000
539.000000
806.000000
927.000000
112.000000
1870.000000
681.000000
847.000000
500.000000
321.000000
1330.000000
1447.000000
184.000000
472.000000
357.000000
253.000000
224.000000
947.000000
245.000000
703.000000
1329.000000
759.000000
1553.000000
1376.000000
76.000000
159.000000
363.000000
1576.000000
219.000000
624.000000
573.000000
532.000000
585.000000
111.000000
369.000000
404.000000
144.000000
168.000000
1184.000000
372.000000
155.000000
299.000000
831.000000
835.000000
81.000000
749.000000
2712.000000
1009.000000
243.000000
216.000000
2565.000000
227.000000
444.000000
309.000000
2021.000000
474.000000
913.000000
439.000000
2417.000000
268.000000
847.000000
942.000000
1203.000000
751.000000
303.000000
88.000000
164.000000
692.000000
67.000000
699.000000
156.000000
290.000000
132.000000
369.000000
57.000000
781.000000
652.000000
198.000000
765.000000
71.000000
519.000000
125.000000
182.000000
443.000000
770.000000
79.000000
425.000000
689.000000
508.000000
268.000000
375.000000
232.000000
980.000000
303.000000
79.000000
816.000000
580.000000
110.000000
634.000000
1290.000000
397.000000
281.000000
860.000000
930.000000
80.000000
1095.000000
727.000000
581.000000
172.000000
1287.000000
682.000000
673.000000
323.000000
5993.000000
349.000000
230.000000
949.000000
463.000000
577.000000
119.000000
96.000000
470.000000
739.000000
118.000000
220.000000
923.000000
281.000000
235.000000
171.000000
347.000000
401.000000
237.000000
84.000000
971.000000
1235.000000
428.000000
4895.000000
883.000000
286.000000
781.000000
223.000000
606.000000
276.000000
259.000000
307.000000
730.000000
1158.000000
534.000000
520.000000
119.000000
161.000000
841.000000
1080.000000
1788.000000
1510.000000
167.000000
195.000000
354.000000
269.000000
341.000000
986.000000
1055.000000
364.000000
823.000000
810.000000
415.000000
811.000000
123.000000
599.000000
190.000000
224.000000
1280.000000
1267.000000
2157.000000
157.000000
1261.000000
117.000000
332.000000
167.000000
440.000000
1321.000000
496.000000
36.000000
2415.000000
292.000000
143.000000
310.000000
435.000000
36.000000
134.000000
507.000000
282.000000
1125.000000
825.000000
260.000000
442.000000
862.000000
1912.000000
292.000000
84.000000
358.000000
190.000000
433.000000
270.000000
234.000000
53.000000
1872.000000
125.000000
193.000000
1075.000000
333.000000
1800.000000
1073.000000
721.000000
521.000000
335.000000
282.000000
644.000000
398.000000
496.000000
317.000000
318.000000
452.000000
1671.000000
65.000000
441.000000
149.000000
336.000000
194.000000
317.000000
509.000000
139.000000
1775.000000
660.000000
303.000000
27.000000
152.000000
1143.000000
165.000000
840.000000
400.000000
233.000000
893.000000
459.000000
517.000000
360.000000
144.000000
1585.000000
1587.000000
507.000000
377.000000
162.000000
450.000000
178.000000
362.000000
200.000000
661.000000
258.000000
251.000000
498.000000
3165.000000
2598.000000
3488.000000
543.000000
3081.000000
286.000000
106.000000
193.000000
365.000000
1125.000000
230.000000
699.000000
2805.000000
561.000000
415.000000
785.000000
335.000000
2634.000000
733.000000
751.000000
499.000000
67.000000
178.000000
12794.000000
760.000000
214.000000
488.000000
1023.000000
1801.000000
275.000000
1531.000000
3318.000000
365.000000
319.000000
558.000000
574.000000
478.000000
1019.000000
1304.000000
188.000000
418.000000
1924.000000
590.000000
5124.000000
709.000000
2220.000000
2528.000000
112.000000
858.000000
2135.000000
221.000000
430.000000
720.000000
909.000000
673.000000
1357.000000
469.000000
779.000000
1073.000000
1074.000000
54.000000
252.000000
1018.000000
854.000000
499.000000
148.000000
1186.000000
272.000000
575.000000
503.000000
137.000000
283.000000
424.000000
161.000000
147.000000
97.000000
1093.000000
129.000000
763.000000
304.000000
386.000000
212.000000
61.000000
669.000000
293.000000
650.000000
479.000000
386.000000
162.000000
2788.000000
576.000000
94.000000
767.000000
66.000000
488.000000
315.000000
2048.000000
108.000000
308.000000
229.000000
538.000000
1235.000000
187.000000
205.000000
352.000000
638.000000
60.000000
359.000000
106.000000
1129.000000
1747.000000
1977.000000
1110.000000
204.000000
391.000000
298.000000
127.000000
377.000000
738.000000
475.000000
132.000000
341.000000
37.000000
369.000000
184.000000
1375.000000
482.000000
58.000000
257.000000
1736.000000
94.000000
520.000000
1353.000000
1081.000000
1061.000000
115.000000
239.000000
183.000000
1302.000000
73.000000
1226.000000
413.000000
274.000000
170.000000
299.000000
886.000000
688.000000
780.000000
220.000000
1192.000000
1379.000000
424.000000
492.000000
94.000000
370.000000
2378.000000
528.000000
367.000000
184.000000
1345.000000
142.000000
108.000000
239.000000
8229.000000
328.000000
249.000000
2154.000000
1723.000000
154.000000
155.000000
1460.000000
897.000000
1147.000000
987.000000
588.000000
449.000000
1032.000000
72.000000
110.000000
3100.000000
577.000000
1607.000000
513.000000
272.000000
1398.000000
1332.000000
716.000000
145.000000
433.000000
788.000000
1373.000000
321.000000
175.000000
148.000000
459.000000
112.000000
172.000000
642.000000
60.000000
772.000000
332.000000
766.000000
366.000000
579.000000
476.000000
236.000000
500.000000
486.000000
233.000000
84.000000
437.000000
1041.000000
472.000000
75.000000
531.000000
220.000000
414.000000
203.000000
176.000000
1727.000000
485.000000
1204.000000
212.000000
2034.000000
384.000000
318.000000
1715.000000
142.000000
440.000000
145.000000
588.000000
166.000000
164.000000
1739.000000
384.000000
388.000000
357.000000
502.000000
246.000000
958.000000
37.000000
407.000000
811.000000
1263.000000
618.000000
423.000000
175.000000
1683.000000
563.000000
372.000000
588.000000
772.000000
279.000000
638.000000
155.000000
138.000000
676.000000
369.000000
783.000000
1377.000000
134.000000
56.000000
474.000000
534.000000
415.000000
1044.000000
350.000000
2154.000000
310.000000
659.000000
393.000000
418.000000
919.000000
590.000000
109.000000
115.000000
653.000000
1046.000000
1291.000000
72.000000
1218.000000
996.000000
260.000000
34.000000
1073.000000
82.000000
242.000000
577.000000
974.000000
793.000000
50.000000
496.000000
144.000000
201.000000
267.000000
547.000000
340.000000
188.000000
267.000000
1203.000000
112.000000
503.000000
1276.000000
685.000000
610.000000
687.000000
660.000000
585.000000
872.000000
1724.000000
1002.000000
841.000000
78.000000
444.000000
211.000000
384.000000
1054.000000
261.000000
2769.000000
2200.000000
621.000000
350.000000
55.000000
69.000000
1843.000000
843.000000
192.000000
378.000000
594.000000
189.000000
1000.000000
108.000000
111.000000
109.000000
62.000000
506.000000
431.000000
218.000000
123.000000
270.000000
463.000000
138.000000
5256.000000
371.000000
2252.000000
394.000000
469.000000
848.000000
781.000000
581.000000
251.000000
1002.000000
86.000000
655.000000
178.000000
273.000000
131.000000
232.000000
410.000000
193.000000
174.000000
60.000000
83.000000
235.000000
2033.000000
233.000000
226.000000
182.000000
521.000000
495.000000
621.000000
384.000000
774.000000
2652.000000
625.000000
212.000000
467.000000
737.000000
79.000000
578.000000
210.000000
288.000000
620.000000
228.000000
236.000000
118.000000
122.000000
1072.000000
434.000000
1304.000000
1348.000000
826.000000
491.000000
625.000000
635.000000
56.000000
153.000000
462.000000
1114.000000
940.000000
462.000000
186.000000
741.000000
50.000000
105.000000
205.000000
555.000000
639.000000
411.000000
708.000000
266.000000
413.000000
86.000000
118.000000
103.000000
514.000000
424.000000
408.000000
121.000000
62.000000
3178.000000
519.000000
1391.000000
1154.000000
684.000000
402.000000
421.000000
313.000000
635.000000
160.000000
158.000000
417.000000
745.000000
128.000000
284.000000
305.000000
144.000000
419.000000
335.000000
587.000000
387.000000
493.000000
299.000000
377.000000
531.000000
511.000000
123.000000
464.000000
399.000000
711.000000
382.000000
440.000000
597.000000
73.000000
135.000000
1138.000000
1229.000000
120.000000
128.000000
563.000000
238.000000
95.000000
726.000000
4771.000000
701.000000
113.000000
790.000000
733.000000
