252.000000
127.000000
237.000000
171.000000
561.000000
87.000000
65.000000
383.000000
884.000000
261.000000
513.000000
634.000000
614.000000
636.000000
721.000000
644.000000
836.000000
1818.000000
1050.000000
621.000000
132.000000
3528.000000
1646.000000
175.000000
513.000000
196.000000
182.000000
465.000000
886.000000
825.000000
1812.000000
210.000000
127.000000
122.000000
152.000000
6225.000000
236.000000
354.000000
116.000000
652.000000
382.000000
393.000000
190.000000
541.000000
369.000000
199.000000
269.000000
888.000000
983.000000
165.000000
664.000000
2842.000000
437.000000
196.000000
83.000000
533.000000
142.000000
319.000000
434.000000
417.000000
392.000000
1883.000000
618.000000
705.000000
354.000000
753.000000
291.000000
311.000000
336.000000
287.000000
242.000000
218.000000
82.000000
207.000000
375.000000
92.000000
733.000000
1456.000000
270.000000
430.000000
539.000000
63.000000
1278.000000
116.000000
470.000000
974.000000
424.000000
388.000000
1610.000000
276.000000
402.000000
806.000000
2944.000000
140.000000
1686.000000
979.000000
2426.000000
43.000000
1246.000000
570.000000
304.000000
831.000000
171.000000
717.000000
280.000000
289.000000
955.000000
434.000000
1082.000000
36.000000
274.000000
681.000000
367.000000
493.000000
519.000000
1366.000000
215.000000
2263.000000
306.000000
724.000000
285.000000
607.000000
654.000000
1888.000000
1366.000000
99.000000
90.000000
285.000000
292.000000
1645.000000
497.000000
1834.000000
129.000000
524.000000
258.000000
825.000000
49.000000
608.000000
113.000000
1022.000000
174.000000
716.000000
692.000000
308.000000
215.000000
172.000000
5015.000000
276.000000
378.000000
16.000000
278.000000
213.000000
317.000000
690.000000
78.000000
143.000000
718.000000
245.000000
1110.000000
379.000000
82.000000
757.000000
535.000000
513.000000
1192.000000
97.000000
347.000000
449.000000
204.000000
851.000000
450.000000
324.000000
175.000000
536.000000
1363.000000
1895.000000
69.000000
228.000000
264.000000
121.000000
1350.000000
1789.000000
209.000000
1540.000000
83.000000
98.000000
81.000000
109.000000
331.000000
756.000000
448.000000
89.000000
358.000000
427.000000
175.000000
584.000000
863.000000
453.000000
1373.000000
72.000000
682.000000
746.000000
899.000000
69.000000
940.000000
1013.000000
700.000000
514.000000
124.000000
147.000000
224.000000
27.000000
187.000000
2168.000000
180.000000
292.000000
67.000000
914.000000
668.000000
970.000000
1044.000000
156.000000
578.000000
356.000000
4961.000000
1542.000000
747.000000
1329.000000
633.000000
4355.000000
233.000000
1052.000000
188.000000
46.000000
485.000000
1246.000000
91.000000
1734.000000
588.000000
1871.000000
367.000000
627.000000
613.000000
203.000000
1601.000000
238.000000
232.000000
626.000000
63.000000
337.000000
700.000000
1281.000000
576.000000
48.000000
991.000000
1141.000000
306.000000
312.000000
2402.000000
133.000000
497.000000
2366.000000
539.000000
165.000000
647.000000
156.000000
180.000000
722.000000
41.000000
1404.000000
467.000000
476.000000
754.000000
461.000000
105.000000
1311.000000
93.000000
1074.000000
838.000000
95.000000
316.000000
211.000000
505.000000
492.000000
749.000000
691.000000
251.000000
1425.000000
731.000000
1867.000000
701.000000
125.000000
388.000000
1019.000000
303.000000
177.000000
250.000000
927.000000
90.000000
1017.000000
84.000000
386.000000
1086.000000
2607.000000
232.000000
1380.000000
167.000000
185.000000
179.000000
152.000000
138.000000
681.000000
733.000000
681.000000
142.000000
328.000000
1838.000000
1458.000000
681.000000
10036.000000
2802.000000
943.000000
109.000000
237.000000
608.000000
294.000000
451.000000
391.000000
234.000000
603.000000
474.000000
96.000000
309.000000
164.000000
318.000000
333.000000
132.000000
108.000000
1323.000000
2267.000000
127.000000
364.000000
1929.000000
496.000000
170.000000
816.000000
132.000000
837.000000
109.000000
497.000000
58.000000
283.000000
912.000000
235.000000
1166.000000
752.000000
187.000000
708.000000
554.000000
278.000000
1081.000000
432.000000
1888.000000
969.000000
831.000000
133.000000
302.000000
301.000000
876.000000
1120.000000
220.000000
525.000000
170.000000
254.000000
893.000000
297.000000
1451.000000
108.000000
217.000000
222.000000
844.000000
701.000000
117.000000
1475.000000
382.000000
146.000000
94.000000
2052.000000
1382.000000
402.000000
1647.000000
333.000000
650.000000
306.000000
718.000000
536.000000
138.000000
171.000000
268.000000
1217.000000
93.000000
2172.000000
103.000000
621.000000
311.000000
180.000000
395.000000
497.000000
628.000000
149.000000
182.000000
490.000000
93.000000
56.000000
900.000000
2301.000000
142.000000
2537.000000
690.000000
629.000000
315.000000
302.000000
738.000000
358.000000
670.000000
236.000000
154.000000
1051.000000
444.000000
2324.000000
359.000000
2531.000000
408.000000
300.000000
338.000000
31.000000
133.000000
891.000000
550.000000
837.000000
345.000000
383.000000
290.000000
248.000000
1239.000000
173.000000
217.000000
647.000000
204.000000
538.000000
278.000000
783.000000
923.000000
493.000000
547.000000
984.000000
1692.000000
1089.000000
182.000000
2846.000000
373.000000
1174.000000
107.000000
1290.000000
542.000000
554.000000
2706.000000
374.000000
249.000000
351.000000
870.000000
478.000000
446.000000
664.000000
214.000000
353.000000
261.000000
170.000000
663.000000
149.000000
2057.000000
60.000000
170.000000
398.000000
227.000000
776.000000
3747.000000
825.000000
947.000000
249.000000
2721.000000
653.000000
1243.000000
2218.000000
147.000000
76.000000
185.000000
258.000000
791.000000
186.000000
488.000000
68.000000
730.000000
57.000000
713.000000
211.000000
759.000000
136.000000
815.000000
919.000000
942.000000
447.000000
351.000000
137.000000
738.000000
247.000000
1034.000000
510.000000
266.000000
1405.000000
44.000000
468.000000
145.000000
251.000000
855.000000
35.000000
720.000000
934.000000
421.000000
104.000000
184.000000
537.000000
1428.000000
1310.000000
1214.000000
314.000000
183.000000
164.000000
966.000000
286.000000
549.000000
628.000000
499.000000
2017.000000
2049.000000
502.000000
138.000000
320.000000
1752.000000
73.000000
287.000000
210.000000
333.000000
1549.000000
900.000000
656.000000
347.000000
268.000000
231.000000
94.000000
151.000000
219.000000
2497.000000
242.000000
667.000000
271.000000
358.000000
259.000000
1763.000000
70.000000
84.000000
355.000000
382.000000
1283.000000
133.000000
365.000000
64.000000
42.000000
214.000000
458.000000
2586.000000
2074.000000
629.000000
1031.000000
1061.000000
109.000000
616.000000
832.000000
581.000000
1034.000000
177.000000
612.000000
209.000000
532.000000
166.000000
323.000000
161.000000
1002.000000
273.000000
307.000000
81.000000
1448.000000
119.000000
222.000000
2512.000000
2961.000000
104.000000
465.000000
553.000000
572.000000
4297.000000
254.000000
299.000000
2091.000000
1972.000000
211.000000
360.000000
2807.000000
1284.000000
398.000000
684.000000
267.000000
130.000000
817.000000
966.000000
686.000000
74.000000
354.000000
1607.000000
564.000000
357.000000
271.000000
103.000000
422.000000
188.000000
122.000000
1184.000000
118.000000
809.000000
1142.000000
30.000000
221.000000
733.000000
68.000000
925.000000
104.000000
691.000000
578.000000
373.000000
339.000000
696.000000
587.000000
103.000000
252.000000
70.000000
587.000000
66.000000
642.000000
62.000000
220.000000
990.000000
1487.000000
258.000000
2003.000000
1453.000000
111.000000
1028.000000
289.000000
670.000000
252.000000
620.000000
187.000000
1575.000000
1312.000000
312.000000
576.000000
524.000000
397.000000
143.000000
395.000000
787.000000
430.000000
191.000000
183.000000
732.000000
402.000000
235.000000
735.000000
980.000000
983.000000
225.000000
2767.000000
869.000000
186.000000
316.000000
161.000000
428.000000
657.000000
505.000000
337.000000
255.000000
242.000000
604.000000
425.000000
342.000000
372.000000
810.000000
348.000000
944.000000
892.000000
131.000000
572.000000
148.000000
192.000000
240.000000
186.000000
239.000000
767.000000
207.000000
1771.000000
446.000000
1159.000000
113.000000
518.000000
193.000000
2053.000000
417.000000
129.000000
1149.000000
708.000000
220.000000
155.000000
323.000000
615.000000
788.000000
455.000000
769.000000
1364.000000
640.000000
242.000000
1137.000000
1459.000000
888.000000
648.000000
1506.000000
576.000000
157.000000
615.000000
525.000000
2060.000000
493.000000
461.000000
65.000000
522.000000
1511.000000
140.000000
169.000000
1378.000000
138.000000
137.000000
439.000000
677.000000
255.000000
165.000000
809.000000
1032.000000
321.000000
864.000000
609.000000
1094.000000
1326.000000
230.000000
79.000000
352.000000
869.000000
56.000000
196.000000
138.000000
161.000000
366.000000
436.000000
719.000000
950.000000
103.000000
631.000000
2946.000000
188.000000
233.000000
591.000000
289.000000
48.000000
187.000000
882.000000
1147.000000
378.000000
752.000000
242.000000
292.000000
1477.000000
146.000000
131.000000
1442.000000
149.000000
310.000000
135.000000
1032.000000
738.000000
166.000000
248.000000
841.000000
472.000000
313.000000
87.000000
604.000000
831.000000
341.000000
1103.000000
1754.000000
529.000000
649.000000
3748.000000
191.000000
253.000000
257.000000
141.000000
478.000000
2330.000000
2130.000000
1031.000000
130.000000
912.000000
2693.000000
94.000000
255.000000
297.000000
477.000000
87.000000
738.000000
191.000000
237.000000
175.000000
236.000000
512.000000
644.000000
440.000000
263.000000
889.000000
139.000000
127.000000
974.000000
963.000000
152.000000
1999.000000
1409.000000
433.000000
333.000000
1116.000000
1520.000000
389.000000
804.000000
995.000000
886.000000
1192.000000
632.000000
94.000000
519.000000
795.000000
276.000000
496.000000
3658.000000
595.000000
234.000000
274.000000
489.000000
256.000000
1182.000000
520.000000
235.000000
711.000000
721.000000
1262.000000
1885.000000
548.000000
396.000000
269.000000
267.000000
942.000000
96.000000
231.000000
1183.000000
199.000000
831.000000
414.000000
1762.000000
942.000000
335.000000
182.000000
1202.000000
379.000000
122.000000
1642.000000
401.000000
147.000000
83.000000
306.000000
582.000000
1269.000000
140.000000
72.000000
274.000000
479.000000
968.000000
645.000000
1927.000000
330.000000
382.000000
135.000000
1046.000000
672.000000
510.000000
140.000000
191.000000
287.000000
409.000000
123.000000
1971.000000
906.000000
121.000000
2038.000000
89.000000
2837.000000
926.000000
1923.000000
297.000000
1141.000000
138.000000
481.000000
478.000000
1260.000000
427.000000
205.000000
1938.000000
89.000000
318.000000
26.000000
89.000000
895.000000
217.000000
69.000000
753.000000
539.000000
428.000000
671.000000
634.000000
934.000000
1193.000000
54.000000
425.000000
396.000000
450.000000
404.000000
55.000000
1458.000000
506.000000
772.000000
232.000000
901.000000
302.000000
111.000000
704.000000
388.000000
866.000000
415.000000
920.000000
230.000000
359.000000
2382.000000
235.000000
624.000000
767.000000
202.000000
527.000000
232.000000
174.000000
39.000000
987.000000
589.000000
843.000000
197.000000
497.000000
226.000000
208.000000
381.000000
1366.000000
625.000000
643.000000
1834.000000
802.000000
192.000000
211.000000
