1334.000000
1976.000000
635.000000
430.000000
311.000000
1640.000000
172.000000
341.000000
275.000000
94.000000
127.000000
463.000000
1271.000000
394.000000
518.000000
1117.000000
410.000000
67.000000
1747.000000
301.000000
385.000000
400.000000
778.000000
343.000000
273.000000
645.000000
323.000000
193.000000
597.000000
2074.000000
473.000000
108.000000
563.000000
81.000000
93.000000
116.000000
1025.000000
1091.000000
556.000000
177.000000
258.000000
773.000000
414.000000
1040.000000
48.000000
92.000000
368.000000
332.000000
393.000000
1167.000000
300.000000
862.000000
2979.000000
370.000000
1487.000000
250.000000
174.000000
3187.000000
75.000000
493.000000
635.000000
966.000000
2246.000000
153.000000
4353.000000
405.000000
135.000000
667.000000
1840.000000
456.000000
782.000000
743.000000
1165.000000
615.000000
352.000000
5122.000000
420.000000
1975.000000
239.000000
266.000000
651.000000
484.000000
567.000000
315.000000
38.000000
185.000000
294.000000
605.000000
1119.000000
2301.000000
495.000000
100.000000
571.000000
320.000000
313.000000
608.000000
1039.000000
1187.000000
214.000000
361.000000
1397.000000
635.000000
718.000000
58.000000
187.000000
2672.000000
79.000000
137.000000
193.000000
33.000000
469.000000
631.000000
85.000000
386.000000
362.000000
374.000000
118.000000
688.000000
5168.000000
825.000000
278.000000
235.000000
1847.000000
358.000000
1668.000000
536.000000
465.000000
1844.000000
2433.000000
62.000000
299.000000
195.000000
320.000000
157.000000
93.000000
152.000000
59.000000
1089.000000
192.000000
930.000000
2618.000000
666.000000
1877.000000
436.000000
63.000000
301.000000
2274.000000
4328.000000
1281.000000
307.000000
483.000000
145.000000
278.000000
425.000000
202.000000
424.000000
468.000000
50.000000
505.000000
114.000000
503.000000
313.000000
2814.000000
140.000000
232.000000
4000.000000
122.000000
1964.000000
1382.000000
66.000000
253.000000
60.000000
1089.000000
1555.000000
239.000000
472.000000
469.000000
764.000000
682.000000
695.000000
1318.000000
83.000000
104.000000
518.000000
122.000000
1328.000000
2032.000000
363.000000
241.000000
384.000000
197.000000
1318.000000
418.000000
295.000000
145.000000
565.000000
163.000000
2800.000000
811.000000
814.000000
2169.000000
329.000000
1064.000000
759.000000
455.000000
200.000000
1300.000000
514.000000
854.000000
130.000000
27.000000
2753.000000
1844.000000
832.000000
250.000000
213.000000
216.000000
41.000000
928.000000
80.000000
1093.000000
184.000000
87.000000
1029.000000
150.000000
423.000000
536.000000
282.000000
1251.000000
364.000000
265.000000
211.000000
245.000000
1780.000000
96.000000
239.000000
1026.000000
358.000000
1646.000000
225.000000
571.000000
1026.000000
99.000000
641.000000
117.000000
1335.000000
146.000000
72.000000
1270.000000
729.000000
761.000000
428.000000
587.000000
86.000000
2119.000000
900.000000
956.000000
307.000000
454.000000
239.000000
1322.000000
65.000000
540.000000
311.000000
600.000000
245.000000
224.000000
955.000000
149.000000
308.000000
935.000000
798.000000
1243.000000
164.000000
109.000000
174.000000
695.000000
102.000000
294.000000
469.000000
232.000000
548.000000
134.000000
214.000000
1684.000000
174.000000
404.000000
97.000000
2493.000000
137.000000
2521.000000
328.000000
55.000000
359.000000
653.000000
108.000000
157.000000
633.000000
98.000000
537.000000
418.000000
188.000000
187.000000
280.000000
476.000000
1082.000000
259.000000
1380.000000
205.000000
164.000000
259.000000
168.000000
1350.000000
205.000000
1054.000000
280.000000
155.000000
79.000000
1185.000000
527.000000
253.000000
122.000000
563.000000
716.000000
112.000000
1086.000000
447.000000
355.000000
382.000000
744.000000
448.000000
206.000000
560.000000
406.000000
806.000000
3933.000000
66.000000
3148.000000
571.000000
42.000000
255.000000
267.000000
241.000000
81.000000
304.000000
1542.000000
559.000000
466.000000
1209.000000
582.000000
591.000000
1002.000000
65.000000
95.000000
255.000000
185.000000
136.000000
201.000000
1061.000000
71.000000
2091.000000
978.000000
106.000000
216.000000
403.000000
1063.000000
527.000000
280.000000
146.000000
839.000000
411.000000
625.000000
403.000000
1187.000000
175.000000
795.000000
570.000000
676.000000
62.000000
882.000000
138.000000
205.000000
699.000000
199.000000
513.000000
681.000000
507.000000
289.000000
579.000000
5499.000000
225.000000
286.000000
281.000000
280.000000
597.000000
74.000000
1887.000000
1378.000000
1754.000000
404.000000
139.000000
1009.000000
1219.000000
3066.000000
631.000000
6061.000000
142.000000
429.000000
822.000000
1082.000000
159.000000
171.000000
258.000000
94.000000
83.000000
257.000000
2087.000000
400.000000
456.000000
935.000000
148.000000
207.000000
102.000000
220.000000
515.000000
799.000000
2391.000000
1125.000000
137.000000
93.000000
234.000000
87.000000
3941.000000
2788.000000
385.000000
1400.000000
434.000000
2569.000000
955.000000
121.000000
1271.000000
444.000000
208.000000
508.000000
821.000000
132.000000
165.000000
60.000000
981.000000
715.000000
57.000000
281.000000
1153.000000
95.000000
2103.000000
862.000000
370.000000
618.000000
140.000000
147.000000
258.000000
408.000000
668.000000
181.000000
699.000000
232.000000
126.000000
305.000000
161.000000
171.000000
511.000000
175.000000
271.000000
734.000000
1137.000000
616.000000
1131.000000
1440.000000
86.000000
551.000000
148.000000
906.000000
669.000000
237.000000
427.000000
784.000000
354.000000
1097.000000
1524.000000
525.000000
661.000000
418.000000
97.000000
606.000000
577.000000
1814.000000
2349.000000
1764.000000
115.000000
389.000000
391.000000
655.000000
321.000000
5.000000
629.000000
646.000000
252.000000
2962.000000
244.000000
140.000000
139.000000
848.000000
833.000000
319.000000
225.000000
1765.000000
153.000000
370.000000
1021.000000
546.000000
81.000000
436.000000
343.000000
583.000000
251.000000
310.000000
977.000000
363.000000
1289.000000
1142.000000
2379.000000
250.000000
205.000000
75.000000
181.000000
413.000000
43.000000
777.000000
165.000000
282.000000
1013.000000
255.000000
1400.000000
141.000000
1381.000000
984.000000
251.000000
628.000000
154.000000
326.000000
139.000000
223.000000
839.000000
1615.000000
744.000000
2058.000000
654.000000
189.000000
637.000000
684.000000
243.000000
290.000000
316.000000
1061.000000
513.000000
377.000000
1055.000000
274.000000
168.000000
215.000000
100.000000
42.000000
180.000000
666.000000
655.000000
522.000000
228.000000
327.000000
146.000000
643.000000
688.000000
2131.000000
2088.000000
108.000000
580.000000
231.000000
536.000000
1279.000000
243.000000
159.000000
4070.000000
175.000000
166.000000
319.000000
127.000000
254.000000
1274.000000
442.000000
1313.000000
4143.000000
1722.000000
128.000000
374.000000
668.000000
177.000000
491.000000
1373.000000
185.000000
277.000000
65.000000
1291.000000
356.000000
486.000000
195.000000
351.000000
917.000000
175.000000
620.000000
2331.000000
619.000000
1994.000000
108.000000
571.000000
1414.000000
320.000000
162.000000
396.000000
624.000000
572.000000
90.000000
215.000000
344.000000
684.000000
668.000000
1033.000000
144.000000
245.000000
140.000000
175.000000
744.000000
197.000000
150.000000
48.000000
271.000000
463.000000
261.000000
31.000000
88.000000
880.000000
260.000000
262.000000
348.000000
345.000000
56.000000
724.000000
646.000000
272.000000
424.000000
127.000000
618.000000
981.000000
921.000000
1423.000000
159.000000
143.000000
52.000000
655.000000
647.000000
777.000000
979.000000
105.000000
290.000000
325.000000
96.000000
165.000000
1121.000000
3692.000000
268.000000
727.000000
1012.000000
275.000000
271.000000
634.000000
505.000000
158.000000
218.000000
1091.000000
199.000000
1247.000000
2047.000000
1080.000000
210.000000
887.000000
1002.000000
227.000000
516.000000
283.000000
305.000000
2206.000000
183.000000
63.000000
213.000000
292.000000
259.000000
62.000000
171.000000
369.000000
526.000000
1702.000000
881.000000
875.000000
81.000000
700.000000
1110.000000
42.000000
62.000000
1112.000000
89.000000
207.000000
483.000000
200.000000
40.000000
419.000000
642.000000
372.000000
833.000000
462.000000
45.000000
475.000000
463.000000
238.000000
389.000000
69.000000
347.000000
682.000000
264.000000
2891.000000
517.000000
199.000000
972.000000
1870.000000
426.000000
477.000000
322.000000
161.000000
1711.000000
167.000000
225.000000
333.000000
245.000000
747.000000
1114.000000
339.000000
202.000000
218.000000
64.000000
285.000000
2789.000000
65.000000
354.000000
30.000000
179.000000
1203.000000
52.000000
212.000000
197.000000
212.000000
591.000000
443.000000
151.000000
173.000000
161.000000
362.000000
163.000000
75.000000
97.000000
491.000000
166.000000
8.000000
1969.000000
532.000000
406.000000
312.000000
1580.000000
325.000000
229.000000
315.000000
1228.000000
845.000000
249.000000
437.000000
2232.000000
261.000000
138.000000
128.000000
608.000000
884.000000
326.000000
436.000000
1030.000000
69.000000
252.000000
95.000000
1029.000000
344.000000
351.000000
760.000000
654.000000
157.000000
86.000000
1238.000000
111.000000
316.000000
78.000000
260.000000
301.000000
863.000000
97.000000
1362.000000
700.000000
477.000000
373.000000
520.000000
1262.000000
230.000000
269.000000
862.000000
173.000000
57.000000
505.000000
716.000000
143.000000
1563.000000
286.000000
282.000000
360.000000
105.000000
80.000000
3588.000000
1652.000000
252.000000
547.000000
470.000000
861.000000
1346.000000
1032.000000
768.000000
433.000000
395.000000
2682.000000
1379.000000
305.000000
441.000000
91.000000
80.000000
99.000000
2292.000000
164.000000
377.000000
177.000000
440.000000
73.000000
38.000000
750.000000
99.000000
317.000000
705.000000
119.000000
601.000000
228.000000
896.000000
386.000000
325.000000
2329.000000
364.000000
1244.000000
325.000000
71.000000
320.000000
2466.000000
750.000000
39.000000
228.000000
287.000000
183.000000
276.000000
240.000000
163.000000
249.000000
830.000000
394.000000
3682.000000
699.000000
915.000000
767.000000
153.000000
1074.000000
322.000000
142.000000
207.000000
190.000000
463.000000
180.000000
230.000000
230.000000
379.000000
473.000000
901.000000
82.000000
1483.000000
305.000000
165.000000
428.000000
1045.000000
495.000000
338.000000
223.000000
5440.000000
138.000000
547.000000
1370.000000
979.000000
286.000000
2420.000000
186.000000
893.000000
1088.000000
455.000000
137.000000
432.000000
1621.000000
380.000000
676.000000
559.000000
1462.000000
167.000000
109.000000
134.000000
1117.000000
663.000000
298.000000
81.000000
2188.000000
765.000000
1171.000000
172.000000
276.000000
350.000000
457.000000
270.000000
93.000000
220.000000
104.000000
508.000000
6582.000000
7638.000000
156.000000
209.000000
194.000000
145.000000
370.000000
131.000000
1963.000000
290.000000
136.000000
122.000000
325.000000
818.000000
385.000000
375.000000
434.000000
372.000000
521.000000
288.000000
55.000000
452.000000
181.000000
123.000000
557.000000
180.000000
129.000000
246.000000
405.000000
392.000000
363.000000
979.000000
667.000000
284.000000
652.000000
955.000000
716.000000
58.000000
185.000000
706.000000
488.000000
461.000000
1247.000000
1361.000000
1415.000000
1513.000000
