817.000000
1236.000000
44.000000
130.000000
678.000000
91.000000
274.000000
1111.000000
272.000000
474.000000
582.000000
152.000000
106.000000
1682.000000
1189.000000
915.000000
899.000000
261.000000
39.000000
1420.000000
85.000000
204.000000
751.000000
964.000000
807.000000
1023.000000
234.000000
902.000000
575.000000
128.000000
1684.000000
332.000000
1584.000000
227.000000
276.000000
91.000000
4607.000000
302.000000
319.000000
569.000000
203.000000
547.000000
407.000000
8309.000000
378.000000
643.000000
1332.000000
166.000000
182.000000
45.000000
5022.000000
690.000000
63.000000
590.000000
1293.000000
346.000000
1425.000000
107.000000
165.000000
335.000000
472.000000
267.000000
53.000000
331.000000
242.000000
923.000000
206.000000
852.000000
192.000000
308.000000
457.000000
1428.000000
140.000000
742.000000
202.000000
1443.000000
400.000000
919.000000
739.000000
287.000000
72.000000
345.000000
1420.000000
342.000000
337.000000
170.000000
1250.000000
545.000000
230.000000
350.000000
377.000000
502.000000
1194.000000
165.000000
607.000000
319.000000
1515.000000
344.000000
635.000000
637.000000
115.000000
1310.000000
594.000000
204.000000
323.000000
605.000000
1266.000000
248.000000
4839.000000
4235.000000
456.000000
264.000000
1178.000000
1004.000000
1761.000000
1105.000000
159.000000
39.000000
114.000000
309.000000
519.000000
118.000000
823.000000
286.000000
643.000000
143.000000
1081.000000
231.000000
164.000000
1849.000000
439.000000
215.000000
78.000000
580.000000
242.000000
273.000000
371.000000
464.000000
624.000000
302.000000
295.000000
543.000000
367.000000
901.000000
221.000000
185.000000
155.000000
516.000000
504.000000
577.000000
365.000000
423.000000
92.000000
337.000000
256.000000
1167.000000
253.000000
104.000000
942.000000
445.000000
352.000000
26.000000
1126.000000
289.000000
323.000000
1231.000000
545.000000
621.000000
471.000000
243.000000
77.000000
971.000000
336.000000
315.000000
844.000000
292.000000
241.000000
369.000000
174.000000
842.000000
438.000000
229.000000
347.000000
859.000000
2367.000000
146.000000
32.000000
199.000000
394.000000
80.000000
324.000000
594.000000
1034.000000
101.000000
355.000000
283.000000
173.000000
487.000000
275.000000
2386.000000
68.000000
197.000000
674.000000
149.000000
360.000000
136.000000
114.000000
1380.000000
832.000000
540.000000
808.000000
1157.000000
138.000000
377.000000
301.000000
1946.000000
861.000000
200.000000
486.000000
327.000000
299.000000
554.000000
200.000000
575.000000
626.000000
559.000000
1153.000000
213.000000
450.000000
148.000000
148.000000
107.000000
706.000000
750.000000
410.000000
370.000000
679.000000
2702.000000
413.000000
243.000000
447.000000
369.000000
285.000000
206.000000
445.000000
2119.000000
766.000000
163.000000
944.000000
97.000000
111.000000
943.000000
1469.000000
572.000000
819.000000
411.000000
821.000000
169.000000
335.000000
286.000000
200.000000
460.000000
239.000000
167.000000
123.000000
124.000000
78.000000
1948.000000
461.000000
1448.000000
1528.000000
191.000000
590.000000
1860.000000
243.000000
401.000000
1787.000000
143.000000
222.000000
245.000000
1098.000000
649.000000
457.000000
541.000000
274.000000
622.000000
336.000000
668.000000
174.000000
1926.000000
541.000000
377.000000
495.000000
101.000000
166.000000
515.000000
192.000000
139.000000
208.000000
771.000000
398.000000
1020.000000
1260.000000
118.000000
86.000000
779.000000
71.000000
133.000000
592.000000
1004.000000
1257.000000
917.000000
2106.000000
790.000000
250.000000
456.000000
734.000000
131.000000
350.000000
342.000000
368.000000
216.000000
118.000000
241.000000
287.000000
139.000000
1055.000000
126.000000
205.000000
331.000000
2289.000000
1544.000000
1253.000000
223.000000
621.000000
121.000000
134.000000
89.000000
188.000000
181.000000
210.000000
1229.000000
195.000000
68.000000
144.000000
357.000000
219.000000
618.000000
203.000000
195.000000
238.000000
299.000000
626.000000
384.000000
322.000000
2425.000000
131.000000
285.000000
1155.000000
993.000000
776.000000
131.000000
319.000000
175.000000
352.000000
1600.000000
973.000000
365.000000
98.000000
325.000000
784.000000
786.000000
812.000000
758.000000
522.000000
182.000000
134.000000
3470.000000
92.000000
410.000000
854.000000
180.000000
901.000000
1280.000000
608.000000
7203.000000
143.000000
242.000000
59.000000
300.000000
268.000000
195.000000
1013.000000
573.000000
384.000000
222.000000
144.000000
1689.000000
487.000000
342.000000
553.000000
1722.000000
121.000000
2383.000000
518.000000
1675.000000
2756.000000
860.000000
1172.000000
421.000000
903.000000
160.000000
312.000000
636.000000
402.000000
811.000000
165.000000
51.000000
85.000000
272.000000
607.000000
2326.000000
107.000000
80.000000
129.000000
403.000000
2639.000000
955.000000
492.000000
180.000000
684.000000
314.000000
392.000000
169.000000
209.000000
22.000000
353.000000
67.000000
396.000000
3527.000000
51.000000
100.000000
206.000000
923.000000
1142.000000
530.000000
438.000000
60.000000
323.000000
598.000000
1675.000000
131.000000
119.000000
1374.000000
2674.000000
644.000000
232.000000
1540.000000
223.000000
1551.000000
86.000000
768.000000
561.000000
312.000000
561.000000
285.000000
2652.000000
975.000000
2873.000000
135.000000
189.000000
644.000000
121.000000
651.000000
111.000000
175.000000
528.000000
213.000000
195.000000
1553.000000
276.000000
158.000000
869.000000
872.000000
245.000000
1347.000000
379.000000
291.000000
359.000000
832.000000
150.000000
215.000000
136.000000
259.000000
125.000000
114.000000
57.000000
365.000000
894.000000
279.000000
469.000000
440.000000
484.000000
218.000000
1155.000000
1380.000000
586.000000
224.000000
942.000000
3307.000000
1032.000000
357.000000
1513.000000
89.000000
1563.000000
156.000000
316.000000
666.000000
998.000000
253.000000
840.000000
272.000000
285.000000
172.000000
218.000000
1633.000000
661.000000
3995.000000
886.000000
956.000000
229.000000
755.000000
461.000000
118.000000
278.000000
570.000000
3840.000000
234.000000
514.000000
456.000000
412.000000
1348.000000
531.000000
899.000000
613.000000
112.000000
502.000000
168.000000
305.000000
138.000000
142.000000
98.000000
142.000000
240.000000
565.000000
1806.000000
140.000000
894.000000
356.000000
183.000000
423.000000
527.000000
75.000000
352.000000
1534.000000
672.000000
200.000000
147.000000
1699.000000
109.000000
53.000000
185.000000
128.000000
409.000000
384.000000
1655.000000
448.000000
1512.000000
306.000000
1416.000000
1163.000000
1309.000000
353.000000
726.000000
103.000000
59.000000
145.000000
476.000000
252.000000
380.000000
1079.000000
1939.000000
639.000000
31.000000
197.000000
1743.000000
348.000000
100.000000
259.000000
30.000000
9503.000000
1075.000000
536.000000
650.000000
836.000000
377.000000
186.000000
307.000000
386.000000
793.000000
626.000000
400.000000
168.000000
404.000000
246.000000
651.000000
155.000000
862.000000
548.000000
575.000000
1505.000000
189.000000
3382.000000
704.000000
159.000000
205.000000
2116.000000
201.000000
30.000000
3523.000000
867.000000
378.000000
1748.000000
884.000000
485.000000
164.000000
1480.000000
276.000000
642.000000
615.000000
6401.000000
382.000000
203.000000
2533.000000
741.000000
2473.000000
248.000000
1558.000000
106.000000
251.000000
833.000000
90.000000
459.000000
648.000000
2153.000000
47.000000
564.000000
357.000000
213.000000
307.000000
308.000000
1612.000000
488.000000
309.000000
118.000000
582.000000
620.000000
217.000000
2784.000000
449.000000
1522.000000
41.000000
172.000000
189.000000
1329.000000
799.000000
61.000000
70.000000
25.000000
370.000000
112.000000
530.000000
1112.000000
278.000000
1942.000000
874.000000
644.000000
460.000000
170.000000
444.000000
561.000000
1047.000000
1976.000000
2567.000000
89.000000
89.000000
346.000000
1946.000000
282.000000
154.000000
239.000000
178.000000
363.000000
731.000000
486.000000
105.000000
29.000000
137.000000
111.000000
778.000000
127.000000
288.000000
406.000000
271.000000
872.000000
287.000000
462.000000
1643.000000
603.000000
345.000000
179.000000
185.000000
28.000000
122.000000
448.000000
347.000000
343.000000
712.000000
543.000000
2924.000000
1088.000000
2368.000000
1064.000000
182.000000
233.000000
1305.000000
83.000000
1747.000000
368.000000
2129.000000
191.000000
327.000000
414.000000
158.000000
863.000000
265.000000
348.000000
374.000000
371.000000
767.000000
157.000000
708.000000
573.000000
188.000000
35.000000
79.000000
207.000000
402.000000
115.000000
214.000000
134.000000
1068.000000
744.000000
177.000000
835.000000
676.000000
801.000000
99.000000
68.000000
161.000000
881.000000
446.000000
1559.000000
358.000000
1045.000000
1193.000000
373.000000
278.000000
520.000000
807.000000
191.000000
2549.000000
175.000000
183.000000
1530.000000
916.000000
289.000000
215.000000
257.000000
200.000000
155.000000
447.000000
158.000000
926.000000
1432.000000
858.000000
126.000000
331.000000
425.000000
411.000000
283.000000
149.000000
392.000000
1323.000000
199.000000
78.000000
1167.000000
1770.000000
195.000000
150.000000
200.000000
632.000000
1592.000000
231.000000
750.000000
316.000000
506.000000
558.000000
398.000000
1140.000000
229.000000
2885.000000
295.000000
598.000000
796.000000
240.000000
439.000000
2419.000000
4626.000000
408.000000
123.000000
269.000000
784.000000
461.000000
1958.000000
96.000000
481.000000
205.000000
637.000000
1053.000000
2040.000000
5882.000000
353.000000
392.000000
168.000000
420.000000
855.000000
80.000000
497.000000
293.000000
1293.000000
324.000000
75.000000
128.000000
2562.000000
425.000000
119.000000
188.000000
253.000000
520.000000
412.000000
414.000000
500.000000
555.000000
396.000000
51.000000
647.000000
272.000000
108.000000
167.000000
1220.000000
991.000000
722.000000
890.000000
187.000000
286.000000
470.000000
347.000000
1942.000000
667.000000
130.000000
1474.000000
1360.000000
64.000000
296.000000
64.000000
359.000000
87.000000
325.000000
382.000000
764.000000
347.000000
547.000000
39.000000
168.000000
125.000000
305.000000
145.000000
332.000000
269.000000
400.000000
134.000000
369.000000
115.000000
656.000000
283.000000
1523.000000
506.000000
228.000000
310.000000
112.000000
1673.000000
122.000000
416.000000
150.000000
278.000000
1333.000000
444.000000
45.000000
852.000000
478.000000
268.000000
3527.000000
1192.000000
989.000000
403.000000
1140.000000
921.000000
212.000000
1030.000000
796.000000
198.000000
1280.000000
251.000000
121.000000
1044.000000
309.000000
612.000000
779.000000
1161.000000
222.000000
522.000000
525.000000
910.000000
641.000000
285.000000
3280.000000
175.000000
101.000000
239.000000
152.000000
141.000000
1135.000000
291.000000
328.000000
455.000000
1523.000000
275.000000
174.000000
651.000000
163.000000
101.000000
1071.000000
454.000000
427.000000
52.000000
211.000000
146.000000
127.000000
306.000000
435.000000
157.000000
183.000000
227.000000
545.000000
579.000000
715.000000
138.000000
583.000000
1202.000000
349.000000
254.000000
713.000000
227.000000
478.000000
890.000000
136.000000
2841.000000
63.000000
313.000000
147.000000
532.000000
99.000000
311.000000
167.000000
420.000000
208.000000
273.000000
338.000000
690.000000
