617.000000
574.000000
499.000000
539.000000
106.000000
232.000000
315.000000
311.000000
1484.000000
696.000000
108.000000
409.000000
237.000000
1094.000000
467.000000
782.000000
426.000000
489.000000
419.000000
629.000000
319.000000
431.000000
178.000000
211.000000
891.000000
683.000000
219.000000
222.000000
1793.000000
307.000000
524.000000
2880.000000
122.000000
532.000000
99.000000
431.000000
1500.000000
299.000000
303.000000
336.000000
131.000000
1018.000000
313.000000
248.000000
746.000000
677.000000
198.000000
339.000000
922.000000
129.000000
685.000000
298.000000
290.000000
91.000000
1869.000000
1016.000000
198.000000
2283.000000
79.000000
442.000000
672.000000
1909.000000
444.000000
710.000000
747.000000
721.000000
834.000000
2558.000000
35.000000
2020.000000
659.000000
765.000000
517.000000
477.000000
876.000000
321.000000
104.000000
194.000000
407.000000
1258.000000
1193.000000
210.000000
185.000000
1929.000000
154.000000
713.000000
162.000000
1365.000000
589.000000
675.000000
576.000000
1817.000000
1178.000000
272.000000
275.000000
358.000000
495.000000
52.000000
594.000000
478.000000
408.000000
937.000000
4362.000000
273.000000
164.000000
88.000000
1185.000000
80.000000
3225.000000
1175.000000
448.000000
240.000000
946.000000
1407.000000
1346.000000
842.000000
565.000000
58.000000
466.000000
1678.000000
681.000000
189.000000
565.000000
351.000000
448.000000
766.000000
259.000000
310.000000
95.000000
356.000000
376.000000
1221.000000
630.000000
466.000000
981.000000
502.000000
1123.000000
425.000000
188.000000
214.000000
450.000000
506.000000
426.000000
469.000000
543.000000
939.000000
845.000000
889.000000
276.000000
608.000000
112.000000
673.000000
262.000000
234.000000
745.000000
860.000000
129.000000
654.000000
192.000000
178.000000
537.000000
503.000000
90.000000
469.000000
111.000000
1352.000000
565.000000
230.000000
95.000000
561.000000
478.000000
416.000000
196.000000
232.000000
750.000000
515.000000
326.000000
234.000000
62.000000
352.000000
630.000000
683.000000
53.000000
2704.000000
331.000000
525.000000
283.000000
31.000000
409.000000
1106.000000
1237.000000
178.000000
102.000000
397.000000
266.000000
1008.000000
327.000000
642.000000
779.000000
97.000000
259.000000
933.000000
332.000000
490.000000
340.000000
1287.000000
1017.000000
135.000000
57.000000
387.000000
276.000000
603.000000
782.000000
246.000000
1881.000000
1406.000000
210.000000
438.000000
370.000000
416.000000
887.000000
313.000000
2695.000000
2327.000000
50.000000
250.000000
305.000000
55.000000
282.000000
1180.000000
280.000000
877.000000
173.000000
143.000000
174.000000
2426.000000
1881.000000
342.000000
433.000000
233.000000
272.000000
750.000000
480.000000
125.000000
157.000000
319.000000
276.000000
623.000000
462.000000
440.000000
1076.000000
159.000000
669.000000
1330.000000
336.000000
365.000000
271.000000
463.000000
2132.000000
410.000000
2995.000000
1438.000000
1164.000000
145.000000
1073.000000
417.000000
150.000000
117.000000
105.000000
212.000000
139.000000
71.000000
554.000000
410.000000
1536.000000
70.000000
1088.000000
877.000000
234.000000
239.000000
584.000000
2608.000000
123.000000
450.000000
1882.000000
378.000000
446.000000
6473.000000
218.000000
232.000000
652.000000
2796.000000
974.000000
2999.000000
273.000000
1869.000000
503.000000
250.000000
56.000000
232.000000
964.000000
166.000000
212.000000
2231.000000
2426.000000
383.000000
462.000000
235.000000
1236.000000
536.000000
447.000000
371.000000
1139.000000
447.000000
347.000000
224.000000
7030.000000
333.000000
1630.000000
389.000000
743.000000
143.000000
5639.000000
2116.000000
1216.000000
1343.000000
719.000000
307.000000
302.000000
194.000000
375.000000
353.000000
53.000000
4841.000000
160.000000
96.000000
397.000000
1657.000000
430.000000
605.000000
1065.000000
426.000000
164.000000
859.000000
590.000000
1013.000000
1007.000000
202.000000
386.000000
2926.000000
193.000000
139.000000
72.000000
344.000000
196.000000
305.000000
134.000000
572.000000
645.000000
1657.000000
93.000000
350.000000
191.000000
637.000000
892.000000
483.000000
91.000000
654.000000
764.000000
683.000000
99.000000
865.000000
280.000000
7189.000000
1995.000000
3715.000000
755.000000
185.000000
1350.000000
260.000000
62.000000
646.000000
1267.000000
161.000000
831.000000
49.000000
194.000000
234.000000
876.000000
623.000000
181.000000
17.000000
1428.000000
362.000000
321.000000
603.000000
644.000000
2285.000000
2533.000000
803.000000
504.000000
430.000000
253.000000
535.000000
1241.000000
933.000000
517.000000
271.000000
910.000000
135.000000
67.000000
1168.000000
549.000000
386.000000
1589.000000
556.000000
181.000000
817.000000
583.000000
337.000000
328.000000
35.000000
375.000000
916.000000
81.000000
331.000000
921.000000
1128.000000
240.000000
378.000000
221.000000
187.000000
343.000000
243.000000
581.000000
1628.000000
79.000000
1580.000000
150.000000
1938.000000
209.000000
2168.000000
212.000000
274.000000
527.000000
277.000000
215.000000
637.000000
885.000000
176.000000
508.000000
969.000000
144.000000
382.000000
1940.000000
473.000000
318.000000
445.000000
346.000000
176.000000
117.000000
1176.000000
1260.000000
401.000000
320.000000
2343.000000
78.000000
1179.000000
314.000000
258.000000
1129.000000
1370.000000
49.000000
643.000000
699.000000
255.000000
183.000000
403.000000
88.000000
172.000000
159.000000
61.000000
415.000000
1354.000000
711.000000
544.000000
1527.000000
627.000000
246.000000
332.000000
743.000000
157.000000
73.000000
2429.000000
163.000000
857.000000
50.000000
547.000000
46.000000
1077.000000
141.000000
570.000000
2478.000000
332.000000
7271.000000
333.000000
508.000000
2221.000000
252.000000
657.000000
142.000000
237.000000
250.000000
108.000000
69.000000
138.000000
339.000000
373.000000
1229.000000
699.000000
431.000000
591.000000
190.000000
389.000000
318.000000
537.000000
162.000000
1036.000000
640.000000
441.000000
784.000000
1247.000000
276.000000
920.000000
489.000000
2011.000000
222.000000
2443.000000
511.000000
695.000000
757.000000
409.000000
121.000000
1509.000000
1673.000000
1413.000000
310.000000
269.000000
99.000000
93.000000
213.000000
443.000000
404.000000
767.000000
566.000000
103.000000
430.000000
171.000000
238.000000
675.000000
512.000000
371.000000
180.000000
176.000000
459.000000
4625.000000
275.000000
4652.000000
1211.000000
80.000000
540.000000
85.000000
1848.000000
783.000000
3314.000000
362.000000
83.000000
455.000000
77.000000
1058.000000
322.000000
836.000000
348.000000
468.000000
1216.000000
776.000000
1704.000000
786.000000
1234.000000
832.000000
2307.000000
627.000000
191.000000
94.000000
614.000000
79.000000
184.000000
2818.000000
258.000000
904.000000
3779.000000
347.000000
1669.000000
2350.000000
316.000000
1805.000000
332.000000
22.000000
65.000000
505.000000
554.000000
137.000000
86.000000
147.000000
1401.000000
218.000000
1969.000000
209.000000
914.000000
283.000000
336.000000
643.000000
137.000000
566.000000
31.000000
184.000000
37.000000
72.000000
180.000000
257.000000
31.000000
914.000000
468.000000
55.000000
555.000000
1817.000000
300.000000
1169.000000
4245.000000
377.000000
2485.000000
1413.000000
673.000000
171.000000
131.000000
394.000000
316.000000
2976.000000
135.000000
825.000000
583.000000
702.000000
1403.000000
515.000000
437.000000
408.000000
240.000000
901.000000
610.000000
323.000000
208.000000
756.000000
534.000000
922.000000
116.000000
29.000000
159.000000
125.000000
1207.000000
2059.000000
308.000000
130.000000
235.000000
182.000000
468.000000
1257.000000
1015.000000
79.000000
79.000000
464.000000
145.000000
1092.000000
408.000000
1044.000000
517.000000
153.000000
203.000000
833.000000
979.000000
348.000000
588.000000
496.000000
621.000000
1003.000000
1033.000000
2649.000000
247.000000
196.000000
160.000000
2002.000000
297.000000
814.000000
770.000000
528.000000
74.000000
517.000000
623.000000
705.000000
1397.000000
309.000000
290.000000
538.000000
483.000000
671.000000
64.000000
322.000000
138.000000
1239.000000
161.000000
264.000000
1160.000000
428.000000
1827.000000
436.000000
781.000000
562.000000
830.000000
698.000000
528.000000
2544.000000
985.000000
1020.000000
55.000000
152.000000
565.000000
496.000000
649.000000
393.000000
761.000000
729.000000
1572.000000
231.000000
225.000000
494.000000
568.000000
1172.000000
287.000000
298.000000
238.000000
173.000000
754.000000
122.000000
133.000000
345.000000
245.000000
32.000000
758.000000
1667.000000
332.000000
259.000000
274.000000
608.000000
3516.000000
527.000000
249.000000
3510.000000
300.000000
203.000000
510.000000
246.000000
1109.000000
557.000000
324.000000
623.000000
371.000000
380.000000
837.000000
111.000000
137.000000
67.000000
166.000000
106.000000
135.000000
434.000000
264.000000
675.000000
240.000000
3302.000000
277.000000
1857.000000
126.000000
75.000000
2235.000000
2864.000000
157.000000
32.000000
159.000000
819.000000
313.000000
279.000000
640.000000
170.000000
2202.000000
302.000000
1104.000000
649.000000
255.000000
271.000000
480.000000
557.000000
920.000000
372.000000
1456.000000
133.000000
2172.000000
288.000000
496.000000
32.000000
1117.000000
647.000000
198.000000
259.000000
210.000000
854.000000
2609.000000
614.000000
251.000000
116.000000
996.000000
1575.000000
384.000000
197.000000
1293.000000
196.000000
35.000000
1674.000000
140.000000
2298.000000
385.000000
193.000000
1409.000000
2828.000000
393.000000
940.000000
495.000000
1506.000000
1240.000000
1285.000000
288.000000
148.000000
64.000000
661.000000
54.000000
41.000000
943.000000
1113.000000
169.000000
563.000000
94.000000
131.000000
225.000000
2585.000000
328.000000
78.000000
371.000000
733.000000
369.000000
1177.000000
615.000000
148.000000
388.000000
93.000000
288.000000
118.000000
197.000000
578.000000
262.000000
469.000000
544.000000
304.000000
164.000000
1274.000000
643.000000
140.000000
747.000000
428.000000
412.000000
265.000000
81.000000
122.000000
979.000000
191.000000
39.000000
2181.000000
345.000000
824.000000
475.000000
179.000000
829.000000
246.000000
729.000000
506.000000
274.000000
811.000000
134.000000
53.000000
649.000000
1060.000000
1077.000000
259.000000
398.000000
407.000000
1165.000000
305.000000
623.000000
248.000000
145.000000
799.000000
104.000000
251.000000
702.000000
422.000000
1159.000000
515.000000
150.000000
725.000000
86.000000
380.000000
623.000000
179.000000
162.000000
247.000000
203.000000
2156.000000
1761.000000
626.000000
222.000000
179.000000
1058.000000
254.000000
125.000000
71.000000
1790.000000
114.000000
219.000000
649.000000
512.000000
189.000000
306.000000
156.000000
2559.000000
339.000000
327.000000
242.000000
318.000000
337.000000
418.000000
292.000000
1852.000000
2756.000000
257.000000
121.000000
325.000000
170.000000
310.000000
339.000000
2517.000000
253.000000
453.000000
436.000000
2015.000000
78.000000
811.000000
760.000000
122.000000
1190.000000
1305.000000
815.000000
66.000000
408.000000
142.000000
849.000000
409.000000
771.000000
1302.000000
475.000000
681.000000
666.000000
48.000000
46.000000
287.000000
1867.000000
671.000000
1162.000000
378.000000
863.000000
625.000000
230.000000
246.000000
263.000000
