1352.000000
37.000000
83.000000
2592.000000
144.000000
220.000000
561.000000
742.000000
558.000000
112.000000
1037.000000
231.000000
473.000000
59.000000
684.000000
237.000000
1939.000000
521.000000
895.000000
201.000000
546.000000
267.000000
253.000000
914.000000
339.000000
303.000000
584.000000
1777.000000
527.000000
419.000000
899.000000
335.000000
348.000000
184.000000
2232.000000
243.000000
343.000000
195.000000
252.000000
164.000000
507.000000
450.000000
554.000000
251.000000
658.000000
676.000000
1116.000000
399.000000
283.000000
161.000000
555.000000
1136.000000
595.000000
777.000000
768.000000
283.000000
612.000000
266.000000
1760.000000
512.000000
1998.000000
2262.000000
2403.000000
512.000000
2477.000000
156.000000
588.000000
317.000000
506.000000
656.000000
428.000000
247.000000
899.000000
233.000000
1109.000000
396.000000
167.000000
788.000000
535.000000
308.000000
83.000000
642.000000
577.000000
703.000000
142.000000
581.000000
947.000000
389.000000
175.000000
855.000000
217.000000
424.000000
2044.000000
136.000000
900.000000
639.000000
278.000000
140.000000
177.000000
196.000000
1384.000000
255.000000
141.000000
26.000000
1109.000000
273.000000
442.000000
48.000000
656.000000
399.000000
277.000000
343.000000
127.000000
482.000000
328.000000
345.000000
1102.000000
72.000000
1331.000000
886.000000
161.000000
221.000000
1109.000000
591.000000
519.000000
216.000000
613.000000
788.000000
516.000000
427.000000
559.000000
41.000000
537.000000
532.000000
523.000000
703.000000
271.000000
395.000000
857.000000
258.000000
204.000000
259.000000
5802.000000
2342.000000
583.000000
613.000000
246.000000
1149.000000
201.000000
74.000000
217.000000
642.000000
459.000000
231.000000
979.000000
723.000000
166.000000
905.000000
133.000000
488.000000
76.000000
104.000000
897.000000
403.000000
323.000000
1414.000000
1093.000000
945.000000
581.000000
328.000000
642.000000
419.000000
644.000000
1038.000000
145.000000
288.000000
176.000000
207.000000
2140.000000
629.000000
139.000000
331.000000
429.000000
93.000000
534.000000
55.000000
349.000000
1081.000000
113.000000
1162.000000
346.000000
500.000000
1364.000000
79.000000
370.000000
231.000000
804.000000
779.000000
327.000000
106.000000
537.000000
1933.000000
229.000000
411.000000
111.000000
284.000000
373.000000
126.000000
1157.000000
249.000000
642.000000
64.000000
516.000000
1547.000000
607.000000
90.000000
305.000000
310.000000
194.000000
394.000000
146.000000
1264.000000
350.000000
1189.000000
494.000000
669.000000
43.000000
584.000000
204.000000
329.000000
123.000000
819.000000
863.000000
255.000000
428.000000
404.000000
967.000000
173.000000
2187.000000
77.000000
422.000000
287.000000
539.000000
410.000000
76.000000
120.000000
74.000000
1846.000000
872.000000
209.000000
1054.000000
517.000000
508.000000
131.000000
291.000000
1986.000000
1231.000000
686.000000
939.000000
300.000000
372.000000
210.000000
127.000000
661.000000
316.000000
125.000000
654.000000
131.000000
294.000000
333.000000
91.000000
318.000000
126.000000
418.000000
141.000000
820.000000
1292.000000
41.000000
550.000000
350.000000
273.000000
617.000000
1072.000000
100.000000
273.000000
797.000000
138.000000
63.000000
2248.000000
388.000000
392.000000
147.000000
432.000000
113.000000
195.000000
494.000000
68.000000
153.000000
95.000000
181.000000
146.000000
1190.000000
934.000000
548.000000
1691.000000
1243.000000
271.000000
394.000000
902.000000
817.000000
186.000000
580.000000
159.000000
414.000000
149.000000
195.000000
968.000000
876.000000
717.000000
6680.000000
671.000000
706.000000
232.000000
160.000000
226.000000
82.000000
365.000000
455.000000
677.000000
471.000000
301.000000
870.000000
1373.000000
330.000000
2977.000000
512.000000
1938.000000
440.000000
185.000000
472.000000
855.000000
126.000000
1059.000000
953.000000
351.000000
1014.000000
928.000000
330.000000
1640.000000
2021.000000
161.000000
3499.000000
543.000000
247.000000
922.000000
536.000000
263.000000
187.000000
207.000000
937.000000
49.000000
61.000000
250.000000
164.000000
777.000000
397.000000
516.000000
130.000000
1630.000000
1249.000000
1274.000000
221.000000
907.000000
450.000000
21.000000
1452.000000
158.000000
917.000000
238.000000
384.000000
276.000000
418.000000
160.000000
692.000000
279.000000
767.000000
194.000000
795.000000
354.000000
463.000000
99.000000
456.000000
136.000000
1173.000000
2587.000000
1505.000000
1443.000000
209.000000
548.000000
355.000000
981.000000
16.000000
1626.000000
77.000000
1211.000000
3772.000000
505.000000
719.000000
469.000000
676.000000
310.000000
154.000000
3350.000000
829.000000
1323.000000
440.000000
79.000000
833.000000
1024.000000
1115.000000
249.000000
18.000000
188.000000
182.000000
202.000000
2380.000000
311.000000
129.000000
156.000000
124.000000
1202.000000
731.000000
1484.000000
493.000000
179.000000
389.000000
700.000000
1621.000000
714.000000
1106.000000
521.000000
201.000000
314.000000
100.000000
413.000000
4199.000000
2244.000000
1298.000000
744.000000
372.000000
289.000000
444.000000
895.000000
190.000000
445.000000
198.000000
59.000000
80.000000
118.000000
651.000000
174.000000
511.000000
2073.000000
1202.000000
177.000000
446.000000
199.000000
218.000000
35.000000
493.000000
142.000000
202.000000
1185.000000
578.000000
645.000000
530.000000
3724.000000
744.000000
147.000000
109.000000
762.000000
903.000000
309.000000
406.000000
1987.000000
343.000000
522.000000
1773.000000
757.000000
764.000000
1982.000000
1491.000000
633.000000
281.000000
413.000000
286.000000
1258.000000
329.000000
851.000000
815.000000
104.000000
759.000000
384.000000
56.000000
578.000000
1149.000000
827.000000
51.000000
312.000000
381.000000
1697.000000
1185.000000
73.000000
229.000000
2584.000000
843.000000
5263.000000
194.000000
513.000000
173.000000
651.000000
692.000000
971.000000
1079.000000
235.000000
805.000000
2019.000000
736.000000
80.000000
212.000000
1714.000000
381.000000
198.000000
221.000000
407.000000
181.000000
69.000000
293.000000
2873.000000
841.000000
835.000000
370.000000
866.000000
234.000000
667.000000
1945.000000
67.000000
6255.000000
338.000000
1066.000000
187.000000
375.000000
1164.000000
279.000000
1317.000000
990.000000
230.000000
361.000000
273.000000
1715.000000
235.000000
243.000000
716.000000
199.000000
514.000000
1268.000000
528.000000
159.000000
1025.000000
724.000000
350.000000
64.000000
157.000000
968.000000
142.000000
1224.000000
50.000000
818.000000
314.000000
239.000000
413.000000
273.000000
1371.000000
436.000000
1239.000000
1157.000000
85.000000
1915.000000
885.000000
76.000000
2220.000000
732.000000
778.000000
539.000000
4148.000000
742.000000
77.000000
149.000000
364.000000
109.000000
949.000000
533.000000
893.000000
573.000000
260.000000
359.000000
318.000000
203.000000
89.000000
178.000000
694.000000
205.000000
429.000000
473.000000
187.000000
241.000000
342.000000
545.000000
50.000000
432.000000
1243.000000
177.000000
439.000000
178.000000
46.000000
338.000000
295.000000
389.000000
1003.000000
259.000000
670.000000
290.000000
6852.000000
610.000000
8910.000000
93.000000
252.000000
159.000000
278.000000
325.000000
346.000000
95.000000
122.000000
423.000000
548.000000
73.000000
86.000000
662.000000
1777.000000
711.000000
626.000000
1925.000000
1209.000000
453.000000
135.000000
789.000000
1122.000000
314.000000
190.000000
150.000000
91.000000
365.000000
791.000000
142.000000
141.000000
1217.000000
146.000000
1660.000000
100.000000
455.000000
168.000000
1433.000000
161.000000
650.000000
166.000000
567.000000
175.000000
1161.000000
1257.000000
168.000000
139.000000
722.000000
704.000000
232.000000
258.000000
166.000000
319.000000
185.000000
372.000000
103.000000
407.000000
83.000000
272.000000
1123.000000
899.000000
64.000000
473.000000
48.000000
198.000000
355.000000
763.000000
143.000000
158.000000
1634.000000
162.000000
115.000000
144.000000
875.000000
1250.000000
520.000000
115.000000
1254.000000
80.000000
199.000000
43.000000
424.000000
96.000000
507.000000
48.000000
338.000000
816.000000
117.000000
142.000000
93.000000
72.000000
395.000000
262.000000
149.000000
59.000000
206.000000
355.000000
88.000000
818.000000
39.000000
891.000000
502.000000
378.000000
338.000000
287.000000
176.000000
4492.000000
183.000000
2980.000000
261.000000
815.000000
247.000000
357.000000
286.000000
1339.000000
1850.000000
434.000000
245.000000
123.000000
123.000000
89.000000
2098.000000
139.000000
737.000000
211.000000
368.000000
53.000000
657.000000
1619.000000
3208.000000
264.000000
4764.000000
1085.000000
197.000000
604.000000
157.000000
106.000000
183.000000
895.000000
290.000000
1578.000000
325.000000
86.000000
608.000000
1486.000000
917.000000
111.000000
211.000000
68.000000
262.000000
691.000000
240.000000
256.000000
2947.000000
277.000000
1440.000000
294.000000
163.000000
402.000000
1533.000000
148.000000
1012.000000
229.000000
105.000000
548.000000
91.000000
1539.000000
252.000000
1605.000000
1069.000000
455.000000
96.000000
1086.000000
924.000000
115.000000
1221.000000
2848.000000
170.000000
589.000000
2001.000000
65.000000
208.000000
409.000000
619.000000
1340.000000
166.000000
338.000000
141.000000
983.000000
454.000000
305.000000
151.000000
388.000000
163.000000
560.000000
468.000000
272.000000
1417.000000
608.000000
326.000000
187.000000
436.000000
414.000000
1289.000000
542.000000
638.000000
204.000000
4537.000000
620.000000
88.000000
595.000000
406.000000
1064.000000
446.000000
721.000000
194.000000
6330.000000
139.000000
242.000000
434.000000
137.000000
250.000000
222.000000
940.000000
209.000000
327.000000
211.000000
576.000000
869.000000
282.000000
110.000000
593.000000
687.000000
1502.000000
267.000000
755.000000
279.000000
4119.000000
1572.000000
681.000000
940.000000
1573.000000
693.000000
477.000000
227.000000
314.000000
1525.000000
566.000000
302.000000
881.000000
3098.000000
739.000000
821.000000
116.000000
121.000000
113.000000
614.000000
823.000000
461.000000
359.000000
255.000000
625.000000
185.000000
261.000000
482.000000
672.000000
928.000000
125.000000
1766.000000
249.000000
408.000000
622.000000
266.000000
1321.000000
1533.000000
51.000000
634.000000
589.000000
346.000000
1737.000000
211.000000
110.000000
1609.000000
112.000000
251.000000
1805.000000
222.000000
1060.000000
71.000000
947.000000
389.000000
968.000000
277.000000
1036.000000
800.000000
390.000000
158.000000
698.000000
316.000000
706.000000
331.000000
1074.000000
503.000000
2688.000000
243.000000
311.000000
383.000000
1732.000000
250.000000
334.000000
370.000000
355.000000
415.000000
234.000000
213.000000
289.000000
467.000000
366.000000
63.000000
327.000000
54.000000
723.000000
197.000000
471.000000
500.000000
1231.000000
332.000000
810.000000
861.000000
5430.000000
2213.000000
315.000000
1947.000000
174.000000
940.000000
699.000000
23.000000
500.000000
901.000000
114.000000
22.000000
1220.000000
1138.000000
504.000000
391.000000
285.000000
736.000000
367.000000
161.000000
1571.000000
34.000000
698.000000
647.000000
413.000000
150.000000
299.000000
781.000000
626.000000
587.000000
552.000000
595.000000
485.000000
983.000000
254.000000
927.000000
521.000000
