49.000000
427.000000
912.000000
774.000000
597.000000
82.000000
240.000000
43.000000
259.000000
1962.000000
1849.000000
196.000000
445.000000
167.000000
137.000000
300.000000
1840.000000
832.000000
635.000000
624.000000
63.000000
423.000000
1485.000000
126.000000
219.000000
63.000000
297.000000
1017.000000
71.000000
119.000000
214.000000
96.000000
682.000000
273.000000
64.000000
91.000000
999.000000
160.000000
3001.000000
102.000000
356.000000
4284.000000
403.000000
371.000000
670.000000
66.000000
75.000000
481.000000
482.000000
607.000000
136.000000
260.000000
2724.000000
389.000000
291.000000
719.000000
8497.000000
315.000000
443.000000
2517.000000
1051.000000
313.000000
1320.000000
193.000000
799.000000
303.000000
1008.000000
348.000000
725.000000
125.000000
213.000000
201.000000
609.000000
710.000000
520.000000
1233.000000
1156.000000
372.000000
386.000000
361.000000
812.000000
625.000000
1348.000000
149.000000
115.000000
143.000000
227.000000
367.000000
1889.000000
93.000000
1373.000000
688.000000
703.000000
874.000000
810.000000
1543.000000
40.000000
827.000000
554.000000
420.000000
634.000000
323.000000
354.000000
150.000000
842.000000
294.000000
163.000000
2664.000000
473.000000
165.000000
263.000000
762.000000
204.000000
316.000000
227.000000
455.000000
726.000000
407.000000
348.000000
1028.000000
207.000000
1751.000000
2180.000000
960.000000
2529.000000
2102.000000
46.000000
797.000000
407.000000
122.000000
485.000000
1422.000000
107.000000
245.000000
2950.000000
795.000000
281.000000
1466.000000
377.000000
326.000000
693.000000
270.000000
246.000000
468.000000
118.000000
594.000000
769.000000
1374.000000
181.000000
389.000000
479.000000
740.000000
359.000000
1977.000000
146.000000
478.000000
394.000000
86.000000
2768.000000
265.000000
204.000000
251.000000
153.000000
405.000000
142.000000
200.000000
677.000000
391.000000
814.000000
759.000000
595.000000
170.000000
205.000000
153.000000
114.000000
149.000000
80.000000
296.000000
585.000000
933.000000
307.000000
803.000000
153.000000
223.000000
561.000000
345.000000
242.000000
2842.000000
916.000000
178.000000
122.000000
1619.000000
700.000000
3915.000000
787.000000
312.000000
510.000000
455.000000
310.000000
644.000000
393.000000
989.000000
1989.000000
188.000000
376.000000
97.000000
1162.000000
265.000000
1816.000000
185.000000
119.000000
307.000000
81.000000
93.000000
1647.000000
80.000000
217.000000
571.000000
639.000000
181.000000
626.000000
364.000000
314.000000
731.000000
1598.000000
43.000000
3172.000000
178.000000
643.000000
1944.000000
253.000000
650.000000
196.000000
980.000000
809.000000
736.000000
130.000000
1783.000000
1611.000000
1363.000000
1148.000000
250.000000
276.000000
1039.000000
1508.000000
950.000000
1286.000000
36.000000
1501.000000
346.000000
438.000000
757.000000
415.000000
231.000000
467.000000
1251.000000
1652.000000
761.000000
180.000000
161.000000
367.000000
341.000000
564.000000
83.000000
348.000000
317.000000
158.000000
466.000000
306.000000
504.000000
223.000000
474.000000
2694.000000
2885.000000
471.000000
376.000000
1022.000000
385.000000
2786.000000
414.000000
105.000000
411.000000
267.000000
175.000000
248.000000
215.000000
62.000000
84.000000
253.000000
179.000000
338.000000
6459.000000
712.000000
229.000000
670.000000
145.000000
316.000000
410.000000
1193.000000
377.000000
22.000000
368.000000
363.000000
1821.000000
198.000000
91.000000
439.000000
128.000000
804.000000
159.000000
187.000000
1823.000000
392.000000
230.000000
1063.000000
127.000000
525.000000
276.000000
2179.000000
530.000000
171.000000
1663.000000
436.000000
1116.000000
137.000000
280.000000
1040.000000
654.000000
1487.000000
151.000000
247.000000
446.000000
289.000000
331.000000
56.000000
1192.000000
354.000000
420.000000
929.000000
392.000000
96.000000
336.000000
181.000000
122.000000
1157.000000
124.000000
55.000000
985.000000
339.000000
774.000000
955.000000
901.000000
3547.000000
487.000000
113.000000
2086.000000
89.000000
188.000000
454.000000
886.000000
1363.000000
60.000000
90.000000
741.000000
1166.000000
1477.000000
186.000000
616.000000
563.000000
167.000000
196.000000
687.000000
169.000000
523.000000
767.000000
638.000000
876.000000
72.000000
94.000000
170.000000
113.000000
149.000000
276.000000
742.000000
566.000000
279.000000
587.000000
126.000000
3213.000000
449.000000
108.000000
800.000000
251.000000
302.000000
467.000000
448.000000
258.000000
3921.000000
293.000000
996.000000
205.000000
659.000000
621.000000
40.000000
119.000000
1177.000000
510.000000
220.000000
972.000000
377.000000
289.000000
202.000000
21.000000
375.000000
379.000000
1019.000000
71.000000
212.000000
1239.000000
319.000000
247.000000
478.000000
673.000000
2052.000000
766.000000
91.000000
433.000000
1331.000000
185.000000
1041.000000
591.000000
1150.000000
788.000000
165.000000
400.000000
436.000000
285.000000
304.000000
198.000000
281.000000
137.000000
471.000000
155.000000
740.000000
70.000000
51.000000
761.000000
124.000000
3191.000000
471.000000
293.000000
180.000000
248.000000
147.000000
469.000000
743.000000
270.000000
81.000000
951.000000
1213.000000
766.000000
606.000000
453.000000
391.000000
123.000000
1824.000000
774.000000
141.000000
3662.000000
1240.000000
193.000000
233.000000
695.000000
2302.000000
145.000000
246.000000
327.000000
1439.000000
360.000000
285.000000
764.000000
287.000000
892.000000
507.000000
270.000000
1417.000000
11138.000000
591.000000
734.000000
1044.000000
1895.000000
735.000000
401.000000
449.000000
234.000000
411.000000
641.000000
471.000000
144.000000
218.000000
131.000000
259.000000
151.000000
160.000000
1351.000000
631.000000
1490.000000
967.000000
789.000000
355.000000
1325.000000
811.000000
124.000000
491.000000
299.000000
661.000000
568.000000
635.000000
401.000000
283.000000
1002.000000
704.000000
554.000000
158.000000
407.000000
1340.000000
246.000000
233.000000
213.000000
2160.000000
164.000000
132.000000
1249.000000
595.000000
77.000000
405.000000
276.000000
204.000000
271.000000
77.000000
2479.000000
297.000000
486.000000
255.000000
1066.000000
850.000000
582.000000
663.000000
150.000000
260.000000
225.000000
413.000000
131.000000
440.000000
43.000000
409.000000
876.000000
311.000000
590.000000
428.000000
70.000000
152.000000
33.000000
1000.000000
163.000000
3140.000000
241.000000
119.000000
363.000000
571.000000
261.000000
525.000000
95.000000
76.000000
183.000000
152.000000
1233.000000
216.000000
787.000000
398.000000
2536.000000
1178.000000
904.000000
1043.000000
204.000000
130.000000
160.000000
534.000000
152.000000
893.000000
1521.000000
144.000000
473.000000
550.000000
27.000000
1062.000000
59.000000
479.000000
116.000000
205.000000
305.000000
167.000000
114.000000
534.000000
169.000000
482.000000
735.000000
293.000000
531.000000
54.000000
1945.000000
358.000000
847.000000
115.000000
1349.000000
931.000000
336.000000
136.000000
1642.000000
270.000000
689.000000
1930.000000
382.000000
212.000000
557.000000
118.000000
177.000000
231.000000
226.000000
470.000000
410.000000
247.000000
631.000000
220.000000
660.000000
831.000000
327.000000
510.000000
1988.000000
246.000000
581.000000
2355.000000
96.000000
607.000000
126.000000
291.000000
190.000000
572.000000
2305.000000
685.000000
797.000000
159.000000
713.000000
114.000000
137.000000
348.000000
514.000000
1338.000000
545.000000
447.000000
524.000000
565.000000
720.000000
272.000000
969.000000
365.000000
140.000000
271.000000
796.000000
569.000000
1081.000000
43.000000
159.000000
431.000000
253.000000
259.000000
371.000000
190.000000
129.000000
252.000000
203.000000
811.000000
1975.000000
595.000000
166.000000
214.000000
700.000000
102.000000
168.000000
1081.000000
46.000000
417.000000
523.000000
501.000000
192.000000
431.000000
1175.000000
567.000000
359.000000
403.000000
2083.000000
238.000000
341.000000
631.000000
622.000000
977.000000
314.000000
319.000000
489.000000
53.000000
1152.000000
198.000000
86.000000
45.000000
160.000000
566.000000
735.000000
1762.000000
468.000000
322.000000
1095.000000
1532.000000
281.000000
549.000000
595.000000
184.000000
74.000000
7032.000000
73.000000
833.000000
320.000000
392.000000
36.000000
178.000000
278.000000
305.000000
440.000000
1177.000000
173.000000
854.000000
383.000000
399.000000
766.000000
1307.000000
1038.000000
833.000000
731.000000
573.000000
1070.000000
134.000000
131.000000
3160.000000
599.000000
863.000000
396.000000
111.000000
1112.000000
757.000000
62.000000
204.000000
486.000000
350.000000
249.000000
279.000000
782.000000
197.000000
1032.000000
314.000000
54.000000
128.000000
2393.000000
175.000000
976.000000
321.000000
5408.000000
709.000000
476.000000
432.000000
1019.000000
370.000000
409.000000
341.000000
412.000000
279.000000
380.000000
476.000000
90.000000
400.000000
333.000000
521.000000
255.000000
187.000000
409.000000
170.000000
1027.000000
208.000000
546.000000
387.000000
461.000000
479.000000
548.000000
149.000000
867.000000
157.000000
91.000000
474.000000
424.000000
231.000000
731.000000
745.000000
424.000000
398.000000
525.000000
583.000000
514.000000
178.000000
568.000000
27.000000
2963.000000
215.000000
52.000000
500.000000
250.000000
466.000000
2281.000000
2076.000000
374.000000
547.000000
358.000000
353.000000
268.000000
1828.000000
208.000000
76.000000
640.000000
543.000000
72.000000
1791.000000
768.000000
408.000000
928.000000
386.000000
138.000000
2050.000000
100.000000
509.000000
539.000000
2247.000000
915.000000
143.000000
2510.000000
53.000000
158.000000
522.000000
676.000000
324.000000
383.000000
997.000000
921.000000
129.000000
1056.000000
393.000000
111.000000
58.000000
606.000000
3311.000000
372.000000
1178.000000
94.000000
174.000000
174.000000
1780.000000
729.000000
13.000000
416.000000
234.000000
202.000000
799.000000
172.000000
252.000000
153.000000
511.000000
131.000000
709.000000
80.000000
210.000000
246.000000
29.000000
981.000000
209.000000
191.000000
1010.000000
281.000000
568.000000
166.000000
327.000000
749.000000
290.000000
1335.000000
2828.000000
265.000000
337.000000
217.000000
361.000000
368.000000
802.000000
364.000000
101.000000
680.000000
367.000000
299.000000
29.000000
237.000000
695.000000
502.000000
540.000000
602.000000
53.000000
747.000000
2204.000000
918.000000
384.000000
503.000000
89.000000
130.000000
736.000000
282.000000
124.000000
555.000000
148.000000
1420.000000
389.000000
181.000000
72.000000
217.000000
130.000000
321.000000
271.000000
271.000000
602.000000
347.000000
248.000000
1394.000000
523.000000
717.000000
553.000000
159.000000
267.000000
719.000000
56.000000
350.000000
273.000000
1350.000000
150.000000
3725.000000
835.000000
202.000000
109.000000
628.000000
1694.000000
185.000000
166.000000
483.000000
749.000000
656.000000
180.000000
558.000000
1883.000000
1350.000000
168.000000
1924.000000
1020.000000
1182.000000
356.000000
565.000000
886.000000
2869.000000
597.000000
759.000000
363.000000
778.000000
157.000000
252.000000
297.000000
1327.000000
174.000000
128.000000
588.000000
130.000000
505.000000
284.000000
140.000000
84.000000
187.000000
1810.000000
1038.000000
235.000000
687.000000
93.000000
350.000000
