603.000000
266.000000
1218.000000
692.000000
320.000000
322.000000
1098.000000
302.000000
84.000000
183.000000
145.000000
260.000000
257.000000
247.000000
249.000000
59.000000
1640.000000
888.000000
162.000000
907.000000
57.000000
226.000000
148.000000
279.000000
2477.000000
156.000000
187.000000
237.000000
1419.000000
7345.000000
695.000000
87.000000
201.000000
1328.000000
179.000000
13.000000
225.000000
3589.000000
602.000000
322.000000
251.000000
387.000000
590.000000
1896.000000
998.000000
1683.000000
595.000000
1850.000000
1865.000000
505.000000
278.000000
115.000000
145.000000
1758.000000
66.000000
7613.000000
222.000000
594.000000
299.000000
70.000000
457.000000
43.000000
457.000000
1514.000000
466.000000
448.000000
1152.000000
3545.000000
198.000000
559.000000
433.000000
2693.000000
260.000000
128.000000
510.000000
189.000000
357.000000
1045.000000
578.000000
804.000000
110.000000
743.000000
211.000000
456.000000
116.000000
1428.000000
637.000000
1116.000000
1084.000000
756.000000
1503.000000
963.000000
757.000000
93.000000
38.000000
987.000000
262.000000
864.000000
567.000000
119.000000
368.000000
448.000000
607.000000
797.000000
151.000000
506.000000
375.000000
523.000000
3724.000000
732.000000
250.000000
957.000000
237.000000
412.000000
556.000000
611.000000
582.000000
141.000000
247.000000
405.000000
273.000000
381.000000
168.000000
179.000000
6242.000000
137.000000
289.000000
1712.000000
321.000000
302.000000
3056.000000
2682.000000
337.000000
649.000000
3610.000000
171.000000
181.000000
36.000000
257.000000
761.000000
25.000000
96.000000
790.000000
712.000000
726.000000
71.000000
765.000000
645.000000
295.000000
1665.000000
1068.000000
206.000000
35.000000
6859.000000
1055.000000
787.000000
1393.000000
636.000000
937.000000
95.000000
208.000000
97.000000
55.000000
1922.000000
974.000000
154.000000
174.000000
206.000000
166.000000
1063.000000
165.000000
201.000000
153.000000
289.000000
579.000000
164.000000
1345.000000
2893.000000
465.000000
2447.000000
197.000000
2927.000000
1106.000000
306.000000
227.000000
394.000000
83.000000
2970.000000
471.000000
263.000000
240.000000
1099.000000
320.000000
209.000000
244.000000
367.000000
511.000000
238.000000
257.000000
373.000000
119.000000
4771.000000
237.000000
593.000000
247.000000
351.000000
574.000000
239.000000
1582.000000
836.000000
152.000000
107.000000
375.000000
189.000000
310.000000
708.000000
1194.000000
1109.000000
85.000000
1171.000000
1113.000000
47.000000
239.000000
604.000000
615.000000
217.000000
694.000000
476.000000
228.000000
844.000000
262.000000
103.000000
963.000000
480.000000
356.000000
650.000000
68.000000
299.000000
156.000000
527.000000
886.000000
129.000000
460.000000
377.000000
125.000000
336.000000
1659.000000
510.000000
53.000000
497.000000
391.000000
1216.000000
663.000000
514.000000
1397.000000
131.000000
219.000000
252.000000
124.000000
895.000000
2080.000000
661.000000
264.000000
315.000000
140.000000
580.000000
64.000000
527.000000
358.000000
353.000000
582.000000
461.000000
338.000000
251.000000
122.000000
216.000000
252.000000
2492.000000
1082.000000
190.000000
399.000000
887.000000
1630.000000
30.000000
2697.000000
348.000000
340.000000
375.000000
227.000000
383.000000
167.000000
1013.000000
278.000000
2429.000000
282.000000
230.000000
644.000000
321.000000
183.000000
297.000000
125.000000
1354.000000
3405.000000
722.000000
437.000000
260.000000
358.000000
285.000000
228.000000
103.000000
410.000000
423.000000
2510.000000
575.000000
695.000000
104.000000
228.000000
234.000000
254.000000
358.000000
373.000000
554.000000
990.000000
113.000000
278.000000
1004.000000
1793.000000
420.000000
974.000000
203.000000
176.000000
1337.000000
921.000000
913.000000
3986.000000
343.000000
325.000000
1723.000000
1228.000000
414.000000
699.000000
1405.000000
1208.000000
319.000000
356.000000
373.000000
337.000000
875.000000
1926.000000
87.000000
104.000000
188.000000
884.000000
273.000000
1430.000000
588.000000
335.000000
465.000000
553.000000
521.000000
246.000000
544.000000
540.000000
733.000000
709.000000
212.000000
2240.000000
322.000000
328.000000
95.000000
119.000000
120.000000
270.000000
1643.000000
1131.000000
768.000000
403.000000
1187.000000
1013.000000
785.000000
559.000000
89.000000
4283.000000
229.000000
760.000000
176.000000
294.000000
2102.000000
515.000000
3678.000000
256.000000
680.000000
960.000000
507.000000
227.000000
113.000000
181.000000
272.000000
115.000000
2116.000000
687.000000
1139.000000
560.000000
302.000000
136.000000
230.000000
177.000000
191.000000
155.000000
297.000000
421.000000
185.000000
792.000000
1748.000000
89.000000
181.000000
376.000000
217.000000
276.000000
357.000000
519.000000
2207.000000
486.000000
123.000000
113.000000
1628.000000
36.000000
58.000000
1414.000000
286.000000
521.000000
727.000000
148.000000
88.000000
101.000000
94.000000
69.000000
433.000000
351.000000
787.000000
3077.000000
197.000000
297.000000
1375.000000
263.000000
2483.000000
122.000000
171.000000
649.000000
158.000000
440.000000
1152.000000
401.000000
1896.000000
205.000000
605.000000
342.000000
37.000000
355.000000
3504.000000
31.000000
1554.000000
587.000000
799.000000
33.000000
109.000000
503.000000
860.000000
254.000000
145.000000
116.000000
591.000000
556.000000
329.000000
895.000000
372.000000
487.000000
287.000000
775.000000
119.000000
859.000000
116.000000
198.000000
79.000000
607.000000
3303.000000
962.000000
1445.000000
141.000000
340.000000
676.000000
140.000000
1242.000000
124.000000
129.000000
418.000000
746.000000
266.000000
893.000000
185.000000
88.000000
390.000000
2020.000000
1362.000000
115.000000
251.000000
334.000000
534.000000
257.000000
761.000000
50.000000
406.000000
372.000000
196.000000
260.000000
219.000000
688.000000
1293.000000
1331.000000
969.000000
183.000000
92.000000
674.000000
3285.000000
80.000000
77.000000
1055.000000
611.000000
973.000000
678.000000
455.000000
67.000000
170.000000
2060.000000
454.000000
167.000000
4202.000000
246.000000
324.000000
676.000000
192.000000
443.000000
386.000000
187.000000
64.000000
731.000000
393.000000
789.000000
463.000000
1312.000000
669.000000
164.000000
288.000000
1765.000000
138.000000
558.000000
933.000000
855.000000
579.000000
377.000000
178.000000
573.000000
794.000000
502.000000
183.000000
384.000000
84.000000
348.000000
542.000000
181.000000
77.000000
365.000000
775.000000
184.000000
412.000000
351.000000
273.000000
379.000000
346.000000
322.000000
246.000000
179.000000
762.000000
1517.000000
703.000000
309.000000
1539.000000
98.000000
507.000000
175.000000
351.000000
433.000000
503.000000
34.000000
1459.000000
505.000000
281.000000
1441.000000
383.000000
405.000000
1072.000000
196.000000
194.000000
1209.000000
217.000000
547.000000
1446.000000
719.000000
2304.000000
981.000000
1538.000000
258.000000
928.000000
1421.000000
403.000000
59.000000
178.000000
300.000000
77.000000
862.000000
808.000000
2027.000000
169.000000
198.000000
307.000000
178.000000
127.000000
212.000000
668.000000
632.000000
346.000000
93.000000
258.000000
2959.000000
736.000000
1313.000000
140.000000
2479.000000
289.000000
155.000000
539.000000
572.000000
161.000000
654.000000
245.000000
177.000000
155.000000
304.000000
95.000000
1168.000000
53.000000
1734.000000
213.000000
1548.000000
663.000000
443.000000
224.000000
348.000000
268.000000
240.000000
663.000000
4347.000000
2626.000000
26.000000
592.000000
479.000000
1460.000000
198.000000
1091.000000
235.000000
323.000000
343.000000
476.000000
107.000000
414.000000
1298.000000
3219.000000
676.000000
602.000000
957.000000
956.000000
1052.000000
320.000000
463.000000
459.000000
1790.000000
465.000000
480.000000
227.000000
689.000000
438.000000
6208.000000
451.000000
221.000000
698.000000
330.000000
259.000000
445.000000
2524.000000
275.000000
335.000000
544.000000
99.000000
112.000000
754.000000
908.000000
1632.000000
454.000000
573.000000
205.000000
357.000000
137.000000
488.000000
1725.000000
2674.000000
178.000000
23.000000
153.000000
1150.000000
138.000000
465.000000
752.000000
46.000000
1099.000000
720.000000
2540.000000
698.000000
831.000000
86.000000
215.000000
268.000000
346.000000
507.000000
1153.000000
765.000000
114.000000
4417.000000
226.000000
815.000000
266.000000
1136.000000
4458.000000
444.000000
841.000000
47.000000
81.000000
389.000000
763.000000
299.000000
344.000000
535.000000
251.000000
136.000000
101.000000
825.000000
345.000000
644.000000
1691.000000
810.000000
215.000000
705.000000
173.000000
350.000000
112.000000
197.000000
182.000000
533.000000
937.000000
269.000000
341.000000
6799.000000
2433.000000
154.000000
44.000000
846.000000
111.000000
221.000000
122.000000
1294.000000
547.000000
627.000000
267.000000
314.000000
373.000000
99.000000
574.000000
872.000000
303.000000
153.000000
1119.000000
107.000000
1853.000000
828.000000
131.000000
747.000000
204.000000
975.000000
164.000000
228.000000
1712.000000
2343.000000
278.000000
1252.000000
205.000000
501.000000
244.000000
1407.000000
901.000000
260.000000
824.000000
545.000000
326.000000
215.000000
190.000000
360.000000
767.000000
1068.000000
672.000000
408.000000
98.000000
283.000000
77.000000
347.000000
495.000000
460.000000
568.000000
1271.000000
200.000000
244.000000
918.000000
208.000000
72.000000
288.000000
289.000000
291.000000
216.000000
91.000000
258.000000
1035.000000
322.000000
835.000000
949.000000
138.000000
1752.000000
944.000000
996.000000
36.000000
363.000000
345.000000
1531.000000
820.000000
516.000000
189.000000
450.000000
700.000000
570.000000
333.000000
35.000000
560.000000
241.000000
252.000000
195.000000
680.000000
216.000000
3105.000000
269.000000
539.000000
210.000000
90.000000
451.000000
384.000000
168.000000
351.000000
781.000000
180.000000
383.000000
1054.000000
837.000000
130.000000
192.000000
244.000000
181.000000
293.000000
184.000000
370.000000
374.000000
832.000000
167.000000
141.000000
562.000000
440.000000
317.000000
1561.000000
85.000000
354.000000
1211.000000
2278.000000
1651.000000
951.000000
305.000000
374.000000
100.000000
72.000000
549.000000
942.000000
148.000000
606.000000
1120.000000
489.000000
278.000000
1262.000000
157.000000
545.000000
165.000000
402.000000
278.000000
158.000000
1496.000000
429.000000
465.000000
914.000000
1219.000000
414.000000
402.000000
225.000000
73.000000
261.000000
2905.000000
147.000000
476.000000
441.000000
282.000000
124.000000
80.000000
363.000000
433.000000
531.000000
257.000000
28.000000
176.000000
124.000000
529.000000
407.000000
290.000000
123.000000
838.000000
112.000000
147.000000
312.000000
372.000000
342.000000
122.000000
3778.000000
81.000000
2476.000000
63468.000000
386.000000
9725.000000
303.000000
489.000000
202.000000
335.000000
1079.000000
368.000000
908.000000
719.000000
263.000000
612.000000
266.000000
2143.000000
1008.000000
1240.000000
458.000000
211.000000
405.000000
949.000000
1076.000000
198.000000
6664.000000
82.000000
135.000000
1196.000000
291.000000
180.000000
101.000000
950.000000
117.000000
233.000000
589.000000
600.000000
830.000000
508.000000
1084.000000
757.000000
480.000000
637.000000
106.000000
121.000000
180.000000
191.000000
