139.000000
183.000000
1596.000000
499.000000
434.000000
540.000000
396.000000
524.000000
912.000000
33.000000
134.000000
408.000000
550.000000
112.000000
499.000000
540.000000
763.000000
614.000000
604.000000
897.000000
349.000000
279.000000
878.000000
449.000000
1249.000000
657.000000
224.000000
218.000000
779.000000
677.000000
342.000000
2635.000000
324.000000
536.000000
1191.000000
934.000000
193.000000
265.000000
132.000000
330.000000
1410.000000
327.000000
497.000000
862.000000
114.000000
456.000000
476.000000
257.000000
2720.000000
24.000000
579.000000
379.000000
175.000000
457.000000
251.000000
385.000000
539.000000
156.000000
1991.000000
728.000000
120.000000
69.000000
404.000000
757.000000
197.000000
311.000000
320.000000
1149.000000
609.000000
309.000000
119.000000
737.000000
1644.000000
569.000000
197.000000
975.000000
1167.000000
1262.000000
505.000000
293.000000
301.000000
141.000000
396.000000
204.000000
329.000000
118.000000
478.000000
134.000000
148.000000
1790.000000
190.000000
436.000000
86.000000
529.000000
217.000000
845.000000
231.000000
446.000000
641.000000
280.000000
427.000000
1804.000000
205.000000
1049.000000
2006.000000
147.000000
218.000000
46.000000
2123.000000
320.000000
157.000000
1368.000000
306.000000
46.000000
109.000000
254.000000
958.000000
3034.000000
1506.000000
504.000000
733.000000
273.000000
1454.000000
237.000000
843.000000
1173.000000
24.000000
1043.000000
1739.000000
806.000000
2790.000000
568.000000
1467.000000
299.000000
384.000000
231.000000
279.000000
270.000000
316.000000
523.000000
633.000000
143.000000
294.000000
667.000000
378.000000
270.000000
309.000000
109.000000
131.000000
314.000000
393.000000
382.000000
667.000000
418.000000
192.000000
469.000000
845.000000
600.000000
2199.000000
244.000000
569.000000
441.000000
159.000000
179.000000
1727.000000
644.000000
509.000000
309.000000
387.000000
165.000000
284.000000
312.000000
357.000000
553.000000
392.000000
504.000000
221.000000
372.000000
373.000000
644.000000
367.000000
751.000000
593.000000
162.000000
620.000000
735.000000
349.000000
176.000000
354.000000
452.000000
176.000000
132.000000
212.000000
36.000000
300.000000
298.000000
534.000000
1343.000000
638.000000
441.000000
77.000000
770.000000
465.000000
558.000000
140.000000
192.000000
313.000000
1299.000000
176.000000
391.000000
197.000000
1575.000000
303.000000
106.000000
181.000000
107.000000
143.000000
256.000000
269.000000
538.000000
112.000000
664.000000
232.000000
140.000000
400.000000
80.000000
914.000000
214.000000
2586.000000
873.000000
192.000000
635.000000
588.000000
586.000000
993.000000
199.000000
111.000000
455.000000
302.000000
695.000000
317.000000
233.000000
1852.000000
699.000000
1243.000000
396.000000
432.000000
55.000000
203.000000
161.000000
577.000000
810.000000
158.000000
100.000000
313.000000
1199.000000
353.000000
83.000000
467.000000
139.000000
32.000000
345.000000
711.000000
326.000000
199.000000
306.000000
168.000000
1935.000000
340.000000
183.000000
175.000000
422.000000
178.000000
274.000000
213.000000
528.000000
672.000000
1042.000000
1275.000000
300.000000
376.000000
79.000000
132.000000
71.000000
435.000000
91.000000
242.000000
371.000000
344.000000
7513.000000
1102.000000
532.000000
97.000000
1217.000000
9740.000000
159.000000
236.000000
890.000000
251.000000
3516.000000
351.000000
258.000000
159.000000
816.000000
136.000000
1131.000000
180.000000
216.000000
89.000000
578.000000
614.000000
137.000000
499.000000
269.000000
358.000000
2761.000000
106.000000
688.000000
61.000000
204.000000
6185.000000
648.000000
210.000000
73.000000
372.000000
383.000000
203.000000
1207.000000
246.000000
1618.000000
100.000000
782.000000
292.000000
113.000000
270.000000
489.000000
376.000000
84.000000
1124.000000
1130.000000
264.000000
931.000000
70.000000
199.000000
52.000000
675.000000
2407.000000
781.000000
4727.000000
158.000000
706.000000
532.000000
2579.000000
142.000000
258.000000
1992.000000
158.000000
1947.000000
25.000000
383.000000
219.000000
1484.000000
141.000000
193.000000
176.000000
1050.000000
52.000000
928.000000
552.000000
66.000000
164.000000
649.000000
329.000000
341.000000
378.000000
270.000000
424.000000
88.000000
495.000000
89.000000
652.000000
744.000000
1177.000000
423.000000
493.000000
761.000000
216.000000
189.000000
710.000000
790.000000
327.000000
136.000000
292.000000
882.000000
460.000000
1502.000000
436.000000
444.000000
477.000000
157.000000
556.000000
556.000000
512.000000
211.000000
217.000000
371.000000
3748.000000
145.000000
729.000000
494.000000
550.000000
585.000000
1795.000000
451.000000
104.000000
50.000000
586.000000
160.000000
121.000000
309.000000
973.000000
194.000000
248.000000
536.000000
777.000000
302.000000
420.000000
562.000000
1852.000000
604.000000
135.000000
100.000000
189.000000
237.000000
383.000000
1208.000000
787.000000
280.000000
473.000000
266.000000
111.000000
269.000000
6411.000000
462.000000
187.000000
116.000000
325.000000
739.000000
3574.000000
138.000000
139.000000
580.000000
679.000000
1421.000000
109.000000
475.000000
1550.000000
2057.000000
406.000000
237.000000
347.000000
238.000000
641.000000
145.000000
357.000000
106.000000
728.000000
567.000000
484.000000
156.000000
607.000000
412.000000
1580.000000
166.000000
374.000000
1873.000000
128.000000
690.000000
1539.000000
734.000000
1347.000000
83.000000
102.000000
285.000000
352.000000
330.000000
244.000000
2515.000000
123.000000
117.000000
97.000000
519.000000
132.000000
316.000000
239.000000
317.000000
96.000000
1278.000000
162.000000
115.000000
475.000000
1340.000000
452.000000
491.000000
128.000000
613.000000
110.000000
568.000000
1046.000000
155.000000
578.000000
287.000000
583.000000
172.000000
1037.000000
570.000000
327.000000
1118.000000
1700.000000
507.000000
597.000000
191.000000
1061.000000
675.000000
734.000000
205.000000
288.000000
2744.000000
151.000000
238.000000
129.000000
1076.000000
66.000000
313.000000
336.000000
139.000000
1188.000000
140.000000
560.000000
2253.000000
927.000000
663.000000
110.000000
379.000000
1103.000000
247.000000
2532.000000
44.000000
771.000000
344.000000
597.000000
926.000000
874.000000
398.000000
58.000000
109.000000
335.000000
212.000000
667.000000
266.000000
974.000000
72.000000
2038.000000
768.000000
2576.000000
312.000000
646.000000
117.000000
155.000000
205.000000
30.000000
636.000000
1754.000000
2855.000000
685.000000
352.000000
117.000000
1251.000000
751.000000
535.000000
1489.000000
226.000000
115.000000
250.000000
440.000000
146.000000
647.000000
240.000000
137.000000
1307.000000
89.000000
148.000000
2956.000000
557.000000
426.000000
220.000000
1315.000000
521.000000
240.000000
1179.000000
332.000000
974.000000
95.000000
613.000000
238.000000
947.000000
131.000000
118.000000
2699.000000
168.000000
386.000000
782.000000
435.000000
889.000000
246.000000
351.000000
65.000000
188.000000
3152.000000
214.000000
178.000000
579.000000
542.000000
74.000000
198.000000
139.000000
622.000000
332.000000
394.000000
230.000000
486.000000
281.000000
3193.000000
517.000000
1115.000000
435.000000
690.000000
524.000000
227.000000
4185.000000
40.000000
489.000000
112.000000
226.000000
771.000000
333.000000
495.000000
630.000000
497.000000
111.000000
1733.000000
518.000000
1573.000000
394.000000
130.000000
917.000000
1261.000000
1427.000000
491.000000
1159.000000
821.000000
382.000000
339.000000
458.000000
288.000000
351.000000
359.000000
206.000000
1593.000000
1105.000000
391.000000
639.000000
103.000000
242.000000
448.000000
344.000000
442.000000
508.000000
2530.000000
556.000000
1282.000000
365.000000
677.000000
280.000000
1053.000000
837.000000
213.000000
1847.000000
785.000000
46.000000
155.000000
122.000000
103.000000
232.000000
2341.000000
264.000000
234.000000
163.000000
740.000000
135.000000
198.000000
965.000000
98.000000
957.000000
349.000000
520.000000
276.000000
794.000000
165.000000
302.000000
520.000000
485.000000
407.000000
272.000000
67.000000
403.000000
67.000000
290.000000
1181.000000
819.000000
60.000000
899.000000
1434.000000
803.000000
70.000000
217.000000
4471.000000
848.000000
81.000000
960.000000
1132.000000
372.000000
566.000000
1351.000000
260.000000
260.000000
69.000000
738.000000
221.000000
144.000000
536.000000
119.000000
269.000000
102.000000
235.000000
707.000000
258.000000
565.000000
303.000000
1005.000000
1441.000000
202.000000
639.000000
1096.000000
1097.000000
933.000000
536.000000
71.000000
14786.000000
417.000000
3402.000000
393.000000
904.000000
288.000000
104.000000
915.000000
15326.000000
109.000000
229.000000
178.000000
235.000000
75.000000
219.000000
487.000000
441.000000
210.000000
1099.000000
1491.000000
586.000000
277.000000
95.000000
254.000000
2085.000000
1689.000000
111.000000
159.000000
716.000000
505.000000
427.000000
1593.000000
1333.000000
76.000000
541.000000
953.000000
390.000000
588.000000
81.000000
1744.000000
172.000000
323.000000
158.000000
81.000000
1461.000000
701.000000
457.000000
631.000000
76.000000
1497.000000
656.000000
1600.000000
1071.000000
492.000000
2490.000000
564.000000
2092.000000
203.000000
1031.000000
190.000000
1738.000000
143.000000
602.000000
372.000000
535.000000
186.000000
1544.000000
131.000000
513.000000
179.000000
561.000000
396.000000
135.000000
258.000000
833.000000
214.000000
599.000000
552.000000
572.000000
673.000000
677.000000
290.000000
190.000000
606.000000
1087.000000
1878.000000
1128.000000
378.000000
358.000000
424.000000
168.000000
407.000000
712.000000
199.000000
707.000000
232.000000
241.000000
169.000000
525.000000
1045.000000
397.000000
209.000000
868.000000
300.000000
798.000000
1127.000000
256.000000
386.000000
258.000000
105.000000
334.000000
373.000000
949.000000
443.000000
840.000000
2652.000000
837.000000
52.000000
253.000000
278.000000
202.000000
234.000000
240.000000
392.000000
465.000000
208.000000
603.000000
1168.000000
319.000000
681.000000
550.000000
509.000000
2029.000000
255.000000
649.000000
1368.000000
183.000000
27.000000
54.000000
92.000000
534.000000
56.000000
1506.000000
163.000000
1138.000000
304.000000
613.000000
310.000000
502.000000
108.000000
136.000000
325.000000
212.000000
1640.000000
81.000000
302.000000
192.000000
375.000000
3408.000000
267.000000
1170.000000
184.000000
796.000000
673.000000
487.000000
1289.000000
109.000000
10969.000000
292.000000
1851.000000
143.000000
492.000000
247.000000
435.000000
185.000000
469.000000
55.000000
1651.000000
312.000000
444.000000
720.000000
2288.000000
273.000000
289.000000
457.000000
386.000000
480.000000
231.000000
372.000000
773.000000
257.000000
516.000000
1356.000000
110.000000
182.000000
39.000000
62.000000
242.000000
81.000000
272.000000
1268.000000
719.000000
205.000000
1209.000000
1643.000000
302.000000
286.000000
319.000000
402.000000
384.000000
1848.000000
742.000000
446.000000
599.000000
142.000000
102.000000
5211.000000
95.000000
155.000000
1918.000000
1494.000000
1778.000000
126.000000
82.000000
4865.000000
557.000000
70.000000
592.000000
701.000000
514.000000
969.000000
543.000000
1247.000000
807.000000
115.000000
716.000000
1197.000000
1050.000000
1202.000000
144.000000
283.000000
230.000000
