65.000000
634.000000
105.000000
284.000000
669.000000
452.000000
818.000000
1301.000000
114.000000
1136.000000
750.000000
1006.000000
348.000000
851.000000
446.000000
751.000000
249.000000
1886.000000
348.000000
510.000000
510.000000
480.000000
378.000000
70.000000
610.000000
362.000000
71.000000
281.000000
158.000000
207.000000
78.000000
542.000000
418.000000
801.000000
99.000000
376.000000
1391.000000
486.000000
332.000000
536.000000
1885.000000
378.000000
260.000000
931.000000
481.000000
1268.000000
319.000000
358.000000
1149.000000
355.000000
519.000000
1122.000000
503.000000
191.000000
653.000000
141.000000
1927.000000
388.000000
204.000000
104.000000
606.000000
2018.000000
117.000000
408.000000
302.000000
430.000000
238.000000
897.000000
191.000000
578.000000
917.000000
2231.000000
586.000000
268.000000
391.000000
209.000000
782.000000
1079.000000
233.000000
610.000000
282.000000
1029.000000
609.000000
587.000000
527.000000
263.000000
86.000000
142.000000
272.000000
166.000000
572.000000
435.000000
342.000000
188.000000
352.000000
334.000000
382.000000
76.000000
254.000000
335.000000
466.000000
92.000000
308.000000
926.000000
1507.000000
129.000000
294.000000
760.000000
183.000000
1320.000000
312.000000
276.000000
621.000000
404.000000
91.000000
412.000000
359.000000
86.000000
1158.000000
1354.000000
432.000000
49.000000
98.000000
532.000000
293.000000
281.000000
215.000000
295.000000
411.000000
657.000000
175.000000
121.000000
922.000000
520.000000
635.000000
638.000000
182.000000
726.000000
272.000000
100.000000
567.000000
154.000000
753.000000
302.000000
257.000000
1482.000000
374.000000
125.000000
299.000000
639.000000
564.000000
976.000000
511.000000
455.000000
437.000000
2715.000000
416.000000
58.000000
59.000000
945.000000
2650.000000
240.000000
2187.000000
272.000000
22.000000
981.000000
569.000000
222.000000
515.000000
319.000000
113.000000
249.000000
1121.000000
518.000000
573.000000
739.000000
285.000000
101.000000
286.000000
944.000000
359.000000
270.000000
552.000000
1648.000000
102.000000
156.000000
243.000000
389.000000
873.000000
779.000000
1497.000000
607.000000
73.000000
1791.000000
492.000000
131.000000
142.000000
266.000000
487.000000
237.000000
785.000000
901.000000
188.000000
667.000000
232.000000
30.000000
1367.000000
838.000000
150.000000
341.000000
424.000000
659.000000
1354.000000
1914.000000
817.000000
1527.000000
952.000000
315.000000
881.000000
556.000000
111.000000
282.000000
264.000000
625.000000
2373.000000
242.000000
542.000000
742.000000
546.000000
440.000000
232.000000
168.000000
296.000000
355.000000
642.000000
1475.000000
242.000000
823.000000
747.000000
1300.000000
1895.000000
777.000000
1781.000000
485.000000
2403.000000
2560.000000
1959.000000
147.000000
445.000000
264.000000
368.000000
2018.000000
587.000000
228.000000
428.000000
212.000000
462.000000
402.000000
3572.000000
3290.000000
617.000000
905.000000
659.000000
781.000000
244.000000
180.000000
135.000000
710.000000
1671.000000
1520.000000
295.000000
926.000000
842.000000
376.000000
94.000000
92.000000
645.000000
283.000000
144.000000
1409.000000
1248.000000
237.000000
171.000000
954.000000
138.000000
262.000000
360.000000
642.000000
614.000000
522.000000
827.000000
153.000000
531.000000
49.000000
720.000000
369.000000
344.000000
307.000000
270.000000
2184.000000
552.000000
613.000000
22.000000
203.000000
264.000000
545.000000
211.000000
210.000000
423.000000
332.000000
87.000000
2003.000000
339.000000
1050.000000
258.000000
123.000000
1415.000000
170.000000
131.000000
269.000000
249.000000
455.000000
741.000000
918.000000
150.000000
56.000000
522.000000
704.000000
47.000000
234.000000
229.000000
228.000000
135.000000
1065.000000
426.000000
381.000000
1883.000000
623.000000
488.000000
250.000000
1415.000000
74.000000
99.000000
112.000000
497.000000
1726.000000
749.000000
115.000000
629.000000
482.000000
551.000000
748.000000
1921.000000
81.000000
186.000000
70.000000
112.000000
197.000000
318.000000
114.000000
81.000000
1167.000000
430.000000
803.000000
214.000000
1197.000000
1210.000000
532.000000
287.000000
431.000000
1987.000000
191.000000
336.000000
662.000000
103.000000
389.000000
516.000000
1074.000000
890.000000
175.000000
201.000000
380.000000
1524.000000
559.000000
111.000000
775.000000
634.000000
1116.000000
406.000000
673.000000
755.000000
658.000000
377.000000
1866.000000
167.000000
1201.000000
422.000000
128.000000
369.000000
634.000000
1056.000000
393.000000
201.000000
345.000000
1054.000000
637.000000
811.000000
709.000000
1192.000000
210.000000
285.000000
27.000000
1359.000000
1303.000000
590.000000
197.000000
285.000000
699.000000
229.000000
474.000000
418.000000
326.000000
4796.000000
887.000000
503.000000
146.000000
566.000000
192.000000
370.000000
487.000000
1929.000000
2600.000000
950.000000
1097.000000
437.000000
400.000000
678.000000
208.000000
1400.000000
46.000000
155.000000
538.000000
723.000000
3204.000000
123.000000
116.000000
312.000000
1017.000000
154.000000
173.000000
200.000000
1098.000000
251.000000
830.000000
26.000000
1320.000000
276.000000
96.000000
97.000000
868.000000
101.000000
243.000000
111.000000
309.000000
431.000000
193.000000
301.000000
189.000000
93.000000
494.000000
358.000000
638.000000
1697.000000
592.000000
282.000000
7445.000000
136.000000
166.000000
110.000000
257.000000
1023.000000
249.000000
103.000000
513.000000
606.000000
546.000000
1204.000000
133.000000
145.000000
364.000000
301.000000
3930.000000
130.000000
150.000000
200.000000
104.000000
1771.000000
1377.000000
772.000000
235.000000
154.000000
409.000000
157.000000
299.000000
179.000000
538.000000
149.000000
156.000000
158.000000
787.000000
222.000000
330.000000
221.000000
477.000000
220.000000
3574.000000
231.000000
249.000000
1818.000000
231.000000
133.000000
92.000000
308.000000
197.000000
104.000000
1890.000000
294.000000
1007.000000
54.000000
374.000000
235.000000
708.000000
514.000000
112.000000
150.000000
297.000000
1174.000000
195.000000
859.000000
293.000000
731.000000
428.000000
517.000000
1177.000000
1076.000000
466.000000
731.000000
256.000000
268.000000
661.000000
101.000000
5344.000000
122.000000
108.000000
105.000000
146.000000
1339.000000
355.000000
384.000000
727.000000
235.000000
564.000000
817.000000
853.000000
656.000000
352.000000
266.000000
2328.000000
1080.000000
41.000000
353.000000
370.000000
842.000000
486.000000
2067.000000
461.000000
858.000000
2519.000000
145.000000
195.000000
382.000000
357.000000
296.000000
328.000000
9079.000000
388.000000
43.000000
29.000000
73.000000
977.000000
240.000000
308.000000
280.000000
420.000000
137.000000
424.000000
705.000000
347.000000
311.000000
200.000000
431.000000
762.000000
3836.000000
86.000000
321.000000
1500.000000
512.000000
6236.000000
860.000000
205.000000
1234.000000
528.000000
92.000000
274.000000
490.000000
419.000000
430.000000
190.000000
198.000000
279.000000
251.000000
566.000000
606.000000
132.000000
2397.000000
587.000000
1040.000000
949.000000
239.000000
280.000000
468.000000
476.000000
2927.000000
347.000000
4303.000000
69.000000
97.000000
76.000000
96.000000
632.000000
345.000000
551.000000
970.000000
113.000000
154.000000
1792.000000
327.000000
720.000000
667.000000
212.000000
386.000000
3297.000000
453.000000
1087.000000
311.000000
633.000000
262.000000
1055.000000
344.000000
92.000000
518.000000
338.000000
376.000000
188.000000
346.000000
1009.000000
656.000000
765.000000
1468.000000
1011.000000
239.000000
270.000000
1790.000000
726.000000
286.000000
141.000000
75.000000
199.000000
535.000000
150.000000
402.000000
1900.000000
374.000000
303.000000
560.000000
471.000000
151.000000
780.000000
416.000000
924.000000
454.000000
317.000000
95.000000
199.000000
518.000000
233.000000
702.000000
211.000000
1091.000000
1128.000000
1068.000000
527.000000
149.000000
340.000000
468.000000
302.000000
1306.000000
664.000000
180.000000
908.000000
108.000000
131.000000
773.000000
1419.000000
568.000000
3557.000000
652.000000
1900.000000
195.000000
851.000000
371.000000
582.000000
132.000000
470.000000
346.000000
390.000000
3636.000000
132.000000
463.000000
291.000000
1000.000000
354.000000
280.000000
1136.000000
210.000000
583.000000
844.000000
856.000000
289.000000
702.000000
13.000000
490.000000
111.000000
396.000000
48.000000
2364.000000
1256.000000
1447.000000
220.000000
436.000000
817.000000
68.000000
595.000000
258.000000
345.000000
40.000000
680.000000
2517.000000
184.000000
907.000000
129.000000
722.000000
216.000000
507.000000
259.000000
79.000000
692.000000
75.000000
221.000000
1204.000000
80.000000
320.000000
207.000000
311.000000
86.000000
460.000000
293.000000
569.000000
7533.000000
1575.000000
62.000000
127.000000
1903.000000
225.000000
873.000000
364.000000
149.000000
923.000000
98.000000
2542.000000
1026.000000
306.000000
344.000000
179.000000
94.000000
7352.000000
791.000000
412.000000
627.000000
267.000000
1797.000000
145.000000
628.000000
943.000000
286.000000
244.000000
271.000000
289.000000
1695.000000
1092.000000
238.000000
1360.000000
481.000000
408.000000
259.000000
641.000000
137.000000
384.000000
357.000000
76.000000
1024.000000
87.000000
97.000000
850.000000
904.000000
388.000000
97.000000
224.000000
1370.000000
337.000000
1323.000000
367.000000
322.000000
164.000000
315.000000
89.000000
402.000000
258.000000
660.000000
217.000000
752.000000
610.000000
927.000000
87.000000
2100.000000
762.000000
163.000000
332.000000
208.000000
154.000000
327.000000
87.000000
249.000000
361.000000
151.000000
145.000000
192.000000
300.000000
216.000000
151.000000
350.000000
249.000000
94.000000
206.000000
392.000000
778.000000
909.000000
135.000000
422.000000
671.000000
418.000000
140.000000
488.000000
209.000000
235.000000
353.000000
137.000000
73.000000
295.000000
153.000000
691.000000
383.000000
174.000000
2408.000000
122.000000
456.000000
603.000000
1984.000000
168.000000
218.000000
552.000000
118.000000
329.000000
403.000000
14.000000
613.000000
800.000000
310.000000
408.000000
1148.000000
1818.000000
490.000000
20.000000
92.000000
218.000000
650.000000
449.000000
2282.000000
77.000000
199.000000
64.000000
447.000000
617.000000
1293.000000
943.000000
1212.000000
1883.000000
342.000000
155.000000
896.000000
414.000000
927.000000
1065.000000
216.000000
526.000000
459.000000
457.000000
276.000000
1457.000000
177.000000
467.000000
247.000000
278.000000
357.000000
325.000000
283.000000
580.000000
165.000000
220.000000
177.000000
2110.000000
138.000000
1169.000000
475.000000
127.000000
644.000000
720.000000
775.000000
80.000000
453.000000
1120.000000
561.000000
429.000000
455.000000
390.000000
754.000000
76.000000
2566.000000
2314.000000
830.000000
326.000000
114.000000
71.000000
43.000000
190.000000
277.000000
1199.000000
339.000000
281.000000
14.000000
551.000000
529.000000
362.000000
447.000000
819.000000
765.000000
1083.000000
953.000000
56.000000
500.000000
504.000000
1127.000000
111.000000
295.000000
1533.000000
1547.000000
1088.000000
34.000000
279.000000
247.000000
1623.000000
2165.000000
223.000000
1591.000000
8071.000000
680.000000
298.000000
350.000000
534.000000
799.000000
