136.000000
138.000000
2946.000000
326.000000
197.000000
5426.000000
633.000000
884.000000
737.000000
276.000000
44.000000
253.000000
480.000000
425.000000
517.000000
2388.000000
740.000000
351.000000
334.000000
414.000000
1437.000000
187.000000
566.000000
1294.000000
626.000000
564.000000
467.000000
221.000000
195.000000
193.000000
5872.000000
202.000000
51.000000
246.000000
196.000000
54.000000
996.000000
458.000000
770.000000
97.000000
907.000000
685.000000
36.000000
248.000000
585.000000
1736.000000
360.000000
668.000000
116.000000
216.000000
171.000000
467.000000
699.000000
1299.000000
164.000000
1053.000000
244.000000
28.000000
435.000000
50.000000
353.000000
3124.000000
144.000000
774.000000
245.000000
66.000000
126.000000
1884.000000
210.000000
1248.000000
215.000000
793.000000
1656.000000
275.000000
72.000000
444.000000
341.000000
959.000000
179.000000
507.000000
120.000000
827.000000
379.000000
701.000000
1675.000000
65.000000
36.000000
842.000000
699.000000
312.000000
1053.000000
406.000000
873.000000
733.000000
413.000000
2155.000000
850.000000
723.000000
2863.000000
240.000000
418.000000
27.000000
123.000000
222.000000
216.000000
141.000000
104.000000
113.000000
80.000000
663.000000
918.000000
337.000000
243.000000
1049.000000
80.000000
379.000000
2142.000000
679.000000
886.000000
92.000000
124.000000
226.000000
179.000000
565.000000
412.000000
972.000000
413.000000
1341.000000
676.000000
322.000000
40.000000
842.000000
587.000000
1103.000000
1035.000000
313.000000
650.000000
335.000000
1337.000000
701.000000
164.000000
275.000000
926.000000
42.000000
445.000000
990.000000
343.000000
293.000000
1869.000000
57.000000
359.000000
85.000000
132.000000
106.000000
298.000000
94.000000
238.000000
256.000000
403.000000
1852.000000
3527.000000
215.000000
513.000000
218.000000
106.000000
72.000000
368.000000
353.000000
842.000000
285.000000
791.000000
216.000000
233.000000
166.000000
112.000000
666.000000
460.000000
485.000000
746.000000
717.000000
439.000000
229.000000
1343.000000
423.000000
357.000000
272.000000
2522.000000
479.000000
283.000000
949.000000
169.000000
124.000000
761.000000
629.000000
559.000000
993.000000
67.000000
551.000000
695.000000
310.000000
100.000000
241.000000
560.000000
267.000000
553.000000
78.000000
850.000000
209.000000
2630.000000
174.000000
92.000000
854.000000
89.000000
579.000000
417.000000
1669.000000
1013.000000
100.000000
664.000000
608.000000
733.000000
723.000000
156.000000
601.000000
507.000000
909.000000
486.000000
315.000000
330.000000
262.000000
116.000000
249.000000
274.000000
1536.000000
509.000000
431.000000
1937.000000
945.000000
808.000000
256.000000
199.000000
622.000000
131.000000
1473.000000
851.000000
891.000000
932.000000
661.000000
484.000000
102.000000
870.000000
262.000000
1157.000000
286.000000
246.000000
2692.000000
45.000000
67.000000
800.000000
191.000000
299.000000
457.000000
263.000000
1033.000000
198.000000
566.000000
637.000000
1363.000000
907.000000
108.000000
585.000000
560.000000
563.000000
191.000000
116.000000
130.000000
753.000000
341.000000
446.000000
1326.000000
158.000000
654.000000
290.000000
123.000000
3146.000000
133.000000
538.000000
1062.000000
27.000000
483.000000
1191.000000
595.000000
850.000000
239.000000
620.000000
50.000000
285.000000
86.000000
262.000000
90.000000
249.000000
308.000000
929.000000
520.000000
1032.000000
634.000000
372.000000
104.000000
178.000000
133.000000
681.000000
429.000000
424.000000
236.000000
1016.000000
1342.000000
2951.000000
2563.000000
1243.000000
223.000000
716.000000
387.000000
913.000000
134.000000
561.000000
560.000000
149.000000
95.000000
1263.000000
1672.000000
943.000000
378.000000
293.000000
973.000000
344.000000
1037.000000
479.000000
2577.000000
150.000000
324.000000
549.000000
167.000000
226.000000
4137.000000
351.000000
340.000000
3442.000000
488.000000
470.000000
201.000000
191.000000
447.000000
312.000000
1063.000000
100.000000
1469.000000
569.000000
714.000000
1973.000000
696.000000
226.000000
333.000000
267.000000
1337.000000
184.000000
254.000000
714.000000
70.000000
2552.000000
838.000000
1286.000000
1009.000000
218.000000
287.000000
440.000000
752.000000
949.000000
135.000000
431.000000
696.000000
258.000000
360.000000
801.000000
227.000000
319.000000
215.000000
204.000000
456.000000
43.000000
376.000000
2085.000000
282.000000
190.000000
859.000000
256.000000
247.000000
120.000000
428.000000
332.000000
64.000000
2974.000000
1765.000000
458.000000
433.000000
707.000000
231.000000
1361.000000
1518.000000
812.000000
147.000000
1176.000000
432.000000
471.000000
1636.000000
2372.000000
137.000000
578.000000
253.000000
247.000000
1207.000000
1417.000000
458.000000
859.000000
377.000000
1454.000000
169.000000
240.000000
537.000000
155.000000
752.000000
903.000000
900.000000
231.000000
369.000000
77.000000
1060.000000
304.000000
235.000000
333.000000
379.000000
1593.000000
542.000000
360.000000
594.000000
156.000000
898.000000
519.000000
5681.000000
418.000000
1094.000000
881.000000
2025.000000
826.000000
487.000000
486.000000
162.000000
1277.000000
2081.000000
775.000000
1360.000000
119.000000
85.000000
145.000000
297.000000
231.000000
1000.000000
651.000000
804.000000
1063.000000
1032.000000
164.000000
1483.000000
441.000000
888.000000
2566.000000
228.000000
342.000000
53.000000
197.000000
681.000000
896.000000
1694.000000
213.000000
151.000000
223.000000
460.000000
1627.000000
201.000000
749.000000
678.000000
175.000000
754.000000
226.000000
693.000000
2388.000000
311.000000
266.000000
789.000000
333.000000
1143.000000
86.000000
107.000000
376.000000
537.000000
933.000000
331.000000
390.000000
132.000000
247.000000
394.000000
134.000000
308.000000
826.000000
116.000000
307.000000
466.000000
80.000000
517.000000
156.000000
346.000000
331.000000
245.000000
1235.000000
371.000000
1300.000000
216.000000
303.000000
933.000000
532.000000
631.000000
442.000000
158.000000
150.000000
310.000000
234.000000
176.000000
348.000000
318.000000
450.000000
136.000000
858.000000
214.000000
261.000000
4447.000000
883.000000
763.000000
213.000000
175.000000
190.000000
47.000000
368.000000
154.000000
545.000000
337.000000
1333.000000
522.000000
564.000000
434.000000
154.000000
1421.000000
790.000000
242.000000
296.000000
435.000000
95.000000
714.000000
831.000000
345.000000
601.000000
212.000000
438.000000
294.000000
177.000000
50.000000
1083.000000
1059.000000
805.000000
208.000000
1452.000000
821.000000
185.000000
544.000000
398.000000
126.000000
633.000000
1883.000000
130.000000
56.000000
96.000000
592.000000
307.000000
1021.000000
391.000000
173.000000
193.000000
315.000000
166.000000
553.000000
1161.000000
1411.000000
179.000000
134.000000
302.000000
675.000000
502.000000
1682.000000
251.000000
1086.000000
219.000000
2116.000000
95.000000
139.000000
1326.000000
194.000000
397.000000
358.000000
74.000000
88.000000
526.000000
538.000000
688.000000
315.000000
2381.000000
141.000000
950.000000
750.000000
209.000000
313.000000
57.000000
73.000000
519.000000
1639.000000
644.000000
110.000000
939.000000
142.000000
134.000000
1757.000000
400.000000
317.000000
721.000000
112.000000
221.000000
188.000000
142.000000
547.000000
273.000000
928.000000
462.000000
705.000000
93.000000
991.000000
1532.000000
52.000000
1305.000000
1602.000000
1671.000000
945.000000
1034.000000
54.000000
620.000000
226.000000
79.000000
1201.000000
127.000000
615.000000
946.000000
196.000000
58.000000
292.000000
51.000000
325.000000
562.000000
218.000000
893.000000
182.000000
1029.000000
139.000000
391.000000
213.000000
548.000000
213.000000
275.000000
1894.000000
4688.000000
1142.000000
573.000000
418.000000
1096.000000
268.000000
830.000000
668.000000
867.000000
274.000000
85.000000
819.000000
150.000000
141.000000
1325.000000
713.000000
360.000000
594.000000
1061.000000
330.000000
658.000000
2592.000000
285.000000
289.000000
166.000000
244.000000
613.000000
211.000000
91.000000
118.000000
339.000000
403.000000
249.000000
960.000000
158.000000
1757.000000
41.000000
351.000000
279.000000
482.000000
1540.000000
749.000000
293.000000
472.000000
201.000000
135.000000
478.000000
1272.000000
148.000000
791.000000
211.000000
541.000000
548.000000
269.000000
5112.000000
949.000000
266.000000
366.000000
2040.000000
5176.000000
917.000000
120.000000
796.000000
715.000000
1233.000000
497.000000
550.000000
218.000000
625.000000
823.000000
429.000000
140.000000
1099.000000
223.000000
2651.000000
648.000000
961.000000
173.000000
332.000000
587.000000
1378.000000
404.000000
191.000000
755.000000
198.000000
705.000000
797.000000
1745.000000
177.000000
649.000000
2891.000000
308.000000
509.000000
435.000000
64.000000
791.000000
282.000000
1074.000000
2415.000000
273.000000
208.000000
388.000000
734.000000
42.000000
385.000000
112.000000
1474.000000
405.000000
379.000000
51.000000
927.000000
564.000000
927.000000
959.000000
84.000000
621.000000
1890.000000
75.000000
517.000000
489.000000
1487.000000
70.000000
232.000000
457.000000
756.000000
1174.000000
400.000000
253.000000
146.000000
146.000000
868.000000
661.000000
873.000000
264.000000
2529.000000
75.000000
289.000000
108.000000
1166.000000
556.000000
1230.000000
91.000000
465.000000
389.000000
1170.000000
109.000000
194.000000
111.000000
102.000000
515.000000
2245.000000
1042.000000
1157.000000
7541.000000
271.000000
178.000000
73.000000
278.000000
956.000000
86.000000
1908.000000
146.000000
793.000000
899.000000
771.000000
820.000000
551.000000
1836.000000
449.000000
383.000000
78.000000
176.000000
1070.000000
125.000000
1169.000000
430.000000
264.000000
981.000000
174.000000
561.000000
292.000000
215.000000
501.000000
60.000000
7223.000000
259.000000
934.000000
1078.000000
281.000000
444.000000
303.000000
1092.000000
152.000000
2884.000000
696.000000
620.000000
858.000000
123.000000
150.000000
354.000000
348.000000
335.000000
161.000000
510.000000
828.000000
2161.000000
1000.000000
3771.000000
780.000000
941.000000
163.000000
393.000000
126.000000
1045.000000
227.000000
941.000000
3323.000000
1003.000000
176.000000
172.000000
25.000000
34.000000
85.000000
1961.000000
185.000000
572.000000
868.000000
366.000000
349.000000
147.000000
1363.000000
334.000000
200.000000
260.000000
2812.000000
328.000000
282.000000
848.000000
814.000000
441.000000
60.000000
396.000000
316.000000
569.000000
112.000000
1681.000000
442.000000
200.000000
49.000000
404.000000
978.000000
456.000000
451.000000
488.000000
515.000000
1643.000000
536.000000
567.000000
375.000000
267.000000
508.000000
331.000000
424.000000
431.000000
453.000000
408.000000
398.000000
1325.000000
686.000000
704.000000
216.000000
73.000000
117.000000
163.000000
4492.000000
725.000000
778.000000
463.000000
196.000000
235.000000
8974.000000
667.000000
81.000000
306.000000
497.000000
101.000000
1994.000000
758.000000
264.000000
112.000000
336.000000
324.000000
141.000000
803.000000
149.000000
389.000000
479.000000
1310.000000
607.000000
874.000000
1093.000000
215.000000
278.000000
232.000000
1175.000000
227.000000
165.000000
173.000000
203.000000
226.000000
378.000000
189.000000
144.000000
702.000000
262.000000
93.000000
