208.000000
196.000000
3703.000000
109.000000
293.000000
863.000000
175.000000
81.000000
266.000000
5341.000000
242.000000
1606.000000
1141.000000
99.000000
255.000000
371.000000
106.000000
1817.000000
1201.000000
73.000000
1067.000000
321.000000
510.000000
863.000000
318.000000
771.000000
3359.000000
594.000000
1110.000000
93.000000
131.000000
213.000000
29.000000
1179.000000
1528.000000
243.000000
769.000000
224.000000
506.000000
68.000000
108.000000
593.000000
1759.000000
150.000000
131.000000
204.000000
485.000000
413.000000
49.000000
94.000000
436.000000
540.000000
218.000000
168.000000
286.000000
510.000000
120.000000
203.000000
385.000000
280.000000
320.000000
920.000000
490.000000
1553.000000
1909.000000
950.000000
595.000000
460.000000
168.000000
1625.000000
573.000000
262.000000
223.000000
595.000000
442.000000
528.000000
72.000000
1149.000000
201.000000
621.000000
216.000000
3579.000000
113.000000
108.000000
92.000000
110.000000
346.000000
1074.000000
1809.000000
252.000000
298.000000
558.000000
239.000000
80.000000
796.000000
428.000000
456.000000
83.000000
131.000000
446.000000
2568.000000
218.000000
764.000000
1886.000000
703.000000
892.000000
806.000000
641.000000
405.000000
1096.000000
739.000000
447.000000
364.000000
127.000000
518.000000
1059.000000
247.000000
82.000000
261.000000
825.000000
3947.000000
229.000000
86.000000
1084.000000
446.000000
162.000000
785.000000
316.000000
460.000000
424.000000
186.000000
179.000000
102.000000
559.000000
660.000000
176.000000
297.000000
2049.000000
1464.000000
126.000000
28.000000
292.000000
178.000000
375.000000
529.000000
165.000000
381.000000
658.000000
34.000000
7490.000000
223.000000
294.000000
110.000000
299.000000
173.000000
232.000000
640.000000
454.000000
358.000000
273.000000
169.000000
74.000000
805.000000
1242.000000
2171.000000
298.000000
261.000000
231.000000
154.000000
416.000000
167.000000
755.000000
740.000000
1566.000000
1022.000000
41.000000
547.000000
171.000000
1089.000000
1522.000000
888.000000
108.000000
883.000000
576.000000
89.000000
1462.000000
445.000000
163.000000
4547.000000
541.000000
860.000000
83.000000
1769.000000
5073.000000
46.000000
727.000000
766.000000
548.000000
378.000000
154.000000
615.000000
418.000000
335.000000
421.000000
73.000000
156.000000
2117.000000
402.000000
2112.000000
308.000000
173.000000
379.000000
571.000000
498.000000
664.000000
273.000000
707.000000
302.000000
95.000000
177.000000
292.000000
3651.000000
253.000000
718.000000
292.000000
34.000000
293.000000
630.000000
923.000000
984.000000
303.000000
503.000000
608.000000
570.000000
158.000000
459.000000
1932.000000
214.000000
168.000000
707.000000
149.000000
410.000000
91.000000
1381.000000
1032.000000
96.000000
75.000000
142.000000
365.000000
291.000000
1131.000000
563.000000
227.000000
721.000000
72.000000
477.000000
106.000000
102.000000
217.000000
923.000000
37.000000
399.000000
2552.000000
1926.000000
437.000000
260.000000
1381.000000
1334.000000
3128.000000
217.000000
188.000000
451.000000
504.000000
172.000000
1258.000000
1171.000000
552.000000
4878.000000
384.000000
182.000000
158.000000
253.000000
1350.000000
1235.000000
164.000000
620.000000
149.000000
1106.000000
322.000000
217.000000
35.000000
165.000000
888.000000
188.000000
679.000000
1074.000000
357.000000
1119.000000
246.000000
359.000000
329.000000
386.000000
173.000000
458.000000
719.000000
580.000000
280.000000
465.000000
443.000000
379.000000
556.000000
370.000000
233.000000
670.000000
301.000000
469.000000
1014.000000
1164.000000
690.000000
219.000000
393.000000
341.000000
746.000000
218.000000
396.000000
152.000000
96.000000
138.000000
683.000000
185.000000
2796.000000
139.000000
731.000000
862.000000
26.000000
1856.000000
8731.000000
133.000000
247.000000
302.000000
1872.000000
823.000000
554.000000
102.000000
338.000000
167.000000
340.000000
386.000000
81.000000
522.000000
114.000000
90.000000
349.000000
1150.000000
1301.000000
328.000000
384.000000
641.000000
177.000000
1385.000000
3041.000000
825.000000
405.000000
2676.000000
755.000000
209.000000
64.000000
420.000000
138.000000
85.000000
859.000000
2685.000000
299.000000
1054.000000
380.000000
4782.000000
214.000000
766.000000
1759.000000
91.000000
156.000000
270.000000
2403.000000
1158.000000
484.000000
518.000000
309.000000
117.000000
169.000000
518.000000
521.000000
386.000000
688.000000
195.000000
357.000000
373.000000
193.000000
114.000000
401.000000
281.000000
410.000000
364.000000
4652.000000
114.000000
96.000000
859.000000
357.000000
830.000000
482.000000
184.000000
269.000000
48.000000
166.000000
808.000000
1483.000000
240.000000
712.000000
158.000000
327.000000
170.000000
690.000000
63.000000
667.000000
411.000000
1708.000000
217.000000
4848.000000
3065.000000
247.000000
214.000000
408.000000
492.000000
749.000000
139.000000
1211.000000
112.000000
121.000000
167.000000
75.000000
152.000000
1861.000000
264.000000
10.000000
231.000000
632.000000
437.000000
341.000000
25.000000
1043.000000
34.000000
828.000000
944.000000
514.000000
237.000000
313.000000
96.000000
738.000000
1375.000000
125.000000
242.000000
219.000000
507.000000
201.000000
412.000000
495.000000
126.000000
61.000000
184.000000
413.000000
1202.000000
264.000000
284.000000
4143.000000
136.000000
351.000000
490.000000
432.000000
270.000000
1980.000000
118.000000
842.000000
381.000000
187.000000
296.000000
197.000000
87.000000
172.000000
2396.000000
264.000000
2335.000000
1221.000000
183.000000
1210.000000
1345.000000
172.000000
50.000000
309.000000
298.000000
968.000000
263.000000
376.000000
607.000000
355.000000
75.000000
238.000000
251.000000
148.000000
1444.000000
353.000000
352.000000
74.000000
978.000000
703.000000
767.000000
245.000000
1235.000000
305.000000
648.000000
717.000000
799.000000
117.000000
56.000000
1149.000000
162.000000
625.000000
443.000000
368.000000
269.000000
393.000000
518.000000
351.000000
292.000000
565.000000
577.000000
154.000000
1372.000000
89.000000
990.000000
173.000000
982.000000
467.000000
697.000000
186.000000
834.000000
443.000000
518.000000
793.000000
216.000000
493.000000
26.000000
98.000000
105.000000
620.000000
1689.000000
995.000000
933.000000
141.000000
87.000000
3525.000000
730.000000
418.000000
653.000000
65.000000
461.000000
1704.000000
952.000000
110.000000
694.000000
887.000000
818.000000
215.000000
914.000000
62.000000
454.000000
345.000000
52.000000
47.000000
1190.000000
215.000000
224.000000
389.000000
82.000000
158.000000
585.000000
768.000000
342.000000
1330.000000
1008.000000
1510.000000
793.000000
476.000000
1172.000000
420.000000
398.000000
113.000000
139.000000
2880.000000
527.000000
61.000000
979.000000
413.000000
441.000000
118.000000
437.000000
106.000000
378.000000
195.000000
1158.000000
853.000000
151.000000
529.000000
267.000000
658.000000
259.000000
176.000000
754.000000
133.000000
2382.000000
1708.000000
206.000000
554.000000
937.000000
391.000000
106.000000
1345.000000
124.000000
503.000000
570.000000
219.000000
287.000000
1651.000000
957.000000
470.000000
263.000000
2032.000000
187.000000
253.000000
5900.000000
171.000000
266.000000
746.000000
734.000000
525.000000
320.000000
162.000000
393.000000
526.000000
185.000000
640.000000
1572.000000
5873.000000
136.000000
359.000000
937.000000
162.000000
377.000000
608.000000
84.000000
245.000000
2229.000000
154.000000
508.000000
813.000000
416.000000
410.000000
632.000000
613.000000
390.000000
248.000000
64.000000
576.000000
469.000000
347.000000
2214.000000
814.000000
718.000000
473.000000
467.000000
611.000000
211.000000
770.000000
1131.000000
69.000000
186.000000
37.000000
564.000000
121.000000
729.000000
369.000000
647.000000
701.000000
764.000000
468.000000
1305.000000
369.000000
225.000000
243.000000
387.000000
221.000000
7860.000000
484.000000
2740.000000
152.000000
866.000000
210.000000
1298.000000
629.000000
441.000000
658.000000
476.000000
780.000000
869.000000
1611.000000
201.000000
145.000000
759.000000
238.000000
587.000000
2059.000000
1276.000000
536.000000
82.000000
505.000000
1041.000000
518.000000
139.000000
262.000000
125.000000
969.000000
1363.000000
292.000000
934.000000
589.000000
694.000000
138.000000
127.000000
862.000000
258.000000
1258.000000
255.000000
171.000000
388.000000
1679.000000
12356.000000
898.000000
838.000000
532.000000
646.000000
314.000000
277.000000
562.000000
465.000000
182.000000
654.000000
221.000000
229.000000
3263.000000
477.000000
180.000000
135.000000
1960.000000
548.000000
542.000000
343.000000
765.000000
182.000000
351.000000
224.000000
245.000000
1496.000000
1700.000000
426.000000
466.000000
197.000000
182.000000
3027.000000
120.000000
343.000000
573.000000
379.000000
808.000000
871.000000
255.000000
946.000000
297.000000
717.000000
486.000000
161.000000
557.000000
1069.000000
101.000000
247.000000
403.000000
1194.000000
117.000000
6996.000000
1500.000000
563.000000
218.000000
531.000000
177.000000
24.000000
789.000000
1999.000000
507.000000
3906.000000
147.000000
234.000000
503.000000
1120.000000
1706.000000
457.000000
771.000000
259.000000
762.000000
2959.000000
1074.000000
27.000000
200.000000
2690.000000
277.000000
1638.000000
304.000000
163.000000
265.000000
146.000000
566.000000
335.000000
47.000000
1637.000000
382.000000
661.000000
432.000000
538.000000
519.000000
150.000000
86.000000
723.000000
427.000000
3093.000000
728.000000
3411.000000
2114.000000
1069.000000
505.000000
138.000000
535.000000
586.000000
780.000000
990.000000
1104.000000
188.000000
537.000000
249.000000
477.000000
317.000000
1098.000000
1055.000000
353.000000
628.000000
422.000000
1107.000000
2727.000000
883.000000
210.000000
932.000000
3070.000000
497.000000
180.000000
98.000000
1887.000000
427.000000
1257.000000
608.000000
219.000000
368.000000
1103.000000
516.000000
472.000000
1750.000000
3114.000000
68.000000
486.000000
469.000000
348.000000
394.000000
79.000000
1680.000000
30.000000
841.000000
897.000000
964.000000
77.000000
1209.000000
77.000000
648.000000
102.000000
1920.000000
448.000000
157.000000
781.000000
128.000000
400.000000
755.000000
2112.000000
227.000000
92.000000
85.000000
1115.000000
714.000000
4988.000000
657.000000
135.000000
195.000000
462.000000
377.000000
205.000000
488.000000
150.000000
724.000000
1450.000000
108.000000
401.000000
296.000000
1293.000000
1982.000000
413.000000
47.000000
3143.000000
422.000000
193.000000
2747.000000
254.000000
230.000000
1835.000000
249.000000
991.000000
1121.000000
371.000000
52.000000
557.000000
1004.000000
65.000000
1226.000000
120.000000
303.000000
202.000000
266.000000
91.000000
187.000000
761.000000
643.000000
428.000000
79.000000
229.000000
723.000000
593.000000
389.000000
539.000000
214.000000
559.000000
397.000000
233.000000
82.000000
507.000000
619.000000
481.000000
97.000000
364.000000
916.000000
174.000000
576.000000
145.000000
215.000000
1139.000000
711.000000
408.000000
354.000000
267.000000
1721.000000
237.000000
667.000000
74.000000
230.000000
862.000000
743.000000
1716.000000
456.000000
338.000000
841.000000
371.000000
1844.000000
2160.000000
480.000000
96.000000
382.000000
225.000000
60.000000
782.000000
826.000000
