615.000000
1398.000000
102.000000
1322.000000
215.000000
1412.000000
475.000000
542.000000
1097.000000
126.000000
791.000000
277.000000
836.000000
214.000000
648.000000
641.000000
510.000000
418.000000
609.000000
1265.000000
209.000000
4793.000000
496.000000
1950.000000
330.000000
722.000000
421.000000
1531.000000
304.000000
1444.000000
835.000000
521.000000
378.000000
574.000000
113.000000
2279.000000
587.000000
224.000000
608.000000
303.000000
374.000000
324.000000
351.000000
137.000000
928.000000
221.000000
2767.000000
273.000000
358.000000
622.000000
1101.000000
388.000000
110.000000
446.000000
1422.000000
1058.000000
813.000000
190.000000
698.000000
784.000000
594.000000
850.000000
738.000000
1070.000000
151.000000
762.000000
1134.000000
431.000000
832.000000
1193.000000
1679.000000
560.000000
473.000000
122.000000
1107.000000
640.000000
1620.000000
243.000000
58.000000
176.000000
332.000000
464.000000
88.000000
999.000000
524.000000
659.000000
264.000000
116.000000
89.000000
549.000000
375.000000
186.000000
404.000000
819.000000
191.000000
585.000000
110.000000
896.000000
22.000000
201.000000
326.000000
992.000000
2136.000000
275.000000
245.000000
642.000000
1166.000000
170.000000
717.000000
84.000000
96.000000
238.000000
159.000000
301.000000
450.000000
789.000000
815.000000
2780.000000
132.000000
162.000000
268.000000
169.000000
2845.000000
162.000000
815.000000
398.000000
1371.000000
459.000000
619.000000
1269.000000
258.000000
414.000000
500.000000
390.000000
722.000000
212.000000
738.000000
2749.000000
927.000000
477.000000
608.000000
362.000000
973.000000
56.000000
128.000000
21.000000
1576.000000
414.000000
171.000000
191.000000
854.000000
962.000000
48.000000
3551.000000
43.000000
460.000000
251.000000
420.000000
1183.000000
100.000000
636.000000
826.000000
588.000000
1166.000000
771.000000
1305.000000
197.000000
260.000000
1027.000000
685.000000
233.000000
121.000000
279.000000
942.000000
305.000000
373.000000
826.000000
1084.000000
101.000000
286.000000
575.000000
75.000000
3714.000000
1266.000000
381.000000
151.000000
80.000000
148.000000
1711.000000
682.000000
235.000000
366.000000
245.000000
1020.000000
1017.000000
637.000000
2365.000000
281.000000
355.000000
1257.000000
805.000000
918.000000
2577.000000
282.000000
244.000000
377.000000
718.000000
327.000000
970.000000
247.000000
521.000000
654.000000
236.000000
3123.000000
300.000000
86.000000
888.000000
586.000000
227.000000
967.000000
599.000000
2748.000000
227.000000
538.000000
262.000000
160.000000
310.000000
330.000000
247.000000
2085.000000
632.000000
766.000000
858.000000
2831.000000
475.000000
419.000000
44.000000
490.000000
133.000000
68.000000
378.000000
365.000000
510.000000
67.000000
443.000000
848.000000
235.000000
2240.000000
556.000000
140.000000
2764.000000
1046.000000
979.000000
1257.000000
226.000000
286.000000
331.000000
79.000000
476.000000
214.000000
338.000000
41.000000
926.000000
129.000000
874.000000
269.000000
813.000000
2219.000000
676.000000
137.000000
327.000000
466.000000
1347.000000
474.000000
95.000000
206.000000
653.000000
102.000000
788.000000
121.000000
160.000000
143.000000
464.000000
589.000000
627.000000
663.000000
62.000000
352.000000
405.000000
505.000000
516.000000
263.000000
156.000000
500.000000
140.000000
95.000000
169.000000
357.000000
2293.000000
831.000000
1012.000000
183.000000
928.000000
65.000000
787.000000
363.000000
132.000000
485.000000
3497.000000
377.000000
656.000000
231.000000
711.000000
882.000000
419.000000
315.000000
252.000000
93.000000
232.000000
112.000000
253.000000
121.000000
457.000000
289.000000
637.000000
327.000000
353.000000
2033.000000
155.000000
144.000000
135.000000
1078.000000
1146.000000
785.000000
821.000000
327.000000
254.000000
689.000000
321.000000
164.000000
993.000000
284.000000
1187.000000
1428.000000
438.000000
1579.000000
843.000000
191.000000
937.000000
265.000000
289.000000
584.000000
602.000000
133.000000
1733.000000
1435.000000
531.000000
2087.000000
245.000000
205.000000
252.000000
233.000000
768.000000
161.000000
375.000000
2414.000000
282.000000
937.000000
406.000000
621.000000
402.000000
306.000000
808.000000
129.000000
262.000000
746.000000
944.000000
324.000000
987.000000
233.000000
211.000000
351.000000
251.000000
563.000000
107.000000
302.000000
101.000000
1103.000000
178.000000
110.000000
3047.000000
754.000000
362.000000
210.000000
279.000000
151.000000
156.000000
302.000000
93.000000
1389.000000
99.000000
402.000000
336.000000
639.000000
200.000000
224.000000
257.000000
1608.000000
618.000000
254.000000
318.000000
169.000000
358.000000
126.000000
80.000000
272.000000
82.000000
2557.000000
64.000000
154.000000
163.000000
337.000000
2365.000000
38.000000
174.000000
1015.000000
180.000000
7736.000000
467.000000
80.000000
569.000000
298.000000
74.000000
873.000000
1033.000000
20.000000
225.000000
1601.000000
1172.000000
217.000000
108.000000
668.000000
64.000000
816.000000
975.000000
48.000000
282.000000
718.000000
92.000000
929.000000
108.000000
52.000000
182.000000
562.000000
106.000000
301.000000
389.000000
675.000000
201.000000
241.000000
590.000000
1248.000000
1482.000000
315.000000
72.000000
353.000000
278.000000
529.000000
4423.000000
332.000000
478.000000
1081.000000
111.000000
1820.000000
125.000000
1696.000000
66.000000
1434.000000
159.000000
133.000000
47.000000
482.000000
384.000000
1056.000000
440.000000
61.000000
300.000000
958.000000
926.000000
1043.000000
267.000000
516.000000
283.000000
1230.000000
913.000000
207.000000
3425.000000
412.000000
2407.000000
674.000000
236.000000
524.000000
301.000000
278.000000
156.000000
1529.000000
25.000000
147.000000
125.000000
163.000000
888.000000
386.000000
225.000000
631.000000
1124.000000
1334.000000
126.000000
334.000000
554.000000
3142.000000
226.000000
450.000000
1271.000000
928.000000
122.000000
5431.000000
433.000000
182.000000
346.000000
66.000000
2393.000000
878.000000
192.000000
1041.000000
258.000000
588.000000
393.000000
239.000000
1601.000000
1608.000000
852.000000
786.000000
816.000000
43.000000
1474.000000
71.000000
47.000000
30.000000
231.000000
199.000000
239.000000
1509.000000
189.000000
671.000000
212.000000
402.000000
268.000000
368.000000
277.000000
2055.000000
81.000000
1327.000000
115.000000
1484.000000
2055.000000
95.000000
31.000000
303.000000
1147.000000
1134.000000
733.000000
359.000000
433.000000
136.000000
264.000000
66.000000
382.000000
1783.000000
310.000000
336.000000
68.000000
170.000000
1096.000000
190.000000
182.000000
360.000000
223.000000
175.000000
934.000000
143.000000
91.000000
115.000000
328.000000
394.000000
81.000000
1074.000000
28.000000
957.000000
635.000000
502.000000
1813.000000
327.000000
137.000000
728.000000
670.000000
320.000000
279.000000
42.000000
575.000000
1797.000000
1099.000000
283.000000
356.000000
8160.000000
172.000000
1255.000000
623.000000
216.000000
299.000000
2333.000000
583.000000
774.000000
301.000000
1717.000000
676.000000
119.000000
77.000000
245.000000
547.000000
193.000000
693.000000
475.000000
164.000000
225.000000
1053.000000
1211.000000
576.000000
848.000000
44.000000
583.000000
1583.000000
339.000000
667.000000
1565.000000
612.000000
1748.000000
152.000000
1325.000000
167.000000
990.000000
107.000000
63.000000
1322.000000
2669.000000
558.000000
257.000000
571.000000
535.000000
777.000000
95.000000
722.000000
189.000000
124.000000
3529.000000
145.000000
343.000000
598.000000
200.000000
670.000000
3613.000000
355.000000
267.000000
1341.000000
427.000000
325.000000
2479.000000
298.000000
557.000000
423.000000
733.000000
422.000000
133.000000
252.000000
121.000000
205.000000
563.000000
1151.000000
1054.000000
125.000000
233.000000
673.000000
215.000000
265.000000
354.000000
1236.000000
94.000000
410.000000
161.000000
261.000000
192.000000
557.000000
1430.000000
478.000000
344.000000
2363.000000
183.000000
242.000000
118.000000
160.000000
324.000000
5640.000000
664.000000
429.000000
1426.000000
289.000000
57.000000
564.000000
360.000000
113.000000
653.000000
119.000000
2078.000000
536.000000
451.000000
402.000000
816.000000
539.000000
151.000000
123.000000
980.000000
111.000000
311.000000
629.000000
94.000000
99.000000
544.000000
461.000000
339.000000
1000.000000
371.000000
265.000000
56.000000
1659.000000
691.000000
41.000000
1428.000000
240.000000
368.000000
89.000000
240.000000
236.000000
196.000000
2515.000000
277.000000
56.000000
268.000000
358.000000
154.000000
1487.000000
290.000000
325.000000
870.000000
745.000000
3258.000000
166.000000
410.000000
422.000000
197.000000
215.000000
839.000000
92.000000
47.000000
108.000000
270.000000
252.000000
279.000000
453.000000
2912.000000
569.000000
336.000000
1096.000000
1078.000000
374.000000
288.000000
1053.000000
664.000000
95.000000
496.000000
178.000000
147.000000
9025.000000
231.000000
620.000000
371.000000
359.000000
411.000000
286.000000
281.000000
1370.000000
244.000000
776.000000
266.000000
274.000000
871.000000
214.000000
1119.000000
281.000000
165.000000
2271.000000
403.000000
190.000000
612.000000
188.000000
328.000000
903.000000
144.000000
258.000000
5329.000000
288.000000
507.000000
1211.000000
1044.000000
499.000000
424.000000
96.000000
1330.000000
752.000000
153.000000
340.000000
1642.000000
218.000000
396.000000
715.000000
195.000000
182.000000
554.000000
257.000000
278.000000
194.000000
282.000000
310.000000
622.000000
950.000000
139.000000
816.000000
128.000000
558.000000
175.000000
137.000000
447.000000
210.000000
2394.000000
328.000000
157.000000
862.000000
151.000000
1128.000000
574.000000
514.000000
580.000000
572.000000
465.000000
496.000000
275.000000
184.000000
1537.000000
1789.000000
73.000000
486.000000
100.000000
902.000000
42.000000
326.000000
172.000000
222.000000
467.000000
220.000000
660.000000
102.000000
286.000000
410.000000
101.000000
339.000000
1324.000000
3647.000000
1318.000000
186.000000
680.000000
225.000000
305.000000
1183.000000
624.000000
186.000000
544.000000
485.000000
1249.000000
195.000000
2017.000000
392.000000
174.000000
529.000000
1304.000000
74.000000
149.000000
220.000000
1789.000000
120.000000
98.000000
247.000000
880.000000
401.000000
179.000000
1146.000000
2638.000000
348.000000
104.000000
508.000000
329.000000
461.000000
693.000000
182.000000
424.000000
212.000000
658.000000
376.000000
291.000000
203.000000
216.000000
2088.000000
24.000000
634.000000
2727.000000
104.000000
170.000000
635.000000
95.000000
965.000000
352.000000
67.000000
97.000000
1101.000000
100.000000
135.000000
992.000000
613.000000
509.000000
389.000000
144.000000
653.000000
1585.000000
471.000000
250.000000
89.000000
962.000000
73.000000
1264.000000
493.000000
395.000000
252.000000
203.000000
905.000000
283.000000
211.000000
494.000000
335.000000
393.000000
614.000000
70.000000
1897.000000
555.000000
1022.000000
132.000000
266.000000
620.000000
1037.000000
337.000000
462.000000
191.000000
1211.000000
298.000000
191.000000
574.000000
250.000000
460.000000
143.000000
626.000000
815.000000
423.000000
295.000000
84.000000
1401.000000
303.000000
880.000000
190.000000
512.000000
3694.000000
181.000000
951.000000
444.000000
119.000000
