666.000000
489.000000
1122.000000
125.000000
400.000000
69.000000
262.000000
818.000000
1165.000000
359.000000
95.000000
135.000000
875.000000
383.000000
244.000000
647.000000
23.000000
991.000000
186.000000
571.000000
388.000000
530.000000
128.000000
229.000000
921.000000
125.000000
208.000000
1061.000000
329.000000
265.000000
391.000000
186.000000
142.000000
813.000000
360.000000
910.000000
1632.000000
1387.000000
46.000000
126.000000
649.000000
366.000000
120.000000
443.000000
563.000000
209.000000
838.000000
822.000000
1074.000000
987.000000
237.000000
48.000000
193.000000
162.000000
96.000000
523.000000
550.000000
1253.000000
440.000000
1586.000000
327.000000
875.000000
603.000000
39.000000
329.000000
1798.000000
42.000000
1289.000000
222.000000
619.000000
2462.000000
22.000000
2564.000000
819.000000
201.000000
85.000000
1068.000000
381.000000
527.000000
404.000000
207.000000
132.000000
958.000000
1090.000000
177.000000
426.000000
536.000000
1725.000000
683.000000
254.000000
1673.000000
101.000000
553.000000
367.000000
1376.000000
168.000000
193.000000
176.000000
253.000000
293.000000
363.000000
5842.000000
155.000000
159.000000
158.000000
512.000000
104.000000
560.000000
111.000000
2744.000000
287.000000
1328.000000
743.000000
364.000000
1133.000000
2811.000000
230.000000
116.000000
205.000000
198.000000
314.000000
318.000000
666.000000
278.000000
844.000000
238.000000
557.000000
115.000000
1578.000000
347.000000
709.000000
445.000000
1854.000000
1907.000000
256.000000
449.000000
119.000000
679.000000
669.000000
774.000000
818.000000
1355.000000
118.000000
647.000000
96.000000
586.000000
1140.000000
519.000000
848.000000
761.000000
418.000000
493.000000
259.000000
838.000000
995.000000
1376.000000
362.000000
210.000000
513.000000
1292.000000
4335.000000
1388.000000
517.000000
79.000000
1104.000000
2054.000000
502.000000
419.000000
223.000000
893.000000
232.000000
378.000000
295.000000
423.000000
119.000000
820.000000
175.000000
931.000000
236.000000
114.000000
268.000000
615.000000
38.000000
66.000000
923.000000
485.000000
1371.000000
1033.000000
1146.000000
410.000000
379.000000
474.000000
1442.000000
4580.000000
46.000000
190.000000
171.000000
214.000000
1320.000000
716.000000
657.000000
350.000000
459.000000
224.000000
2545.000000
390.000000
125.000000
427.000000
263.000000
428.000000
460.000000
2336.000000
244.000000
3015.000000
606.000000
124.000000
681.000000
465.000000
276.000000
68.000000
424.000000
682.000000
1210.000000
363.000000
175.000000
505.000000
938.000000
390.000000
1026.000000
637.000000
468.000000
735.000000
2492.000000
487.000000
1118.000000
124.000000
552.000000
246.000000
412.000000
108.000000
681.000000
2249.000000
116.000000
818.000000
399.000000
496.000000
81.000000
77.000000
1805.000000
151.000000
256.000000
547.000000
799.000000
293.000000
321.000000
1719.000000
209.000000
51.000000
501.000000
840.000000
256.000000
124.000000
17.000000
292.000000
256.000000
309.000000
1264.000000
195.000000
397.000000
121.000000
672.000000
656.000000
187.000000
1491.000000
149.000000
29.000000
85.000000
442.000000
117.000000
566.000000
62.000000
334.000000
1913.000000
113.000000
785.000000
366.000000
214.000000
164.000000
681.000000
1546.000000
3108.000000
303.000000
1334.000000
710.000000
234.000000
289.000000
371.000000
224.000000
402.000000
1006.000000
209.000000
924.000000
244.000000
162.000000
60.000000
1624.000000
322.000000
1310.000000
915.000000
1541.000000
1712.000000
566.000000
456.000000
223.000000
2711.000000
1060.000000
240.000000
694.000000
667.000000
602.000000
2436.000000
252.000000
1067.000000
505.000000
307.000000
53.000000
163.000000
98.000000
248.000000
227.000000
350.000000
672.000000
258.000000
1407.000000
341.000000
1024.000000
595.000000
321.000000
855.000000
346.000000
222.000000
346.000000
136.000000
118.000000
378.000000
293.000000
489.000000
916.000000
151.000000
262.000000
224.000000
534.000000
73.000000
43.000000
134.000000
176.000000
183.000000
790.000000
29.000000
205.000000
2239.000000
241.000000
673.000000
311.000000
617.000000
148.000000
263.000000
171.000000
526.000000
235.000000
429.000000
547.000000
641.000000
284.000000
479.000000
849.000000
972.000000
356.000000
680.000000
401.000000
145.000000
291.000000
2003.000000
857.000000
901.000000
424.000000
260.000000
33.000000
236.000000
1249.000000
523.000000
271.000000
896.000000
540.000000
1337.000000
140.000000
1517.000000
1065.000000
729.000000
930.000000
1631.000000
695.000000
106.000000
155.000000
537.000000
77.000000
241.000000
1980.000000
298.000000
209.000000
322.000000
1417.000000
131.000000
3991.000000
217.000000
383.000000
282.000000
1284.000000
939.000000
1125.000000
185.000000
108.000000
443.000000
373.000000
849.000000
361.000000
909.000000
583.000000
202.000000
543.000000
215.000000
1672.000000
346.000000
1302.000000
1007.000000
635.000000
157.000000
1097.000000
119.000000
165.000000
470.000000
2249.000000
962.000000
1040.000000
1253.000000
597.000000
199.000000
515.000000
43.000000
1360.000000
250.000000
2062.000000
893.000000
194.000000
662.000000
345.000000
1398.000000
863.000000
118.000000
1393.000000
1108.000000
243.000000
1136.000000
63.000000
313.000000
1551.000000
188.000000
167.000000
1035.000000
372.000000
74.000000
459.000000
664.000000
291.000000
1059.000000
342.000000
435.000000
187.000000
109.000000
2100.000000
305.000000
384.000000
402.000000
157.000000
104.000000
234.000000
452.000000
569.000000
2654.000000
613.000000
736.000000
114.000000
208.000000
1638.000000
163.000000
1862.000000
237.000000
557.000000
1641.000000
294.000000
112.000000
1605.000000
96.000000
447.000000
956.000000
2275.000000
1026.000000
376.000000
241.000000
86.000000
542.000000
2364.000000
82.000000
768.000000
251.000000
2183.000000
1127.000000
788.000000
384.000000
313.000000
2409.000000
427.000000
197.000000
862.000000
336.000000
256.000000
162.000000
553.000000
4974.000000
521.000000
324.000000
6119.000000
734.000000
1966.000000
601.000000
1657.000000
357.000000
5971.000000
394.000000
1088.000000
261.000000
991.000000
3331.000000
453.000000
88.000000
271.000000
1103.000000
2067.000000
569.000000
544.000000
197.000000
533.000000
642.000000
963.000000
19.000000
1190.000000
374.000000
212.000000
414.000000
419.000000
1161.000000
395.000000
384.000000
132.000000
380.000000
2321.000000
232.000000
307.000000
818.000000
363.000000
1893.000000
127.000000
1322.000000
686.000000
345.000000
378.000000
95.000000
253.000000
702.000000
130.000000
520.000000
740.000000
936.000000
214.000000
668.000000
171.000000
1326.000000
532.000000
74.000000
276.000000
84.000000
59.000000
435.000000
557.000000
885.000000
1037.000000
136.000000
957.000000
823.000000
172.000000
1006.000000
58.000000
267.000000
63.000000
823.000000
1504.000000
625.000000
379.000000
122.000000
409.000000
688.000000
1567.000000
553.000000
1586.000000
648.000000
364.000000
412.000000
460.000000
928.000000
604.000000
279.000000
434.000000
409.000000
165.000000
207.000000
77.000000
755.000000
312.000000
401.000000
475.000000
5427.000000
107.000000
267.000000
2598.000000
207.000000
120.000000
461.000000
1447.000000
442.000000
660.000000
138.000000
317.000000
51.000000
8503.000000
560.000000
644.000000
480.000000
178.000000
344.000000
433.000000
151.000000
323.000000
1625.000000
773.000000
349.000000
120.000000
513.000000
4057.000000
402.000000
614.000000
601.000000
267.000000
709.000000
112.000000
127.000000
436.000000
66.000000
322.000000
1169.000000
181.000000
315.000000
85.000000
2361.000000
662.000000
679.000000
1336.000000
462.000000
436.000000
188.000000
672.000000
593.000000
93.000000
2337.000000
57.000000
386.000000
5983.000000
322.000000
177.000000
480.000000
116.000000
328.000000
135.000000
2611.000000
95.000000
788.000000
217.000000
70.000000
237.000000
444.000000
467.000000
349.000000
333.000000
276.000000
158.000000
946.000000
2696.000000
579.000000
265.000000
305.000000
210.000000
207.000000
95.000000
1487.000000
336.000000
2015.000000
118.000000
777.000000
627.000000
447.000000
794.000000
587.000000
229.000000
2376.000000
263.000000
928.000000
1005.000000
424.000000
1173.000000
1528.000000
255.000000
201.000000
387.000000
239.000000
95.000000
108.000000
858.000000
104.000000
902.000000
295.000000
282.000000
283.000000
114.000000
307.000000
244.000000
126.000000
2129.000000
476.000000
1072.000000
273.000000
298.000000
143.000000
77.000000
69.000000
269.000000
705.000000
592.000000
278.000000
680.000000
481.000000
312.000000
495.000000
626.000000
513.000000
84.000000
473.000000
783.000000
666.000000
267.000000
152.000000
86.000000
117.000000
1266.000000
76.000000
922.000000
80.000000
2054.000000
306.000000
144.000000
835.000000
220.000000
1191.000000
94.000000
335.000000
90.000000
510.000000
399.000000
128.000000
252.000000
1344.000000
1266.000000
400.000000
429.000000
112.000000
311.000000
150.000000
399.000000
1167.000000
299.000000
350.000000
885.000000
282.000000
515.000000
200.000000
176.000000
963.000000
61.000000
206.000000
1189.000000
146.000000
328.000000
372.000000
739.000000
962.000000
387.000000
406.000000
754.000000
383.000000
631.000000
3265.000000
948.000000
3299.000000
425.000000
261.000000
1360.000000
1233.000000
730.000000
209.000000
301.000000
351.000000
137.000000
4445.000000
86.000000
268.000000
292.000000
222.000000
1306.000000
589.000000
772.000000
246.000000
88.000000
855.000000
110.000000
99.000000
616.000000
498.000000
965.000000
693.000000
255.000000
960.000000
778.000000
601.000000
215.000000
281.000000
5857.000000
106.000000
1112.000000
51.000000
440.000000
522.000000
477.000000
173.000000
799.000000
4406.000000
844.000000
3426.000000
699.000000
585.000000
172.000000
1036.000000
450.000000
1239.000000
783.000000
196.000000
337.000000
683.000000
246.000000
137.000000
255.000000
256.000000
555.000000
135.000000
85.000000
339.000000
161.000000
241.000000
252.000000
210.000000
157.000000
868.000000
1001.000000
685.000000
533.000000
113.000000
1409.000000
1075.000000
415.000000
333.000000
758.000000
236.000000
423.000000
75.000000
169.000000
97.000000
66.000000
528.000000
150.000000
2797.000000
124.000000
54.000000
418.000000
86.000000
210.000000
425.000000
409.000000
259.000000
1445.000000
838.000000
194.000000
701.000000
39.000000
304.000000
510.000000
367.000000
3886.000000
433.000000
1518.000000
1735.000000
218.000000
73.000000
150.000000
2005.000000
90.000000
935.000000
181.000000
270.000000
286.000000
743.000000
176.000000
284.000000
252.000000
139.000000
106.000000
234.000000
360.000000
429.000000
120.000000
251.000000
153.000000
138.000000
390.000000
136.000000
867.000000
1364.000000
917.000000
385.000000
105.000000
190.000000
2529.000000
112.000000
539.000000
458.000000
374.000000
1820.000000
271.000000
316.000000
532.000000
1280.000000
461.000000
276.000000
222.000000
266.000000
139.000000
860.000000
390.000000
270.000000
210.000000
949.000000
315.000000
455.000000
571.000000
808.000000
358.000000
680.000000
155.000000
305.000000
441.000000
1020.000000
223.000000
281.000000
1793.000000
421.000000
1365.000000
849.000000
1721.000000
855.000000
281.000000
542.000000
97.000000
5510.000000
119.000000
