101.000000
191.000000
176.000000
595.000000
60.000000
1239.000000
133.000000
1438.000000
302.000000
40.000000
556.000000
108.000000
4485.000000
2442.000000
731.000000
106.000000
333.000000
351.000000
510.000000
193.000000
157.000000
1291.000000
659.000000
117.000000
79.000000
255.000000
895.000000
464.000000
1082.000000
388.000000
1058.000000
750.000000
873.000000
86.000000
240.000000
1130.000000
81.000000
207.000000
518.000000
373.000000
313.000000
328.000000
381.000000
480.000000
301.000000
671.000000
1495.000000
2237.000000
762.000000
430.000000
233.000000
195.000000
254.000000
89.000000
221.000000
500.000000
1707.000000
215.000000
615.000000
160.000000
744.000000
412.000000
1257.000000
284.000000
267.000000
441.000000
124.000000
246.000000
368.000000
3716.000000
104.000000
406.000000
1441.000000
1623.000000
381.000000
219.000000
1889.000000
245.000000
902.000000
324.000000
427.000000
520.000000
229.000000
274.000000
112.000000
43.000000
251.000000
296.000000
298.000000
393.000000
505.000000
361.000000
271.000000
127.000000
210.000000
143.000000
891.000000
475.000000
459.000000
958.000000
519.000000
444.000000
257.000000
357.000000
549.000000
507.000000
387.000000
614.000000
72.000000
152.000000
273.000000
103.000000
851.000000
231.000000
1358.000000
515.000000
101.000000
1285.000000
1240.000000
263.000000
808.000000
192.000000
2577.000000
402.000000
332.000000
977.000000
309.000000
110.000000
103.000000
180.000000
491.000000
2286.000000
180.000000
334.000000
600.000000
759.000000
4190.000000
3372.000000
697.000000
1616.000000
292.000000
105.000000
442.000000
325.000000
456.000000
796.000000
252.000000
409.000000
4997.000000
45.000000
4438.000000
107.000000
234.000000
1269.000000
204.000000
159.000000
246.000000
2881.000000
387.000000
247.000000
52.000000
827.000000
201.000000
240.000000
412.000000
992.000000
251.000000
80.000000
491.000000
158.000000
89.000000
378.000000
188.000000
99.000000
3982.000000
271.000000
222.000000
504.000000
1140.000000
98.000000
73.000000
198.000000
500.000000
667.000000
181.000000
482.000000
41.000000
140.000000
740.000000
182.000000
741.000000
337.000000
276.000000
280.000000
559.000000
1882.000000
482.000000
896.000000
405.000000
556.000000
163.000000
628.000000
209.000000
1524.000000
250.000000
309.000000
1698.000000
22.000000
1156.000000
1137.000000
248.000000
872.000000
210.000000
2624.000000
87.000000
272.000000
642.000000
526.000000
477.000000
450.000000
399.000000
60.000000
846.000000
494.000000
669.000000
359.000000
720.000000
1640.000000
350.000000
46.000000
70.000000
465.000000
281.000000
603.000000
513.000000
436.000000
1323.000000
781.000000
615.000000
99.000000
192.000000
207.000000
608.000000
977.000000
1557.000000
266.000000
1115.000000
194.000000
219.000000
670.000000
170.000000
234.000000
597.000000
225.000000
101.000000
1980.000000
256.000000
1179.000000
1391.000000
89.000000
291.000000
378.000000
642.000000
330.000000
535.000000
86.000000
505.000000
607.000000
1047.000000
1246.000000
716.000000
101.000000
366.000000
454.000000
522.000000
612.000000
74.000000
102.000000
257.000000
352.000000
845.000000
235.000000
788.000000
4164.000000
617.000000
296.000000
1591.000000
543.000000
259.000000
486.000000
163.000000
1197.000000
103.000000
160.000000
159.000000
761.000000
968.000000
1143.000000
313.000000
869.000000
397.000000
546.000000
112.000000
524.000000
1375.000000
232.000000
960.000000
1277.000000
538.000000
394.000000
1254.000000
152.000000
1317.000000
752.000000
172.000000
654.000000
423.000000
659.000000
357.000000
865.000000
259.000000
582.000000
427.000000
232.000000
579.000000
126.000000
450.000000
817.000000
311.000000
734.000000
50.000000
77.000000
167.000000
257.000000
394.000000
646.000000
719.000000
1169.000000
1267.000000
833.000000
853.000000
754.000000
171.000000
411.000000
650.000000
337.000000
946.000000
444.000000
2769.000000
374.000000
249.000000
307.000000
359.000000
2564.000000
1061.000000
416.000000
454.000000
412.000000
250.000000
2382.000000
234.000000
59.000000
279.000000
319.000000
1718.000000
31.000000
442.000000
675.000000
367.000000
350.000000
473.000000
406.000000
2891.000000
1267.000000
176.000000
508.000000
119.000000
1066.000000
223.000000
494.000000
1790.000000
851.000000
511.000000
806.000000
709.000000
259.000000
1487.000000
709.000000
535.000000
1132.000000
425.000000
361.000000
158.000000
515.000000
125.000000
562.000000
876.000000
150.000000
531.000000
668.000000
189.000000
21.000000
59.000000
2048.000000
2241.000000
32.000000
934.000000
52.000000
426.000000
607.000000
219.000000
258.000000
224.000000
674.000000
81.000000
106.000000
95.000000
605.000000
1217.000000
1053.000000
66.000000
982.000000
49.000000
465.000000
1828.000000
2433.000000
610.000000
3035.000000
420.000000
1007.000000
4477.000000
1901.000000
189.000000
24.000000
1266.000000
187.000000
142.000000
193.000000
1419.000000
304.000000
590.000000
877.000000
354.000000
469.000000
356.000000
1632.000000
38.000000
408.000000
1654.000000
733.000000
286.000000
303.000000
278.000000
235.000000
207.000000
116.000000
279.000000
311.000000
489.000000
666.000000
142.000000
268.000000
1404.000000
306.000000
1890.000000
957.000000
111.000000
184.000000
216.000000
3598.000000
141.000000
498.000000
1020.000000
588.000000
536.000000
1004.000000
1230.000000
287.000000
375.000000
1238.000000
163.000000
297.000000
1025.000000
159.000000
470.000000
405.000000
275.000000
1184.000000
1647.000000
187.000000
585.000000
1972.000000
721.000000
674.000000
232.000000
2718.000000
216.000000
960.000000
301.000000
213.000000
38.000000
362.000000
353.000000
400.000000
997.000000
813.000000
150.000000
624.000000
1888.000000
1902.000000
422.000000
755.000000
115.000000
421.000000
935.000000
918.000000
168.000000
615.000000
1629.000000
822.000000
737.000000
178.000000
2322.000000
2090.000000
250.000000
238.000000
3014.000000
90.000000
1159.000000
1051.000000
1446.000000
814.000000
773.000000
193.000000
878.000000
2062.000000
593.000000
40.000000
122.000000
195.000000
358.000000
770.000000
69.000000
259.000000
1118.000000
2775.000000
666.000000
3263.000000
3963.000000
456.000000
723.000000
931.000000
227.000000
1460.000000
1091.000000
1020.000000
219.000000
113.000000
648.000000
428.000000
1131.000000
1173.000000
216.000000
201.000000
208.000000
351.000000
196.000000
1570.000000
1591.000000
183.000000
1236.000000
879.000000
570.000000
234.000000
723.000000
598.000000
430.000000
226.000000
2923.000000
1562.000000
332.000000
744.000000
32.000000
930.000000
79.000000
545.000000
1803.000000
369.000000
386.000000
328.000000
362.000000
150.000000
1592.000000
503.000000
113.000000
146.000000
686.000000
1825.000000
112.000000
130.000000
226.000000
259.000000
460.000000
744.000000
55.000000
211.000000
137.000000
326.000000
444.000000
75.000000
404.000000
465.000000
60.000000
688.000000
371.000000
359.000000
403.000000
396.000000
4061.000000
1431.000000
234.000000
155.000000
325.000000
1885.000000
487.000000
65.000000
1249.000000
1306.000000
723.000000
600.000000
217.000000
4800.000000
882.000000
237.000000
178.000000
418.000000
156.000000
292.000000
716.000000
306.000000
197.000000
850.000000
963.000000
398.000000
1043.000000
364.000000
145.000000
1314.000000
1688.000000
1164.000000
151.000000
315.000000
592.000000
86.000000
157.000000
4772.000000
680.000000
363.000000
254.000000
497.000000
48.000000
1013.000000
448.000000
289.000000
247.000000
640.000000
781.000000
169.000000
2035.000000
530.000000
1438.000000
372.000000
369.000000
85.000000
1662.000000
2355.000000
836.000000
1498.000000
1186.000000
736.000000
422.000000
227.000000
120.000000
146.000000
300.000000
72.000000
396.000000
151.000000
349.000000
507.000000
194.000000
122.000000
962.000000
311.000000
369.000000
255.000000
303.000000
146.000000
227.000000
627.000000
85.000000
837.000000
473.000000
498.000000
277.000000
98.000000
603.000000
275.000000
308.000000
143.000000
59.000000
170.000000
812.000000
175.000000
342.000000
96.000000
1376.000000
293.000000
225.000000
269.000000
514.000000
348.000000
231.000000
684.000000
507.000000
72.000000
109.000000
53.000000
87.000000
380.000000
179.000000
57.000000
398.000000
160.000000
559.000000
819.000000
164.000000
734.000000
610.000000
90.000000
1137.000000
188.000000
967.000000
296.000000
159.000000
487.000000
690.000000
241.000000
2021.000000
242.000000
1823.000000
1496.000000
2913.000000
403.000000
343.000000
321.000000
636.000000
82.000000
128.000000
642.000000
414.000000
97.000000
242.000000
3600.000000
1623.000000
351.000000
1048.000000
115.000000
126.000000
927.000000
425.000000
189.000000
346.000000
152.000000
107.000000
182.000000
624.000000
162.000000
249.000000
244.000000
2259.000000
386.000000
398.000000
1122.000000
205.000000
2938.000000
302.000000
648.000000
88.000000
523.000000
876.000000
920.000000
332.000000
1030.000000
325.000000
1606.000000
570.000000
403.000000
80.000000
324.000000
325.000000
170.000000
536.000000
3482.000000
450.000000
120.000000
674.000000
3609.000000
568.000000
945.000000
662.000000
263.000000
703.000000
458.000000
90.000000
344.000000
1140.000000
1840.000000
559.000000
535.000000
257.000000
155.000000
729.000000
324.000000
1579.000000
756.000000
247.000000
705.000000
2077.000000
319.000000
248.000000
699.000000
260.000000
123.000000
1260.000000
61.000000
552.000000
452.000000
293.000000
226.000000
535.000000
1545.000000
1441.000000
605.000000
1031.000000
219.000000
467.000000
221.000000
9744.000000
180.000000
546.000000
852.000000
443.000000
1108.000000
177.000000
703.000000
227.000000
2704.000000
312.000000
271.000000
55.000000
262.000000
1504.000000
137.000000
663.000000
582.000000
272.000000
2002.000000
337.000000
47.000000
304.000000
959.000000
240.000000
1128.000000
534.000000
99.000000
181.000000
361.000000
575.000000
81.000000
92.000000
1922.000000
332.000000
335.000000
860.000000
2448.000000
228.000000
148.000000
83.000000
567.000000
118.000000
85.000000
259.000000
444.000000
244.000000
404.000000
415.000000
1079.000000
666.000000
283.000000
114.000000
356.000000
604.000000
967.000000
161.000000
278.000000
1039.000000
198.000000
975.000000
1367.000000
2864.000000
104.000000
363.000000
210.000000
1396.000000
1224.000000
5912.000000
338.000000
540.000000
365.000000
1434.000000
228.000000
1601.000000
509.000000
514.000000
8752.000000
469.000000
96.000000
119.000000
186.000000
94.000000
423.000000
74.000000
118.000000
1998.000000
153.000000
252.000000
537.000000
1692.000000
264.000000
425.000000
4931.000000
6237.000000
2880.000000
632.000000
526.000000
898.000000
1623.000000
523.000000
74.000000
398.000000
794.000000
843.000000
817.000000
320.000000
114.000000
1505.000000
3580.000000
222.000000
219.000000
157.000000
852.000000
79.000000
168.000000
275.000000
793.000000
349.000000
229.000000
812.000000
377.000000
493.000000
927.000000
1425.000000
2035.000000
432.000000
534.000000
801.000000
164.000000
257.000000
2574.000000
746.000000
910.000000
598.000000
70.000000
483.000000
139.000000
137.000000
1636.000000
875.000000
110.000000
316.000000
66.000000
144.000000
762.000000
128.000000
860.000000
478.000000
1639.000000
791.000000
173.000000
