272.000000
181.000000
396.000000
112.000000
110.000000
269.000000
1080.000000
131.000000
503.000000
300.000000
316.000000
1328.000000
471.000000
1043.000000
112.000000
58.000000
262.000000
192.000000
195.000000
181.000000
225.000000
209.000000
72.000000
1354.000000
254.000000
1075.000000
212.000000
336.000000
71.000000
70.000000
55.000000
992.000000
1369.000000
716.000000
530.000000
285.000000
260.000000
158.000000
208.000000
931.000000
199.000000
83.000000
177.000000
83.000000
112.000000
783.000000
313.000000
112.000000
539.000000
185.000000
646.000000
501.000000
106.000000
238.000000
195.000000
396.000000
718.000000
314.000000
890.000000
357.000000
724.000000
1165.000000
825.000000
136.000000
137.000000
992.000000
589.000000
191.000000
304.000000
405.000000
462.000000
350.000000
320.000000
121.000000
540.000000
315.000000
489.000000
59.000000
1100.000000
497.000000
243.000000
1077.000000
471.000000
194.000000
5464.000000
128.000000
193.000000
167.000000
207.000000
457.000000
252.000000
441.000000
2397.000000
268.000000
587.000000
2592.000000
122.000000
1328.000000
268.000000
325.000000
185.000000
246.000000
98.000000
2077.000000
384.000000
214.000000
1781.000000
327.000000
330.000000
2105.000000
865.000000
193.000000
545.000000
531.000000
273.000000
47.000000
1076.000000
353.000000
242.000000
65.000000
329.000000
1266.000000
440.000000
873.000000
602.000000
282.000000
118.000000
334.000000
129.000000
798.000000
945.000000
623.000000
379.000000
299.000000
470.000000
389.000000
211.000000
463.000000
1242.000000
195.000000
594.000000
46.000000
1216.000000
102.000000
323.000000
402.000000
447.000000
642.000000
164.000000
929.000000
2409.000000
283.000000
1068.000000
340.000000
86.000000
899.000000
300.000000
747.000000
385.000000
62.000000
345.000000
2024.000000
369.000000
1001.000000
302.000000
870.000000
310.000000
90.000000
498.000000
1085.000000
206.000000
950.000000
87.000000
290.000000
493.000000
426.000000
621.000000
119.000000
325.000000
2215.000000
200.000000
45.000000
200.000000
297.000000
110.000000
414.000000
375.000000
1381.000000
107.000000
1939.000000
1313.000000
149.000000
222.000000
129.000000
159.000000
90.000000
292.000000
354.000000
901.000000
216.000000
128.000000
682.000000
329.000000
340.000000
664.000000
111.000000
882.000000
322.000000
657.000000
578.000000
242.000000
85.000000
515.000000
1350.000000
370.000000
25.000000
78.000000
166.000000
1301.000000
1020.000000
450.000000
151.000000
603.000000
1470.000000
62.000000
328.000000
198.000000
1694.000000
987.000000
322.000000
603.000000
961.000000
414.000000
1827.000000
290.000000
745.000000
223.000000
113.000000
256.000000
493.000000
119.000000
414.000000
654.000000
91.000000
224.000000
471.000000
871.000000
32.000000
415.000000
343.000000
56.000000
93.000000
136.000000
2038.000000
663.000000
195.000000
220.000000
118.000000
891.000000
848.000000
225.000000
1737.000000
645.000000
270.000000
87.000000
375.000000
1079.000000
213.000000
503.000000
306.000000
1445.000000
130.000000
226.000000
248.000000
1989.000000
789.000000
419.000000
531.000000
146.000000
446.000000
392.000000
1216.000000
834.000000
1142.000000
811.000000
247.000000
807.000000
426.000000
67.000000
1036.000000
586.000000
3789.000000
122.000000
206.000000
927.000000
521.000000
562.000000
882.000000
1620.000000
493.000000
202.000000
165.000000
6730.000000
747.000000
412.000000
566.000000
195.000000
1602.000000
552.000000
1307.000000
742.000000
635.000000
54.000000
1299.000000
165.000000
219.000000
223.000000
182.000000
552.000000
170.000000
390.000000
174.000000
5557.000000
290.000000
94.000000
294.000000
120.000000
229.000000
360.000000
743.000000
1234.000000
194.000000
922.000000
172.000000
94.000000
249.000000
569.000000
46.000000
54.000000
175.000000
422.000000
287.000000
226.000000
2117.000000
2284.000000
133.000000
278.000000
208.000000
336.000000
476.000000
551.000000
1573.000000
284.000000
712.000000
443.000000
963.000000
3230.000000
220.000000
445.000000
646.000000
142.000000
262.000000
525.000000
975.000000
153.000000
1431.000000
329.000000
564.000000
601.000000
101.000000
232.000000
360.000000
114.000000
617.000000
4210.000000
337.000000
506.000000
2983.000000
842.000000
365.000000
187.000000
2316.000000
2714.000000
694.000000
714.000000
723.000000
435.000000
809.000000
1372.000000
2284.000000
89.000000
210.000000
3120.000000
262.000000
1072.000000
874.000000
114.000000
206.000000
39.000000
1794.000000
943.000000
731.000000
1490.000000
518.000000
142.000000
320.000000
71.000000
404.000000
802.000000
656.000000
752.000000
274.000000
4347.000000
68.000000
409.000000
189.000000
34.000000
99.000000
95.000000
475.000000
1325.000000
144.000000
1174.000000
556.000000
383.000000
99.000000
42.000000
1523.000000
460.000000
95.000000
298.000000
242.000000
48.000000
313.000000
579.000000
860.000000
102.000000
305.000000
1333.000000
434.000000
78.000000
1112.000000
2147.000000
730.000000
1947.000000
588.000000
565.000000
387.000000
222.000000
772.000000
227.000000
230.000000
603.000000
1497.000000
502.000000
1855.000000
1442.000000
127.000000
111.000000
1094.000000
966.000000
512.000000
189.000000
486.000000
546.000000
136.000000
592.000000
353.000000
1121.000000
880.000000
380.000000
420.000000
820.000000
96.000000
3273.000000
167.000000
251.000000
1992.000000
392.000000
1718.000000
164.000000
675.000000
343.000000
50.000000
601.000000
226.000000
284.000000
33.000000
504.000000
1432.000000
170.000000
886.000000
582.000000
1052.000000
2022.000000
1275.000000
500.000000
618.000000
1033.000000
185.000000
124.000000
281.000000
56.000000
375.000000
1299.000000
204.000000
148.000000
83.000000
298.000000
338.000000
91.000000
461.000000
144.000000
138.000000
1000.000000
268.000000
178.000000
341.000000
1948.000000
243.000000
1806.000000
68.000000
140.000000
711.000000
235.000000
398.000000
896.000000
269.000000
200.000000
1201.000000
356.000000
2333.000000
1793.000000
99.000000
1015.000000
427.000000
1637.000000
2286.000000
334.000000
3906.000000
694.000000
125.000000
274.000000
303.000000
514.000000
496.000000
104.000000
50.000000
268.000000
497.000000
343.000000
128.000000
208.000000
410.000000
117.000000
517.000000
134.000000
1191.000000
547.000000
1766.000000
724.000000
472.000000
45.000000
47.000000
9920.000000
264.000000
103.000000
62.000000
1460.000000
134.000000
1252.000000
2524.000000
222.000000
1122.000000
77.000000
89.000000
305.000000
162.000000
436.000000
343.000000
985.000000
775.000000
91.000000
1139.000000
1163.000000
94.000000
1629.000000
702.000000
507.000000
329.000000
122.000000
3870.000000
586.000000
548.000000
107.000000
220.000000
272.000000
2787.000000
815.000000
181.000000
402.000000
330.000000
103.000000
1207.000000
345.000000
162.000000
442.000000
340.000000
5334.000000
582.000000
3688.000000
408.000000
2274.000000
292.000000
68.000000
207.000000
314.000000
522.000000
743.000000
388.000000
633.000000
747.000000
745.000000
2940.000000
333.000000
437.000000
773.000000
110.000000
1076.000000
85.000000
1909.000000
378.000000
37.000000
1294.000000
703.000000
159.000000
583.000000
621.000000
136.000000
501.000000
500.000000
2411.000000
374.000000
1140.000000
353.000000
364.000000
127.000000
1093.000000
4468.000000
1351.000000
192.000000
1052.000000
372.000000
3524.000000
547.000000
259.000000
145.000000
213.000000
337.000000
149.000000
241.000000
309.000000
1069.000000
132.000000
484.000000
157.000000
298.000000
281.000000
322.000000
390.000000
255.000000
281.000000
591.000000
447.000000
771.000000
979.000000
679.000000
162.000000
262.000000
716.000000
412.000000
255.000000
247.000000
765.000000
144.000000
363.000000
513.000000
1103.000000
114.000000
260.000000
554.000000
2301.000000
315.000000
370.000000
881.000000
666.000000
73.000000
872.000000
219.000000
139.000000
1453.000000
4797.000000
1263.000000
568.000000
267.000000
158.000000
356.000000
130.000000
397.000000
685.000000
564.000000
958.000000
518.000000
2035.000000
425.000000
472.000000
309.000000
790.000000
2282.000000
30.000000
1793.000000
358.000000
119.000000
296.000000
462.000000
2118.000000
419.000000
968.000000
418.000000
286.000000
155.000000
862.000000
1558.000000
344.000000
1143.000000
249.000000
1237.000000
86.000000
318.000000
305.000000
7312.000000
1416.000000
2135.000000
483.000000
120.000000
252.000000
615.000000
421.000000
444.000000
773.000000
268.000000
139.000000
492.000000
527.000000
461.000000
34.000000
241.000000
507.000000
542.000000
945.000000
1194.000000
392.000000
1114.000000
178.000000
327.000000
583.000000
864.000000
616.000000
1829.000000
330.000000
162.000000
739.000000
388.000000
847.000000
650.000000
87.000000
207.000000
62.000000
684.000000
421.000000
3191.000000
355.000000
1449.000000
886.000000
350.000000
366.000000
1272.000000
594.000000
699.000000
117.000000
1056.000000
776.000000
417.000000
3150.000000
709.000000
982.000000
1431.000000
111.000000
438.000000
252.000000
1195.000000
3533.000000
684.000000
505.000000
119.000000
459.000000
255.000000
318.000000
901.000000
646.000000
134.000000
21.000000
427.000000
203.000000
226.000000
1667.000000
813.000000
322.000000
507.000000
716.000000
221.000000
725.000000
616.000000
250.000000
495.000000
1153.000000
2569.000000
105.000000
688.000000
410.000000
6287.000000
871.000000
53.000000
2370.000000
209.000000
1574.000000
44.000000
718.000000
3229.000000
699.000000
240.000000
72.000000
379.000000
708.000000
113.000000
393.000000
69.000000
366.000000
234.000000
219.000000
643.000000
393.000000
763.000000
401.000000
311.000000
103.000000
426.000000
218.000000
302.000000
2205.000000
52.000000
456.000000
2427.000000
505.000000
997.000000
211.000000
804.000000
710.000000
1955.000000
164.000000
364.000000
139.000000
553.000000
571.000000
149.000000
504.000000
1108.000000
102.000000
219.000000
351.000000
183.000000
295.000000
59.000000
469.000000
584.000000
2940.000000
125.000000
150.000000
11.000000
1944.000000
95.000000
142.000000
356.000000
497.000000
147.000000
1165.000000
382.000000
392.000000
370.000000
1198.000000
435.000000
488.000000
418.000000
231.000000
1007.000000
911.000000
177.000000
574.000000
106.000000
985.000000
560.000000
465.000000
107.000000
286.000000
77.000000
190.000000
376.000000
91.000000
423.000000
129.000000
100.000000
418.000000
181.000000
433.000000
946.000000
2241.000000
111.000000
88.000000
147.000000
74.000000
100.000000
1294.000000
541.000000
193.000000
244.000000
995.000000
887.000000
275.000000
540.000000
189.000000
176.000000
508.000000
593.000000
904.000000
872.000000
594.000000
199.000000
206.000000
155.000000
455.000000
733.000000
633.000000
255.000000
1005.000000
1149.000000
918.000000
197.000000
1511.000000
184.000000
179.000000
492.000000
77.000000
1246.000000
168.000000
2032.000000
450.000000
86.000000
76.000000
701.000000
1339.000000
2351.000000
364.000000
345.000000
1829.000000
365.000000
489.000000
604.000000
264.000000
553.000000
1547.000000
1043.000000
130.000000
1693.000000
1002.000000
33.000000
318.000000
91.000000
330.000000
2015.000000
259.000000
553.000000
495.000000
1621.000000
553.000000
1489.000000
132.000000
246.000000
433.000000
192.000000
1076.000000
