1778.000000
76.000000
286.000000
223.000000
568.000000
194.000000
95.000000
110.000000
505.000000
110.000000
1260.000000
1882.000000
90.000000
75.000000
172.000000
1309.000000
1360.000000
987.000000
675.000000
138.000000
87.000000
1256.000000
1087.000000
541.000000
330.000000
64.000000
207.000000
179.000000
196.000000
186.000000
202.000000
1827.000000
1154.000000
72.000000
1386.000000
145.000000
1959.000000
108.000000
66.000000
2500.000000
779.000000
1028.000000
1172.000000
622.000000
1085.000000
1048.000000
1484.000000
309.000000
154.000000
712.000000
88.000000
107.000000
993.000000
296.000000
413.000000
738.000000
92.000000
397.000000
302.000000
563.000000
528.000000
164.000000
318.000000
126.000000
142.000000
521.000000
485.000000
332.000000
396.000000
540.000000
81.000000
783.000000
45.000000
83.000000
638.000000
2111.000000
442.000000
202.000000
459.000000
720.000000
632.000000
1884.000000
154.000000
200.000000
609.000000
1266.000000
382.000000
371.000000
138.000000
1374.000000
325.000000
457.000000
145.000000
159.000000
97.000000
614.000000
1225.000000
174.000000
95.000000
483.000000
701.000000
1247.000000
213.000000
485.000000
596.000000
599.000000
1159.000000
1048.000000
107.000000
461.000000
1447.000000
289.000000
174.000000
955.000000
751.000000
879.000000
136.000000
296.000000
153.000000
479.000000
28.000000
1322.000000
195.000000
382.000000
579.000000
775.000000
227.000000
9048.000000
205.000000
138.000000
1659.000000
498.000000
753.000000
399.000000
418.000000
480.000000
209.000000
2125.000000
2201.000000
1428.000000
433.000000
164.000000
629.000000
415.000000
159.000000
453.000000
313.000000
455.000000
159.000000
167.000000
780.000000
264.000000
985.000000
262.000000
120.000000
248.000000
80.000000
1821.000000
254.000000
307.000000
256.000000
1704.000000
259.000000
947.000000
1019.000000
163.000000
3208.000000
139.000000
1712.000000
95.000000
1215.000000
882.000000
255.000000
481.000000
1135.000000
189.000000
447.000000
385.000000
378.000000
189.000000
214.000000
387.000000
1278.000000
2659.000000
846.000000
71.000000
153.000000
92.000000
326.000000
97.000000
1140.000000
466.000000
1582.000000
3145.000000
416.000000
359.000000
888.000000
162.000000
254.000000
1382.000000
408.000000
314.000000
1161.000000
1050.000000
259.000000
1296.000000
1632.000000
74.000000
174.000000
1265.000000
93.000000
837.000000
714.000000
387.000000
252.000000
1032.000000
372.000000
687.000000
814.000000
766.000000
550.000000
485.000000
1279.000000
393.000000
625.000000
113.000000
298.000000
333.000000
300.000000
1984.000000
116.000000
160.000000
777.000000
2085.000000
134.000000
232.000000
438.000000
487.000000
960.000000
205.000000
44.000000
674.000000
115.000000
87.000000
203.000000
102.000000
239.000000
1642.000000
185.000000
312.000000
301.000000
864.000000
840.000000
1581.000000
634.000000
692.000000
571.000000
357.000000
175.000000
2166.000000
291.000000
285.000000
325.000000
1203.000000
379.000000
481.000000
600.000000
738.000000
219.000000
126.000000
1322.000000
2598.000000
1620.000000
1353.000000
1919.000000
63.000000
192.000000
321.000000
570.000000
311.000000
446.000000
355.000000
695.000000
710.000000
328.000000
663.000000
96.000000
862.000000
387.000000
1568.000000
1327.000000
1535.000000
4071.000000
307.000000
120.000000
243.000000
159.000000
489.000000
142.000000
778.000000
116.000000
465.000000
736.000000
203.000000
221.000000
3561.000000
1148.000000
1186.000000
563.000000
1361.000000
45.000000
378.000000
354.000000
346.000000
351.000000
836.000000
331.000000
173.000000
1294.000000
409.000000
221.000000
465.000000
228.000000
1083.000000
287.000000
185.000000
1776.000000
762.000000
1820.000000
945.000000
60.000000
359.000000
125.000000
1100.000000
1465.000000
1162.000000
187.000000
216.000000
218.000000
754.000000
1899.000000
451.000000
890.000000
659.000000
51.000000
217.000000
504.000000
1790.000000
420.000000
339.000000
1394.000000
398.000000
705.000000
679.000000
295.000000
361.000000
1372.000000
694.000000
45.000000
253.000000
129.000000
471.000000
950.000000
447.000000
77.000000
300.000000
434.000000
700.000000
978.000000
5015.000000
267.000000
857.000000
1784.000000
2218.000000
296.000000
588.000000
1570.000000
460.000000
1443.000000
79.000000
300.000000
2036.000000
535.000000
561.000000
160.000000
394.000000
3189.000000
408.000000
527.000000
182.000000
963.000000
158.000000
98.000000
2569.000000
235.000000
3179.000000
334.000000
366.000000
249.000000
1178.000000
322.000000
455.000000
930.000000
941.000000
216.000000
211.000000
1614.000000
1268.000000
1447.000000
546.000000
278.000000
808.000000
1425.000000
99.000000
1358.000000
99.000000
526.000000
900.000000
925.000000
7398.000000
829.000000
734.000000
510.000000
960.000000
71.000000
240.000000
205.000000
658.000000
255.000000
1117.000000
132.000000
528.000000
259.000000
1106.000000
281.000000
1184.000000
130.000000
192.000000
205.000000
591.000000
107.000000
97.000000
196.000000
1034.000000
330.000000
155.000000
59.000000
827.000000
296.000000
602.000000
235.000000
269.000000
1455.000000
4762.000000
291.000000
561.000000
1080.000000
877.000000
249.000000
491.000000
280.000000
494.000000
669.000000
433.000000
1580.000000
1498.000000
587.000000
228.000000
527.000000
737.000000
406.000000
3352.000000
394.000000
683.000000
397.000000
62.000000
403.000000
295.000000
87.000000
2015.000000
894.000000
783.000000
472.000000
709.000000
2107.000000
367.000000
1495.000000
131.000000
415.000000
125.000000
78.000000
2443.000000
659.000000
300.000000
197.000000
1383.000000
236.000000
103.000000
299.000000
129.000000
403.000000
1549.000000
9157.000000
657.000000
186.000000
51.000000
313.000000
206.000000
97.000000
47.000000
4895.000000
104.000000
255.000000
435.000000
183.000000
153.000000
510.000000
254.000000
329.000000
1043.000000
191.000000
250.000000
84.000000
461.000000
411.000000
1215.000000
179.000000
652.000000
841.000000
198.000000
822.000000
548.000000
357.000000
2207.000000
625.000000
660.000000
322.000000
738.000000
1605.000000
819.000000
861.000000
115.000000
79.000000
198.000000
30.000000
362.000000
332.000000
174.000000
485.000000
1038.000000
314.000000
370.000000
407.000000
278.000000
1277.000000
342.000000
477.000000
713.000000
1013.000000
1063.000000
1280.000000
334.000000
805.000000
358.000000
908.000000
101.000000
172.000000
574.000000
488.000000
221.000000
430.000000
127.000000
930.000000
349.000000
3770.000000
270.000000
208.000000
313.000000
488.000000
487.000000
768.000000
130.000000
856.000000
1917.000000
116.000000
660.000000
251.000000
693.000000
325.000000
1060.000000
311.000000
340.000000
762.000000
183.000000
603.000000
418.000000
204.000000
138.000000
1123.000000
163.000000
2373.000000
421.000000
334.000000
588.000000
129.000000
1988.000000
1984.000000
330.000000
184.000000
319.000000
553.000000
328.000000
160.000000
145.000000
187.000000
136.000000
106.000000
1177.000000
2406.000000
589.000000
277.000000
198.000000
725.000000
1091.000000
87.000000
395.000000
3936.000000
343.000000
507.000000
224.000000
599.000000
252.000000
348.000000
345.000000
4405.000000
409.000000
74.000000
538.000000
596.000000
755.000000
266.000000
8130.000000
374.000000
172.000000
961.000000
32.000000
665.000000
415.000000
4455.000000
1264.000000
118.000000
395.000000
91.000000
1029.000000
728.000000
610.000000
81.000000
153.000000
219.000000
118.000000
112.000000
681.000000
344.000000
753.000000
360.000000
1386.000000
307.000000
84.000000
195.000000
396.000000
125.000000
1731.000000
57.000000
265.000000
696.000000
752.000000
147.000000
222.000000
110.000000
109.000000
40.000000
274.000000
2669.000000
736.000000
122.000000
209.000000
167.000000
319.000000
136.000000
321.000000
554.000000
331.000000
318.000000
407.000000
73.000000
199.000000
64.000000
1103.000000
5078.000000
920.000000
348.000000
508.000000
130.000000
574.000000
610.000000
885.000000
1116.000000
122.000000
154.000000
597.000000
1992.000000
317.000000
771.000000
424.000000
428.000000
102.000000
564.000000
199.000000
1165.000000
44.000000
387.000000
89.000000
298.000000
19.000000
1584.000000
1466.000000
163.000000
146.000000
286.000000
393.000000
116.000000
604.000000
377.000000
1206.000000
196.000000
725.000000
62.000000
169.000000
481.000000
2654.000000
670.000000
85.000000
1847.000000
1504.000000
342.000000
2226.000000
219.000000
728.000000
1008.000000
1164.000000
183.000000
1198.000000
1016.000000
132.000000
424.000000
1099.000000
372.000000
457.000000
368.000000
2336.000000
5110.000000
726.000000
57.000000
2936.000000
186.000000
543.000000
447.000000
302.000000
1257.000000
1012.000000
112.000000
1793.000000
891.000000
912.000000
3045.000000
633.000000
1118.000000
1853.000000
221.000000
241.000000
1650.000000
560.000000
2153.000000
318.000000
241.000000
114.000000
246.000000
891.000000
435.000000
813.000000
72.000000
93.000000
1326.000000
497.000000
93.000000
145.000000
646.000000
219.000000
1966.000000
366.000000
402.000000
423.000000
485.000000
1007.000000
80.000000
1052.000000
74.000000
149.000000
248.000000
156.000000
296.000000
974.000000
721.000000
75.000000
644.000000
47.000000
65.000000
505.000000
445.000000
193.000000
383.000000
80.000000
363.000000
723.000000
667.000000
641.000000
451.000000
941.000000
258.000000
149.000000
202.000000
183.000000
282.000000
242.000000
325.000000
55.000000
1149.000000
146.000000
164.000000
182.000000
1061.000000
19.000000
518.000000
683.000000
205.000000
469.000000
1587.000000
749.000000
580.000000
105.000000
1460.000000
195.000000
600.000000
291.000000
342.000000
102.000000
64.000000
39.000000
191.000000
407.000000
375.000000
863.000000
151.000000
212.000000
433.000000
2374.000000
825.000000
329.000000
161.000000
408.000000
285.000000
135.000000
1857.000000
76.000000
876.000000
62.000000
382.000000
170.000000
457.000000
491.000000
995.000000
245.000000
501.000000
445.000000
2062.000000
437.000000
458.000000
604.000000
545.000000
322.000000
226.000000
40.000000
113.000000
139.000000
139.000000
426.000000
47.000000
259.000000
484.000000
79.000000
209.000000
194.000000
3736.000000
242.000000
152.000000
257.000000
512.000000
1651.000000
542.000000
446.000000
333.000000
724.000000
2119.000000
712.000000
290.000000
218.000000
324.000000
1197.000000
808.000000
414.000000
374.000000
690.000000
515.000000
41.000000
334.000000
194.000000
730.000000
974.000000
720.000000
1356.000000
457.000000
348.000000
641.000000
323.000000
160.000000
815.000000
805.000000
207.000000
1571.000000
629.000000
399.000000
267.000000
258.000000
456.000000
529.000000
291.000000
2398.000000
148.000000
2892.000000
275.000000
1103.000000
249.000000
1225.000000
537.000000
1028.000000
4295.000000
490.000000
302.000000
129.000000
198.000000
357.000000
173.000000
1679.000000
414.000000
396.000000
294.000000
78.000000
460.000000
450.000000
207.000000
84.000000
50.000000
149.000000
190.000000
2027.000000
72.000000
86.000000
3009.000000
401.000000
128.000000
90.000000
255.000000
217.000000
1929.000000
313.000000
193.000000
115.000000
176.000000
83.000000
1252.000000
148.000000
561.000000
156.000000
2141.000000
278.000000
314.000000
103.000000
405.000000
330.000000
642.000000
