101.000000
299.000000
154.000000
599.000000
599.000000
256.000000
589.000000
81.000000
1200.000000
524.000000
395.000000
866.000000
240.000000
183.000000
69.000000
612.000000
742.000000
1345.000000
564.000000
805.000000
252.000000
60.000000
573.000000
476.000000
1105.000000
458.000000
446.000000
502.000000
133.000000
578.000000
1284.000000
841.000000
351.000000
5477.000000
223.000000
422.000000
222.000000
414.000000
484.000000
344.000000
894.000000
156.000000
220.000000
227.000000
266.000000
2776.000000
1346.000000
115.000000
824.000000
1137.000000
366.000000
92.000000
153.000000
211.000000
341.000000
107.000000
362.000000
84.000000
718.000000
1378.000000
50.000000
186.000000
852.000000
309.000000
503.000000
1517.000000
240.000000
752.000000
184.000000
1851.000000
495.000000
115.000000
2034.000000
86.000000
408.000000
139.000000
1687.000000
626.000000
962.000000
1014.000000
656.000000
5154.000000
137.000000
460.000000
33.000000
110.000000
2028.000000
112.000000
445.000000
146.000000
1231.000000
74.000000
1038.000000
317.000000
415.000000
1945.000000
430.000000
2470.000000
407.000000
743.000000
301.000000
1817.000000
270.000000
679.000000
304.000000
313.000000
4839.000000
104.000000
312.000000
310.000000
714.000000
13.000000
415.000000
733.000000
28.000000
124.000000
79.000000
91.000000
676.000000
309.000000
63.000000
442.000000
75.000000
538.000000
128.000000
468.000000
1110.000000
305.000000
319.000000
336.000000
315.000000
278.000000
753.000000
153.000000
346.000000
364.000000
695.000000
223.000000
209.000000
1808.000000
213.000000
966.000000
1027.000000
951.000000
414.000000
353.000000
728.000000
67.000000
657.000000
107.000000
135.000000
1301.000000
73.000000
777.000000
596.000000
116.000000
313.000000
270.000000
77.000000
420.000000
154.000000
600.000000
700.000000
382.000000
156.000000
1105.000000
120.000000
2285.000000
180.000000
513.000000
651.000000
623.000000
43.000000
1284.000000
152.000000
394.000000
701.000000
245.000000
994.000000
416.000000
190.000000
239.000000
494.000000
233.000000
284.000000
297.000000
121.000000
252.000000
777.000000
737.000000
1896.000000
589.000000
480.000000
418.000000
771.000000
1240.000000
361.000000
377.000000
376.000000
219.000000
67.000000
321.000000
231.000000
325.000000
73.000000
479.000000
2840.000000
184.000000
635.000000
794.000000
224.000000
283.000000
181.000000
1269.000000
278.000000
319.000000
74.000000
152.000000
135.000000
143.000000
245.000000
628.000000
176.000000
307.000000
696.000000
897.000000
287.000000
1379.000000
740.000000
915.000000
197.000000
237.000000
779.000000
321.000000
1008.000000
387.000000
102.000000
945.000000
831.000000
1294.000000
152.000000
1158.000000
956.000000
911.000000
99.000000
585.000000
513.000000
339.000000
584.000000
99.000000
1442.000000
2160.000000
336.000000
294.000000
192.000000
3341.000000
3200.000000
43.000000
166.000000
1048.000000
779.000000
303.000000
255.000000
3937.000000
1311.000000
175.000000
460.000000
335.000000
120.000000
268.000000
420.000000
477.000000
658.000000
261.000000
347.000000
891.000000
291.000000
72.000000
346.000000
133.000000
1343.000000
144.000000
1894.000000
253.000000
616.000000
200.000000
1255.000000
2857.000000
97.000000
477.000000
462.000000
318.000000
2493.000000
462.000000
435.000000
1060.000000
1565.000000
292.000000
3124.000000
1684.000000
304.000000
795.000000
288.000000
636.000000
168.000000
274.000000
731.000000
161.000000
233.000000
560.000000
484.000000
161.000000
422.000000
463.000000
337.000000
723.000000
105.000000
564.000000
1570.000000
130.000000
367.000000
915.000000
1232.000000
658.000000
878.000000
863.000000
1869.000000
779.000000
57.000000
1446.000000
381.000000
290.000000
467.000000
66.000000
2702.000000
1105.000000
409.000000
1117.000000
283.000000
744.000000
907.000000
1182.000000
1447.000000
1020.000000
4240.000000
146.000000
63.000000
1219.000000
168.000000
384.000000
58.000000
1446.000000
694.000000
102.000000
815.000000
21.000000
397.000000
641.000000
68.000000
299.000000
453.000000
10730.000000
361.000000
2649.000000
1866.000000
1114.000000
323.000000
1397.000000
371.000000
69.000000
380.000000
2429.000000
318.000000
450.000000
191.000000
314.000000
1452.000000
929.000000
469.000000
1440.000000
360.000000
507.000000
288.000000
165.000000
1522.000000
1452.000000
192.000000
582.000000
174.000000
134.000000
1311.000000
183.000000
74.000000
581.000000
67.000000
757.000000
411.000000
820.000000
927.000000
461.000000
1058.000000
343.000000
1534.000000
2123.000000
129.000000
807.000000
786.000000
315.000000
848.000000
285.000000
1230.000000
56.000000
899.000000
1301.000000
189.000000
799.000000
902.000000
43.000000
902.000000
288.000000
269.000000
883.000000
160.000000
62.000000
172.000000
278.000000
592.000000
159.000000
565.000000
600.000000
222.000000
300.000000
560.000000
362.000000
128.000000
258.000000
386.000000
477.000000
183.000000
668.000000
805.000000
689.000000
1108.000000
680.000000
1458.000000
2015.000000
212.000000
95.000000
417.000000
940.000000
317.000000
55.000000
663.000000
589.000000
454.000000
2595.000000
765.000000
408.000000
734.000000
336.000000
855.000000
156.000000
531.000000
191.000000
1138.000000
712.000000
276.000000
1995.000000
261.000000
138.000000
80.000000
290.000000
295.000000
550.000000
487.000000
120.000000
267.000000
104.000000
212.000000
411.000000
169.000000
590.000000
166.000000
60.000000
608.000000
259.000000
543.000000
1029.000000
831.000000
359.000000
942.000000
681.000000
77.000000
76.000000
1180.000000
404.000000
410.000000
178.000000
645.000000
420.000000
524.000000
571.000000
1174.000000
1964.000000
48.000000
182.000000
703.000000
230.000000
459.000000
761.000000
135.000000
163.000000
141.000000
686.000000
246.000000
667.000000
324.000000
834.000000
455.000000
127.000000
639.000000
1480.000000
1345.000000
80.000000
380.000000
387.000000
725.000000
433.000000
190.000000
417.000000
188.000000
95.000000
119.000000
226.000000
916.000000
150.000000
556.000000
185.000000
171.000000
422.000000
125.000000
183.000000
156.000000
110.000000
1462.000000
273.000000
488.000000
2802.000000
447.000000
314.000000
1790.000000
80.000000
44.000000
642.000000
254.000000
195.000000
277.000000
260.000000
519.000000
530.000000
1493.000000
110.000000
202.000000
3271.000000
377.000000
179.000000
118.000000
40.000000
3907.000000
103.000000
364.000000
3499.000000
269.000000
1417.000000
152.000000
270.000000
369.000000
363.000000
1191.000000
501.000000
108.000000
1135.000000
616.000000
175.000000
910.000000
4779.000000
230.000000
651.000000
169.000000
835.000000
141.000000
208.000000
624.000000
135.000000
2888.000000
542.000000
152.000000
103.000000
637.000000
542.000000
794.000000
111.000000
1343.000000
71.000000
92.000000
90.000000
381.000000
2946.000000
153.000000
165.000000
1457.000000
224.000000
347.000000
226.000000
237.000000
143.000000
362.000000
566.000000
436.000000
487.000000
215.000000
165.000000
274.000000
316.000000
175.000000
188.000000
228.000000
1521.000000
881.000000
896.000000
785.000000
546.000000
72.000000
1284.000000
295.000000
107.000000
438.000000
248.000000
238.000000
611.000000
658.000000
872.000000
486.000000
1963.000000
97.000000
338.000000
1595.000000
1040.000000
724.000000
275.000000
453.000000
504.000000
980.000000
1161.000000
237.000000
315.000000
117.000000
227.000000
637.000000
775.000000
378.000000
361.000000
1837.000000
330.000000
204.000000
1126.000000
240.000000
351.000000
193.000000
608.000000
610.000000
527.000000
404.000000
213.000000
553.000000
192.000000
174.000000
229.000000
297.000000
269.000000
298.000000
43.000000
969.000000
502.000000
528.000000
564.000000
2533.000000
1269.000000
319.000000
328.000000
613.000000
1849.000000
202.000000
524.000000
139.000000
877.000000
64.000000
813.000000
445.000000
1324.000000
272.000000
105.000000
129.000000
3215.000000
169.000000
158.000000
232.000000
1457.000000
713.000000
175.000000
102.000000
648.000000
104.000000
50.000000
407.000000
915.000000
241.000000
331.000000
243.000000
1127.000000
425.000000
775.000000
523.000000
142.000000
890.000000
465.000000
135.000000
244.000000
200.000000
53.000000
320.000000
325.000000
2476.000000
663.000000
70.000000
474.000000
848.000000
172.000000
2816.000000
161.000000
162.000000
1789.000000
474.000000
163.000000
504.000000
149.000000
313.000000
620.000000
792.000000
397.000000
2325.000000
476.000000
451.000000
350.000000
3029.000000
100.000000
265.000000
614.000000
134.000000
407.000000
81.000000
463.000000
13.000000
378.000000
523.000000
324.000000
208.000000
507.000000
1147.000000
301.000000
75.000000
153.000000
204.000000
176.000000
118.000000
1100.000000
654.000000
702.000000
2305.000000
82.000000
4562.000000
61.000000
2242.000000
316.000000
265.000000
276.000000
1072.000000
453.000000
326.000000
137.000000
762.000000
1001.000000
336.000000
163.000000
178.000000
328.000000
251.000000
361.000000
62.000000
41.000000
1985.000000
889.000000
639.000000
2051.000000
1110.000000
1425.000000
327.000000
328.000000
424.000000
1113.000000
2418.000000
697.000000
57.000000
1179.000000
11224.000000
68.000000
268.000000
1272.000000
861.000000
157.000000
109.000000
97.000000
507.000000
2288.000000
102.000000
418.000000
539.000000
1423.000000
1583.000000
528.000000
172.000000
726.000000
371.000000
180.000000
487.000000
258.000000
2585.000000
284.000000
1219.000000
8865.000000
23.000000
338.000000
583.000000
171.000000
574.000000
632.000000
168.000000
584.000000
245.000000
1333.000000
1241.000000
536.000000
552.000000
70.000000
1280.000000
1791.000000
919.000000
280.000000
636.000000
106.000000
240.000000
175.000000
403.000000
95.000000
121.000000
487.000000
1376.000000
438.000000
225.000000
559.000000
55.000000
2830.000000
1254.000000
563.000000
299.000000
1357.000000
552.000000
201.000000
322.000000
938.000000
1661.000000
381.000000
1105.000000
1354.000000
267.000000
522.000000
230.000000
53.000000
346.000000
335.000000
148.000000
602.000000
44.000000
91.000000
136.000000
829.000000
279.000000
184.000000
2379.000000
536.000000
164.000000
645.000000
758.000000
390.000000
2680.000000
740.000000
609.000000
316.000000
76.000000
173.000000
831.000000
399.000000
463.000000
781.000000
1029.000000
768.000000
958.000000
747.000000
105.000000
32.000000
64.000000
62.000000
653.000000
798.000000
648.000000
155.000000
1149.000000
363.000000
626.000000
374.000000
972.000000
182.000000
5428.000000
607.000000
1369.000000
863.000000
268.000000
1229.000000
533.000000
1687.000000
328.000000
670.000000
114.000000
33.000000
940.000000
459.000000
1108.000000
188.000000
410.000000
112.000000
681.000000
2893.000000
758.000000
121.000000
382.000000
332.000000
1085.000000
525.000000
115.000000
228.000000
84.000000
429.000000
310.000000
1266.000000
913.000000
412.000000
454.000000
268.000000
196.000000
672.000000
249.000000
469.000000
1243.000000
1917.000000
274.000000
76.000000
691.000000
411.000000
787.000000
262.000000
520.000000
565.000000
309.000000
136.000000
569.000000
49.000000
300.000000
407.000000
422.000000
899.000000
1339.000000
593.000000
53.000000
631.000000
584.000000
418.000000
764.000000
491.000000
653.000000
647.000000
