257.000000
884.000000
540.000000
247.000000
153.000000
487.000000
88.000000
167.000000
449.000000
179.000000
517.000000
182.000000
356.000000
274.000000
84.000000
106.000000
182.000000
426.000000
343.000000
3040.000000
228.000000
502.000000
914.000000
80.000000
768.000000
315.000000
1058.000000
196.000000
538.000000
706.000000
116.000000
321.000000
701.000000
201.000000
1045.000000
754.000000
169.000000
235.000000
128.000000
329.000000
1714.000000
386.000000
99.000000
142.000000
356.000000
167.000000
607.000000
1857.000000
59.000000
214.000000
81.000000
1082.000000
173.000000
207.000000
333.000000
1735.000000
874.000000
121.000000
376.000000
266.000000
473.000000
231.000000
1978.000000
57.000000
201.000000
1636.000000
4608.000000
202.000000
258.000000
357.000000
437.000000
1906.000000
623.000000
304.000000
380.000000
203.000000
125.000000
497.000000
141.000000
128.000000
425.000000
308.000000
175.000000
214.000000
2015.000000
101.000000
515.000000
1540.000000
232.000000
580.000000
368.000000
447.000000
246.000000
209.000000
1078.000000
132.000000
427.000000
760.000000
1600.000000
764.000000
254.000000
667.000000
571.000000
320.000000
103.000000
474.000000
276.000000
203.000000
1214.000000
31.000000
1689.000000
583.000000
400.000000
89.000000
76.000000
598.000000
1071.000000
526.000000
1870.000000
785.000000
147.000000
252.000000
578.000000
472.000000
202.000000
193.000000
153.000000
148.000000
2012.000000
3246.000000
505.000000
118.000000
1132.000000
30.000000
496.000000
828.000000
240.000000
291.000000
300.000000
123.000000
500.000000
589.000000
33.000000
546.000000
707.000000
57.000000
413.000000
415.000000
252.000000
1131.000000
1127.000000
1909.000000
96.000000
434.000000
269.000000
115.000000
39.000000
144.000000
326.000000
615.000000
111.000000
620.000000
52.000000
37.000000
210.000000
1132.000000
197.000000
829.000000
1073.000000
282.000000
389.000000
475.000000
1354.000000
1072.000000
421.000000
790.000000
1955.000000
437.000000
519.000000
430.000000
3491.000000
2631.000000
328.000000
116.000000
73.000000
1068.000000
330.000000
452.000000
823.000000
681.000000
278.000000
578.000000
1007.000000
371.000000
365.000000
138.000000
576.000000
276.000000
9974.000000
74.000000
111.000000
128.000000
815.000000
349.000000
3425.000000
224.000000
408.000000
1170.000000
402.000000
269.000000
57.000000
435.000000
66.000000
911.000000
216.000000
196.000000
219.000000
371.000000
888.000000
639.000000
95.000000
259.000000
594.000000
354.000000
444.000000
1621.000000
3938.000000
621.000000
920.000000
826.000000
332.000000
122.000000
2002.000000
1010.000000
121.000000
118.000000
821.000000
147.000000
574.000000
832.000000
448.000000
568.000000
231.000000
189.000000
519.000000
560.000000
456.000000
85.000000
129.000000
557.000000
2519.000000
123.000000
1479.000000
360.000000
183.000000
233.000000
209.000000
237.000000
845.000000
1065.000000
2610.000000
1066.000000
102.000000
815.000000
178.000000
2184.000000
172.000000
156.000000
348.000000
298.000000
1768.000000
302.000000
516.000000
80.000000
628.000000
628.000000
1061.000000
795.000000
157.000000
446.000000
277.000000
119.000000
956.000000
933.000000
159.000000
457.000000
1856.000000
208.000000
1003.000000
152.000000
182.000000
808.000000
447.000000
292.000000
1081.000000
49.000000
160.000000
2247.000000
230.000000
319.000000
723.000000
1957.000000
2969.000000
186.000000
347.000000
191.000000
1512.000000
214.000000
462.000000
820.000000
494.000000
140.000000
1589.000000
148.000000
120.000000
821.000000
370.000000
159.000000
2228.000000
135.000000
4747.000000
212.000000
727.000000
371.000000
626.000000
528.000000
477.000000
300.000000
476.000000
4239.000000
468.000000
295.000000
212.000000
555.000000
818.000000
979.000000
347.000000
130.000000
285.000000
93.000000
228.000000
306.000000
257.000000
142.000000
157.000000
102.000000
231.000000
723.000000
186.000000
84.000000
9435.000000
51.000000
125.000000
698.000000
383.000000
190.000000
1230.000000
748.000000
242.000000
158.000000
534.000000
396.000000
564.000000
730.000000
571.000000
427.000000
267.000000
657.000000
99.000000
117.000000
212.000000
92.000000
1262.000000
434.000000
4567.000000
413.000000
829.000000
471.000000
512.000000
381.000000
798.000000
397.000000
105.000000
1576.000000
557.000000
1031.000000
431.000000
1637.000000
4543.000000
172.000000
22.000000
209.000000
58.000000
1043.000000
533.000000
343.000000
250.000000
423.000000
427.000000
547.000000
671.000000
348.000000
449.000000
435.000000
331.000000
398.000000
43.000000
1145.000000
652.000000
1250.000000
418.000000
379.000000
124.000000
448.000000
2322.000000
429.000000
417.000000
557.000000
806.000000
592.000000
379.000000
689.000000
194.000000
101.000000
226.000000
1577.000000
109.000000
3458.000000
654.000000
811.000000
173.000000
290.000000
1412.000000
1988.000000
463.000000
1133.000000
448.000000
609.000000
1287.000000
268.000000
625.000000
171.000000
496.000000
804.000000
1377.000000
78.000000
790.000000
452.000000
88.000000
418.000000
70.000000
46.000000
69.000000
607.000000
952.000000
1436.000000
244.000000
1524.000000
42.000000
2073.000000
231.000000
1444.000000
384.000000
608.000000
3066.000000
401.000000
123.000000
58.000000
269.000000
85.000000
1773.000000
743.000000
140.000000
184.000000
797.000000
1696.000000
944.000000
640.000000
985.000000
391.000000
168.000000
97.000000
1387.000000
1203.000000
285.000000
199.000000
250.000000
310.000000
975.000000
238.000000
738.000000
218.000000
1195.000000
839.000000
242.000000
321.000000
524.000000
243.000000
666.000000
398.000000
186.000000
1218.000000
732.000000
347.000000
738.000000
1473.000000
436.000000
758.000000
777.000000
574.000000
226.000000
515.000000
147.000000
260.000000
70.000000
449.000000
304.000000
482.000000
656.000000
360.000000
152.000000
282.000000
523.000000
121.000000
375.000000
359.000000
1669.000000
177.000000
920.000000
2320.000000
273.000000
80.000000
2701.000000
62.000000
3433.000000
131.000000
140.000000
2908.000000
555.000000
1108.000000
1464.000000
350.000000
192.000000
635.000000
465.000000
1034.000000
110.000000
256.000000
262.000000
897.000000
189.000000
151.000000
173.000000
278.000000
951.000000
314.000000
1059.000000
2769.000000
4667.000000
150.000000
139.000000
97.000000
113.000000
415.000000
840.000000
160.000000
673.000000
965.000000
250.000000
546.000000
142.000000
2195.000000
89.000000
276.000000
782.000000
1089.000000
521.000000
1419.000000
137.000000
1232.000000
331.000000
50.000000
807.000000
549.000000
173.000000
922.000000
347.000000
64.000000
159.000000
513.000000
3335.000000
168.000000
1348.000000
433.000000
134.000000
315.000000
181.000000
629.000000
947.000000
106.000000
55.000000
352.000000
260.000000
388.000000
337.000000
854.000000
1242.000000
427.000000
184.000000
85.000000
287.000000
121.000000
800.000000
622.000000
889.000000
71.000000
294.000000
485.000000
334.000000
1559.000000
40.000000
584.000000
333.000000
161.000000
921.000000
195.000000
227.000000
685.000000
343.000000
572.000000
116.000000
250.000000
75.000000
882.000000
170.000000
1239.000000
1193.000000
163.000000
482.000000
306.000000
472.000000
546.000000
125.000000
228.000000
366.000000
61.000000
1178.000000
484.000000
1318.000000
553.000000
561.000000
223.000000
104.000000
573.000000
1949.000000
177.000000
51.000000
112.000000
1548.000000
3504.000000
31.000000
605.000000
1088.000000
910.000000
3328.000000
298.000000
478.000000
819.000000
1744.000000
117.000000
664.000000
750.000000
185.000000
734.000000
430.000000
494.000000
832.000000
1589.000000
302.000000
245.000000
915.000000
401.000000
446.000000
1973.000000
368.000000
560.000000
915.000000
646.000000
225.000000
435.000000
2763.000000
411.000000
2781.000000
120.000000
398.000000
787.000000
115.000000
292.000000
555.000000
221.000000
346.000000
360.000000
201.000000
342.000000
225.000000
102.000000
232.000000
255.000000
217.000000
205.000000
206.000000
1101.000000
1530.000000
183.000000
855.000000
331.000000
315.000000
108.000000
1251.000000
1087.000000
82.000000
600.000000
570.000000
112.000000
426.000000
281.000000
370.000000
989.000000
619.000000
365.000000
756.000000
414.000000
218.000000
877.000000
291.000000
150.000000
801.000000
208.000000
888.000000
321.000000
126.000000
348.000000
330.000000
1164.000000
65.000000
593.000000
703.000000
114.000000
65.000000
526.000000
557.000000
18.000000
1748.000000
236.000000
73.000000
51.000000
416.000000
2342.000000
442.000000
350.000000
894.000000
1507.000000
1936.000000
377.000000
2348.000000
641.000000
307.000000
5917.000000
374.000000
1254.000000
405.000000
588.000000
350.000000
57.000000
264.000000
297.000000
666.000000
678.000000
425.000000
119.000000
2221.000000
576.000000
86.000000
567.000000
164.000000
87.000000
242.000000
792.000000
1762.000000
505.000000
67.000000
266.000000
668.000000
625.000000
43.000000
1180.000000
321.000000
944.000000
219.000000
482.000000
567.000000
1254.000000
298.000000
173.000000
395.000000
329.000000
194.000000
2881.000000
110.000000
313.000000
1862.000000
1325.000000
1901.000000
1187.000000
2178.000000
157.000000
272.000000
279.000000
1524.000000
350.000000
125.000000
614.000000
333.000000
94.000000
159.000000
536.000000
190.000000
2579.000000
526.000000
2631.000000
286.000000
356.000000
526.000000
2023.000000
520.000000
327.000000
160.000000
525.000000
326.000000
229.000000
590.000000
669.000000
48.000000
126.000000
887.000000
759.000000
215.000000
674.000000
344.000000
540.000000
426.000000
173.000000
224.000000
2373.000000
246.000000
400.000000
230.000000
204.000000
458.000000
286.000000
707.000000
64.000000
511.000000
283.000000
219.000000
379.000000
320.000000
58.000000
661.000000
69.000000
179.000000
707.000000
762.000000
2885.000000
418.000000
150.000000
468.000000
332.000000
1416.000000
264.000000
367.000000
83.000000
471.000000
630.000000
151.000000
1093.000000
643.000000
1481.000000
169.000000
61.000000
659.000000
609.000000
194.000000
229.000000
1003.000000
429.000000
32.000000
438.000000
121.000000
230.000000
388.000000
274.000000
205.000000
710.000000
305.000000
262.000000
268.000000
251.000000
463.000000
425.000000
327.000000
37.000000
1345.000000
260.000000
520.000000
668.000000
1561.000000
299.000000
294.000000
461.000000
929.000000
169.000000
1222.000000
531.000000
434.000000
1428.000000
178.000000
941.000000
710.000000
92.000000
217.000000
251.000000
133.000000
1517.000000
547.000000
1921.000000
91.000000
114.000000
557.000000
281.000000
697.000000
1191.000000
93.000000
117.000000
129.000000
2803.000000
1107.000000
641.000000
904.000000
1951.000000
216.000000
1158.000000
415.000000
163.000000
610.000000
417.000000
549.000000
779.000000
151.000000
1146.000000
1839.000000
634.000000
2544.000000
1152.000000
322.000000
2133.000000
216.000000
686.000000
483.000000
1845.000000
233.000000
117.000000
1858.000000
295.000000
1370.000000
172.000000
569.000000
454.000000
331.000000
370.000000
1519.000000
322.000000
318.000000
1198.000000
1291.000000
789.000000
377.000000
267.000000
294.000000
243.000000
237.000000
156.000000
94.000000
354.000000
242.000000
179.000000
716.000000
173.000000
1502.000000
1316.000000
