331.000000
207.000000
102.000000
631.000000
100.000000
398.000000
339.000000
341.000000
291.000000
347.000000
861.000000
1665.000000
1060.000000
217.000000
88.000000
273.000000
196.000000
695.000000
140.000000
317.000000
366.000000
584.000000
288.000000
984.000000
418.000000
216.000000
844.000000
1077.000000
105.000000
334.000000
691.000000
236.000000
200.000000
841.000000
477.000000
276.000000
268.000000
119.000000
885.000000
192.000000
546.000000
962.000000
434.000000
174.000000
1242.000000
464.000000
816.000000
44.000000
370.000000
509.000000
1204.000000
444.000000
713.000000
952.000000
595.000000
76.000000
638.000000
2167.000000
474.000000
378.000000
76.000000
1597.000000
210.000000
424.000000
1241.000000
197.000000
928.000000
368.000000
1335.000000
448.000000
217.000000
280.000000
1111.000000
771.000000
207.000000
242.000000
376.000000
1439.000000
213.000000
1118.000000
172.000000
49.000000
685.000000
340.000000
251.000000
197.000000
707.000000
1057.000000
401.000000
3448.000000
178.000000
317.000000
44.000000
284.000000
378.000000
3260.000000
1717.000000
2387.000000
305.000000
405.000000
672.000000
472.000000
715.000000
189.000000
326.000000
65.000000
643.000000
339.000000
1348.000000
158.000000
1529.000000
1016.000000
299.000000
236.000000
822.000000
329.000000
140.000000
373.000000
1082.000000
58.000000
59.000000
205.000000
1389.000000
201.000000
325.000000
325.000000
484.000000
3507.000000
1153.000000
484.000000
162.000000
218.000000
500.000000
78.000000
809.000000
57.000000
48.000000
82.000000
1002.000000
402.000000
224.000000
401.000000
85.000000
205.000000
146.000000
230.000000
1174.000000
663.000000
355.000000
614.000000
798.000000
149.000000
81.000000
70.000000
193.000000
120.000000
593.000000
245.000000
1218.000000
122.000000
360.000000
267.000000
214.000000
1164.000000
869.000000
381.000000
881.000000
1309.000000
645.000000
2998.000000
2910.000000
247.000000
183.000000
955.000000
172.000000
1411.000000
303.000000
544.000000
754.000000
825.000000
491.000000
201.000000
324.000000
720.000000
132.000000
1636.000000
57.000000
323.000000
4007.000000
106.000000
1111.000000
204.000000
1010.000000
58.000000
565.000000
684.000000
571.000000
192.000000
203.000000
356.000000
1687.000000
1339.000000
134.000000
959.000000
287.000000
969.000000
118.000000
1350.000000
1337.000000
228.000000
414.000000
1054.000000
541.000000
456.000000
801.000000
118.000000
364.000000
423.000000
144.000000
336.000000
256.000000
495.000000
43.000000
1151.000000
1304.000000
622.000000
797.000000
340.000000
426.000000
130.000000
161.000000
279.000000
2362.000000
2158.000000
385.000000
894.000000
399.000000
824.000000
3684.000000
2165.000000
357.000000
5458.000000
2253.000000
406.000000
2165.000000
1729.000000
739.000000
91.000000
212.000000
150.000000
875.000000
189.000000
105.000000
121.000000
189.000000
823.000000
274.000000
1256.000000
78.000000
1006.000000
1076.000000
119.000000
395.000000
210.000000
1631.000000
1161.000000
180.000000
332.000000
600.000000
66.000000
247.000000
80.000000
1053.000000
1133.000000
96.000000
363.000000
171.000000
372.000000
449.000000
57.000000
173.000000
413.000000
318.000000
132.000000
568.000000
50.000000
1258.000000
67.000000
443.000000
279.000000
429.000000
293.000000
266.000000
405.000000
224.000000
797.000000
106.000000
591.000000
222.000000
1214.000000
3608.000000
186.000000
46.000000
1892.000000
754.000000
197.000000
921.000000
375.000000
302.000000
472.000000
710.000000
186.000000
929.000000
42.000000
387.000000
108.000000
395.000000
481.000000
102.000000
286.000000
1648.000000
253.000000
109.000000
361.000000
737.000000
611.000000
115.000000
105.000000
544.000000
1576.000000
146.000000
328.000000
236.000000
190.000000
1537.000000
405.000000
374.000000
639.000000
272.000000
344.000000
603.000000
595.000000
742.000000
259.000000
609.000000
88.000000
555.000000
106.000000
992.000000
494.000000
2497.000000
182.000000
347.000000
1099.000000
461.000000
558.000000
328.000000
253.000000
708.000000
623.000000
95.000000
1553.000000
1311.000000
290.000000
470.000000
464.000000
84.000000
432.000000
3095.000000
111.000000
59.000000
1636.000000
345.000000
558.000000
599.000000
284.000000
610.000000
303.000000
76.000000
655.000000
115.000000
777.000000
1772.000000
822.000000
464.000000
1714.000000
1488.000000
753.000000
258.000000
262.000000
268.000000
841.000000
501.000000
221.000000
624.000000
82.000000
61.000000
609.000000
629.000000
154.000000
273.000000
760.000000
400.000000
122.000000
438.000000
85.000000
237.000000
198.000000
843.000000
203.000000
586.000000
128.000000
481.000000
227.000000
467.000000
157.000000
46.000000
689.000000
415.000000
3069.000000
422.000000
634.000000
298.000000
304.000000
204.000000
405.000000
23564.000000
1051.000000
1284.000000
636.000000
443.000000
47.000000
590.000000
422.000000
367.000000
1097.000000
127.000000
510.000000
938.000000
224.000000
966.000000
485.000000
106.000000
189.000000
689.000000
307.000000
1277.000000
478.000000
369.000000
184.000000
222.000000
900.000000
892.000000
125.000000
792.000000
786.000000
540.000000
448.000000
153.000000
888.000000
2538.000000
7468.000000
328.000000
188.000000
192.000000
706.000000
1159.000000
371.000000
482.000000
384.000000
841.000000
362.000000
1461.000000
1647.000000
126.000000
800.000000
203.000000
934.000000
1086.000000
156.000000
316.000000
154.000000
495.000000
721.000000
2378.000000
235.000000
843.000000
304.000000
253.000000
383.000000
279.000000
235.000000
626.000000
645.000000
96.000000
230.000000
259.000000
374.000000
711.000000
61.000000
3253.000000
285.000000
315.000000
570.000000
241.000000
185.000000
986.000000
4298.000000
478.000000
300.000000
845.000000
166.000000
351.000000
40.000000
259.000000
394.000000
547.000000
325.000000
619.000000
431.000000
106.000000
365.000000
1251.000000
438.000000
148.000000
254.000000
144.000000
1975.000000
3234.000000
874.000000
2567.000000
345.000000
206.000000
755.000000
59.000000
246.000000
743.000000
296.000000
1485.000000
1410.000000
87.000000
722.000000
295.000000
562.000000
97.000000
471.000000
389.000000
634.000000
694.000000
66.000000
1748.000000
219.000000
740.000000
86.000000
1204.000000
237.000000
871.000000
251.000000
1493.000000
274.000000
91.000000
128.000000
2342.000000
384.000000
95.000000
1237.000000
45.000000
93.000000
421.000000
452.000000
603.000000
649.000000
524.000000
311.000000
446.000000
60.000000
25.000000
468.000000
529.000000
124.000000
1749.000000
478.000000
546.000000
85.000000
522.000000
585.000000
564.000000
366.000000
966.000000
350.000000
39.000000
154.000000
625.000000
307.000000
1094.000000
700.000000
859.000000
1046.000000
797.000000
678.000000
451.000000
1263.000000
1386.000000
221.000000
427.000000
1279.000000
614.000000
472.000000
507.000000
313.000000
583.000000
635.000000
425.000000
471.000000
127.000000
924.000000
1683.000000
27.000000
593.000000
205.000000
588.000000
569.000000
362.000000
200.000000
596.000000
86.000000
598.000000
678.000000
378.000000
746.000000
178.000000
181.000000
1870.000000
83.000000
83.000000
91.000000
235.000000
9939.000000
355.000000
307.000000
360.000000
60.000000
450.000000
243.000000
1112.000000
1834.000000
526.000000
115.000000
481.000000
147.000000
270.000000
743.000000
689.000000
804.000000
348.000000
61.000000
782.000000
354.000000
573.000000
269.000000
601.000000
437.000000
459.000000
620.000000
64.000000
1796.000000
617.000000
699.000000
215.000000
1068.000000
322.000000
414.000000
25.000000
1118.000000
120.000000
757.000000
1960.000000
534.000000
813.000000
49.000000
358.000000
228.000000
230.000000
654.000000
45.000000
225.000000
660.000000
228.000000
744.000000
872.000000
830.000000
1436.000000
307.000000
1188.000000
385.000000
50.000000
2482.000000
525.000000
2520.000000
274.000000
562.000000
345.000000
1145.000000
591.000000
1799.000000
561.000000
584.000000
470.000000
496.000000
873.000000
1075.000000
1864.000000
361.000000
311.000000
371.000000
1062.000000
265.000000
84.000000
503.000000
668.000000
610.000000
103.000000
511.000000
82.000000
594.000000
538.000000
479.000000
87.000000
329.000000
394.000000
171.000000
171.000000
833.000000
453.000000
113.000000
107.000000
306.000000
3633.000000
536.000000
689.000000
255.000000
571.000000
204.000000
111.000000
169.000000
3894.000000
451.000000
2133.000000
557.000000
1272.000000
395.000000
1289.000000
462.000000
584.000000
48.000000
348.000000
531.000000
425.000000
907.000000
806.000000
323.000000
226.000000
1468.000000
1956.000000
484.000000
388.000000
40.000000
982.000000
78.000000
124.000000
197.000000
152.000000
135.000000
3400.000000
309.000000
131.000000
174.000000
1209.000000
80.000000
399.000000
194.000000
150.000000
533.000000
352.000000
375.000000
179.000000
261.000000
562.000000
3906.000000
337.000000
261.000000
452.000000
2857.000000
622.000000
190.000000
298.000000
62.000000
235.000000
146.000000
108.000000
157.000000
143.000000
225.000000
409.000000
346.000000
448.000000
293.000000
1265.000000
187.000000
1628.000000
258.000000
353.000000
1112.000000
159.000000
212.000000
64.000000
1276.000000
500.000000
2687.000000
194.000000
1545.000000
567.000000
1509.000000
2644.000000
247.000000
709.000000
783.000000
535.000000
104.000000
1344.000000
28.000000
112.000000
166.000000
1124.000000
357.000000
1107.000000
573.000000
771.000000
679.000000
265.000000
1012.000000
745.000000
1197.000000
740.000000
1117.000000
609.000000
167.000000
131.000000
319.000000
573.000000
2818.000000
540.000000
553.000000
3326.000000
362.000000
149.000000
192.000000
331.000000
126.000000
252.000000
374.000000
359.000000
413.000000
295.000000
1134.000000
35.000000
267.000000
412.000000
714.000000
193.000000
298.000000
247.000000
93.000000
664.000000
185.000000
139.000000
122.000000
6353.000000
47.000000
2625.000000
396.000000
1928.000000
1113.000000
799.000000
238.000000
203.000000
56.000000
720.000000
355.000000
639.000000
587.000000
400.000000
176.000000
434.000000
251.000000
521.000000
96.000000
169.000000
583.000000
64.000000
203.000000
2816.000000
152.000000
684.000000
381.000000
652.000000
253.000000
344.000000
136.000000
62.000000
475.000000
961.000000
85.000000
277.000000
192.000000
292.000000
95.000000
133.000000
674.000000
97.000000
233.000000
199.000000
621.000000
479.000000
704.000000
252.000000
173.000000
247.000000
955.000000
100.000000
144.000000
399.000000
256.000000
628.000000
694.000000
343.000000
229.000000
693.000000
68.000000
599.000000
215.000000
166.000000
377.000000
584.000000
101.000000
522.000000
314.000000
568.000000
697.000000
745.000000
420.000000
193.000000
906.000000
1165.000000
40.000000
41.000000
883.000000
895.000000
239.000000
354.000000
842.000000
101.000000
1385.000000
1684.000000
342.000000
622.000000
126.000000
293.000000
232.000000
78.000000
489.000000
1232.000000
225.000000
54.000000
344.000000
283.000000
502.000000
1788.000000
944.000000
103.000000
251.000000
149.000000
241.000000
369.000000
520.000000
2850.000000
668.000000
3602.000000
248.000000
211.000000
126.000000
259.000000
233.000000
356.000000
519.000000
610.000000
703.000000
105.000000
3044.000000
387.000000
