540.000000
609.000000
1063.000000
418.000000
145.000000
240.000000
216.000000
1138.000000
85.000000
1167.000000
167.000000
435.000000
244.000000
144.000000
1130.000000
463.000000
23.000000
882.000000
65.000000
219.000000
525.000000
123.000000
514.000000
2896.000000
493.000000
54.000000
291.000000
314.000000
793.000000
534.000000
1063.000000
707.000000
216.000000
592.000000
265.000000
517.000000
1241.000000
361.000000
509.000000
146.000000
380.000000
2129.000000
1130.000000
345.000000
1039.000000
158.000000
300.000000
610.000000
276.000000
386.000000
1328.000000
262.000000
163.000000
157.000000
435.000000
1998.000000
498.000000
327.000000
609.000000
85.000000
984.000000
332.000000
251.000000
81.000000
868.000000
376.000000
163.000000
114.000000
276.000000
882.000000
42.000000
2644.000000
530.000000
562.000000
1267.000000
124.000000
224.000000
2601.000000
891.000000
218.000000
416.000000
182.000000
502.000000
741.000000
102.000000
558.000000
101.000000
196.000000
159.000000
553.000000
437.000000
648.000000
932.000000
150.000000
343.000000
111.000000
309.000000
123.000000
258.000000
293.000000
124.000000
375.000000
922.000000
157.000000
72.000000
269.000000
396.000000
189.000000
233.000000
2100.000000
859.000000
207.000000
393.000000
886.000000
157.000000
53.000000
932.000000
133.000000
1228.000000
246.000000
428.000000
163.000000
1409.000000
381.000000
383.000000
138.000000
617.000000
2018.000000
278.000000
804.000000
2975.000000
672.000000
78.000000
606.000000
7.000000
803.000000
824.000000
452.000000
392.000000
612.000000
3285.000000
209.000000
1058.000000
233.000000
682.000000
201.000000
201.000000
504.000000
596.000000
154.000000
1818.000000
597.000000
227.000000
464.000000
469.000000
1151.000000
1017.000000
283.000000
32.000000
1118.000000
127.000000
644.000000
102.000000
79.000000
352.000000
183.000000
162.000000
1717.000000
280.000000
229.000000
484.000000
377.000000
56.000000
915.000000
597.000000
1815.000000
128.000000
364.000000
203.000000
251.000000
164.000000
368.000000
293.000000
1232.000000
660.000000
1045.000000
841.000000
117.000000
118.000000
555.000000
457.000000
609.000000
54.000000
1108.000000
21.000000
205.000000
1080.000000
1023.000000
1426.000000
154.000000
453.000000
253.000000
508.000000
102.000000
760.000000
78.000000
1576.000000
701.000000
527.000000
287.000000
1004.000000
279.000000
494.000000
281.000000
512.000000
180.000000
326.000000
869.000000
61.000000
90.000000
3465.000000
889.000000
1009.000000
595.000000
145.000000
299.000000
200.000000
84.000000
68.000000
1644.000000
144.000000
229.000000
482.000000
218.000000
405.000000
258.000000
256.000000
873.000000
3336.000000
631.000000
483.000000
114.000000
180.000000
57.000000
414.000000
472.000000
196.000000
159.000000
348.000000
570.000000
173.000000
540.000000
526.000000
727.000000
181.000000
1360.000000
376.000000
1035.000000
182.000000
455.000000
2873.000000
133.000000
578.000000
203.000000
139.000000
447.000000
252.000000
1720.000000
142.000000
476.000000
191.000000
395.000000
513.000000
1569.000000
2299.000000
745.000000
412.000000
425.000000
183.000000
495.000000
607.000000
244.000000
209.000000
197.000000
139.000000
2377.000000
57.000000
395.000000
118.000000
351.000000
767.000000
1330.000000
104.000000
239.000000
380.000000
3183.000000
377.000000
2476.000000
72.000000
703.000000
703.000000
1639.000000
659.000000
385.000000
3195.000000
85.000000
309.000000
358.000000
233.000000
547.000000
344.000000
292.000000
308.000000
175.000000
2476.000000
25.000000
803.000000
328.000000
503.000000
1340.000000
333.000000
93.000000
405.000000
266.000000
3853.000000
714.000000
1021.000000
1720.000000
239.000000
164.000000
1088.000000
431.000000
221.000000
207.000000
323.000000
143.000000
779.000000
435.000000
353.000000
181.000000
536.000000
434.000000
1681.000000
1024.000000
482.000000
471.000000
1191.000000
206.000000
422.000000
1119.000000
359.000000
1366.000000
105.000000
161.000000
63.000000
44.000000
1316.000000
163.000000
422.000000
98.000000
1136.000000
472.000000
225.000000
347.000000
226.000000
1550.000000
2503.000000
248.000000
691.000000
2723.000000
728.000000
382.000000
604.000000
1945.000000
366.000000
154.000000
746.000000
105.000000
592.000000
193.000000
850.000000
353.000000
485.000000
1078.000000
980.000000
371.000000
159.000000
189.000000
668.000000
494.000000
277.000000
524.000000
889.000000
683.000000
401.000000
1077.000000
2997.000000
1149.000000
302.000000
1110.000000
474.000000
298.000000
82.000000
4606.000000
111.000000
412.000000
611.000000
80.000000
24.000000
3715.000000
381.000000
357.000000
905.000000
726.000000
54.000000
2685.000000
703.000000
197.000000
1227.000000
47.000000
746.000000
208.000000
1561.000000
234.000000
335.000000
306.000000
463.000000
377.000000
498.000000
750.000000
266.000000
242.000000
1393.000000
620.000000
1431.000000
173.000000
268.000000
1398.000000
1360.000000
419.000000
605.000000
300.000000
121.000000
333.000000
135.000000
144.000000
1555.000000
1247.000000
500.000000
658.000000
890.000000
2574.000000
6918.000000
273.000000
382.000000
948.000000
127.000000
101.000000
847.000000
207.000000
474.000000
2481.000000
203.000000
569.000000
2233.000000
735.000000
636.000000
302.000000
1248.000000
172.000000
261.000000
672.000000
455.000000
246.000000
446.000000
497.000000
3078.000000
838.000000
788.000000
525.000000
2205.000000
1087.000000
236.000000
123.000000
1104.000000
265.000000
1379.000000
410.000000
299.000000
846.000000
186.000000
444.000000
847.000000
110.000000
587.000000
752.000000
826.000000
186.000000
1406.000000
421.000000
1088.000000
742.000000
446.000000
1890.000000
140.000000
133.000000
77.000000
59.000000
369.000000
2656.000000
567.000000
361.000000
3775.000000
245.000000
507.000000
407.000000
942.000000
686.000000
549.000000
966.000000
122.000000
53.000000
157.000000
261.000000
1377.000000
170.000000
47.000000
301.000000
150.000000
2055.000000
108.000000
234.000000
1099.000000
408.000000
57.000000
1145.000000
126.000000
903.000000
1015.000000
886.000000
122.000000
271.000000
171.000000
141.000000
475.000000
2839.000000
1114.000000
154.000000
1635.000000
262.000000
17.000000
1378.000000
668.000000
224.000000
395.000000
901.000000
834.000000
331.000000
198.000000
531.000000
261.000000
144.000000
330.000000
194.000000
683.000000
336.000000
264.000000
127.000000
266.000000
1115.000000
230.000000
706.000000
412.000000
772.000000
1019.000000
1583.000000
197.000000
2015.000000
197.000000
626.000000
344.000000
634.000000
144.000000
1225.000000
81.000000
274.000000
262.000000
889.000000
225.000000
178.000000
601.000000
269.000000
2578.000000
1479.000000
1722.000000
918.000000
128.000000
126.000000
198.000000
931.000000
708.000000
65.000000
381.000000
658.000000
462.000000
228.000000
36.000000
451.000000
128.000000
144.000000
2298.000000
187.000000
212.000000
115.000000
142.000000
355.000000
76.000000
83.000000
627.000000
399.000000
225.000000
339.000000
2046.000000
1116.000000
110.000000
721.000000
120.000000
1198.000000
1139.000000
507.000000
448.000000
95.000000
2896.000000
233.000000
893.000000
812.000000
208.000000
751.000000
187.000000
325.000000
110.000000
426.000000
365.000000
305.000000
267.000000
222.000000
425.000000
961.000000
1874.000000
338.000000
423.000000
366.000000
247.000000
786.000000
100.000000
2679.000000
531.000000
271.000000
84.000000
936.000000
908.000000
368.000000
876.000000
505.000000
1362.000000
202.000000
289.000000
161.000000
132.000000
690.000000
286.000000
782.000000
260.000000
87.000000
203.000000
710.000000
301.000000
524.000000
333.000000
946.000000
936.000000
59.000000
514.000000
1308.000000
193.000000
303.000000
398.000000
358.000000
1707.000000
2529.000000
397.000000
299.000000
121.000000
32.000000
90.000000
248.000000
951.000000
614.000000
1533.000000
970.000000
225.000000
70.000000
344.000000
498.000000
1924.000000
346.000000
245.000000
637.000000
352.000000
584.000000
284.000000
519.000000
455.000000
202.000000
167.000000
3004.000000
208.000000
213.000000
309.000000
376.000000
1874.000000
180.000000
129.000000
87.000000
368.000000
954.000000
171.000000
1159.000000
120.000000
817.000000
444.000000
510.000000
102.000000
944.000000
303.000000
621.000000
430.000000
247.000000
1448.000000
2115.000000
847.000000
105.000000
234.000000
131.000000
131.000000
165.000000
134.000000
752.000000
128.000000
728.000000
1245.000000
784.000000
625.000000
132.000000
574.000000
244.000000
160.000000
87.000000
560.000000
549.000000
110.000000
139.000000
806.000000
547.000000
2962.000000
847.000000
245.000000
435.000000
259.000000
63.000000
4456.000000
751.000000
997.000000
756.000000
170.000000
465.000000
540.000000
1502.000000
312.000000
4835.000000
1735.000000
325.000000
302.000000
513.000000
1072.000000
490.000000
56.000000
321.000000
709.000000
2382.000000
491.000000
1519.000000
456.000000
1032.000000
502.000000
454.000000
753.000000
460.000000
111.000000
996.000000
294.000000
212.000000
1388.000000
1819.000000
369.000000
4838.000000
91.000000
441.000000
315.000000
506.000000
213.000000
861.000000
575.000000
3252.000000
1056.000000
293.000000
406.000000
195.000000
1040.000000
98.000000
155.000000
3302.000000
77.000000
188.000000
239.000000
61.000000
3076.000000
199.000000
297.000000
153.000000
169.000000
977.000000
212.000000
126.000000
360.000000
510.000000
122.000000
1045.000000
309.000000
199.000000
74.000000
348.000000
1638.000000
186.000000
936.000000
213.000000
236.000000
1315.000000
601.000000
113.000000
2011.000000
171.000000
130.000000
582.000000
162.000000
329.000000
194.000000
478.000000
131.000000
493.000000
313.000000
54.000000
3069.000000
247.000000
459.000000
652.000000
658.000000
503.000000
3341.000000
156.000000
263.000000
223.000000
1281.000000
292.000000
381.000000
442.000000
737.000000
265.000000
337.000000
1240.000000
531.000000
266.000000
192.000000
366.000000
1579.000000
374.000000
155.000000
3262.000000
53.000000
338.000000
212.000000
358.000000
14.000000
189.000000
609.000000
232.000000
148.000000
676.000000
1270.000000
5233.000000
898.000000
1852.000000
319.000000
180.000000
163.000000
197.000000
42.000000
1282.000000
690.000000
847.000000
82.000000
458.000000
89.000000
200.000000
241.000000
80.000000
94.000000
110.000000
765.000000
254.000000
1316.000000
389.000000
170.000000
1578.000000
186.000000
903.000000
301.000000
157.000000
504.000000
1549.000000
670.000000
208.000000
177.000000
570.000000
144.000000
209.000000
668.000000
295.000000
40.000000
621.000000
307.000000
530.000000
438.000000
65.000000
169.000000
276.000000
185.000000
41.000000
429.000000
2498.000000
852.000000
365.000000
1378.000000
1012.000000
340.000000
1717.000000
146.000000
173.000000
564.000000
192.000000
168.000000
561.000000
411.000000
352.000000
40.000000
120.000000
314.000000
200.000000
2002.000000
141.000000
3550.000000
406.000000
684.000000
674.000000
51.000000
1009.000000
313.000000
563.000000
429.000000
172.000000
333.000000
362.000000
1405.000000
131.000000
444.000000
124.000000
433.000000
45.000000
1876.000000
1499.000000
1489.000000
222.000000
652.000000
28.000000
543.000000
416.000000
76.000000
2074.000000
470.000000
90.000000
