118.000000
258.000000
866.000000
521.000000
6138.000000
307.000000
1258.000000
190.000000
1071.000000
1910.000000
189.000000
716.000000
239.000000
206.000000
106.000000
468.000000
299.000000
338.000000
1006.000000
114.000000
1293.000000
129.000000
75.000000
109.000000
1825.000000
451.000000
485.000000
188.000000
182.000000
753.000000
515.000000
328.000000
230.000000
1606.000000
178.000000
1069.000000
828.000000
714.000000
1150.000000
436.000000
150.000000
303.000000
431.000000
181.000000
1069.000000
163.000000
58.000000
248.000000
293.000000
1104.000000
207.000000
540.000000
245.000000
216.000000
245.000000
780.000000
792.000000
222.000000
598.000000
339.000000
523.000000
162.000000
474.000000
1910.000000
249.000000
785.000000
468.000000
1006.000000
1143.000000
436.000000
670.000000
864.000000
2293.000000
400.000000
1626.000000
1845.000000
780.000000
594.000000
242.000000
95.000000
4668.000000
352.000000
594.000000
195.000000
148.000000
418.000000
11.000000
260.000000
3448.000000
665.000000
1997.000000
62.000000
420.000000
190.000000
282.000000
124.000000
234.000000
2828.000000
1014.000000
439.000000
1084.000000
54.000000
464.000000
1811.000000
218.000000
847.000000
703.000000
172.000000
202.000000
298.000000
1235.000000
553.000000
582.000000
142.000000
304.000000
755.000000
87.000000
324.000000
542.000000
473.000000
126.000000
3449.000000
316.000000
1924.000000
547.000000
457.000000
193.000000
492.000000
327.000000
466.000000
2398.000000
78.000000
183.000000
1090.000000
299.000000
516.000000
274.000000
718.000000
472.000000
932.000000
254.000000
60.000000
2019.000000
72.000000
574.000000
388.000000
449.000000
230.000000
139.000000
86.000000
595.000000
1009.000000
294.000000
202.000000
2053.000000
111.000000
520.000000
3478.000000
457.000000
278.000000
218.000000
639.000000
375.000000
602.000000
101.000000
364.000000
637.000000
5969.000000
98.000000
285.000000
44.000000
1442.000000
860.000000
2955.000000
438.000000
154.000000
522.000000
7607.000000
498.000000
380.000000
295.000000
395.000000
110.000000
255.000000
804.000000
211.000000
412.000000
403.000000
302.000000
1408.000000
337.000000
234.000000
777.000000
284.000000
191.000000
862.000000
292.000000
191.000000
160.000000
686.000000
147.000000
412.000000
548.000000
790.000000
432.000000
114.000000
219.000000
1046.000000
2808.000000
36.000000
277.000000
183.000000
569.000000
178.000000
616.000000
903.000000
422.000000
165.000000
81.000000
140.000000
280.000000
665.000000
530.000000
210.000000
147.000000
657.000000
1460.000000
265.000000
1092.000000
147.000000
413.000000
721.000000
430.000000
130.000000
451.000000
367.000000
1071.000000
2935.000000
2007.000000
194.000000
846.000000
297.000000
281.000000
140.000000
241.000000
241.000000
129.000000
691.000000
303.000000
246.000000
490.000000
199.000000
270.000000
396.000000
128.000000
279.000000
249.000000
704.000000
183.000000
495.000000
259.000000
31.000000
419.000000
1275.000000
199.000000
2183.000000
353.000000
195.000000
122.000000
458.000000
281.000000
1340.000000
3366.000000
340.000000
514.000000
227.000000
3245.000000
161.000000
2675.000000
596.000000
405.000000
148.000000
1325.000000
774.000000
837.000000
64.000000
1241.000000
176.000000
164.000000
249.000000
383.000000
2176.000000
215.000000
384.000000
455.000000
470.000000
819.000000
674.000000
188.000000
633.000000
1191.000000
416.000000
252.000000
1522.000000
1690.000000
104.000000
639.000000
823.000000
1134.000000
578.000000
473.000000
195.000000
393.000000
144.000000
416.000000
351.000000
2740.000000
688.000000
1083.000000
304.000000
199.000000
277.000000
588.000000
548.000000
94.000000
119.000000
345.000000
76.000000
70.000000
122.000000
748.000000
1944.000000
838.000000
297.000000
296.000000
428.000000
368.000000
1068.000000
935.000000
439.000000
655.000000
1468.000000
3380.000000
275.000000
705.000000
192.000000
1290.000000
2030.000000
105.000000
92.000000
438.000000
468.000000
167.000000
212.000000
206.000000
2957.000000
404.000000
166.000000
1110.000000
1185.000000
97.000000
735.000000
27.000000
302.000000
264.000000
404.000000
1163.000000
311.000000
233.000000
764.000000
548.000000
488.000000
449.000000
640.000000
98.000000
532.000000
259.000000
292.000000
405.000000
96.000000
312.000000
459.000000
489.000000
130.000000
307.000000
308.000000
215.000000
76.000000
731.000000
473.000000
451.000000
2766.000000
215.000000
941.000000
285.000000
151.000000
336.000000
223.000000
654.000000
1940.000000
142.000000
1308.000000
751.000000
586.000000
193.000000
685.000000
39.000000
951.000000
221.000000
82.000000
1590.000000
912.000000
1015.000000
71.000000
340.000000
587.000000
145.000000
484.000000
1324.000000
252.000000
385.000000
539.000000
528.000000
349.000000
214.000000
198.000000
838.000000
940.000000
1449.000000
821.000000
79.000000
2947.000000
495.000000
965.000000
179.000000
113.000000
436.000000
358.000000
3172.000000
680.000000
152.000000
602.000000
506.000000
141.000000
367.000000
318.000000
1506.000000
348.000000
239.000000
242.000000
696.000000
135.000000
585.000000
426.000000
36.000000
229.000000
176.000000
96.000000
738.000000
246.000000
241.000000
328.000000
1505.000000
125.000000
1887.000000
43.000000
118.000000
415.000000
182.000000
1932.000000
41.000000
272.000000
101.000000
359.000000
314.000000
192.000000
467.000000
178.000000
825.000000
136.000000
128.000000
705.000000
218.000000
849.000000
521.000000
141.000000
158.000000
517.000000
196.000000
226.000000
636.000000
167.000000
2584.000000
2478.000000
1137.000000
2178.000000
284.000000
3538.000000
146.000000
924.000000
451.000000
105.000000
191.000000
1216.000000
791.000000
498.000000
692.000000
94.000000
123.000000
544.000000
597.000000
713.000000
1253.000000
276.000000
258.000000
378.000000
474.000000
531.000000
596.000000
542.000000
1572.000000
303.000000
978.000000
1122.000000
416.000000
1368.000000
1235.000000
2114.000000
202.000000
240.000000
472.000000
1110.000000
474.000000
797.000000
255.000000
364.000000
664.000000
606.000000
237.000000
854.000000
578.000000
181.000000
44.000000
170.000000
1834.000000
254.000000
356.000000
1156.000000
254.000000
330.000000
232.000000
537.000000
306.000000
923.000000
316.000000
3617.000000
58.000000
480.000000
194.000000
295.000000
556.000000
590.000000
712.000000
143.000000
348.000000
725.000000
583.000000
537.000000
174.000000
349.000000
463.000000
147.000000
676.000000
633.000000
1171.000000
1025.000000
248.000000
592.000000
1003.000000
185.000000
614.000000
496.000000
504.000000
160.000000
1091.000000
307.000000
70.000000
106.000000
996.000000
105.000000
107.000000
621.000000
229.000000
802.000000
877.000000
904.000000
299.000000
3742.000000
606.000000
493.000000
113.000000
361.000000
578.000000
1504.000000
258.000000
474.000000
281.000000
218.000000
172.000000
140.000000
898.000000
557.000000
274.000000
303.000000
1086.000000
320.000000
160.000000
213.000000
640.000000
84.000000
786.000000
51.000000
318.000000
260.000000
1226.000000
382.000000
872.000000
222.000000
37.000000
1730.000000
147.000000
204.000000
70.000000
143.000000
1092.000000
687.000000
204.000000
307.000000
758.000000
91.000000
431.000000
210.000000
3085.000000
77.000000
130.000000
456.000000
257.000000
769.000000
190.000000
899.000000
433.000000
460.000000
1234.000000
161.000000
107.000000
76.000000
896.000000
244.000000
1607.000000
979.000000
1011.000000
159.000000
112.000000
685.000000
1151.000000
262.000000
107.000000
167.000000
76.000000
321.000000
1183.000000
700.000000
225.000000
3931.000000
150.000000
61.000000
731.000000
2119.000000
160.000000
416.000000
716.000000
1394.000000
431.000000
596.000000
453.000000
274.000000
276.000000
241.000000
207.000000
482.000000
2558.000000
549.000000
419.000000
103.000000
531.000000
199.000000
482.000000
207.000000
2488.000000
185.000000
285.000000
530.000000
2911.000000
2578.000000
662.000000
274.000000
232.000000
468.000000
152.000000
348.000000
497.000000
123.000000
369.000000
402.000000
875.000000
466.000000
860.000000
588.000000
190.000000
573.000000
216.000000
275.000000
541.000000
524.000000
310.000000
129.000000
427.000000
767.000000
116.000000
168.000000
546.000000
1047.000000
841.000000
136.000000
751.000000
1478.000000
358.000000
120.000000
454.000000
293.000000
538.000000
123.000000
988.000000
107.000000
97.000000
77.000000
239.000000
88.000000
803.000000
1749.000000
2451.000000
664.000000
1265.000000
786.000000
413.000000
751.000000
1331.000000
89.000000
572.000000
153.000000
344.000000
1756.000000
172.000000
186.000000
715.000000
84.000000
371.000000
612.000000
379.000000
1565.000000
98.000000
27.000000
425.000000
844.000000
2934.000000
195.000000
1093.000000
799.000000
1196.000000
263.000000
332.000000
613.000000
106.000000
72.000000
265.000000
150.000000
348.000000
228.000000
286.000000
89.000000
343.000000
259.000000
668.000000
546.000000
575.000000
205.000000
781.000000
477.000000
374.000000
558.000000
146.000000
161.000000
1010.000000
417.000000
1084.000000
737.000000
42.000000
474.000000
293.000000
182.000000
477.000000
408.000000
156.000000
1437.000000
1031.000000
57.000000
429.000000
1232.000000
1084.000000
404.000000
124.000000
323.000000
470.000000
288.000000
457.000000
296.000000
368.000000
592.000000
246.000000
96.000000
111.000000
590.000000
38.000000
878.000000
210.000000
169.000000
272.000000
384.000000
519.000000
167.000000
899.000000
135.000000
231.000000
323.000000
263.000000
263.000000
1206.000000
597.000000
859.000000
1328.000000
465.000000
909.000000
48.000000
4692.000000
4239.000000
405.000000
372.000000
99.000000
3154.000000
51.000000
366.000000
617.000000
533.000000
207.000000
352.000000
713.000000
1730.000000
140.000000
3576.000000
929.000000
950.000000
167.000000
3434.000000
451.000000
275.000000
184.000000
310.000000
591.000000
938.000000
229.000000
249.000000
2774.000000
75.000000
807.000000
145.000000
768.000000
641.000000
1579.000000
448.000000
110.000000
234.000000
621.000000
77.000000
398.000000
153.000000
405.000000
155.000000
916.000000
821.000000
281.000000
684.000000
165.000000
204.000000
100.000000
60.000000
326.000000
159.000000
130.000000
183.000000
1460.000000
475.000000
81.000000
817.000000
178.000000
180.000000
301.000000
305.000000
57.000000
153.000000
97.000000
1816.000000
207.000000
798.000000
525.000000
607.000000
307.000000
690.000000
2222.000000
344.000000
1325.000000
393.000000
302.000000
570.000000
688.000000
418.000000
491.000000
555.000000
45.000000
141.000000
249.000000
204.000000
433.000000
927.000000
493.000000
419.000000
2606.000000
104.000000
358.000000
69.000000
171.000000
104.000000
115.000000
2609.000000
164.000000
235.000000
353.000000
337.000000
177.000000
463.000000
188.000000
896.000000
237.000000
110.000000
177.000000
145.000000
1673.000000
168.000000
824.000000
248.000000
72.000000
556.000000
291.000000
1478.000000
397.000000
282.000000
5781.000000
128.000000
104.000000
482.000000
690.000000
1965.000000
1272.000000
1065.000000
274.000000
746.000000
1075.000000
125.000000
233.000000
210.000000
230.000000
313.000000
357.000000
1294.000000
163.000000
257.000000
557.000000
753.000000
892.000000
805.000000
169.000000
