78.000000
527.000000
381.000000
738.000000
638.000000
113.000000
1217.000000
1190.000000
92.000000
215.000000
590.000000
1896.000000
334.000000
98.000000
111.000000
376.000000
866.000000
280.000000
2369.000000
233.000000
325.000000
646.000000
294.000000
491.000000
174.000000
82.000000
788.000000
107.000000
590.000000
141.000000
494.000000
198.000000
1434.000000
248.000000
209.000000
384.000000
995.000000
248.000000
311.000000
490.000000
1698.000000
858.000000
199.000000
335.000000
327.000000
244.000000
737.000000
101.000000
953.000000
327.000000
680.000000
77.000000
207.000000
1577.000000
1832.000000
194.000000
667.000000
526.000000
865.000000
134.000000
528.000000
187.000000
409.000000
244.000000
568.000000
357.000000
269.000000
574.000000
940.000000
251.000000
273.000000
272.000000
2382.000000
77.000000
478.000000
1028.000000
232.000000
142.000000
507.000000
798.000000
1202.000000
506.000000
429.000000
248.000000
1601.000000
122.000000
601.000000
309.000000
343.000000
261.000000
324.000000
1666.000000
1510.000000
382.000000
793.000000
1319.000000
173.000000
361.000000
438.000000
234.000000
1323.000000
64.000000
127.000000
144.000000
1492.000000
1008.000000
2310.000000
199.000000
1368.000000
627.000000
86.000000
58.000000
125.000000
987.000000
206.000000
717.000000
432.000000
750.000000
7531.000000
358.000000
405.000000
1925.000000
121.000000
289.000000
348.000000
440.000000
533.000000
1072.000000
232.000000
1176.000000
2186.000000
287.000000
265.000000
196.000000
344.000000
411.000000
215.000000
484.000000
72.000000
482.000000
122.000000
251.000000
583.000000
412.000000
372.000000
132.000000
344.000000
915.000000
202.000000
539.000000
89.000000
587.000000
485.000000
468.000000
1293.000000
92.000000
137.000000
1253.000000
834.000000
1289.000000
200.000000
2692.000000
215.000000
720.000000
1353.000000
894.000000
697.000000
1667.000000
88.000000
891.000000
512.000000
607.000000
1296.000000
159.000000
1242.000000
158.000000
512.000000
555.000000
236.000000
194.000000
1911.000000
367.000000
196.000000
140.000000
263.000000
2070.000000
418.000000
274.000000
203.000000
711.000000
695.000000
413.000000
279.000000
1037.000000
720.000000
970.000000
1588.000000
91.000000
610.000000
325.000000
2584.000000
602.000000
269.000000
70.000000
547.000000
1102.000000
806.000000
312.000000
772.000000
162.000000
953.000000
120.000000
259.000000
1174.000000
466.000000
570.000000
763.000000
735.000000
254.000000
195.000000
280.000000
1270.000000
829.000000
315.000000
1283.000000
2504.000000
218.000000
607.000000
309.000000
207.000000
206.000000
2653.000000
896.000000
442.000000
401.000000
368.000000
1111.000000
1092.000000
1485.000000
130.000000
113.000000
451.000000
2589.000000
156.000000
2208.000000
609.000000
951.000000
828.000000
128.000000
262.000000
1703.000000
355.000000
665.000000
180.000000
234.000000
165.000000
103.000000
377.000000
256.000000
362.000000
395.000000
268.000000
1435.000000
331.000000
76.000000
266.000000
940.000000
1050.000000
1300.000000
815.000000
767.000000
543.000000
1382.000000
89.000000
132.000000
714.000000
51.000000
569.000000
435.000000
959.000000
605.000000
5002.000000
663.000000
447.000000
609.000000
200.000000
60.000000
129.000000
1454.000000
2236.000000
1296.000000
65.000000
724.000000
145.000000
456.000000
2115.000000
579.000000
74.000000
410.000000
106.000000
309.000000
564.000000
363.000000
192.000000
414.000000
62.000000
186.000000
623.000000
170.000000
385.000000
1968.000000
2604.000000
140.000000
580.000000
474.000000
880.000000
2495.000000
4741.000000
270.000000
923.000000
834.000000
115.000000
464.000000
1001.000000
33.000000
1956.000000
907.000000
426.000000
636.000000
522.000000
1321.000000
132.000000
174.000000
292.000000
42.000000
2134.000000
553.000000
334.000000
344.000000
103.000000
1274.000000
405.000000
825.000000
144.000000
514.000000
467.000000
1462.000000
457.000000
161.000000
552.000000
2719.000000
715.000000
547.000000
269.000000
245.000000
1009.000000
86.000000
336.000000
281.000000
299.000000
644.000000
814.000000
169.000000
1065.000000
143.000000
3929.000000
449.000000
125.000000
2443.000000
7322.000000
498.000000
212.000000
91.000000
63.000000
815.000000
220.000000
454.000000
102.000000
340.000000
152.000000
264.000000
433.000000
299.000000
737.000000
252.000000
613.000000
210.000000
164.000000
551.000000
4594.000000
97.000000
1063.000000
1051.000000
224.000000
515.000000
416.000000
585.000000
238.000000
1355.000000
156.000000
700.000000
322.000000
1136.000000
186.000000
358.000000
464.000000
938.000000
224.000000
2334.000000
118.000000
167.000000
3356.000000
500.000000
297.000000
146.000000
2488.000000
190.000000
483.000000
184.000000
309.000000
71.000000
1017.000000
159.000000
635.000000
279.000000
296.000000
1745.000000
307.000000
1220.000000
592.000000
348.000000
88.000000
757.000000
113.000000
203.000000
564.000000
1704.000000
836.000000
6823.000000
318.000000
61.000000
1104.000000
80.000000
709.000000
267.000000
744.000000
154.000000
311.000000
598.000000
499.000000
408.000000
630.000000
721.000000
234.000000
408.000000
349.000000
380.000000
533.000000
1006.000000
132.000000
105.000000
2485.000000
164.000000
108.000000
176.000000
160.000000
3006.000000
252.000000
1385.000000
398.000000
1078.000000
59.000000
388.000000
432.000000
520.000000
1360.000000
63.000000
542.000000
325.000000
917.000000
1160.000000
743.000000
891.000000
784.000000
38.000000
534.000000
168.000000
438.000000
1433.000000
380.000000
201.000000
730.000000
891.000000
346.000000
1921.000000
350.000000
428.000000
608.000000
1530.000000
175.000000
587.000000
3334.000000
56.000000
233.000000
211.000000
150.000000
243.000000
1026.000000
400.000000
502.000000
4353.000000
1155.000000
617.000000
129.000000
96.000000
320.000000
1227.000000
964.000000
308.000000
212.000000
293.000000
336.000000
175.000000
510.000000
3617.000000
1179.000000
115.000000
914.000000
526.000000
347.000000
347.000000
84.000000
496.000000
501.000000
564.000000
271.000000
208.000000
501.000000
667.000000
261.000000
543.000000
675.000000
205.000000
167.000000
2529.000000
1602.000000
532.000000
335.000000
772.000000
2848.000000
111.000000
641.000000
1121.000000
285.000000
599.000000
221.000000
2513.000000
4025.000000
375.000000
1437.000000
1070.000000
448.000000
120.000000
295.000000
464.000000
437.000000
659.000000
501.000000
221.000000
1071.000000
621.000000
775.000000
135.000000
154.000000
768.000000
1156.000000
398.000000
445.000000
736.000000
198.000000
522.000000
123.000000
211.000000
251.000000
181.000000
733.000000
315.000000
358.000000
154.000000
319.000000
163.000000
164.000000
1992.000000
579.000000
232.000000
132.000000
3799.000000
364.000000
174.000000
386.000000
4595.000000
1442.000000
510.000000
232.000000
375.000000
908.000000
804.000000
46.000000
415.000000
339.000000
1717.000000
510.000000
978.000000
322.000000
1104.000000
964.000000
474.000000
1448.000000
298.000000
110.000000
539.000000
114.000000
475.000000
285.000000
282.000000
23.000000
629.000000
30.000000
329.000000
308.000000
596.000000
917.000000
228.000000
403.000000
715.000000
347.000000
881.000000
913.000000
98.000000
278.000000
323.000000
273.000000
270.000000
381.000000
1042.000000
359.000000
615.000000
159.000000
196.000000
294.000000
1140.000000
911.000000
105.000000
1773.000000
735.000000
509.000000
242.000000
796.000000
481.000000
779.000000
280.000000
646.000000
2458.000000
149.000000
2067.000000
1021.000000
398.000000
259.000000
96.000000
202.000000
329.000000
395.000000
170.000000
212.000000
174.000000
1638.000000
273.000000
402.000000
911.000000
426.000000
601.000000
495.000000
835.000000
506.000000
18.000000
131.000000
343.000000
140.000000
599.000000
295.000000
1233.000000
474.000000
705.000000
3333.000000
544.000000
196.000000
2647.000000
188.000000
1591.000000
1415.000000
193.000000
1366.000000
328.000000
383.000000
453.000000
163.000000
150.000000
534.000000
650.000000
126.000000
1899.000000
989.000000
54.000000
289.000000
209.000000
880.000000
374.000000
262.000000
889.000000
836.000000
210.000000
823.000000
1642.000000
1056.000000
749.000000
41.000000
215.000000
269.000000
875.000000
624.000000
574.000000
1154.000000
542.000000
248.000000
102.000000
1018.000000
216.000000
409.000000
1085.000000
403.000000
1449.000000
309.000000
437.000000
693.000000
354.000000
2077.000000
91.000000
227.000000
415.000000
76.000000
107.000000
46.000000
216.000000
541.000000
605.000000
3333.000000
453.000000
65.000000
221.000000
3982.000000
537.000000
237.000000
211.000000
388.000000
1664.000000
1337.000000
63.000000
386.000000
71.000000
126.000000
1106.000000
255.000000
527.000000
448.000000
299.000000
1215.000000
755.000000
387.000000
174.000000
150.000000
997.000000
356.000000
201.000000
726.000000
209.000000
312.000000
909.000000
367.000000
773.000000
49.000000
319.000000
268.000000
819.000000
703.000000
372.000000
147.000000
172.000000
492.000000
153.000000
1724.000000
325.000000
103.000000
786.000000
232.000000
678.000000
459.000000
196.000000
75.000000
73.000000
193.000000
48.000000
372.000000
201.000000
427.000000
291.000000
1016.000000
108.000000
496.000000
488.000000
713.000000
160.000000
3298.000000
75.000000
164.000000
676.000000
210.000000
4050.000000
104.000000
2657.000000
1590.000000
168.000000
193.000000
170.000000
2207.000000
271.000000
668.000000
3897.000000
114.000000
251.000000
62.000000
781.000000
428.000000
422.000000
147.000000
1170.000000
1748.000000
241.000000
51.000000
84.000000
78.000000
2830.000000
778.000000
100.000000
85.000000
317.000000
301.000000
313.000000
194.000000
376.000000
383.000000
375.000000
260.000000
2059.000000
235.000000
733.000000
633.000000
545.000000
45.000000
262.000000
1605.000000
2513.000000
197.000000
746.000000
654.000000
346.000000
120.000000
684.000000
666.000000
726.000000
202.000000
822.000000
211.000000
1103.000000
929.000000
146.000000
138.000000
548.000000
281.000000
152.000000
1041.000000
78.000000
171.000000
688.000000
508.000000
850.000000
68.000000
375.000000
163.000000
925.000000
2513.000000
503.000000
1588.000000
42.000000
486.000000
215.000000
104.000000
981.000000
576.000000
79.000000
972.000000
363.000000
96.000000
402.000000
249.000000
739.000000
665.000000
907.000000
150.000000
100.000000
71.000000
186.000000
286.000000
153.000000
1967.000000
1731.000000
4747.000000
906.000000
474.000000
447.000000
55.000000
281.000000
419.000000
1408.000000
903.000000
190.000000
864.000000
7662.000000
454.000000
320.000000
3375.000000
796.000000
233.000000
471.000000
388.000000
133.000000
66.000000
629.000000
374.000000
451.000000
373.000000
60.000000
519.000000
666.000000
4441.000000
274.000000
598.000000
363.000000
535.000000
118.000000
54.000000
279.000000
849.000000
58.000000
991.000000
394.000000
410.000000
713.000000
767.000000
170.000000
340.000000
19.000000
13.000000
444.000000
26.000000
228.000000
1176.000000
155.000000
193.000000
277.000000
2083.000000
176.000000
653.000000
29.000000
172.000000
131.000000
1223.000000
1158.000000
340.000000
242.000000
494.000000
343.000000
1094.000000
637.000000
265.000000
82.000000
625.000000
422.000000
166.000000
378.000000
1646.000000
