281.000000
123.000000
146.000000
307.000000
172.000000
99.000000
797.000000
23.000000
339.000000
1439.000000
671.000000
643.000000
163.000000
168.000000
74.000000
641.000000
483.000000
99.000000
53.000000
221.000000
200.000000
379.000000
245.000000
577.000000
147.000000
1090.000000
497.000000
246.000000
415.000000
320.000000
290.000000
129.000000
220.000000
1880.000000
633.000000
63.000000
964.000000
407.000000
111.000000
67.000000
866.000000
432.000000
24.000000
444.000000
4001.000000
553.000000
5914.000000
234.000000
1381.000000
366.000000
340.000000
287.000000
986.000000
769.000000
551.000000
292.000000
476.000000
625.000000
334.000000
962.000000
226.000000
74.000000
1789.000000
2664.000000
153.000000
6554.000000
350.000000
758.000000
146.000000
170.000000
228.000000
230.000000
369.000000
1748.000000
127.000000
267.000000
277.000000
65.000000
1169.000000
1099.000000
190.000000
1261.000000
627.000000
718.000000
227.000000
234.000000
145.000000
315.000000
388.000000
207.000000
261.000000
224.000000
147.000000
115.000000
263.000000
256.000000
309.000000
896.000000
294.000000
781.000000
1243.000000
171.000000
862.000000
895.000000
1000.000000
418.000000
1286.000000
465.000000
121.000000
795.000000
793.000000
99.000000
514.000000
259.000000
386.000000
194.000000
385.000000
2965.000000
118.000000
1825.000000
560.000000
89.000000
350.000000
316.000000
75.000000
24.000000
5927.000000
2460.000000
289.000000
714.000000
998.000000
1268.000000
1720.000000
715.000000
206.000000
321.000000
1588.000000
2296.000000
132.000000
771.000000
635.000000
168.000000
710.000000
356.000000
681.000000
203.000000
120.000000
145.000000
329.000000
156.000000
322.000000
218.000000
182.000000
54.000000
336.000000
470.000000
312.000000
2018.000000
231.000000
1038.000000
85.000000
221.000000
753.000000
301.000000
354.000000
928.000000
83.000000
693.000000
355.000000
5865.000000
316.000000
721.000000
773.000000
355.000000
165.000000
208.000000
7871.000000
687.000000
1813.000000
153.000000
427.000000
271.000000
243.000000
173.000000
499.000000
560.000000
1301.000000
593.000000
273.000000
454.000000
546.000000
190.000000
340.000000
238.000000
1426.000000
521.000000
735.000000
108.000000
369.000000
567.000000
133.000000
241.000000
1061.000000
424.000000
530.000000
390.000000
652.000000
157.000000
853.000000
1624.000000
237.000000
857.000000
145.000000
112.000000
55.000000
454.000000
325.000000
294.000000
1432.000000
1015.000000
78.000000
285.000000
1119.000000
154.000000
94.000000
722.000000
363.000000
204.000000
225.000000
314.000000
207.000000
972.000000
157.000000
149.000000
334.000000
719.000000
936.000000
297.000000
436.000000
105.000000
191.000000
369.000000
153.000000
385.000000
2091.000000
2186.000000
169.000000
625.000000
1639.000000
1034.000000
499.000000
368.000000
202.000000
562.000000
100.000000
315.000000
104.000000
2688.000000
342.000000
188.000000
61.000000
764.000000
1824.000000
1270.000000
586.000000
165.000000
1212.000000
1093.000000
1209.000000
340.000000
492.000000
76.000000
724.000000
161.000000
287.000000
3222.000000
1543.000000
480.000000
232.000000
94.000000
1180.000000
446.000000
657.000000
338.000000
144.000000
646.000000
195.000000
909.000000
157.000000
167.000000
151.000000
657.000000
216.000000
440.000000
220.000000
249.000000
488.000000
157.000000
344.000000
508.000000
482.000000
267.000000
233.000000
96.000000
619.000000
2523.000000
337.000000
581.000000
216.000000
183.000000
648.000000
4187.000000
308.000000
192.000000
456.000000
7486.000000
247.000000
494.000000
2113.000000
211.000000
93.000000
117.000000
495.000000
699.000000
375.000000
260.000000
1405.000000
38.000000
675.000000
342.000000
225.000000
388.000000
634.000000
779.000000
232.000000
114.000000
1240.000000
204.000000
835.000000
150.000000
391.000000
111.000000
242.000000
235.000000
1725.000000
198.000000
645.000000
51.000000
1111.000000
195.000000
356.000000
493.000000
218.000000
421.000000
789.000000
577.000000
119.000000
1159.000000
464.000000
270.000000
337.000000
947.000000
935.000000
2828.000000
142.000000
986.000000
342.000000
455.000000
296.000000
357.000000
1188.000000
87.000000
1460.000000
509.000000
615.000000
201.000000
247.000000
2279.000000
627.000000
703.000000
3008.000000
313.000000
190.000000
331.000000
172.000000
652.000000
1363.000000
148.000000
293.000000
2397.000000
120.000000
364.000000
1115.000000
207.000000
166.000000
334.000000
578.000000
311.000000
735.000000
412.000000
1075.000000
242.000000
643.000000
1174.000000
64.000000
210.000000
347.000000
575.000000
62.000000
1878.000000
608.000000
212.000000
58.000000
455.000000
864.000000
230.000000
287.000000
241.000000
7138.000000
345.000000
481.000000
215.000000
3663.000000
684.000000
254.000000
390.000000
2299.000000
1423.000000
46.000000
213.000000
255.000000
313.000000
398.000000
462.000000
108.000000
253.000000
170.000000
1323.000000
151.000000
1359.000000
307.000000
977.000000
2815.000000
891.000000
102.000000
545.000000
173.000000
480.000000
375.000000
231.000000
169.000000
262.000000
615.000000
130.000000
693.000000
76.000000
105.000000
1457.000000
956.000000
2395.000000
457.000000
705.000000
609.000000
64.000000
108.000000
4033.000000
193.000000
292.000000
349.000000
611.000000
230.000000
127.000000
1758.000000
212.000000
322.000000
76.000000
198.000000
673.000000
715.000000
292.000000
960.000000
1027.000000
426.000000
1685.000000
1920.000000
1237.000000
167.000000
935.000000
209.000000
354.000000
416.000000
1285.000000
408.000000
730.000000
354.000000
235.000000
2923.000000
217.000000
648.000000
2784.000000
273.000000
93.000000
1150.000000
212.000000
1526.000000
154.000000
831.000000
237.000000
193.000000
496.000000
765.000000
764.000000
242.000000
56.000000
235.000000
918.000000
848.000000
207.000000
743.000000
382.000000
4828.000000
1416.000000
672.000000
136.000000
215.000000
345.000000
322.000000
273.000000
196.000000
433.000000
304.000000
355.000000
194.000000
128.000000
2487.000000
1011.000000
230.000000
988.000000
184.000000
127.000000
195.000000
330.000000
226.000000
308.000000
178.000000
287.000000
205.000000
167.000000
574.000000
601.000000
770.000000
858.000000
195.000000
130.000000
664.000000
79.000000
658.000000
157.000000
405.000000
208.000000
107.000000
318.000000
124.000000
361.000000
187.000000
201.000000
890.000000
422.000000
141.000000
268.000000
803.000000
3786.000000
1410.000000
1110.000000
250.000000
377.000000
989.000000
752.000000
549.000000
43.000000
339.000000
551.000000
190.000000
623.000000
746.000000
581.000000
119.000000
155.000000
378.000000
603.000000
586.000000
552.000000
1117.000000
274.000000
107.000000
711.000000
103.000000
1800.000000
585.000000
362.000000
259.000000
5052.000000
965.000000
868.000000
114.000000
319.000000
263.000000
360.000000
1373.000000
348.000000
318.000000
1964.000000
1174.000000
392.000000
567.000000
1259.000000
432.000000
152.000000
280.000000
85.000000
541.000000
203.000000
378.000000
235.000000
2485.000000
2138.000000
681.000000
162.000000
1608.000000
1107.000000
422.000000
91.000000
547.000000
485.000000
553.000000
449.000000
902.000000
174.000000
436.000000
301.000000
328.000000
448.000000
362.000000
1064.000000
867.000000
350.000000
1525.000000
815.000000
193.000000
1053.000000
614.000000
335.000000
344.000000
830.000000
467.000000
205.000000
615.000000
486.000000
617.000000
296.000000
654.000000
155.000000
193.000000
2563.000000
69.000000
421.000000
381.000000
528.000000
220.000000
72.000000
900.000000
163.000000
108.000000
310.000000
146.000000
350.000000
201.000000
1027.000000
1109.000000
287.000000
467.000000
692.000000
597.000000
194.000000
1302.000000
919.000000
704.000000
961.000000
1613.000000
636.000000
110.000000
66.000000
245.000000
152.000000
95.000000
420.000000
2428.000000
4380.000000
304.000000
582.000000
596.000000
7999.000000
224.000000
435.000000
472.000000
937.000000
420.000000
1420.000000
318.000000
826.000000
198.000000
604.000000
493.000000
197.000000
856.000000
156.000000
670.000000
614.000000
998.000000
910.000000
313.000000
130.000000
361.000000
224.000000
438.000000
556.000000
261.000000
175.000000
350.000000
634.000000
154.000000
1629.000000
330.000000
591.000000
983.000000
46.000000
475.000000
392.000000
439.000000
68.000000
438.000000
640.000000
886.000000
497.000000
671.000000
188.000000
358.000000
77.000000
594.000000
517.000000
1536.000000
781.000000
356.000000
337.000000
323.000000
207.000000
130.000000
1069.000000
156.000000
307.000000
744.000000
2167.000000
159.000000
2165.000000
358.000000
1473.000000
359.000000
749.000000
715.000000
469.000000
215.000000
347.000000
116.000000
2430.000000
835.000000
91.000000
94.000000
10600.000000
185.000000
357.000000
3414.000000
435.000000
605.000000
310.000000
1248.000000
267.000000
490.000000
179.000000
185.000000
398.000000
682.000000
186.000000
199.000000
227.000000
278.000000
813.000000
326.000000
245.000000
1589.000000
423.000000
530.000000
315.000000
119.000000
4109.000000
88.000000
252.000000
1096.000000
287.000000
69.000000
815.000000
72.000000
4742.000000
216.000000
186.000000
2659.000000
111.000000
728.000000
153.000000
211.000000
216.000000
174.000000
2128.000000
2591.000000
331.000000
908.000000
950.000000
1664.000000
78.000000
1781.000000
18.000000
298.000000
323.000000
403.000000
79.000000
203.000000
355.000000
235.000000
543.000000
550.000000
453.000000
1470.000000
723.000000
266.000000
960.000000
145.000000
671.000000
941.000000
337.000000
249.000000
327.000000
1784.000000
258.000000
115.000000
599.000000
321.000000
57.000000
2987.000000
1119.000000
1280.000000
2267.000000
214.000000
652.000000
338.000000
4683.000000
320.000000
35.000000
232.000000
366.000000
395.000000
431.000000
274.000000
194.000000
263.000000
238.000000
59.000000
2541.000000
646.000000
426.000000
336.000000
430.000000
76.000000
422.000000
253.000000
131.000000
1486.000000
424.000000
645.000000
171.000000
607.000000
204.000000
1706.000000
262.000000
425.000000
171.000000
420.000000
500.000000
701.000000
1189.000000
250.000000
636.000000
363.000000
217.000000
113.000000
632.000000
256.000000
669.000000
784.000000
415.000000
672.000000
249.000000
361.000000
1682.000000
1195.000000
134.000000
1299.000000
489.000000
246.000000
912.000000
439.000000
380.000000
118.000000
153.000000
264.000000
315.000000
995.000000
762.000000
1549.000000
320.000000
224.000000
450.000000
381.000000
432.000000
472.000000
234.000000
1268.000000
826.000000
344.000000
208.000000
172.000000
181.000000
282.000000
233.000000
448.000000
167.000000
748.000000
628.000000
103.000000
485.000000
2314.000000
347.000000
619.000000
129.000000
120.000000
55.000000
361.000000
140.000000
337.000000
280.000000
295.000000
343.000000
164.000000
1031.000000
275.000000
290.000000
1938.000000
246.000000
2778.000000
300.000000
1255.000000
398.000000
338.000000
1065.000000
197.000000
256.000000
2766.000000
157.000000
204.000000
147.000000
703.000000
1120.000000
482.000000
1113.000000
117.000000
465.000000
169.000000
240.000000
1511.000000
1520.000000
214.000000
210.000000
341.000000
46.000000
505.000000
167.000000
1381.000000
376.000000
732.000000
129.000000
259.000000
3340.000000
