444.000000
1633.000000
210.000000
1988.000000
383.000000
634.000000
523.000000
66.000000
1700.000000
354.000000
528.000000
1492.000000
1220.000000
1018.000000
105.000000
99.000000
1271.000000
130.000000
87.000000
232.000000
597.000000
360.000000
430.000000
614.000000
203.000000
2216.000000
1019.000000
464.000000
557.000000
440.000000
179.000000
506.000000
453.000000
417.000000
620.000000
1841.000000
43.000000
3662.000000
213.000000
61.000000
585.000000
113.000000
19.000000
92.000000
1138.000000
988.000000
890.000000
313.000000
791.000000
701.000000
279.000000
372.000000
788.000000
258.000000
679.000000
2126.000000
255.000000
917.000000
133.000000
1361.000000
606.000000
1999.000000
146.000000
693.000000
150.000000
1042.000000
117.000000
355.000000
640.000000
547.000000
170.000000
724.000000
2131.000000
1106.000000
263.000000
1022.000000
240.000000
950.000000
289.000000
88.000000
2236.000000
415.000000
247.000000
378.000000
861.000000
175.000000
220.000000
171.000000
236.000000
77.000000
29.000000
691.000000
1776.000000
111.000000
1269.000000
359.000000
60.000000
324.000000
326.000000
484.000000
493.000000
524.000000
613.000000
2771.000000
97.000000
1920.000000
3614.000000
556.000000
62.000000
227.000000
118.000000
1211.000000
1798.000000
405.000000
125.000000
460.000000
1412.000000
391.000000
782.000000
936.000000
82.000000
414.000000
418.000000
958.000000
619.000000
441.000000
189.000000
211.000000
321.000000
574.000000
342.000000
350.000000
359.000000
97.000000
330.000000
473.000000
66.000000
195.000000
279.000000
331.000000
143.000000
759.000000
740.000000
41.000000
535.000000
287.000000
855.000000
70.000000
1036.000000
644.000000
208.000000
172.000000
707.000000
386.000000
2625.000000
120.000000
136.000000
435.000000
181.000000
421.000000
801.000000
454.000000
807.000000
206.000000
213.000000
234.000000
352.000000
155.000000
678.000000
169.000000
160.000000
244.000000
1047.000000
1209.000000
330.000000
77.000000
850.000000
238.000000
624.000000
604.000000
721.000000
424.000000
3154.000000
908.000000
2754.000000
657.000000
324.000000
2396.000000
2193.000000
232.000000
1589.000000
3104.000000
342.000000
449.000000
403.000000
1438.000000
92.000000
144.000000
705.000000
1033.000000
235.000000
411.000000
1241.000000
43.000000
594.000000
56.000000
765.000000
2367.000000
344.000000
481.000000
2111.000000
888.000000
1676.000000
599.000000
373.000000
178.000000
155.000000
167.000000
142.000000
695.000000
375.000000
313.000000
2658.000000
344.000000
126.000000
916.000000
331.000000
61.000000
212.000000
285.000000
116.000000
1152.000000
627.000000
929.000000
1000.000000
220.000000
314.000000
519.000000
175.000000
538.000000
479.000000
427.000000
1088.000000
872.000000
222.000000
191.000000
51.000000
317.000000
61.000000
2014.000000
2518.000000
166.000000
194.000000
813.000000
153.000000
1043.000000
201.000000
216.000000
108.000000
292.000000
792.000000
540.000000
369.000000
145.000000
2933.000000
901.000000
890.000000
577.000000
2767.000000
390.000000
199.000000
90.000000
1306.000000
154.000000
2115.000000
298.000000
110.000000
1400.000000
185.000000
305.000000
2542.000000
98.000000
1570.000000
1409.000000
594.000000
485.000000
64.000000
736.000000
677.000000
936.000000
422.000000
6959.000000
1543.000000
93.000000
262.000000
506.000000
224.000000
815.000000
247.000000
1298.000000
72.000000
2080.000000
731.000000
345.000000
178.000000
1022.000000
97.000000
567.000000
416.000000
175.000000
97.000000
473.000000
677.000000
1566.000000
547.000000
448.000000
734.000000
804.000000
448.000000
106.000000
661.000000
523.000000
263.000000
1081.000000
530.000000
706.000000
216.000000
332.000000
570.000000
81.000000
208.000000
480.000000
241.000000
636.000000
2371.000000
310.000000
215.000000
332.000000
271.000000
965.000000
125.000000
64.000000
368.000000
530.000000
942.000000
284.000000
661.000000
484.000000
1479.000000
372.000000
406.000000
476.000000
173.000000
610.000000
2092.000000
828.000000
251.000000
266.000000
272.000000
168.000000
207.000000
733.000000
1875.000000
58.000000
1203.000000
446.000000
483.000000
4292.000000
554.000000
240.000000
1020.000000
187.000000
176.000000
234.000000
328.000000
567.000000
444.000000
174.000000
270.000000
430.000000
1242.000000
292.000000
1342.000000
170.000000
371.000000
1568.000000
322.000000
706.000000
188.000000
329.000000
1231.000000
1338.000000
1945.000000
229.000000
415.000000
392.000000
1337.000000
448.000000
148.000000
139.000000
492.000000
63.000000
1041.000000
299.000000
649.000000
1672.000000
530.000000
468.000000
1059.000000
1745.000000
488.000000
628.000000
138.000000
736.000000
851.000000
1131.000000
151.000000
3642.000000
1216.000000
1247.000000
655.000000
551.000000
141.000000
560.000000
395.000000
655.000000
449.000000
893.000000
46.000000
127.000000
183.000000
864.000000
564.000000
242.000000
237.000000
289.000000
624.000000
187.000000
22.000000
679.000000
26.000000
2418.000000
199.000000
715.000000
2082.000000
256.000000
122.000000
2354.000000
353.000000
151.000000
278.000000
1631.000000
512.000000
142.000000
1820.000000
504.000000
541.000000
262.000000
117.000000
240.000000
1166.000000
65.000000
110.000000
937.000000
765.000000
149.000000
956.000000
941.000000
1173.000000
609.000000
746.000000
119.000000
310.000000
301.000000
303.000000
263.000000
655.000000
753.000000
4023.000000
122.000000
671.000000
268.000000
1767.000000
255.000000
463.000000
680.000000
729.000000
2108.000000
630.000000
390.000000
180.000000
191.000000
654.000000
121.000000
369.000000
465.000000
1120.000000
108.000000
713.000000
198.000000
92.000000
1000.000000
1627.000000
135.000000
94.000000
1319.000000
466.000000
457.000000
438.000000
303.000000
537.000000
728.000000
199.000000
694.000000
109.000000
341.000000
107.000000
246.000000
178.000000
406.000000
39.000000
1069.000000
315.000000
1979.000000
1268.000000
643.000000
263.000000
141.000000
1173.000000
254.000000
571.000000
256.000000
266.000000
904.000000
107.000000
426.000000
1924.000000
567.000000
194.000000
813.000000
530.000000
103.000000
147.000000
991.000000
180.000000
578.000000
1408.000000
192.000000
250.000000
909.000000
96.000000
768.000000
969.000000
639.000000
65.000000
316.000000
922.000000
198.000000
565.000000
612.000000
771.000000
768.000000
300.000000
111.000000
431.000000
111.000000
419.000000
387.000000
36.000000
85.000000
892.000000
483.000000
936.000000
1133.000000
3210.000000
112.000000
638.000000
779.000000
235.000000
1639.000000
254.000000
243.000000
419.000000
283.000000
147.000000
192.000000
1172.000000
244.000000
876.000000
441.000000
336.000000
284.000000
378.000000
672.000000
556.000000
601.000000
1207.000000
268.000000
125.000000
115.000000
1533.000000
584.000000
344.000000
101.000000
382.000000
1387.000000
299.000000
488.000000
208.000000
518.000000
317.000000
84.000000
845.000000
345.000000
402.000000
1008.000000
644.000000
1177.000000
90.000000
308.000000
1650.000000
97.000000
191.000000
1434.000000
380.000000
667.000000
230.000000
64.000000
94.000000
72.000000
275.000000
402.000000
220.000000
448.000000
238.000000
243.000000
388.000000
3879.000000
978.000000
1780.000000
452.000000
235.000000
1309.000000
325.000000
56.000000
406.000000
493.000000
155.000000
886.000000
1619.000000
343.000000
894.000000
222.000000
249.000000
108.000000
209.000000
333.000000
23.000000
1074.000000
303.000000
136.000000
139.000000
956.000000
81.000000
672.000000
260.000000
445.000000
566.000000
1011.000000
60.000000
91.000000
714.000000
237.000000
345.000000
885.000000
90.000000
205.000000
100.000000
169.000000
205.000000
342.000000
497.000000
254.000000
107.000000
98.000000
242.000000
2901.000000
1033.000000
825.000000
84.000000
1011.000000
139.000000
776.000000
57.000000
2807.000000
282.000000
360.000000
27.000000
3053.000000
1588.000000
476.000000
354.000000
1620.000000
249.000000
3155.000000
566.000000
117.000000
683.000000
452.000000
256.000000
610.000000
905.000000
155.000000
306.000000
252.000000
110.000000
155.000000
836.000000
2227.000000
569.000000
316.000000
375.000000
394.000000
251.000000
399.000000
252.000000
160.000000
52.000000
89.000000
304.000000
323.000000
373.000000
1260.000000
387.000000
320.000000
1554.000000
155.000000
3657.000000
582.000000
1186.000000
9072.000000
483.000000
345.000000
79.000000
325.000000
110.000000
947.000000
450.000000
2034.000000
120.000000
700.000000
6746.000000
225.000000
1404.000000
663.000000
414.000000
304.000000
779.000000
280.000000
109.000000
1376.000000
104.000000
311.000000
258.000000
1763.000000
350.000000
1428.000000
49.000000
130.000000
544.000000
305.000000
132.000000
721.000000
360.000000
3678.000000
664.000000
81.000000
397.000000
75.000000
150.000000
793.000000
106.000000
486.000000
859.000000
2723.000000
635.000000
226.000000
683.000000
559.000000
214.000000
65.000000
1330.000000
128.000000
207.000000
522.000000
215.000000
528.000000
704.000000
244.000000
28.000000
309.000000
463.000000
604.000000
223.000000
548.000000
209.000000
237.000000
1065.000000
289.000000
3413.000000
875.000000
994.000000
252.000000
261.000000
366.000000
172.000000
150.000000
450.000000
530.000000
344.000000
185.000000
116.000000
276.000000
77.000000
311.000000
14.000000
1526.000000
263.000000
193.000000
694.000000
161.000000
543.000000
73.000000
2063.000000
1034.000000
215.000000
484.000000
435.000000
1785.000000
81.000000
293.000000
1120.000000
221.000000
564.000000
277.000000
80.000000
305.000000
615.000000
671.000000
357.000000
826.000000
375.000000
417.000000
497.000000
396.000000
7553.000000
1077.000000
78.000000
875.000000
119.000000
553.000000
341.000000
793.000000
267.000000
816.000000
169.000000
126.000000
90.000000
3780.000000
37.000000
315.000000
475.000000
121.000000
696.000000
142.000000
91.000000
4598.000000
373.000000
800.000000
335.000000
99.000000
814.000000
1790.000000
240.000000
207.000000
427.000000
299.000000
233.000000
920.000000
644.000000
97.000000
155.000000
316.000000
359.000000
628.000000
2234.000000
600.000000
85.000000
648.000000
252.000000
191.000000
142.000000
558.000000
330.000000
472.000000
355.000000
165.000000
43.000000
774.000000
163.000000
678.000000
910.000000
470.000000
185.000000
691.000000
697.000000
202.000000
1583.000000
676.000000
912.000000
51.000000
475.000000
818.000000
2556.000000
1516.000000
636.000000
654.000000
158.000000
147.000000
55.000000
651.000000
376.000000
196.000000
2095.000000
81.000000
359.000000
524.000000
677.000000
1042.000000
109.000000
106.000000
36.000000
259.000000
1275.000000
118.000000
131.000000
3193.000000
144.000000
2323.000000
323.000000
102.000000
301.000000
395.000000
240.000000
713.000000
141.000000
236.000000
443.000000
704.000000
1551.000000
321.000000
379.000000
1563.000000
741.000000
3166.000000
214.000000
174.000000
283.000000
571.000000
151.000000
650.000000
166.000000
77.000000
1133.000000
1038.000000
125.000000
110.000000
153.000000
976.000000
381.000000
512.000000
113.000000
325.000000
107.000000
132.000000
908.000000
112.000000
1485.000000
295.000000
549.000000
296.000000
384.000000
352.000000
2643.000000
1539.000000
168.000000
297.000000
71.000000
2175.000000
340.000000
