62.000000
59.000000
843.000000
1012.000000
5070.000000
436.000000
2167.000000
2537.000000
423.000000
300.000000
726.000000
579.000000
242.000000
790.000000
1787.000000
93.000000
1139.000000
178.000000
162.000000
632.000000
76.000000
87.000000
502.000000
149.000000
341.000000
675.000000
69.000000
75.000000
166.000000
1144.000000
780.000000
429.000000
702.000000
1237.000000
116.000000
1563.000000
1633.000000
203.000000
563.000000
564.000000
1018.000000
770.000000
393.000000
320.000000
619.000000
208.000000
129.000000
692.000000
4106.000000
872.000000
4200.000000
99.000000
269.000000
166.000000
280.000000
1462.000000
62.000000
435.000000
635.000000
603.000000
548.000000
543.000000
120.000000
209.000000
121.000000
418.000000
317.000000
394.000000
531.000000
319.000000
83.000000
204.000000
938.000000
601.000000
626.000000
314.000000
562.000000
1001.000000
429.000000
873.000000
168.000000
290.000000
180.000000
804.000000
131.000000
253.000000
46.000000
1417.000000
93.000000
438.000000
429.000000
367.000000
19.000000
283.000000
328.000000
2064.000000
7713.000000
2022.000000
523.000000
182.000000
242.000000
69.000000
1803.000000
2657.000000
391.000000
279.000000
345.000000
1162.000000
381.000000
221.000000
132.000000
63.000000
189.000000
928.000000
2067.000000
854.000000
568.000000
888.000000
352.000000
6020.000000
268.000000
1178.000000
224.000000
919.000000
377.000000
234.000000
572.000000
272.000000
47.000000
535.000000
753.000000
270.000000
207.000000
224.000000
489.000000
131.000000
1118.000000
1875.000000
1108.000000
400.000000
156.000000
387.000000
298.000000
504.000000
181.000000
196.000000
509.000000
1369.000000
125.000000
584.000000
224.000000
186.000000
305.000000
1428.000000
90.000000
782.000000
2172.000000
880.000000
258.000000
478.000000
500.000000
151.000000
1588.000000
646.000000
244.000000
441.000000
1913.000000
399.000000
317.000000
1421.000000
2175.000000
363.000000
547.000000
454.000000
175.000000
122.000000
1139.000000
156.000000
476.000000
129.000000
459.000000
143.000000
155.000000
493.000000
1237.000000
420.000000
558.000000
556.000000
262.000000
250.000000
401.000000
1213.000000
514.000000
855.000000
575.000000
1128.000000
214.000000
140.000000
307.000000
1092.000000
586.000000
96.000000
596.000000
1341.000000
684.000000
176.000000
3292.000000
1264.000000
124.000000
207.000000
608.000000
1520.000000
396.000000
99.000000
1365.000000
396.000000
158.000000
1478.000000
219.000000
518.000000
476.000000
1297.000000
156.000000
302.000000
3771.000000
932.000000
396.000000
301.000000
820.000000
1932.000000
179.000000
96.000000
231.000000
43.000000
505.000000
337.000000
58.000000
937.000000
1046.000000
3566.000000
205.000000
778.000000
508.000000
2915.000000
140.000000
236.000000
390.000000
781.000000
841.000000
229.000000
416.000000
421.000000
269.000000
8797.000000
871.000000
301.000000
480.000000
802.000000
464.000000
377.000000
5842.000000
372.000000
505.000000
417.000000
128.000000
245.000000
452.000000
3410.000000
907.000000
838.000000
270.000000
507.000000
1383.000000
401.000000
464.000000
753.000000
348.000000
97.000000
1137.000000
48.000000
261.000000
89.000000
242.000000
1640.000000
359.000000
605.000000
1213.000000
415.000000
128.000000
825.000000
362.000000
610.000000
1999.000000
1019.000000
413.000000
1839.000000
371.000000
231.000000
47.000000
121.000000
502.000000
487.000000
297.000000
136.000000
88.000000
190.000000
943.000000
324.000000
153.000000
342.000000
204.000000
295.000000
620.000000
1159.000000
99.000000
595.000000
185.000000
211.000000
796.000000
99.000000
1135.000000
139.000000
1014.000000
1327.000000
288.000000
239.000000
683.000000
179.000000
140.000000
831.000000
139.000000
103.000000
395.000000
513.000000
224.000000
175.000000
1138.000000
133.000000
329.000000
2348.000000
230.000000
776.000000
168.000000
368.000000
535.000000
456.000000
249.000000
38.000000
467.000000
819.000000
910.000000
573.000000
216.000000
1309.000000
1089.000000
310.000000
1685.000000
65.000000
492.000000
253.000000
215.000000
148.000000
91.000000
468.000000
118.000000
69.000000
130.000000
223.000000
723.000000
461.000000
142.000000
657.000000
135.000000
180.000000
294.000000
1469.000000
58.000000
170.000000
100.000000
1842.000000
472.000000
494.000000
1490.000000
53.000000
58.000000
1047.000000
539.000000
174.000000
2989.000000
132.000000
928.000000
3085.000000
360.000000
582.000000
281.000000
351.000000
1515.000000
143.000000
311.000000
786.000000
324.000000
470.000000
124.000000
475.000000
876.000000
671.000000
379.000000
355.000000
288.000000
952.000000
194.000000
1133.000000
73.000000
464.000000
810.000000
167.000000
573.000000
485.000000
686.000000
319.000000
287.000000
651.000000
467.000000
1889.000000
76.000000
1412.000000
143.000000
245.000000
133.000000
376.000000
635.000000
395.000000
151.000000
2576.000000
487.000000
289.000000
855.000000
881.000000
414.000000
81.000000
523.000000
149.000000
478.000000
513.000000
152.000000
352.000000
244.000000
1825.000000
1800.000000
1678.000000
3475.000000
207.000000
1434.000000
218.000000
708.000000
1585.000000
161.000000
1226.000000
3291.000000
834.000000
512.000000
441.000000
151.000000
296.000000
94.000000
318.000000
475.000000
1083.000000
354.000000
608.000000
994.000000
941.000000
642.000000
181.000000
156.000000
499.000000
395.000000
116.000000
809.000000
475.000000
76.000000
557.000000
532.000000
353.000000
648.000000
651.000000
536.000000
505.000000
736.000000
323.000000
477.000000
71.000000
292.000000
367.000000
1037.000000
1514.000000
392.000000
2505.000000
151.000000
100.000000
258.000000
339.000000
311.000000
676.000000
208.000000
258.000000
314.000000
108.000000
1548.000000
827.000000
2836.000000
287.000000
112.000000
171.000000
51.000000
929.000000
1390.000000
577.000000
467.000000
706.000000
1112.000000
1239.000000
576.000000
321.000000
1288.000000
489.000000
388.000000
81.000000
593.000000
575.000000
739.000000
322.000000
780.000000
80.000000
1742.000000
279.000000
686.000000
481.000000
576.000000
300.000000
152.000000
199.000000
1921.000000
1807.000000
923.000000
623.000000
265.000000
415.000000
430.000000
207.000000
1761.000000
1053.000000
171.000000
2102.000000
243.000000
130.000000
1729.000000
636.000000
335.000000
962.000000
171.000000
262.000000
376.000000
135.000000
301.000000
220.000000
349.000000
292.000000
195.000000
299.000000
318.000000
382.000000
154.000000
836.000000
338.000000
630.000000
401.000000
197.000000
55.000000
399.000000
472.000000
1671.000000
738.000000
2097.000000
1142.000000
435.000000
87.000000
1551.000000
2077.000000
322.000000
290.000000
148.000000
1001.000000
107.000000
23.000000
247.000000
914.000000
445.000000
473.000000
1336.000000
771.000000
566.000000
1395.000000
1459.000000
1598.000000
389.000000
4321.000000
3172.000000
346.000000
1484.000000
625.000000
222.000000
519.000000
146.000000
122.000000
117.000000
933.000000
508.000000
494.000000
745.000000
249.000000
430.000000
1501.000000
1006.000000
594.000000
1101.000000
100.000000
97.000000
3126.000000
547.000000
709.000000
4015.000000
2298.000000
853.000000
531.000000
519.000000
780.000000
840.000000
1998.000000
1374.000000
512.000000
336.000000
1552.000000
122.000000
187.000000
250.000000
558.000000
180.000000
109.000000
268.000000
2587.000000
235.000000
44.000000
117.000000
859.000000
56.000000
195.000000
1706.000000
215.000000
143.000000
161.000000
71.000000
619.000000
1115.000000
5105.000000
731.000000
1822.000000
1084.000000
937.000000
81.000000
39.000000
545.000000
4426.000000
258.000000
431.000000
1533.000000
3033.000000
1157.000000
480.000000
1245.000000
6310.000000
481.000000
55.000000
287.000000
851.000000
252.000000
495.000000
439.000000
572.000000
76.000000
148.000000
580.000000
634.000000
1019.000000
255.000000
452.000000
646.000000
353.000000
118.000000
202.000000
753.000000
1661.000000
790.000000
269.000000
505.000000
398.000000
1740.000000
196.000000
884.000000
140.000000
337.000000
232.000000
424.000000
5076.000000
828.000000
434.000000
72.000000
284.000000
217.000000
399.000000
660.000000
136.000000
417.000000
586.000000
149.000000
126.000000
231.000000
298.000000
539.000000
301.000000
473.000000
75.000000
2605.000000
620.000000
186.000000
1007.000000
123.000000
240.000000
2928.000000
48.000000
923.000000
998.000000
1124.000000
372.000000
1127.000000
488.000000
224.000000
1266.000000
164.000000
116.000000
1258.000000
512.000000
363.000000
1423.000000
261.000000
403.000000
569.000000
267.000000
381.000000
24.000000
1108.000000
515.000000
479.000000
5405.000000
128.000000
579.000000
354.000000
50.000000
105.000000
406.000000
325.000000
630.000000
335.000000
235.000000
47.000000
320.000000
700.000000
447.000000
451.000000
748.000000
282.000000
240.000000
3725.000000
697.000000
92.000000
502.000000
867.000000
169.000000
1400.000000
585.000000
656.000000
147.000000
705.000000
3111.000000
318.000000
985.000000
1651.000000
65.000000
641.000000
609.000000
630.000000
163.000000
193.000000
47.000000
2229.000000
260.000000
2356.000000
1117.000000
339.000000
257.000000
1266.000000
69.000000
296.000000
778.000000
379.000000
167.000000
220.000000
887.000000
95.000000
418.000000
187.000000
218.000000
137.000000
297.000000
116.000000
52.000000
310.000000
388.000000
1659.000000
321.000000
834.000000
61.000000
112.000000
471.000000
1740.000000
1643.000000
75.000000
1077.000000
1821.000000
1500.000000
375.000000
261.000000
207.000000
306.000000
617.000000
130.000000
48.000000
1169.000000
270.000000
508.000000
426.000000
141.000000
1541.000000
470.000000
310.000000
129.000000
753.000000
1347.000000
25.000000
92.000000
144.000000
708.000000
208.000000
143.000000
349.000000
754.000000
430.000000
169.000000
354.000000
243.000000
246.000000
126.000000
606.000000
172.000000
249.000000
376.000000
359.000000
272.000000
1381.000000
1221.000000
119.000000
264.000000
166.000000
4666.000000
223.000000
410.000000
294.000000
506.000000
91.000000
387.000000
115.000000
238.000000
53.000000
82.000000
394.000000
2178.000000
1343.000000
1039.000000
324.000000
472.000000
651.000000
480.000000
96.000000
580.000000
57.000000
1443.000000
197.000000
400.000000
96.000000
197.000000
325.000000
418.000000
414.000000
166.000000
554.000000
192.000000
188.000000
450.000000
64.000000
379.000000
946.000000
613.000000
223.000000
140.000000
55.000000
775.000000
758.000000
64.000000
1849.000000
518.000000
487.000000
466.000000
153.000000
856.000000
1266.000000
673.000000
883.000000
185.000000
7336.000000
254.000000
1501.000000
350.000000
1883.000000
596.000000
600.000000
42.000000
207.000000
722.000000
2957.000000
251.000000
511.000000
237.000000
423.000000
988.000000
96.000000
221.000000
111.000000
1104.000000
402.000000
504.000000
210.000000
280.000000
937.000000
489.000000
428.000000
1822.000000
441.000000
148.000000
144.000000
305.000000
667.000000
215.000000
732.000000
462.000000
263.000000
294.000000
192.000000
596.000000
315.000000
166.000000
559.000000
1029.000000
162.000000
140.000000
63.000000
1758.000000
667.000000
765.000000
420.000000
154.000000
523.000000
517.000000
334.000000
242.000000
42.000000
128.000000
196.000000
406.000000
360.000000
153.000000
