894.000000
949.000000
732.000000
55.000000
192.000000
295.000000
247.000000
318.000000
2632.000000
34.000000
779.000000
452.000000
177.000000
433.000000
659.000000
51.000000
171.000000
256.000000
516.000000
1227.000000
841.000000
3077.000000
270.000000
295.000000
633.000000
180.000000
3200.000000
578.000000
660.000000
101.000000
340.000000
237.000000
339.000000
417.000000
161.000000
843.000000
196.000000
1066.000000
380.000000
56.000000
485.000000
65.000000
2381.000000
196.000000
372.000000
145.000000
285.000000
1768.000000
975.000000
797.000000
132.000000
1266.000000
437.000000
144.000000
369.000000
129.000000
788.000000
1896.000000
52.000000
130.000000
588.000000
618.000000
12133.000000
1378.000000
3636.000000
298.000000
37.000000
402.000000
516.000000
149.000000
1013.000000
139.000000
2676.000000
176.000000
767.000000
583.000000
323.000000
895.000000
782.000000
1315.000000
1697.000000
193.000000
854.000000
481.000000
461.000000
3170.000000
266.000000
155.000000
602.000000
320.000000
843.000000
54.000000
988.000000
308.000000
208.000000
3297.000000
79.000000
193.000000
1353.000000
805.000000
122.000000
144.000000
326.000000
240.000000
470.000000
42.000000
370.000000
31.000000
259.000000
340.000000
74.000000
411.000000
2631.000000
581.000000
92.000000
1057.000000
3179.000000
116.000000
1481.000000
367.000000
199.000000
46.000000
10988.000000
266.000000
725.000000
350.000000
58.000000
127.000000
1037.000000
231.000000
213.000000
3755.000000
633.000000
334.000000
1392.000000
248.000000
279.000000
116.000000
72.000000
201.000000
57.000000
538.000000
513.000000
113.000000
589.000000
99.000000
95.000000
493.000000
776.000000
169.000000
47.000000
157.000000
343.000000
158.000000
157.000000
167.000000
812.000000
2009.000000
632.000000
1107.000000
804.000000
87.000000
541.000000
212.000000
203.000000
639.000000
304.000000
271.000000
212.000000
766.000000
592.000000
235.000000
277.000000
283.000000
686.000000
532.000000
792.000000
3131.000000
1893.000000
303.000000
1468.000000
402.000000
331.000000
705.000000
2913.000000
910.000000
683.000000
467.000000
485.000000
64.000000
316.000000
882.000000
119.000000
188.000000
555.000000
366.000000
277.000000
373.000000
105.000000
156.000000
134.000000
106.000000
58.000000
1271.000000
151.000000
589.000000
1516.000000
409.000000
466.000000
1338.000000
402.000000
116.000000
302.000000
122.000000
293.000000
507.000000
233.000000
354.000000
199.000000
570.000000
458.000000
281.000000
286.000000
259.000000
409.000000
935.000000
908.000000
701.000000
391.000000
34.000000
92.000000
566.000000
494.000000
317.000000
191.000000
83.000000
59.000000
138.000000
220.000000
572.000000
288.000000
2317.000000
295.000000
262.000000
179.000000
91.000000
174.000000
3396.000000
998.000000
397.000000
267.000000
422.000000
2011.000000
620.000000
730.000000
402.000000
564.000000
99.000000
637.000000
1021.000000
457.000000
147.000000
219.000000
1202.000000
229.000000
283.000000
497.000000
31.000000
225.000000
114.000000
183.000000
279.000000
2017.000000
1082.000000
1342.000000
332.000000
347.000000
250.000000
61.000000
947.000000
1309.000000
138.000000
76.000000
790.000000
2842.000000
3246.000000
233.000000
344.000000
1960.000000
67.000000
1447.000000
728.000000
223.000000
1731.000000
136.000000
200.000000
108.000000
2415.000000
430.000000
54.000000
152.000000
80.000000
389.000000
941.000000
856.000000
506.000000
202.000000
6313.000000
60.000000
595.000000
736.000000
107.000000
106.000000
695.000000
525.000000
2893.000000
1369.000000
585.000000
382.000000
154.000000
88.000000
355.000000
618.000000
112.000000
739.000000
747.000000
68.000000
215.000000
172.000000
560.000000
100.000000
122.000000
1622.000000
613.000000
639.000000
179.000000
150.000000
925.000000
2926.000000
835.000000
689.000000
185.000000
337.000000
193.000000
241.000000
202.000000
3485.000000
458.000000
350.000000
397.000000
254.000000
120.000000
305.000000
914.000000
298.000000
1466.000000
301.000000
457.000000
698.000000
147.000000
578.000000
311.000000
448.000000
403.000000
142.000000
231.000000
426.000000
109.000000
169.000000
112.000000
499.000000
100.000000
607.000000
569.000000
269.000000
838.000000
195.000000
294.000000
985.000000
1677.000000
636.000000
610.000000
104.000000
1338.000000
680.000000
735.000000
141.000000
212.000000
504.000000
1921.000000
186.000000
438.000000
393.000000
788.000000
194.000000
2922.000000
367.000000
51.000000
1044.000000
100.000000
732.000000
429.000000
426.000000
202.000000
140.000000
954.000000
475.000000
326.000000
279.000000
283.000000
340.000000
634.000000
737.000000
557.000000
88.000000
414.000000
91.000000
1737.000000
205.000000
929.000000
423.000000
1271.000000
395.000000
1561.000000
1033.000000
200.000000
206.000000
812.000000
1321.000000
113.000000
290.000000
53.000000
393.000000
597.000000
767.000000
207.000000
119.000000
852.000000
134.000000
350.000000
175.000000
833.000000
374.000000
142.000000
4087.000000
2421.000000
325.000000
257.000000
80.000000
1384.000000
2363.000000
252.000000
2238.000000
736.000000
901.000000
1547.000000
298.000000
255.000000
984.000000
2758.000000
677.000000
743.000000
920.000000
786.000000
791.000000
448.000000
687.000000
698.000000
48.000000
748.000000
129.000000
113.000000
908.000000
600.000000
229.000000
682.000000
546.000000
683.000000
311.000000
200.000000
109.000000
173.000000
448.000000
61.000000
230.000000
655.000000
109.000000
856.000000
219.000000
1248.000000
317.000000
1868.000000
129.000000
360.000000
571.000000
1177.000000
801.000000
605.000000
771.000000
312.000000
459.000000
427.000000
188.000000
67.000000
308.000000
463.000000
131.000000
1702.000000
38.000000
567.000000
342.000000
196.000000
298.000000
506.000000
375.000000
218.000000
142.000000
687.000000
1493.000000
163.000000
99.000000
369.000000
39.000000
138.000000
109.000000
451.000000
316.000000
1559.000000
84.000000
101.000000
581.000000
462.000000
298.000000
87.000000
151.000000
167.000000
321.000000
692.000000
517.000000
92.000000
70.000000
229.000000
116.000000
195.000000
447.000000
499.000000
353.000000
310.000000
362.000000
299.000000
167.000000
480.000000
1630.000000
778.000000
2510.000000
1244.000000
146.000000
86.000000
682.000000
74.000000
1167.000000
706.000000
406.000000
890.000000
164.000000
480.000000
274.000000
969.000000
161.000000
178.000000
399.000000
245.000000
161.000000
430.000000
341.000000
108.000000
310.000000
965.000000
146.000000
780.000000
789.000000
205.000000
276.000000
502.000000
197.000000
220.000000
129.000000
890.000000
1044.000000
557.000000
362.000000
271.000000
919.000000
367.000000
2869.000000
755.000000
100.000000
191.000000
222.000000
1747.000000
4282.000000
1028.000000
1564.000000
673.000000
172.000000
347.000000
312.000000
57.000000
188.000000
492.000000
1635.000000
376.000000
313.000000
661.000000
921.000000
1025.000000
132.000000
224.000000
451.000000
378.000000
851.000000
2504.000000
820.000000
335.000000
209.000000
96.000000
845.000000
448.000000
268.000000
44.000000
407.000000
391.000000
342.000000
2452.000000
306.000000
1604.000000
396.000000
1600.000000
179.000000
634.000000
440.000000
547.000000
302.000000
582.000000
125.000000
5653.000000
120.000000
53.000000
466.000000
981.000000
70.000000
11578.000000
564.000000
1275.000000
128.000000
189.000000
243.000000
231.000000
304.000000
1189.000000
211.000000
142.000000
224.000000
121.000000
528.000000
118.000000
334.000000
551.000000
384.000000
67.000000
974.000000
894.000000
91.000000
235.000000
1002.000000
249.000000
432.000000
241.000000
972.000000
130.000000
221.000000
148.000000
234.000000
174.000000
118.000000
951.000000
195.000000
310.000000
202.000000
98.000000
117.000000
1108.000000
1084.000000
869.000000
361.000000
497.000000
145.000000
101.000000
350.000000
425.000000
82.000000
556.000000
386.000000
117.000000
394.000000
366.000000
592.000000
1531.000000
1103.000000
83.000000
108.000000
335.000000
1052.000000
1507.000000
2172.000000
211.000000
235.000000
296.000000
1256.000000
386.000000
366.000000
95.000000
241.000000
277.000000
121.000000
501.000000
184.000000
4587.000000
564.000000
1520.000000
1141.000000
112.000000
289.000000
381.000000
671.000000
833.000000
963.000000
109.000000
896.000000
148.000000
296.000000
18.000000
262.000000
361.000000
621.000000
667.000000
789.000000
65.000000
312.000000
128.000000
305.000000
89.000000
529.000000
215.000000
811.000000
158.000000
323.000000
3016.000000
1410.000000
42.000000
581.000000
195.000000
521.000000
891.000000
390.000000
2710.000000
228.000000
721.000000
219.000000
173.000000
219.000000
1536.000000
309.000000
214.000000
500.000000
102.000000
389.000000
6476.000000
1339.000000
404.000000
240.000000
225.000000
216.000000
67.000000
658.000000
967.000000
426.000000
529.000000
149.000000
461.000000
267.000000
62.000000
1446.000000
178.000000
383.000000
659.000000
63.000000
46.000000
1641.000000
300.000000
435.000000
532.000000
279.000000
998.000000
1279.000000
567.000000
273.000000
2130.000000
967.000000
182.000000
2088.000000
484.000000
200.000000
174.000000
80.000000
263.000000
244.000000
191.000000
114.000000
637.000000
643.000000
205.000000
1164.000000
990.000000
946.000000
537.000000
312.000000
147.000000
346.000000
206.000000
209.000000
2761.000000
1900.000000
388.000000
139.000000
383.000000
974.000000
468.000000
197.000000
499.000000
307.000000
587.000000
243.000000
697.000000
104.000000
287.000000
140.000000
229.000000
1177.000000
702.000000
162.000000
287.000000
286.000000
1160.000000
998.000000
463.000000
427.000000
785.000000
274.000000
1578.000000
108.000000
733.000000
534.000000
2134.000000
65.000000
2664.000000
385.000000
666.000000
3275.000000
1098.000000
439.000000
90.000000
4590.000000
431.000000
77.000000
108.000000
240.000000
291.000000
731.000000
662.000000
283.000000
204.000000
314.000000
342.000000
188.000000
1934.000000
488.000000
1734.000000
2118.000000
711.000000
1008.000000
169.000000
434.000000
1319.000000
1090.000000
365.000000
230.000000
1783.000000
265.000000
519.000000
310.000000
91.000000
1635.000000
219.000000
658.000000
751.000000
318.000000
91.000000
246.000000
191.000000
143.000000
440.000000
428.000000
182.000000
130.000000
330.000000
264.000000
646.000000
329.000000
421.000000
246.000000
224.000000
569.000000
559.000000
229.000000
654.000000
1049.000000
116.000000
729.000000
552.000000
268.000000
393.000000
307.000000
566.000000
178.000000
117.000000
259.000000
1847.000000
2086.000000
701.000000
133.000000
148.000000
56.000000
869.000000
959.000000
2926.000000
2951.000000
555.000000
283.000000
477.000000
236.000000
170.000000
139.000000
958.000000
122.000000
417.000000
537.000000
1007.000000
623.000000
1278.000000
161.000000
500.000000
196.000000
75.000000
428.000000
458.000000
446.000000
274.000000
3509.000000
741.000000
347.000000
1131.000000
265.000000
159.000000
178.000000
609.000000
2176.000000
199.000000
2095.000000
473.000000
101.000000
1442.000000
629.000000
63.000000
743.000000
645.000000
97.000000
907.000000
634.000000
1044.000000
818.000000
1138.000000
177.000000
1266.000000
212.000000
206.000000
61.000000
922.000000
744.000000
583.000000
