286.000000
538.000000
626.000000
474.000000
245.000000
185.000000
1199.000000
1015.000000
536.000000
1528.000000
222.000000
169.000000
373.000000
423.000000
1249.000000
1104.000000
389.000000
218.000000
2319.000000
585.000000
193.000000
667.000000
1043.000000
786.000000
164.000000
272.000000
325.000000
645.000000
58.000000
204.000000
932.000000
925.000000
356.000000
50.000000
83.000000
125.000000
439.000000
1525.000000
542.000000
1278.000000
2366.000000
319.000000
1443.000000
115.000000
926.000000
67.000000
938.000000
513.000000
232.000000
901.000000
617.000000
455.000000
120.000000
137.000000
142.000000
247.000000
1166.000000
226.000000
476.000000
347.000000
152.000000
1531.000000
90.000000
423.000000
287.000000
215.000000
1056.000000
544.000000
335.000000
313.000000
927.000000
231.000000
300.000000
422.000000
136.000000
72.000000
94.000000
367.000000
817.000000
713.000000
806.000000
53.000000
918.000000
1092.000000
712.000000
177.000000
791.000000
357.000000
1057.000000
376.000000
2100.000000
233.000000
90.000000
403.000000
281.000000
115.000000
3739.000000
1038.000000
373.000000
150.000000
3655.000000
189.000000
238.000000
295.000000
38.000000
455.000000
422.000000
1410.000000
219.000000
62.000000
188.000000
293.000000
1001.000000
652.000000
441.000000
352.000000
274.000000
66.000000
248.000000
1258.000000
356.000000
203.000000
2393.000000
1406.000000
301.000000
546.000000
166.000000
952.000000
384.000000
496.000000
167.000000
62.000000
1121.000000
505.000000
402.000000
118.000000
511.000000
501.000000
1368.000000
777.000000
1702.000000
96.000000
1241.000000
271.000000
1505.000000
1294.000000
47.000000
25.000000
2606.000000
299.000000
498.000000
258.000000
110.000000
800.000000
762.000000
638.000000
1591.000000
361.000000
590.000000
3294.000000
3770.000000
799.000000
240.000000
785.000000
134.000000
63.000000
571.000000
640.000000
165.000000
261.000000
916.000000
446.000000
260.000000
2779.000000
2185.000000
157.000000
2691.000000
458.000000
1063.000000
286.000000
423.000000
1355.000000
78.000000
658.000000
428.000000
640.000000
528.000000
1923.000000
206.000000
1466.000000
911.000000
220.000000
330.000000
338.000000
296.000000
258.000000
144.000000
187.000000
1300.000000
173.000000
687.000000
178.000000
1645.000000
1178.000000
500.000000
261.000000
514.000000
879.000000
274.000000
1097.000000
273.000000
1166.000000
2024.000000
316.000000
579.000000
382.000000
525.000000
953.000000
641.000000
179.000000
370.000000
111.000000
283.000000
531.000000
337.000000
478.000000
447.000000
532.000000
621.000000
171.000000
1037.000000
294.000000
799.000000
120.000000
36.000000
414.000000
873.000000
396.000000
586.000000
231.000000
328.000000
682.000000
431.000000
1226.000000
281.000000
182.000000
18.000000
1293.000000
1018.000000
1866.000000
533.000000
460.000000
116.000000
284.000000
102.000000
208.000000
463.000000
1013.000000
135.000000
1258.000000
60.000000
4172.000000
256.000000
649.000000
443.000000
387.000000
233.000000
3678.000000
1467.000000
423.000000
91.000000
557.000000
390.000000
882.000000
203.000000
1368.000000
503.000000
1212.000000
2490.000000
1465.000000
577.000000
221.000000
211.000000
87.000000
106.000000
1333.000000
3567.000000
904.000000
84.000000
424.000000
65.000000
2986.000000
466.000000
346.000000
3081.000000
192.000000
478.000000
2537.000000
147.000000
368.000000
110.000000
176.000000
555.000000
153.000000
627.000000
71.000000
1386.000000
303.000000
80.000000
4332.000000
3278.000000
323.000000
358.000000
205.000000
1459.000000
423.000000
1157.000000
418.000000
322.000000
1624.000000
444.000000
517.000000
3086.000000
647.000000
29.000000
140.000000
2403.000000
1136.000000
505.000000
164.000000
1965.000000
57.000000
99.000000
346.000000
274.000000
634.000000
1851.000000
451.000000
925.000000
94.000000
325.000000
657.000000
891.000000
118.000000
987.000000
921.000000
266.000000
908.000000
489.000000
192.000000
113.000000
357.000000
309.000000
268.000000
423.000000
134.000000
215.000000
409.000000
485.000000
66.000000
70.000000
1261.000000
183.000000
153.000000
106.000000
607.000000
450.000000
1947.000000
332.000000
273.000000
89.000000
1138.000000
1051.000000
3109.000000
260.000000
577.000000
178.000000
133.000000
2612.000000
594.000000
58.000000
2828.000000
206.000000
187.000000
257.000000
637.000000
84.000000
144.000000
365.000000
343.000000
1336.000000
1628.000000
1201.000000
574.000000
165.000000
347.000000
179.000000
36.000000
356.000000
722.000000
760.000000
555.000000
1301.000000
2455.000000
226.000000
564.000000
190.000000
160.000000
427.000000
229.000000
65.000000
442.000000
552.000000
143.000000
204.000000
24.000000
356.000000
1345.000000
336.000000
628.000000
752.000000
346.000000
299.000000
493.000000
159.000000
362.000000
231.000000
774.000000
1254.000000
170.000000
339.000000
1780.000000
590.000000
309.000000
569.000000
314.000000
58.000000
757.000000
1041.000000
97.000000
559.000000
395.000000
284.000000
60.000000
603.000000
604.000000
273.000000
91.000000
424.000000
1656.000000
1301.000000
574.000000
194.000000
1321.000000
592.000000
1664.000000
399.000000
816.000000
379.000000
567.000000
116.000000
373.000000
77.000000
1235.000000
1327.000000
672.000000
639.000000
1262.000000
591.000000
79.000000
687.000000
306.000000
571.000000
688.000000
41.000000
88.000000
402.000000
57.000000
321.000000
1080.000000
358.000000
3183.000000
198.000000
300.000000
822.000000
246.000000
931.000000
157.000000
1107.000000
115.000000
840.000000
1042.000000
196.000000
780.000000
234.000000
3171.000000
1536.000000
2219.000000
412.000000
410.000000
48.000000
125.000000
234.000000
461.000000
346.000000
476.000000
297.000000
346.000000
183.000000
629.000000
1008.000000
248.000000
610.000000
421.000000
252.000000
633.000000
975.000000
128.000000
648.000000
114.000000
1376.000000
494.000000
581.000000
585.000000
95.000000
405.000000
746.000000
224.000000
971.000000
174.000000
525.000000
1110.000000
1523.000000
215.000000
243.000000
163.000000
90.000000
143.000000
1445.000000
227.000000
306.000000
60.000000
304.000000
808.000000
1371.000000
88.000000
559.000000
288.000000
464.000000
2131.000000
233.000000
513.000000
850.000000
47.000000
773.000000
131.000000
148.000000
253.000000
598.000000
561.000000
601.000000
116.000000
1687.000000
310.000000
898.000000
327.000000
354.000000
211.000000
740.000000
224.000000
320.000000
721.000000
124.000000
744.000000
341.000000
48.000000
1270.000000
695.000000
340.000000
339.000000
199.000000
404.000000
421.000000
695.000000
218.000000
2038.000000
109.000000
47.000000
383.000000
80.000000
504.000000
310.000000
342.000000
859.000000
544.000000
333.000000
532.000000
197.000000
400.000000
352.000000
894.000000
410.000000
888.000000
275.000000
1759.000000
102.000000
164.000000
315.000000
882.000000
747.000000
375.000000
372.000000
217.000000
2123.000000
315.000000
343.000000
463.000000
868.000000
441.000000
587.000000
1463.000000
3853.000000
291.000000
74.000000
597.000000
331.000000
157.000000
968.000000
346.000000
1612.000000
583.000000
51.000000
1096.000000
1083.000000
651.000000
198.000000
94.000000
889.000000
591.000000
2048.000000
278.000000
138.000000
374.000000
241.000000
377.000000
231.000000
363.000000
1790.000000
157.000000
107.000000
753.000000
132.000000
621.000000
815.000000
661.000000
533.000000
597.000000
399.000000
719.000000
247.000000
287.000000
1613.000000
2834.000000
636.000000
439.000000
558.000000
367.000000
156.000000
202.000000
611.000000
731.000000
744.000000
2019.000000
582.000000
1823.000000
829.000000
539.000000
215.000000
132.000000
569.000000
115.000000
2072.000000
242.000000
176.000000
922.000000
788.000000
1742.000000
207.000000
545.000000
1220.000000
858.000000
283.000000
308.000000
119.000000
2510.000000
1167.000000
362.000000
293.000000
501.000000
145.000000
330.000000
220.000000
137.000000
623.000000
215.000000
1502.000000
2330.000000
1548.000000
764.000000
335.000000
2530.000000
356.000000
362.000000
1258.000000
934.000000
615.000000
154.000000
246.000000
920.000000
130.000000
62.000000
2599.000000
141.000000
197.000000
1060.000000
661.000000
498.000000
210.000000
538.000000
1294.000000
2645.000000
1429.000000
242.000000
751.000000
896.000000
1034.000000
903.000000
823.000000
527.000000
439.000000
927.000000
327.000000
125.000000
119.000000
137.000000
935.000000
1893.000000
301.000000
1844.000000
171.000000
398.000000
57.000000
395.000000
85.000000
319.000000
123.000000
436.000000
837.000000
189.000000
646.000000
279.000000
262.000000
53.000000
167.000000
842.000000
1873.000000
1770.000000
1895.000000
369.000000
985.000000
69.000000
1515.000000
506.000000
2488.000000
616.000000
1059.000000
3885.000000
309.000000
383.000000
839.000000
2205.000000
640.000000
520.000000
258.000000
963.000000
372.000000
194.000000
558.000000
202.000000
1338.000000
538.000000
411.000000
466.000000
199.000000
373.000000
2745.000000
536.000000
432.000000
1996.000000
2349.000000
205.000000
1602.000000
114.000000
26.000000
487.000000
59.000000
1134.000000
671.000000
684.000000
541.000000
1970.000000
318.000000
109.000000
102.000000
1229.000000
233.000000
881.000000
174.000000
443.000000
176.000000
213.000000
373.000000
3094.000000
197.000000
1617.000000
391.000000
31.000000
382.000000
169.000000
205.000000
1683.000000
352.000000
307.000000
137.000000
85.000000
65.000000
357.000000
343.000000
494.000000
343.000000
1691.000000
635.000000
86.000000
868.000000
245.000000
239.000000
87.000000
137.000000
1587.000000
1223.000000
664.000000
684.000000
260.000000
291.000000
172.000000
659.000000
99.000000
3237.000000
389.000000
723.000000
1465.000000
15.000000
1023.000000
733.000000
553.000000
1346.000000
4489.000000
147.000000
295.000000
999.000000
1405.000000
198.000000
647.000000
491.000000
892.000000
256.000000
3871.000000
40.000000
237.000000
1310.000000
509.000000
1419.000000
526.000000
134.000000
2646.000000
499.000000
511.000000
249.000000
242.000000
150.000000
833.000000
3170.000000
129.000000
1562.000000
68.000000
397.000000
2770.000000
162.000000
1076.000000
243.000000
493.000000
805.000000
806.000000
448.000000
1646.000000
75.000000
377.000000
385.000000
896.000000
178.000000
1381.000000
550.000000
191.000000
448.000000
541.000000
435.000000
835.000000
332.000000
1934.000000
1278.000000
681.000000
1212.000000
118.000000
284.000000
73.000000
396.000000
860.000000
1424.000000
921.000000
338.000000
1394.000000
439.000000
583.000000
477.000000
563.000000
232.000000
230.000000
268.000000
159.000000
297.000000
54.000000
1229.000000
111.000000
1521.000000
205.000000
1456.000000
402.000000
1086.000000
2954.000000
54.000000
328.000000
376.000000
368.000000
127.000000
126.000000
485.000000
440.000000
1556.000000
112.000000
221.000000
185.000000
1219.000000
260.000000
318.000000
93.000000
2720.000000
258.000000
133.000000
546.000000
650.000000
474.000000
550.000000
241.000000
297.000000
33.000000
876.000000
522.000000
648.000000
179.000000
905.000000
452.000000
989.000000
1349.000000
406.000000
267.000000
414.000000
501.000000
596.000000
1989.000000
898.000000
521.000000
227.000000
394.000000
123.000000
111.000000
173.000000
1405.000000
129.000000
607.000000
177.000000
