495.000000
3724.000000
26.000000
318.000000
550.000000
912.000000
483.000000
231.000000
541.000000
526.000000
60.000000
910.000000
392.000000
777.000000
1072.000000
30.000000
510.000000
101.000000
236.000000
164.000000
495.000000
1138.000000
1090.000000
342.000000
339.000000
732.000000
130.000000
132.000000
848.000000
237.000000
990.000000
662.000000
3374.000000
1422.000000
180.000000
898.000000
454.000000
763.000000
1516.000000
293.000000
439.000000
2018.000000
435.000000
333.000000
317.000000
211.000000
856.000000
1104.000000
195.000000
111.000000
937.000000
93.000000
545.000000
236.000000
251.000000
418.000000
1043.000000
548.000000
1309.000000
1256.000000
405.000000
137.000000
149.000000
352.000000
139.000000
947.000000
817.000000
1029.000000
4147.000000
601.000000
261.000000
499.000000
427.000000
389.000000
703.000000
433.000000
78.000000
179.000000
204.000000
274.000000
185.000000
494.000000
456.000000
1454.000000
333.000000
735.000000
472.000000
970.000000
1000.000000
288.000000
936.000000
285.000000
5045.000000
864.000000
700.000000
506.000000
381.000000
597.000000
928.000000
295.000000
1104.000000
107.000000
3201.000000
36.000000
785.000000
1175.000000
154.000000
1008.000000
580.000000
6031.000000
80.000000
2044.000000
846.000000
561.000000
285.000000
296.000000
431.000000
208.000000
148.000000
1805.000000
207.000000
1028.000000
4260.000000
363.000000
430.000000
224.000000
641.000000
1653.000000
133.000000
279.000000
380.000000
29.000000
446.000000
173.000000
890.000000
491.000000
161.000000
184.000000
87.000000
154.000000
2113.000000
244.000000
104.000000
4368.000000
1254.000000
299.000000
512.000000
343.000000
185.000000
255.000000
1624.000000
462.000000
1899.000000
180.000000
20.000000
137.000000
516.000000
584.000000
662.000000
393.000000
254.000000
214.000000
91.000000
2130.000000
5656.000000
608.000000
269.000000
368.000000
279.000000
517.000000
39.000000
103.000000
250.000000
871.000000
237.000000
79.000000
1658.000000
943.000000
36.000000
141.000000
70.000000
1661.000000
1387.000000
226.000000
196.000000
640.000000
1292.000000
544.000000
131.000000
134.000000
148.000000
70.000000
140.000000
220.000000
425.000000
79.000000
140.000000
336.000000
204.000000
430.000000
221.000000
465.000000
186.000000
894.000000
279.000000
36.000000
67.000000
301.000000
615.000000
171.000000
2111.000000
162.000000
1104.000000
23.000000
35.000000
1305.000000
903.000000
302.000000
259.000000
515.000000
1726.000000
168.000000
367.000000
139.000000
1222.000000
475.000000
760.000000
1921.000000
392.000000
1690.000000
1515.000000
601.000000
882.000000
620.000000
208.000000
2368.000000
1201.000000
1903.000000
744.000000
407.000000
760.000000
684.000000
212.000000
1092.000000
1108.000000
327.000000
196.000000
690.000000
539.000000
360.000000
1643.000000
147.000000
783.000000
662.000000
1366.000000
125.000000
538.000000
128.000000
153.000000
762.000000
171.000000
125.000000
611.000000
883.000000
1579.000000
255.000000
2598.000000
829.000000
462.000000
795.000000
379.000000
215.000000
170.000000
216.000000
949.000000
569.000000
776.000000
1355.000000
153.000000
1335.000000
1657.000000
210.000000
408.000000
592.000000
1516.000000
1073.000000
270.000000
1925.000000
153.000000
428.000000
1657.000000
442.000000
96.000000
944.000000
674.000000
172.000000
418.000000
154.000000
217.000000
420.000000
670.000000
369.000000
3231.000000
790.000000
444.000000
361.000000
652.000000
684.000000
500.000000
171.000000
950.000000
521.000000
428.000000
2415.000000
1598.000000
929.000000
139.000000
297.000000
279.000000
117.000000
25.000000
167.000000
515.000000
488.000000
542.000000
177.000000
681.000000
910.000000
428.000000
168.000000
49.000000
344.000000
714.000000
83.000000
468.000000
335.000000
635.000000
2411.000000
96.000000
3689.000000
106.000000
119.000000
50.000000
127.000000
152.000000
229.000000
1006.000000
40.000000
795.000000
490.000000
1231.000000
1497.000000
674.000000
142.000000
470.000000
220.000000
139.000000
637.000000
680.000000
1349.000000
453.000000
247.000000
543.000000
954.000000
290.000000
1076.000000
221.000000
516.000000
1415.000000
333.000000
399.000000
887.000000
2725.000000
87.000000
971.000000
5350.000000
153.000000
143.000000
345.000000
142.000000
101.000000
35.000000
659.000000
178.000000
590.000000
490.000000
503.000000
309.000000
576.000000
231.000000
218.000000
206.000000
876.000000
208.000000
842.000000
149.000000
670.000000
128.000000
91.000000
1567.000000
166.000000
419.000000
357.000000
98.000000
212.000000
190.000000
750.000000
92.000000
582.000000
499.000000
168.000000
493.000000
314.000000
142.000000
603.000000
69.000000
2414.000000
254.000000
418.000000
178.000000
259.000000
294.000000
1606.000000
261.000000
139.000000
121.000000
257.000000
348.000000
1268.000000
58.000000
1002.000000
193.000000
1475.000000
122.000000
293.000000
75.000000
547.000000
465.000000
767.000000
388.000000
251.000000
288.000000
101.000000
454.000000
241.000000
155.000000
569.000000
1158.000000
431.000000
222.000000
237.000000
153.000000
186.000000
909.000000
575.000000
574.000000
1603.000000
498.000000
122.000000
237.000000
466.000000
2081.000000
572.000000
493.000000
1059.000000
142.000000
184.000000
133.000000
498.000000
1888.000000
205.000000
516.000000
456.000000
538.000000
147.000000
41.000000
2360.000000
344.000000
304.000000
928.000000
176.000000
1140.000000
360.000000
105.000000
917.000000
1053.000000
133.000000
147.000000
2091.000000
65.000000
772.000000
307.000000
436.000000
5802.000000
2801.000000
441.000000
2726.000000
516.000000
1377.000000
486.000000
237.000000
1147.000000
144.000000
448.000000
59.000000
1648.000000
355.000000
12265.000000
171.000000
767.000000
312.000000
248.000000
113.000000
217.000000
120.000000
256.000000
444.000000
1084.000000
401.000000
113.000000
300.000000
1114.000000
82.000000
3042.000000
203.000000
488.000000
220.000000
1138.000000
1275.000000
396.000000
372.000000
375.000000
928.000000
61.000000
237.000000
814.000000
355.000000
178.000000
1230.000000
640.000000
964.000000
797.000000
2413.000000
1587.000000
28.000000
769.000000
328.000000
281.000000
232.000000
2054.000000
160.000000
274.000000
1045.000000
311.000000
72.000000
469.000000
1406.000000
146.000000
134.000000
275.000000
1188.000000
376.000000
135.000000
442.000000
146.000000
49.000000
107.000000
443.000000
153.000000
696.000000
167.000000
686.000000
166.000000
1186.000000
110.000000
968.000000
127.000000
119.000000
492.000000
185.000000
255.000000
1051.000000
268.000000
599.000000
1300.000000
3419.000000
462.000000
174.000000
35.000000
516.000000
1212.000000
258.000000
207.000000
1059.000000
31.000000
122.000000
332.000000
930.000000
77.000000
898.000000
593.000000
350.000000
282.000000
759.000000
2229.000000
434.000000
909.000000
1369.000000
198.000000
255.000000
506.000000
514.000000
223.000000
495.000000
114.000000
82.000000
405.000000
1734.000000
677.000000
420.000000
641.000000
383.000000
175.000000
909.000000
1197.000000
609.000000
650.000000
489.000000
121.000000
440.000000
424.000000
147.000000
119.000000
878.000000
706.000000
726.000000
983.000000
692.000000
2813.000000
382.000000
1101.000000
204.000000
829.000000
45.000000
203.000000
191.000000
443.000000
448.000000
417.000000
169.000000
1032.000000
811.000000
94.000000
449.000000
2186.000000
213.000000
135.000000
662.000000
208.000000
154.000000
886.000000
192.000000
263.000000
667.000000
100.000000
584.000000
286.000000
335.000000
320.000000
186.000000
1144.000000
314.000000
741.000000
449.000000
86.000000
515.000000
897.000000
2224.000000
255.000000
1479.000000
219.000000
456.000000
130.000000
496.000000
2751.000000
101.000000
90.000000
1307.000000
1286.000000
668.000000
174.000000
270.000000
791.000000
1304.000000
169.000000
497.000000
795.000000
187.000000
568.000000
1671.000000
185.000000
140.000000
189.000000
1235.000000
1427.000000
553.000000
311.000000
235.000000
177.000000
403.000000
266.000000
4433.000000
721.000000
500.000000
475.000000
65.000000
1341.000000
498.000000
525.000000
415.000000
217.000000
278.000000
120.000000
273.000000
25.000000
521.000000
152.000000
2238.000000
288.000000
83.000000
222.000000
216.000000
2018.000000
237.000000
381.000000
1150.000000
281.000000
553.000000
555.000000
2819.000000
559.000000
1160.000000
2270.000000
203.000000
108.000000
441.000000
397.000000
151.000000
218.000000
451.000000
1632.000000
483.000000
470.000000
43.000000
505.000000
98.000000
817.000000
131.000000
1244.000000
302.000000
70.000000
1095.000000
331.000000
58.000000
658.000000
653.000000
241.000000
406.000000
423.000000
411.000000
24.000000
131.000000
309.000000
687.000000
350.000000
379.000000
467.000000
117.000000
1068.000000
224.000000
726.000000
449.000000
556.000000
354.000000
106.000000
478.000000
1085.000000
543.000000
580.000000
120.000000
303.000000
779.000000
1501.000000
239.000000
34.000000
61.000000
806.000000
1167.000000
723.000000
106.000000
181.000000
453.000000
92.000000
281.000000
116.000000
3648.000000
1597.000000
457.000000
600.000000
39.000000
388.000000
341.000000
383.000000
61.000000
1022.000000
320.000000
282.000000
446.000000
1372.000000
219.000000
503.000000
168.000000
360.000000
2306.000000
987.000000
159.000000
739.000000
240.000000
708.000000
92.000000
168.000000
277.000000
238.000000
97.000000
110.000000
269.000000
1814.000000
205.000000
1883.000000
463.000000
43.000000
620.000000
977.000000
327.000000
668.000000
286.000000
234.000000
692.000000
144.000000
813.000000
2558.000000
249.000000
301.000000
1080.000000
80.000000
2551.000000
300.000000
2776.000000
1105.000000
49.000000
1367.000000
663.000000
106.000000
234.000000
478.000000
159.000000
1018.000000
317.000000
1575.000000
638.000000
199.000000
154.000000
2551.000000
218.000000
984.000000
272.000000
276.000000
193.000000
3765.000000
987.000000
230.000000
425.000000
160.000000
170.000000
491.000000
167.000000
97.000000
1205.000000
193.000000
1558.000000
85.000000
163.000000
425.000000
1102.000000
763.000000
129.000000
1052.000000
197.000000
474.000000
1041.000000
244.000000
658.000000
1907.000000
453.000000
60.000000
1086.000000
1681.000000
51.000000
226.000000
4338.000000
103.000000
218.000000
192.000000
180.000000
1324.000000
264.000000
134.000000
70.000000
161.000000
810.000000
92.000000
641.000000
92.000000
838.000000
273.000000
252.000000
377.000000
838.000000
1533.000000
3083.000000
284.000000
186.000000
1513.000000
568.000000
174.000000
27.000000
256.000000
519.000000
1119.000000
940.000000
598.000000
391.000000
91.000000
88.000000
764.000000
232.000000
331.000000
336.000000
524.000000
2259.000000
325.000000
87.000000
241.000000
407.000000
477.000000
586.000000
276.000000
46.000000
843.000000
1042.000000
2286.000000
742.000000
652.000000
76.000000
908.000000
184.000000
785.000000
516.000000
146.000000
217.000000
247.000000
355.000000
153.000000
805.000000
1441.000000
194.000000
65.000000
1221.000000
400.000000
200.000000
500.000000
583.000000
575.000000
539.000000
1019.000000
2522.000000
396.000000
1637.000000
97.000000
119.000000
416.000000
274.000000
515.000000
101.000000
210.000000
469.000000
755.000000
90.000000
142.000000
532.000000
