348.000000
485.000000
392.000000
134.000000
600.000000
164.000000
711.000000
548.000000
512.000000
214.000000
251.000000
938.000000
585.000000
306.000000
616.000000
162.000000
58.000000
234.000000
1486.000000
1257.000000
3073.000000
97.000000
101.000000
385.000000
360.000000
419.000000
1073.000000
241.000000
370.000000
733.000000
651.000000
296.000000
181.000000
108.000000
589.000000
123.000000
412.000000
3463.000000
110.000000
104.000000
685.000000
145.000000
937.000000
2858.000000
297.000000
322.000000
1371.000000
53.000000
87.000000
186.000000
453.000000
456.000000
411.000000
626.000000
989.000000
26.000000
477.000000
221.000000
251.000000
312.000000
462.000000
488.000000
86.000000
844.000000
1329.000000
891.000000
1293.000000
355.000000
126.000000
290.000000
1771.000000
442.000000
205.000000
149.000000
207.000000
182.000000
952.000000
478.000000
932.000000
279.000000
2043.000000
1616.000000
996.000000
255.000000
189.000000
254.000000
284.000000
414.000000
173.000000
254.000000
670.000000
623.000000
394.000000
418.000000
2003.000000
581.000000
190.000000
695.000000
117.000000
89.000000
353.000000
219.000000
1967.000000
1181.000000
412.000000
725.000000
1086.000000
257.000000
536.000000
417.000000
1179.000000
830.000000
316.000000
1715.000000
790.000000
233.000000
467.000000
270.000000
222.000000
250.000000
166.000000
209.000000
412.000000
509.000000
236.000000
624.000000
205.000000
531.000000
130.000000
128.000000
270.000000
157.000000
70.000000
107.000000
599.000000
320.000000
147.000000
119.000000
337.000000
963.000000
135.000000
55.000000
393.000000
331.000000
819.000000
1202.000000
383.000000
351.000000
504.000000
82.000000
558.000000
185.000000
1009.000000
532.000000
283.000000
183.000000
163.000000
780.000000
469.000000
1984.000000
385.000000
69.000000
177.000000
91.000000
421.000000
1222.000000
1052.000000
263.000000
15.000000
513.000000
487.000000
144.000000
187.000000
900.000000
524.000000
949.000000
885.000000
177.000000
896.000000
1283.000000
202.000000
721.000000
645.000000
74.000000
459.000000
1619.000000
1010.000000
254.000000
235.000000
100.000000
182.000000
211.000000
934.000000
209.000000
244.000000
796.000000
106.000000
32.000000
1169.000000
376.000000
122.000000
481.000000
651.000000
737.000000
594.000000
192.000000
52.000000
1486.000000
285.000000
1867.000000
403.000000
496.000000
517.000000
119.000000
117.000000
212.000000
1035.000000
603.000000
198.000000
614.000000
475.000000
601.000000
1265.000000
376.000000
131.000000
79.000000
662.000000
1014.000000
330.000000
1043.000000
1622.000000
1820.000000
346.000000
1258.000000
499.000000
473.000000
1236.000000
1208.000000
479.000000
376.000000
398.000000
1410.000000
1056.000000
591.000000
306.000000
66.000000
111.000000
326.000000
572.000000
62.000000
212.000000
101.000000
757.000000
251.000000
801.000000
884.000000
528.000000
1390.000000
735.000000
565.000000
296.000000
226.000000
2894.000000
668.000000
384.000000
264.000000
572.000000
667.000000
194.000000
155.000000
731.000000
412.000000
303.000000
402.000000
305.000000
1852.000000
958.000000
2134.000000
1009.000000
3840.000000
206.000000
107.000000
675.000000
183.000000
964.000000
148.000000
1270.000000
753.000000
558.000000
701.000000
159.000000
351.000000
289.000000
598.000000
479.000000
373.000000
251.000000
375.000000
670.000000
588.000000
677.000000
786.000000
1286.000000
126.000000
24.000000
248.000000
460.000000
1035.000000
259.000000
899.000000
632.000000
302.000000
343.000000
380.000000
1452.000000
519.000000
189.000000
910.000000
678.000000
492.000000
335.000000
58.000000
118.000000
198.000000
474.000000
1733.000000
285.000000
74.000000
209.000000
1513.000000
1314.000000
480.000000
179.000000
428.000000
644.000000
275.000000
89.000000
110.000000
308.000000
150.000000
1074.000000
699.000000
213.000000
268.000000
541.000000
211.000000
820.000000
123.000000
1780.000000
1197.000000
1854.000000
476.000000
283.000000
388.000000
1549.000000
973.000000
94.000000
455.000000
491.000000
314.000000
257.000000
125.000000
609.000000
533.000000
424.000000
412.000000
308.000000
241.000000
393.000000
281.000000
1094.000000
88.000000
425.000000
319.000000
55.000000
343.000000
129.000000
404.000000
491.000000
416.000000
138.000000
1094.000000
509.000000
100.000000
2170.000000
191.000000
322.000000
3885.000000
262.000000
262.000000
107.000000
493.000000
653.000000
159.000000
2950.000000
507.000000
617.000000
534.000000
726.000000
546.000000
502.000000
252.000000
215.000000
135.000000
420.000000
2270.000000
89.000000
265.000000
72.000000
754.000000
514.000000
779.000000
567.000000
440.000000
4012.000000
945.000000
507.000000
334.000000
532.000000
538.000000
326.000000
2242.000000
252.000000
1378.000000
643.000000
2031.000000
487.000000
2009.000000
165.000000
207.000000
224.000000
257.000000
484.000000
266.000000
368.000000
124.000000
776.000000
1710.000000
936.000000
1137.000000
263.000000
109.000000
243.000000
88.000000
1434.000000
385.000000
64.000000
568.000000
406.000000
236.000000
1754.000000
3916.000000
219.000000
153.000000
1708.000000
666.000000
114.000000
212.000000
186.000000
957.000000
1100.000000
344.000000
519.000000
277.000000
98.000000
259.000000
175.000000
216.000000
479.000000
1302.000000
231.000000
1159.000000
168.000000
637.000000
670.000000
693.000000
580.000000
383.000000
2251.000000
159.000000
1270.000000
109.000000
169.000000
240.000000
733.000000
1122.000000
397.000000
267.000000
132.000000
426.000000
276.000000
492.000000
98.000000
235.000000
164.000000
1118.000000
121.000000
608.000000
217.000000
198.000000
242.000000
37.000000
557.000000
486.000000
319.000000
105.000000
279.000000
131.000000
100.000000
369.000000
421.000000
193.000000
216.000000
180.000000
335.000000
347.000000
1526.000000
192.000000
2016.000000
110.000000
238.000000
892.000000
1530.000000
525.000000
393.000000
1570.000000
398.000000
143.000000
436.000000
64.000000
162.000000
170.000000
179.000000
177.000000
573.000000
891.000000
532.000000
250.000000
218.000000
454.000000
221.000000
3194.000000
10546.000000
529.000000
319.000000
380.000000
505.000000
51.000000
434.000000
1127.000000
858.000000
220.000000
4697.000000
22.000000
1469.000000
1350.000000
215.000000
556.000000
179.000000
829.000000
36.000000
88.000000
236.000000
351.000000
349.000000
197.000000
243.000000
190.000000
281.000000
909.000000
21.000000
71.000000
515.000000
277.000000
478.000000
590.000000
1853.000000
239.000000
78.000000
562.000000
2597.000000
96.000000
519.000000
3225.000000
106.000000
151.000000
386.000000
388.000000
1592.000000
574.000000
1154.000000
188.000000
847.000000
258.000000
74.000000
127.000000
488.000000
2770.000000
500.000000
623.000000
18.000000
60.000000
360.000000
521.000000
596.000000
102.000000
4853.000000
3792.000000
479.000000
462.000000
784.000000
288.000000
269.000000
147.000000
629.000000
260.000000
91.000000
4498.000000
1508.000000
285.000000
126.000000
477.000000
86.000000
225.000000
1640.000000
843.000000
178.000000
117.000000
646.000000
1591.000000
296.000000
865.000000
434.000000
524.000000
207.000000
1030.000000
332.000000
95.000000
213.000000
2535.000000
248.000000
43.000000
373.000000
189.000000
1007.000000
680.000000
89.000000
178.000000
574.000000
2023.000000
599.000000
471.000000
1005.000000
1137.000000
2389.000000
1489.000000
155.000000
81.000000
246.000000
323.000000
1389.000000
529.000000
114.000000
344.000000
3124.000000
226.000000
186.000000
275.000000
264.000000
644.000000
467.000000
286.000000
63.000000
301.000000
640.000000
324.000000
445.000000
672.000000
239.000000
140.000000
606.000000
403.000000
1312.000000
131.000000
177.000000
341.000000
141.000000
395.000000
566.000000
369.000000
105.000000
535.000000
176.000000
964.000000
483.000000
298.000000
489.000000
319.000000
802.000000
122.000000
1894.000000
251.000000
2108.000000
523.000000
1205.000000
538.000000
289.000000
261.000000
627.000000
4426.000000
617.000000
2100.000000
233.000000
665.000000
440.000000
108.000000
577.000000
266.000000
849.000000
392.000000
1054.000000
338.000000
594.000000
540.000000
2176.000000
35.000000
205.000000
1796.000000
258.000000
108.000000
969.000000
4500.000000
781.000000
830.000000
686.000000
143.000000
1115.000000
203.000000
277.000000
256.000000
1178.000000
929.000000
222.000000
295.000000
132.000000
1927.000000
121.000000
626.000000
81.000000
359.000000
106.000000
1581.000000
543.000000
52.000000
118.000000
310.000000
41.000000
447.000000
684.000000
330.000000
255.000000
1162.000000
195.000000
136.000000
461.000000
287.000000
185.000000
333.000000
1973.000000
846.000000
858.000000
548.000000
82.000000
2788.000000
146.000000
123.000000
259.000000
693.000000
279.000000
578.000000
124.000000
1159.000000
489.000000
646.000000
559.000000
489.000000
317.000000
76.000000
298.000000
797.000000
801.000000
455.000000
115.000000
521.000000
2761.000000
499.000000
806.000000
395.000000
1147.000000
533.000000
194.000000
3255.000000
160.000000
133.000000
866.000000
432.000000
155.000000
406.000000
1477.000000
139.000000
1098.000000
160.000000
641.000000
412.000000
354.000000
307.000000
83.000000
365.000000
204.000000
383.000000
1009.000000
305.000000
80.000000
4088.000000
163.000000
903.000000
805.000000
535.000000
484.000000
50.000000
175.000000
457.000000
2082.000000
565.000000
82.000000
556.000000
225.000000
253.000000
361.000000
377.000000
734.000000
698.000000
457.000000
143.000000
379.000000
856.000000
88.000000
724.000000
767.000000
583.000000
308.000000
456.000000
73.000000
581.000000
132.000000
124.000000
109.000000
218.000000
959.000000
270.000000
573.000000
40.000000
6202.000000
1646.000000
358.000000
573.000000
1382.000000
501.000000
100.000000
375.000000
226.000000
2594.000000
28.000000
604.000000
749.000000
2239.000000
897.000000
110.000000
124.000000
296.000000
282.000000
364.000000
270.000000
36.000000
1584.000000
98.000000
1309.000000
141.000000
859.000000
1195.000000
47.000000
4174.000000
535.000000
126.000000
148.000000
357.000000
173.000000
3694.000000
251.000000
777.000000
525.000000
441.000000
368.000000
190.000000
6092.000000
348.000000
1066.000000
730.000000
837.000000
165.000000
1164.000000
799.000000
255.000000
1764.000000
180.000000
353.000000
584.000000
99.000000
129.000000
593.000000
641.000000
741.000000
202.000000
409.000000
120.000000
458.000000
3852.000000
246.000000
522.000000
638.000000
243.000000
3632.000000
807.000000
486.000000
272.000000
459.000000
332.000000
1593.000000
1027.000000
130.000000
565.000000
814.000000
111.000000
298.000000
149.000000
1647.000000
714.000000
85.000000
2080.000000
270.000000
1076.000000
107.000000
211.000000
177.000000
1086.000000
137.000000
66.000000
184.000000
296.000000
726.000000
285.000000
1142.000000
140.000000
751.000000
976.000000
167.000000
1559.000000
158.000000
129.000000
283.000000
337.000000
1298.000000
1223.000000
223.000000
557.000000
117.000000
1148.000000
2801.000000
110.000000
4189.000000
1124.000000
741.000000
1600.000000
1291.000000
44.000000
684.000000
7560.000000
1433.000000
353.000000
510.000000
148.000000
309.000000
551.000000
373.000000
177.000000
256.000000
348.000000
485.000000
1118.000000
215.000000
