200.000000
958.000000
401.000000
162.000000
190.000000
2142.000000
485.000000
513.000000
1743.000000
953.000000
816.000000
606.000000
554.000000
236.000000
232.000000
172.000000
2291.000000
637.000000
47.000000
1291.000000
184.000000
187.000000
672.000000
166.000000
138.000000
1642.000000
288.000000
636.000000
445.000000
152.000000
351.000000
261.000000
171.000000
161.000000
1772.000000
1251.000000
325.000000
1417.000000
248.000000
39.000000
87.000000
493.000000
92.000000
166.000000
415.000000
461.000000
189.000000
406.000000
161.000000
1090.000000
731.000000
307.000000
687.000000
422.000000
320.000000
330.000000
366.000000
242.000000
453.000000
126.000000
497.000000
1226.000000
195.000000
290.000000
1069.000000
780.000000
336.000000
4102.000000
151.000000
224.000000
218.000000
201.000000
470.000000
165.000000
240.000000
220.000000
710.000000
124.000000
109.000000
673.000000
132.000000
30.000000
776.000000
1932.000000
570.000000
1740.000000
352.000000
882.000000
815.000000
189.000000
62.000000
206.000000
719.000000
2525.000000
733.000000
209.000000
909.000000
1106.000000
1807.000000
387.000000
204.000000
135.000000
1281.000000
146.000000
751.000000
668.000000
502.000000
248.000000
192.000000
185.000000
2164.000000
147.000000
253.000000
973.000000
264.000000
185.000000
565.000000
83.000000
375.000000
1423.000000
808.000000
92.000000
1362.000000
4631.000000
221.000000
376.000000
174.000000
383.000000
305.000000
119.000000
476.000000
50.000000
149.000000
186.000000
1345.000000
1472.000000
102.000000
141.000000
169.000000
1126.000000
181.000000
336.000000
86.000000
168.000000
590.000000
969.000000
174.000000
491.000000
469.000000
251.000000
3072.000000
966.000000
305.000000
159.000000
380.000000
993.000000
327.000000
372.000000
111.000000
522.000000
453.000000
460.000000
130.000000
1355.000000
280.000000
2737.000000
1119.000000
672.000000
456.000000
1803.000000
401.000000
130.000000
437.000000
347.000000
146.000000
618.000000
369.000000
137.000000
1216.000000
152.000000
89.000000
49.000000
2123.000000
265.000000
298.000000
155.000000
641.000000
216.000000
154.000000
1152.000000
1032.000000
322.000000
241.000000
129.000000
869.000000
429.000000
58.000000
924.000000
446.000000
176.000000
58.000000
531.000000
415.000000
217.000000
1543.000000
318.000000
548.000000
736.000000
1840.000000
331.000000
528.000000
284.000000
3323.000000
724.000000
24.000000
180.000000
224.000000
810.000000
1451.000000
163.000000
134.000000
427.000000
100.000000
257.000000
1085.000000
848.000000
301.000000
904.000000
171.000000
58.000000
2290.000000
385.000000
360.000000
1522.000000
660.000000
2126.000000
391.000000
455.000000
471.000000
3019.000000
1708.000000
440.000000
879.000000
549.000000
1365.000000
467.000000
276.000000
396.000000
28.000000
856.000000
489.000000
71.000000
92.000000
660.000000
782.000000
1526.000000
63.000000
305.000000
870.000000
120.000000
486.000000
249.000000
616.000000
590.000000
70.000000
955.000000
909.000000
801.000000
242.000000
49.000000
166.000000
256.000000
825.000000
73.000000
486.000000
1380.000000
482.000000
812.000000
943.000000
825.000000
80.000000
223.000000
444.000000
67.000000
576.000000
134.000000
369.000000
202.000000
363.000000
337.000000
687.000000
657.000000
688.000000
2038.000000
3870.000000
499.000000
188.000000
1606.000000
729.000000
386.000000
383.000000
119.000000
145.000000
955.000000
1181.000000
1610.000000
185.000000
123.000000
756.000000
2341.000000
355.000000
673.000000
152.000000
114.000000
683.000000
512.000000
934.000000
1069.000000
950.000000
224.000000
108.000000
301.000000
757.000000
1530.000000
253.000000
1085.000000
611.000000
184.000000
2337.000000
446.000000
452.000000
530.000000
66.000000
2745.000000
402.000000
27.000000
160.000000
316.000000
247.000000
941.000000
664.000000
89.000000
266.000000
279.000000
2449.000000
317.000000
112.000000
815.000000
251.000000
636.000000
313.000000
152.000000
1329.000000
203.000000
369.000000
1263.000000
632.000000
398.000000
633.000000
546.000000
1858.000000
551.000000
1058.000000
41.000000
403.000000
1305.000000
123.000000
1618.000000
1034.000000
1117.000000
74.000000
224.000000
610.000000
733.000000
382.000000
872.000000
333.000000
1159.000000
976.000000
489.000000
1001.000000
1919.000000
292.000000
336.000000
2544.000000
296.000000
124.000000
330.000000
195.000000
974.000000
2904.000000
533.000000
39.000000
758.000000
956.000000
841.000000
143.000000
608.000000
296.000000
2663.000000
1495.000000
534.000000
161.000000
1358.000000
890.000000
229.000000
199.000000
653.000000
3694.000000
289.000000
560.000000
88.000000
423.000000
289.000000
508.000000
134.000000
158.000000
1421.000000
312.000000
4231.000000
154.000000
94.000000
1620.000000
182.000000
576.000000
378.000000
304.000000
309.000000
3659.000000
645.000000
555.000000
256.000000
452.000000
718.000000
545.000000
395.000000
1982.000000
675.000000
256.000000
222.000000
1995.000000
75.000000
485.000000
373.000000
229.000000
177.000000
990.000000
2052.000000
194.000000
3194.000000
589.000000
1315.000000
988.000000
186.000000
386.000000
123.000000
4138.000000
825.000000
444.000000
150.000000
537.000000
815.000000
633.000000
1282.000000
574.000000
703.000000
340.000000
328.000000
212.000000
591.000000
203.000000
4196.000000
320.000000
244.000000
137.000000
1491.000000
53.000000
2766.000000
1174.000000
125.000000
403.000000
853.000000
60.000000
472.000000
3138.000000
380.000000
328.000000
371.000000
225.000000
375.000000
426.000000
241.000000
115.000000
258.000000
1810.000000
1119.000000
105.000000
984.000000
1080.000000
342.000000
738.000000
740.000000
283.000000
1334.000000
85.000000
705.000000
311.000000
183.000000
496.000000
289.000000
331.000000
444.000000
274.000000
360.000000
459.000000
696.000000
285.000000
73.000000
96.000000
973.000000
111.000000
283.000000
128.000000
249.000000
1655.000000
829.000000
3915.000000
449.000000
637.000000
477.000000
20262.000000
219.000000
397.000000
1445.000000
116.000000
293.000000
959.000000
1708.000000
114.000000
128.000000
853.000000
767.000000
1903.000000
1182.000000
73.000000
438.000000
211.000000
1853.000000
733.000000
753.000000
2606.000000
273.000000
259.000000
411.000000
931.000000
599.000000
253.000000
200.000000
1143.000000
198.000000
236.000000
1008.000000
112.000000
197.000000
141.000000
511.000000
471.000000
391.000000
41.000000
132.000000
47.000000
844.000000
983.000000
130.000000
931.000000
102.000000
484.000000
156.000000
905.000000
653.000000
346.000000
82.000000
459.000000
386.000000
797.000000
195.000000
279.000000
542.000000
550.000000
3324.000000
1170.000000
1059.000000
1422.000000
637.000000
702.000000
292.000000
288.000000
161.000000
1171.000000
55.000000
2685.000000
1205.000000
238.000000
2323.000000
605.000000
108.000000
290.000000
688.000000
748.000000
325.000000
1470.000000
235.000000
888.000000
187.000000
1421.000000
591.000000
1358.000000
164.000000
1352.000000
35.000000
294.000000
456.000000
119.000000
221.000000
562.000000
1201.000000
236.000000
268.000000
389.000000
96.000000
380.000000
96.000000
595.000000
302.000000
233.000000
549.000000
76.000000
198.000000
673.000000
602.000000
591.000000
282.000000
73.000000
329.000000
762.000000
448.000000
1518.000000
645.000000
407.000000
566.000000
172.000000
356.000000
430.000000
619.000000
106.000000
1077.000000
115.000000
153.000000
120.000000
993.000000
106.000000
1112.000000
508.000000
5713.000000
1955.000000
1225.000000
360.000000
73.000000
1176.000000
80.000000
77.000000
861.000000
291.000000
692.000000
172.000000
910.000000
2979.000000
283.000000
1651.000000
91.000000
81.000000
425.000000
536.000000
103.000000
1135.000000
448.000000
1722.000000
146.000000
322.000000
376.000000
77.000000
889.000000
309.000000
141.000000
31.000000
207.000000
110.000000
124.000000
279.000000
743.000000
449.000000
311.000000
381.000000
270.000000
569.000000
445.000000
570.000000
339.000000
337.000000
270.000000
482.000000
176.000000
2057.000000
226.000000
85.000000
2956.000000
220.000000
1225.000000
1097.000000
227.000000
705.000000
259.000000
1704.000000
257.000000
65.000000
326.000000
258.000000
140.000000
399.000000
645.000000
311.000000
633.000000
229.000000
39.000000
172.000000
501.000000
740.000000
183.000000
1098.000000
524.000000
23.000000
545.000000
272.000000
1035.000000
390.000000
231.000000
625.000000
707.000000
295.000000
387.000000
583.000000
467.000000
416.000000
179.000000
1969.000000
225.000000
1796.000000
474.000000
572.000000
115.000000
288.000000
137.000000
1078.000000
599.000000
3474.000000
1403.000000
1166.000000
1680.000000
359.000000
882.000000
855.000000
206.000000
221.000000
804.000000
1722.000000
155.000000
1136.000000
148.000000
1508.000000
2137.000000
1855.000000
289.000000
715.000000
903.000000
113.000000
282.000000
232.000000
799.000000
193.000000
266.000000
717.000000
208.000000
162.000000
994.000000
171.000000
107.000000
403.000000
268.000000
341.000000
315.000000
160.000000
335.000000
78.000000
480.000000
459.000000
333.000000
279.000000
423.000000
302.000000
542.000000
199.000000
986.000000
48.000000
1190.000000
311.000000
84.000000
256.000000
188.000000
476.000000
406.000000
1082.000000
94.000000
270.000000
692.000000
539.000000
107.000000
333.000000
217.000000
809.000000
248.000000
573.000000
468.000000
217.000000
867.000000
328.000000
312.000000
1311.000000
873.000000
187.000000
2987.000000
409.000000
98.000000
151.000000
402.000000
246.000000
882.000000
174.000000
398.000000
916.000000
251.000000
437.000000
772.000000
68.000000
1023.000000
904.000000
86.000000
76.000000
369.000000
54.000000
397.000000
641.000000
817.000000
294.000000
640.000000
1355.000000
196.000000
104.000000
634.000000
180.000000
317.000000
620.000000
980.000000
167.000000
87.000000
924.000000
345.000000
117.000000
459.000000
144.000000
426.000000
303.000000
235.000000
1872.000000
1421.000000
1134.000000
280.000000
109.000000
2902.000000
1137.000000
59.000000
124.000000
955.000000
159.000000
435.000000
269.000000
375.000000
43.000000
901.000000
812.000000
124.000000
135.000000
166.000000
498.000000
1795.000000
1914.000000
748.000000
564.000000
154.000000
627.000000
317.000000
2804.000000
765.000000
189.000000
291.000000
1400.000000
380.000000
265.000000
594.000000
134.000000
659.000000
1119.000000
605.000000
3027.000000
362.000000
515.000000
360.000000
310.000000
202.000000
399.000000
682.000000
894.000000
609.000000
203.000000
112.000000
95.000000
561.000000
785.000000
2270.000000
305.000000
433.000000
1398.000000
475.000000
133.000000
661.000000
2024.000000
406.000000
321.000000
824.000000
588.000000
1514.000000
448.000000
56.000000
105.000000
251.000000
862.000000
121.000000
569.000000
691.000000
246.000000
852.000000
1706.000000
1687.000000
875.000000
49.000000
509.000000
528.000000
145.000000
264.000000
288.000000
706.000000
110.000000
628.000000
321.000000
1201.000000
74.000000
184.000000
840.000000
586.000000
672.000000
862.000000
298.000000
516.000000
160.000000
208.000000
1043.000000
542.000000
422.000000
492.000000
250.000000
153.000000
244.000000
1715.000000
489.000000
72.000000
101.000000
344.000000
771.000000
141.000000
274.000000
266.000000
