1176.000000
81.000000
146.000000
685.000000
155.000000
253.000000
256.000000
174.000000
129.000000
521.000000
1421.000000
483.000000
1377.000000
343.000000
90.000000
206.000000
366.000000
111.000000
421.000000
586.000000
987.000000
184.000000
964.000000
73.000000
296.000000
165.000000
230.000000
886.000000
366.000000
273.000000
411.000000
95.000000
245.000000
191.000000
218.000000
1115.000000
159.000000
1405.000000
517.000000
224.000000
210.000000
1222.000000
1032.000000
1134.000000
1914.000000
88.000000
201.000000
699.000000
372.000000
1316.000000
1925.000000
510.000000
304.000000
1168.000000
906.000000
537.000000
403.000000
101.000000
157.000000
101.000000
347.000000
1725.000000
75.000000
38.000000
226.000000
354.000000
99.000000
3335.000000
1033.000000
355.000000
150.000000
2374.000000
226.000000
1055.000000
20.000000
340.000000
258.000000
1259.000000
776.000000
1004.000000
150.000000
484.000000
204.000000
522.000000
485.000000
527.000000
166.000000
1076.000000
1129.000000
298.000000
1027.000000
179.000000
898.000000
274.000000
161.000000
106.000000
87.000000
1006.000000
31.000000
1024.000000
484.000000
235.000000
196.000000
57.000000
106.000000
457.000000
197.000000
243.000000
174.000000
531.000000
428.000000
574.000000
1111.000000
238.000000
2061.000000
382.000000
192.000000
3147.000000
1895.000000
1347.000000
105.000000
761.000000
207.000000
268.000000
186.000000
177.000000
782.000000
340.000000
301.000000
88.000000
512.000000
237.000000
255.000000
835.000000
263.000000
163.000000
173.000000
815.000000
50.000000
508.000000
80.000000
441.000000
219.000000
2178.000000
182.000000
383.000000
460.000000
2677.000000
2464.000000
478.000000
238.000000
444.000000
213.000000
302.000000
250.000000
59.000000
138.000000
372.000000
691.000000
395.000000
290.000000
200.000000
222.000000
49.000000
91.000000
565.000000
989.000000
159.000000
1224.000000
566.000000
362.000000
409.000000
562.000000
206.000000
559.000000
746.000000
420.000000
214.000000
514.000000
394.000000
562.000000
814.000000
437.000000
2871.000000
1087.000000
564.000000
127.000000
284.000000
224.000000
155.000000
386.000000
264.000000
350.000000
348.000000
125.000000
85.000000
1150.000000
1239.000000
433.000000
633.000000
62.000000
324.000000
140.000000
50.000000
124.000000
539.000000
199.000000
243.000000
427.000000
965.000000
148.000000
127.000000
370.000000
1017.000000
710.000000
67.000000
461.000000
306.000000
396.000000
990.000000
579.000000
497.000000
2504.000000
336.000000
414.000000
2101.000000
409.000000
864.000000
214.000000
356.000000
1108.000000
215.000000
487.000000
571.000000
622.000000
397.000000
147.000000
1014.000000
542.000000
235.000000
106.000000
1224.000000
90.000000
1511.000000
133.000000
1606.000000
408.000000
411.000000
108.000000
279.000000
773.000000
430.000000
186.000000
588.000000
148.000000
122.000000
1979.000000
507.000000
1662.000000
253.000000
484.000000
756.000000
351.000000
769.000000
1240.000000
534.000000
4535.000000
1148.000000
739.000000
1017.000000
165.000000
783.000000
469.000000
313.000000
925.000000
1209.000000
288.000000
73.000000
303.000000
765.000000
34.000000
225.000000
599.000000
62.000000
504.000000
140.000000
586.000000
407.000000
999.000000
144.000000
1640.000000
70.000000
330.000000
2592.000000
251.000000
997.000000
78.000000
956.000000
488.000000
539.000000
340.000000
188.000000
92.000000
624.000000
191.000000
958.000000
429.000000
141.000000
141.000000
1748.000000
246.000000
463.000000
286.000000
70.000000
174.000000
153.000000
297.000000
713.000000
1270.000000
224.000000
229.000000
583.000000
392.000000
1149.000000
194.000000
98.000000
404.000000
1713.000000
556.000000
291.000000
484.000000
522.000000
717.000000
312.000000
225.000000
490.000000
157.000000
745.000000
869.000000
119.000000
240.000000
1317.000000
483.000000
397.000000
700.000000
150.000000
301.000000
260.000000
74.000000
1196.000000
219.000000
592.000000
2868.000000
695.000000
279.000000
226.000000
158.000000
1955.000000
138.000000
243.000000
774.000000
1517.000000
324.000000
269.000000
534.000000
140.000000
1397.000000
102.000000
967.000000
565.000000
373.000000
459.000000
139.000000
670.000000
451.000000
362.000000
570.000000
371.000000
166.000000
143.000000
1929.000000
650.000000
732.000000
578.000000
346.000000
133.000000
2432.000000
572.000000
286.000000
405.000000
150.000000
345.000000
159.000000
1300.000000
401.000000
1158.000000
2177.000000
40.000000
2344.000000
786.000000
1338.000000
1022.000000
923.000000
1555.000000
835.000000
337.000000
186.000000
224.000000
308.000000
276.000000
230.000000
1103.000000
170.000000
630.000000
1714.000000
689.000000
187.000000
75.000000
84.000000
148.000000
584.000000
1549.000000
304.000000
4807.000000
2051.000000
202.000000
507.000000
581.000000
138.000000
203.000000
180.000000
3169.000000
314.000000
800.000000
221.000000
451.000000
270.000000
776.000000
492.000000
217.000000
438.000000
283.000000
1350.000000
103.000000
464.000000
145.000000
526.000000
1005.000000
162.000000
992.000000
421.000000
276.000000
256.000000
542.000000
1675.000000
745.000000
708.000000
38.000000
4142.000000
1005.000000
151.000000
175.000000
459.000000
1487.000000
1044.000000
987.000000
1132.000000
1087.000000
278.000000
1131.000000
277.000000
463.000000
235.000000
446.000000
523.000000
101.000000
660.000000
225.000000
340.000000
289.000000
124.000000
400.000000
49.000000
565.000000
150.000000
222.000000
243.000000
533.000000
83.000000
206.000000
678.000000
219.000000
1315.000000
1490.000000
225.000000
579.000000
83.000000
986.000000
1941.000000
161.000000
253.000000
392.000000
2235.000000
595.000000
1057.000000
629.000000
841.000000
64.000000
714.000000
85.000000
317.000000
162.000000
2764.000000
3625.000000
1137.000000
1154.000000
93.000000
1895.000000
1575.000000
100.000000
590.000000
354.000000
727.000000
571.000000
533.000000
2312.000000
117.000000
2867.000000
571.000000
206.000000
59.000000
244.000000
869.000000
916.000000
1854.000000
203.000000
304.000000
255.000000
41.000000
477.000000
361.000000
350.000000
893.000000
1329.000000
182.000000
171.000000
966.000000
54.000000
460.000000
778.000000
136.000000
1178.000000
211.000000
676.000000
1001.000000
469.000000
1100.000000
1461.000000
121.000000
199.000000
193.000000
330.000000
269.000000
319.000000
1189.000000
119.000000
1121.000000
896.000000
349.000000
140.000000
109.000000
516.000000
913.000000
614.000000
737.000000
896.000000
764.000000
138.000000
189.000000
432.000000
5823.000000
429.000000
874.000000
637.000000
124.000000
111.000000
5162.000000
206.000000
154.000000
2812.000000
106.000000
103.000000
126.000000
197.000000
424.000000
549.000000
240.000000
94.000000
251.000000
461.000000
573.000000
74.000000
915.000000
55.000000
148.000000
264.000000
1169.000000
368.000000
3367.000000
316.000000
587.000000
483.000000
663.000000
186.000000
1498.000000
1090.000000
1248.000000
132.000000
480.000000
840.000000
645.000000
452.000000
3520.000000
3270.000000
306.000000
208.000000
260.000000
493.000000
310.000000
472.000000
1285.000000
183.000000
316.000000
211.000000
773.000000
184.000000
556.000000
362.000000
1797.000000
1494.000000
57.000000
675.000000
2752.000000
38.000000
1234.000000
110.000000
395.000000
1473.000000
68.000000
159.000000
413.000000
475.000000
109.000000
1260.000000
34.000000
137.000000
350.000000
259.000000
1946.000000
389.000000
3325.000000
2230.000000
1069.000000
3554.000000
592.000000
765.000000
15.000000
177.000000
120.000000
134.000000
326.000000
702.000000
982.000000
318.000000
40.000000
719.000000
1846.000000
816.000000
369.000000
2396.000000
446.000000
1340.000000
1472.000000
1468.000000
1031.000000
944.000000
420.000000
388.000000
83.000000
108.000000
130.000000
92.000000
1744.000000
323.000000
374.000000
107.000000
157.000000
693.000000
244.000000
4076.000000
1382.000000
213.000000
312.000000
20.000000
1993.000000
50.000000
3722.000000
293.000000
510.000000
68.000000
633.000000
184.000000
186.000000
32.000000
405.000000
494.000000
89.000000
213.000000
116.000000
731.000000
71.000000
426.000000
371.000000
610.000000
316.000000
201.000000
442.000000
189.000000
183.000000
170.000000
339.000000
150.000000
356.000000
302.000000
124.000000
213.000000
97.000000
113.000000
862.000000
708.000000
325.000000
268.000000
137.000000
737.000000
701.000000
409.000000
273.000000
973.000000
593.000000
279.000000
656.000000
1638.000000
673.000000
362.000000
221.000000
466.000000
359.000000
543.000000
1155.000000
1475.000000
948.000000
598.000000
1113.000000
117.000000
3020.000000
1185.000000
535.000000
183.000000
1872.000000
233.000000
337.000000
372.000000
203.000000
450.000000
573.000000
1639.000000
273.000000
1793.000000
155.000000
1513.000000
231.000000
642.000000
959.000000
298.000000
2009.000000
1459.000000
2301.000000
119.000000
244.000000
4216.000000
602.000000
975.000000
112.000000
572.000000
112.000000
122.000000
146.000000
182.000000
726.000000
745.000000
2562.000000
225.000000
287.000000
2076.000000
1013.000000
574.000000
704.000000
1495.000000
1701.000000
96.000000
1215.000000
107.000000
120.000000
379.000000
365.000000
169.000000
58.000000
85.000000
1896.000000
76.000000
72.000000
58.000000
117.000000
966.000000
273.000000
553.000000
201.000000
153.000000
195.000000
1192.000000
482.000000
662.000000
565.000000
588.000000
831.000000
986.000000
565.000000
317.000000
75.000000
709.000000
888.000000
322.000000
701.000000
818.000000
151.000000
374.000000
677.000000
198.000000
695.000000
107.000000
715.000000
314.000000
1789.000000
122.000000
611.000000
558.000000
225.000000
337.000000
321.000000
2041.000000
256.000000
1418.000000
1809.000000
1539.000000
138.000000
124.000000
1804.000000
2124.000000
868.000000
1403.000000
486.000000
829.000000
129.000000
503.000000
74.000000
445.000000
95.000000
403.000000
551.000000
4863.000000
495.000000
727.000000
818.000000
422.000000
138.000000
1569.000000
97.000000
556.000000
129.000000
197.000000
625.000000
173.000000
327.000000
267.000000
1275.000000
333.000000
155.000000
745.000000
144.000000
464.000000
2056.000000
190.000000
313.000000
333.000000
835.000000
185.000000
1320.000000
939.000000
276.000000
94.000000
356.000000
357.000000
97.000000
815.000000
2831.000000
1310.000000
83.000000
349.000000
231.000000
168.000000
726.000000
216.000000
232.000000
103.000000
43.000000
2024.000000
186.000000
264.000000
242.000000
362.000000
269.000000
368.000000
1864.000000
280.000000
376.000000
384.000000
3316.000000
1071.000000
541.000000
358.000000
151.000000
796.000000
2679.000000
700.000000
854.000000
63.000000
420.000000
5417.000000
554.000000
539.000000
3067.000000
221.000000
622.000000
305.000000
822.000000
112.000000
526.000000
160.000000
510.000000
107.000000
996.000000
141.000000
640.000000
416.000000
146.000000
464.000000
213.000000
48.000000
120.000000
259.000000
79.000000
192.000000
165.000000
615.000000
576.000000
451.000000
362.000000
427.000000
70.000000
183.000000
2012.000000
309.000000
578.000000
719.000000
636.000000
463.000000
765.000000
307.000000
179.000000
470.000000
99.000000
259.000000
324.000000
94.000000
254.000000
453.000000
253.000000
136.000000
271.000000
744.000000
