469.000000
67.000000
577.000000
2169.000000
304.000000
668.000000
753.000000
523.000000
472.000000
275.000000
567.000000
115.000000
65.000000
102.000000
3453.000000
466.000000
625.000000
378.000000
1497.000000
416.000000
415.000000
417.000000
1760.000000
254.000000
970.000000
2242.000000
260.000000
525.000000
119.000000
575.000000
1057.000000
79.000000
82.000000
328.000000
491.000000
1551.000000
976.000000
417.000000
103.000000
761.000000
3625.000000
617.000000
1246.000000
916.000000
258.000000
29.000000
260.000000
2886.000000
207.000000
692.000000
283.000000
198.000000
476.000000
165.000000
1225.000000
322.000000
919.000000
77.000000
1142.000000
1346.000000
915.000000
4937.000000
59.000000
165.000000
701.000000
201.000000
695.000000
62.000000
115.000000
662.000000
957.000000
567.000000
301.000000
1175.000000
121.000000
898.000000
2944.000000
164.000000
370.000000
107.000000
56.000000
837.000000
526.000000
743.000000
785.000000
227.000000
285.000000
350.000000
281.000000
1281.000000
1612.000000
131.000000
239.000000
280.000000
398.000000
738.000000
505.000000
797.000000
227.000000
470.000000
824.000000
2546.000000
2385.000000
462.000000
791.000000
1178.000000
1185.000000
178.000000
18630.000000
509.000000
170.000000
117.000000
90.000000
205.000000
245.000000
952.000000
97.000000
376.000000
120.000000
458.000000
5190.000000
659.000000
1481.000000
272.000000
1300.000000
109.000000
657.000000
947.000000
2097.000000
689.000000
1401.000000
510.000000
636.000000
1958.000000
544.000000
307.000000
573.000000
1836.000000
5898.000000
1062.000000
401.000000
506.000000
173.000000
1208.000000
2142.000000
1110.000000
349.000000
133.000000
255.000000
1553.000000
115.000000
106.000000
295.000000
384.000000
1121.000000
73.000000
501.000000
365.000000
637.000000
902.000000
939.000000
369.000000
1863.000000
1106.000000
290.000000
605.000000
463.000000
673.000000
1435.000000
503.000000
3174.000000
839.000000
110.000000
288.000000
919.000000
426.000000
307.000000
497.000000
588.000000
1298.000000
7305.000000
305.000000
780.000000
196.000000
1120.000000
97.000000
187.000000
593.000000
65.000000
57.000000
302.000000
359.000000
617.000000
2594.000000
1010.000000
888.000000
1192.000000
544.000000
267.000000
89.000000
1979.000000
481.000000
738.000000
2330.000000
187.000000
467.000000
480.000000
1240.000000
201.000000
1252.000000
91.000000
182.000000
702.000000
249.000000
142.000000
77.000000
264.000000
751.000000
197.000000
545.000000
172.000000
473.000000
183.000000
3064.000000
191.000000
246.000000
709.000000
380.000000
340.000000
322.000000
189.000000
81.000000
1189.000000
1263.000000
225.000000
386.000000
1525.000000
318.000000
224.000000
93.000000
1638.000000
517.000000
558.000000
290.000000
189.000000
667.000000
220.000000
209.000000
329.000000
183.000000
333.000000
95.000000
705.000000
424.000000
356.000000
1172.000000
346.000000
197.000000
1405.000000
532.000000
549.000000
456.000000
64.000000
429.000000
1134.000000
276.000000
563.000000
576.000000
142.000000
547.000000
1100.000000
241.000000
150.000000
355.000000
394.000000
213.000000
163.000000
217.000000
2751.000000
193.000000
141.000000
528.000000
3743.000000
285.000000
1063.000000
239.000000
107.000000
157.000000
974.000000
340.000000
600.000000
1870.000000
140.000000
134.000000
241.000000
177.000000
331.000000
473.000000
393.000000
1346.000000
158.000000
341.000000
331.000000
263.000000
813.000000
1312.000000
373.000000
916.000000
1631.000000
380.000000
170.000000
343.000000
1046.000000
1995.000000
176.000000
1301.000000
234.000000
1733.000000
446.000000
25.000000
114.000000
732.000000
282.000000
1553.000000
350.000000
614.000000
252.000000
153.000000
412.000000
177.000000
643.000000
284.000000
179.000000
293.000000
457.000000
1215.000000
763.000000
109.000000
333.000000
577.000000
672.000000
278.000000
711.000000
446.000000
1096.000000
71.000000
172.000000
416.000000
223.000000
320.000000
737.000000
458.000000
450.000000
85.000000
109.000000
204.000000
161.000000
291.000000
295.000000
527.000000
6060.000000
319.000000
32.000000
650.000000
154.000000
251.000000
1164.000000
549.000000
4334.000000
1347.000000
344.000000
1228.000000
772.000000
148.000000
159.000000
958.000000
105.000000
1005.000000
289.000000
2995.000000
182.000000
316.000000
277.000000
924.000000
1347.000000
205.000000
183.000000
217.000000
112.000000
869.000000
357.000000
662.000000
1089.000000
431.000000
311.000000
165.000000
233.000000
786.000000
4854.000000
296.000000
133.000000
166.000000
106.000000
2064.000000
298.000000
133.000000
276.000000
671.000000
163.000000
726.000000
2732.000000
252.000000
795.000000
707.000000
168.000000
745.000000
225.000000
134.000000
546.000000
49.000000
948.000000
116.000000
1619.000000
275.000000
251.000000
1084.000000
2671.000000
115.000000
236.000000
118.000000
190.000000
1119.000000
112.000000
184.000000
5704.000000
867.000000
667.000000
188.000000
107.000000
115.000000
2564.000000
323.000000
409.000000
2081.000000
672.000000
671.000000
528.000000
635.000000
588.000000
790.000000
307.000000
4625.000000
33.000000
313.000000
99.000000
637.000000
932.000000
2927.000000
2432.000000
268.000000
1391.000000
87.000000
682.000000
40.000000
1333.000000
213.000000
253.000000
1189.000000
874.000000
481.000000
245.000000
455.000000
963.000000
140.000000
1061.000000
193.000000
1002.000000
638.000000
1585.000000
1359.000000
57.000000
547.000000
190.000000
166.000000
109.000000
1569.000000
168.000000
774.000000
1612.000000
370.000000
23.000000
756.000000
37.000000
139.000000
769.000000
1529.000000
156.000000
1158.000000
348.000000
547.000000
126.000000
984.000000
291.000000
178.000000
589.000000
906.000000
117.000000
330.000000
406.000000
6125.000000
220.000000
220.000000
304.000000
125.000000
107.000000
426.000000
112.000000
478.000000
429.000000
658.000000
213.000000
130.000000
176.000000
565.000000
459.000000
263.000000
166.000000
92.000000
277.000000
27.000000
523.000000
1922.000000
289.000000
3596.000000
1194.000000
1022.000000
2041.000000
405.000000
116.000000
4042.000000
1885.000000
103.000000
738.000000
2638.000000
632.000000
253.000000
522.000000
847.000000
50.000000
652.000000
229.000000
499.000000
855.000000
917.000000
1395.000000
89.000000
494.000000
868.000000
293.000000
200.000000
3498.000000
73.000000
154.000000
538.000000
3402.000000
436.000000
2265.000000
709.000000
305.000000
362.000000
580.000000
519.000000
370.000000
90.000000
450.000000
311.000000
269.000000
428.000000
90.000000
68.000000
159.000000
602.000000
2102.000000
417.000000
2260.000000
93.000000
1780.000000
152.000000
1206.000000
43.000000
107.000000
406.000000
2857.000000
115.000000
362.000000
170.000000
37.000000
1291.000000
153.000000
83.000000
444.000000
698.000000
1371.000000
1182.000000
343.000000
212.000000
628.000000
1876.000000
137.000000
406.000000
1536.000000
170.000000
3042.000000
702.000000
148.000000
182.000000
847.000000
260.000000
73.000000
453.000000
228.000000
391.000000
388.000000
2065.000000
393.000000
1171.000000
89.000000
676.000000
354.000000
223.000000
588.000000
146.000000
514.000000
676.000000
96.000000
128.000000
429.000000
141.000000
1536.000000
478.000000
3145.000000
290.000000
86.000000
1432.000000
1415.000000
421.000000
763.000000
70.000000
280.000000
144.000000
75.000000
274.000000
45.000000
541.000000
426.000000
102.000000
461.000000
478.000000
1476.000000
386.000000
406.000000
184.000000
540.000000
380.000000
192.000000
121.000000
374.000000
314.000000
796.000000
1062.000000
597.000000
196.000000
279.000000
139.000000
137.000000
713.000000
286.000000
593.000000
689.000000
126.000000
325.000000
58.000000
655.000000
219.000000
2641.000000
833.000000
78.000000
390.000000
459.000000
73.000000
57.000000
39.000000
154.000000
476.000000
544.000000
237.000000
135.000000
584.000000
270.000000
252.000000
162.000000
452.000000
152.000000
332.000000
158.000000
43.000000
429.000000
1319.000000
253.000000
106.000000
448.000000
570.000000
230.000000
226.000000
634.000000
161.000000
475.000000
563.000000
87.000000
309.000000
34.000000
461.000000
93.000000
162.000000
233.000000
92.000000
43.000000
136.000000
7835.000000
700.000000
15.000000
221.000000
449.000000
2245.000000
497.000000
630.000000
149.000000
143.000000
774.000000
263.000000
271.000000
328.000000
709.000000
519.000000
191.000000
1411.000000
1094.000000
410.000000
87.000000
252.000000
1089.000000
299.000000
458.000000
606.000000
1342.000000
851.000000
380.000000
166.000000
1164.000000
312.000000
248.000000
153.000000
2596.000000
67.000000
318.000000
1191.000000
92.000000
1741.000000
111.000000
384.000000
821.000000
335.000000
1804.000000
222.000000
808.000000
520.000000
190.000000
705.000000
243.000000
136.000000
573.000000
234.000000
378.000000
170.000000
98.000000
136.000000
854.000000
346.000000
697.000000
147.000000
224.000000
405.000000
147.000000
2213.000000
785.000000
776.000000
109.000000
253.000000
574.000000
448.000000
2745.000000
992.000000
317.000000
773.000000
191.000000
1327.000000
1742.000000
353.000000
326.000000
610.000000
303.000000
742.000000
742.000000
310.000000
453.000000
209.000000
1284.000000
82.000000
42.000000
72.000000
898.000000
163.000000
596.000000
119.000000
522.000000
375.000000
2237.000000
502.000000
204.000000
96.000000
121.000000
108.000000
260.000000
1183.000000
430.000000
766.000000
258.000000
578.000000
128.000000
197.000000
682.000000
202.000000
82.000000
764.000000
66.000000
215.000000
212.000000
1559.000000
559.000000
355.000000
121.000000
1857.000000
575.000000
237.000000
656.000000
247.000000
1088.000000
109.000000
292.000000
744.000000
975.000000
98.000000
452.000000
601.000000
309.000000
1295.000000
371.000000
312.000000
248.000000
1800.000000
544.000000
201.000000
935.000000
860.000000
892.000000
704.000000
438.000000
1145.000000
224.000000
294.000000
1470.000000
195.000000
287.000000
506.000000
48.000000
219.000000
461.000000
1807.000000
269.000000
265.000000
270.000000
6526.000000
423.000000
479.000000
473.000000
491.000000
747.000000
782.000000
775.000000
1132.000000
479.000000
154.000000
250.000000
835.000000
679.000000
186.000000
204.000000
135.000000
325.000000
254.000000
81.000000
1210.000000
414.000000
204.000000
169.000000
385.000000
235.000000
309.000000
666.000000
214.000000
70.000000
620.000000
123.000000
312.000000
509.000000
310.000000
236.000000
133.000000
100.000000
1916.000000
1575.000000
430.000000
705.000000
3643.000000
99.000000
389.000000
70.000000
316.000000
1851.000000
204.000000
102.000000
66.000000
278.000000
102.000000
959.000000
346.000000
2422.000000
545.000000
78.000000
618.000000
480.000000
562.000000
156.000000
333.000000
471.000000
4966.000000
693.000000
160.000000
294.000000
673.000000
1463.000000
550.000000
677.000000
184.000000
1095.000000
173.000000
50.000000
250.000000
764.000000
1394.000000
300.000000
3682.000000
857.000000
283.000000
139.000000
230.000000
4226.000000
384.000000
891.000000
59.000000
483.000000
33.000000
2521.000000
2373.000000
91.000000
50.000000
90.000000
535.000000
663.000000
3875.000000
252.000000
294.000000
48.000000
698.000000
755.000000
293.000000
731.000000
203.000000
21.000000
1503.000000
