281.000000
1009.000000
133.000000
410.000000
5469.000000
180.000000
2808.000000
489.000000
1177.000000
578.000000
219.000000
46.000000
2280.000000
2353.000000
1054.000000
3245.000000
4776.000000
125.000000
632.000000
190.000000
280.000000
262.000000
162.000000
209.000000
1567.000000
121.000000
832.000000
392.000000
455.000000
215.000000
545.000000
1347.000000
236.000000
615.000000
2502.000000
506.000000
401.000000
388.000000
106.000000
2311.000000
66.000000
163.000000
1622.000000
198.000000
252.000000
182.000000
265.000000
95.000000
325.000000
1705.000000
522.000000
3747.000000
1548.000000
150.000000
150.000000
909.000000
347.000000
110.000000
433.000000
452.000000
185.000000
843.000000
3512.000000
542.000000
2497.000000
1171.000000
296.000000
258.000000
115.000000
1240.000000
535.000000
208.000000
775.000000
2106.000000
316.000000
275.000000
171.000000
2167.000000
350.000000
280.000000
1619.000000
491.000000
1395.000000
194.000000
312.000000
899.000000
293.000000
121.000000
1054.000000
1728.000000
307.000000
51.000000
123.000000
1501.000000
248.000000
429.000000
330.000000
449.000000
1644.000000
251.000000
604.000000
2644.000000
205.000000
266.000000
92.000000
572.000000
77.000000
549.000000
861.000000
673.000000
138.000000
562.000000
371.000000
222.000000
913.000000
1735.000000
978.000000
228.000000
690.000000
703.000000
1798.000000
1273.000000
1421.000000
804.000000
90.000000
168.000000
303.000000
708.000000
1510.000000
830.000000
156.000000
175.000000
2364.000000
693.000000
1156.000000
536.000000
650.000000
164.000000
389.000000
2454.000000
111.000000
81.000000
616.000000
983.000000
266.000000
305.000000
322.000000
177.000000
325.000000
2663.000000
381.000000
1098.000000
447.000000
1073.000000
898.000000
1899.000000
729.000000
246.000000
277.000000
198.000000
110.000000
319.000000
204.000000
1104.000000
368.000000
972.000000
2480.000000
289.000000
611.000000
158.000000
103.000000
137.000000
777.000000
265.000000
2260.000000
138.000000
1017.000000
742.000000
602.000000
747.000000
332.000000
443.000000
1403.000000
604.000000
410.000000
531.000000
135.000000
4550.000000
1201.000000
2317.000000
406.000000
260.000000
194.000000
472.000000
230.000000
82.000000
139.000000
962.000000
275.000000
2689.000000
194.000000
1037.000000
438.000000
246.000000
387.000000
968.000000
2462.000000
781.000000
273.000000
1045.000000
530.000000
781.000000
1752.000000
55.000000
349.000000
191.000000
2066.000000
122.000000
305.000000
388.000000
179.000000
4970.000000
1152.000000
133.000000
210.000000
166.000000
865.000000
720.000000
566.000000
327.000000
1348.000000
306.000000
261.000000
150.000000
160.000000
512.000000
156.000000
235.000000
217.000000
569.000000
1176.000000
115.000000
892.000000
635.000000
34.000000
366.000000
689.000000
218.000000
475.000000
1213.000000
478.000000
173.000000
275.000000
56.000000
430.000000
543.000000
182.000000
1086.000000
502.000000
392.000000
225.000000
426.000000
349.000000
209.000000
464.000000
785.000000
918.000000
118.000000
319.000000
675.000000
226.000000
530.000000
634.000000
589.000000
576.000000
720.000000
286.000000
326.000000
1309.000000
767.000000
71.000000
259.000000
93.000000
175.000000
309.000000
2451.000000
359.000000
227.000000
128.000000
609.000000
184.000000
577.000000
132.000000
135.000000
299.000000
256.000000
976.000000
623.000000
433.000000
84.000000
309.000000
486.000000
262.000000
25.000000
1523.000000
569.000000
321.000000
129.000000
172.000000
651.000000
1078.000000
613.000000
236.000000
304.000000
1682.000000
292.000000
127.000000
1831.000000
736.000000
531.000000
303.000000
507.000000
48.000000
1483.000000
1024.000000
183.000000
688.000000
277.000000
19.000000
234.000000
97.000000
35.000000
200.000000
3117.000000
321.000000
261.000000
227.000000
363.000000
360.000000
317.000000
1161.000000
137.000000
155.000000
388.000000
310.000000
234.000000
1061.000000
360.000000
288.000000
251.000000
188.000000
302.000000
507.000000
205.000000
124.000000
891.000000
857.000000
931.000000
97.000000
498.000000
156.000000
878.000000
47.000000
1467.000000
75.000000
964.000000
236.000000
405.000000
1053.000000
277.000000
187.000000
56.000000
2665.000000
2542.000000
147.000000
224.000000
514.000000
1131.000000
267.000000
582.000000
188.000000
196.000000
373.000000
248.000000
140.000000
275.000000
1145.000000
564.000000
2729.000000
299.000000
254.000000
91.000000
335.000000
154.000000
329.000000
765.000000
496.000000
330.000000
409.000000
424.000000
264.000000
210.000000
340.000000
147.000000
613.000000
1744.000000
40.000000
1389.000000
509.000000
1403.000000
218.000000
879.000000
447.000000
99.000000
111.000000
770.000000
128.000000
161.000000
265.000000
289.000000
135.000000
836.000000
454.000000
254.000000
510.000000
1032.000000
701.000000
879.000000
158.000000
236.000000
105.000000
232.000000
881.000000
168.000000
149.000000
557.000000
2673.000000
296.000000
570.000000
100.000000
629.000000
904.000000
577.000000
285.000000
424.000000
158.000000
505.000000
75.000000
5028.000000
213.000000
99.000000
208.000000
122.000000
1366.000000
1370.000000
1797.000000
6818.000000
152.000000
466.000000
417.000000
67.000000
965.000000
285.000000
1411.000000
330.000000
444.000000
231.000000
1342.000000
167.000000
77.000000
462.000000
206.000000
377.000000
328.000000
108.000000
420.000000
456.000000
131.000000
113.000000
83.000000
503.000000
221.000000
376.000000
797.000000
306.000000
765.000000
1236.000000
1301.000000
340.000000
832.000000
1052.000000
2447.000000
423.000000
245.000000
2104.000000
297.000000
369.000000
279.000000
662.000000
716.000000
184.000000
57.000000
628.000000
195.000000
318.000000
3473.000000
165.000000
31.000000
593.000000
3539.000000
1221.000000
129.000000
513.000000
127.000000
173.000000
544.000000
1910.000000
211.000000
192.000000
68.000000
1027.000000
552.000000
308.000000
170.000000
368.000000
1248.000000
611.000000
56.000000
991.000000
163.000000
599.000000
298.000000
429.000000
330.000000
142.000000
282.000000
124.000000
421.000000
286.000000
565.000000
713.000000
324.000000
686.000000
502.000000
375.000000
391.000000
305.000000
236.000000
944.000000
381.000000
779.000000
145.000000
43.000000
93.000000
385.000000
95.000000
694.000000
312.000000
1445.000000
502.000000
1078.000000
119.000000
699.000000
202.000000
1525.000000
209.000000
1085.000000
176.000000
354.000000
377.000000
389.000000
2003.000000
418.000000
100.000000
498.000000
540.000000
135.000000
90.000000
1495.000000
428.000000
5493.000000
494.000000
54.000000
176.000000
552.000000
843.000000
1211.000000
193.000000
862.000000
410.000000
1488.000000
108.000000
165.000000
356.000000
172.000000
311.000000
115.000000
1211.000000
1189.000000
6437.000000
2176.000000
129.000000
197.000000
140.000000
167.000000
527.000000
353.000000
775.000000
1270.000000
325.000000
85.000000
82.000000
381.000000
574.000000
150.000000
991.000000
665.000000
520.000000
581.000000
1102.000000
87.000000
149.000000
459.000000
87.000000
853.000000
222.000000
274.000000
1191.000000
1108.000000
1979.000000
1635.000000
214.000000
139.000000
348.000000
2055.000000
950.000000
812.000000
162.000000
493.000000
2662.000000
538.000000
845.000000
306.000000
489.000000
531.000000
156.000000
490.000000
506.000000
250.000000
209.000000
911.000000
239.000000
210.000000
724.000000
1164.000000
915.000000
155.000000
633.000000
57.000000
286.000000
798.000000
466.000000
1273.000000
3780.000000
136.000000
242.000000
536.000000
225.000000
294.000000
619.000000
266.000000
456.000000
123.000000
509.000000
1467.000000
1114.000000
317.000000
324.000000
1875.000000
479.000000
264.000000
765.000000
1510.000000
396.000000
393.000000
34.000000
244.000000
324.000000
538.000000
267.000000
500.000000
579.000000
1027.000000
1202.000000
729.000000
329.000000
582.000000
107.000000
8.000000
217.000000
69.000000
57.000000
972.000000
576.000000
259.000000
241.000000
1293.000000
216.000000
1034.000000
217.000000
558.000000
1321.000000
669.000000
687.000000
658.000000
248.000000
206.000000
679.000000
317.000000
190.000000
447.000000
4169.000000
283.000000
369.000000
2154.000000
546.000000
132.000000
644.000000
733.000000
620.000000
674.000000
252.000000
217.000000
1168.000000
1358.000000
1388.000000
229.000000
1584.000000
463.000000
675.000000
574.000000
388.000000
50.000000
356.000000
289.000000
337.000000
1368.000000
74.000000
342.000000
255.000000
166.000000
861.000000
290.000000
501.000000
471.000000
570.000000
545.000000
581.000000
561.000000
510.000000
641.000000
360.000000
121.000000
315.000000
123.000000
418.000000
149.000000
467.000000
302.000000
1011.000000
259.000000
1142.000000
2962.000000
707.000000
179.000000
54.000000
6604.000000
163.000000
267.000000
541.000000
407.000000
433.000000
725.000000
133.000000
4459.000000
477.000000
54.000000
437.000000
45.000000
160.000000
21.000000
562.000000
1194.000000
130.000000
1440.000000
1346.000000
122.000000
656.000000
223.000000
140.000000
153.000000
134.000000
697.000000
250.000000
331.000000
2265.000000
174.000000
237.000000
423.000000
277.000000
110.000000
2136.000000
912.000000
916.000000
330.000000
309.000000
45.000000
368.000000
373.000000
980.000000
395.000000
909.000000
178.000000
1063.000000
431.000000
71.000000
179.000000
325.000000
455.000000
849.000000
382.000000
522.000000
565.000000
349.000000
559.000000
253.000000
995.000000
250.000000
60.000000
736.000000
2525.000000
1336.000000
597.000000
920.000000
30.000000
142.000000
476.000000
584.000000
198.000000
135.000000
143.000000
52.000000
379.000000
246.000000
73.000000
2741.000000
148.000000
215.000000
379.000000
456.000000
1250.000000
321.000000
235.000000
822.000000
331.000000
3087.000000
1238.000000
324.000000
527.000000
1406.000000
46.000000
3171.000000
379.000000
769.000000
34.000000
476.000000
343.000000
136.000000
1011.000000
107.000000
817.000000
141.000000
108.000000
241.000000
136.000000
361.000000
203.000000
478.000000
28.000000
2709.000000
925.000000
322.000000
1048.000000
652.000000
3313.000000
42.000000
198.000000
503.000000
127.000000
183.000000
1599.000000
474.000000
44.000000
693.000000
326.000000
86.000000
1081.000000
65.000000
330.000000
455.000000
1993.000000
272.000000
391.000000
396.000000
403.000000
171.000000
2113.000000
225.000000
704.000000
66.000000
50.000000
172.000000
61.000000
243.000000
325.000000
630.000000
256.000000
119.000000
1841.000000
703.000000
563.000000
111.000000
1225.000000
1034.000000
347.000000
1531.000000
309.000000
356.000000
1001.000000
170.000000
955.000000
103.000000
1028.000000
658.000000
397.000000
8683.000000
578.000000
410.000000
1303.000000
270.000000
1057.000000
761.000000
518.000000
1023.000000
913.000000
972.000000
97.000000
523.000000
504.000000
2435.000000
368.000000
92.000000
290.000000
796.000000
226.000000
612.000000
348.000000
83.000000
282.000000
89.000000
246.000000
336.000000
38.000000
184.000000
352.000000
260.000000
183.000000
79.000000
530.000000
2155.000000
34.000000
2102.000000
765.000000
121.000000
284.000000
1860.000000
783.000000
536.000000
1182.000000
1006.000000
1263.000000
154.000000
458.000000
386.000000
299.000000
318.000000
99.000000
523.000000
297.000000
6390.000000
