83.000000
114.000000
242.000000
231.000000
342.000000
199.000000
771.000000
44.000000
795.000000
146.000000
457.000000
484.000000
168.000000
279.000000
392.000000
258.000000
2379.000000
2474.000000
296.000000
73.000000
412.000000
337.000000
130.000000
316.000000
210.000000
1621.000000
221.000000
1339.000000
326.000000
1339.000000
684.000000
50.000000
245.000000
380.000000
81.000000
683.000000
1063.000000
106.000000
764.000000
502.000000
5282.000000
139.000000
338.000000
878.000000
372.000000
4090.000000
229.000000
238.000000
391.000000
60.000000
1219.000000
250.000000
154.000000
728.000000
730.000000
134.000000
353.000000
176.000000
216.000000
973.000000
392.000000
317.000000
110.000000
1021.000000
528.000000
145.000000
463.000000
1886.000000
244.000000
286.000000
336.000000
187.000000
135.000000
1340.000000
633.000000
273.000000
842.000000
233.000000
424.000000
304.000000
292.000000
448.000000
1957.000000
316.000000
547.000000
446.000000
422.000000
202.000000
75.000000
73.000000
74.000000
313.000000
527.000000
241.000000
44.000000
1187.000000
480.000000
967.000000
1846.000000
75.000000
677.000000
624.000000
1053.000000
774.000000
630.000000
63.000000
513.000000
412.000000
284.000000
273.000000
162.000000
330.000000
658.000000
1880.000000
165.000000
4849.000000
430.000000
358.000000
437.000000
282.000000
303.000000
170.000000
385.000000
384.000000
261.000000
664.000000
127.000000
211.000000
503.000000
225.000000
229.000000
5341.000000
766.000000
294.000000
772.000000
295.000000
333.000000
615.000000
566.000000
2490.000000
190.000000
276.000000
1294.000000
166.000000
980.000000
411.000000
771.000000
228.000000
831.000000
491.000000
1466.000000
234.000000
126.000000
166.000000
460.000000
312.000000
765.000000
980.000000
85.000000
125.000000
984.000000
223.000000
231.000000
235.000000
259.000000
105.000000
256.000000
262.000000
227.000000
884.000000
44.000000
1124.000000
769.000000
1174.000000
166.000000
131.000000
405.000000
340.000000
366.000000
629.000000
314.000000
114.000000
1164.000000
715.000000
215.000000
607.000000
281.000000
69.000000
1241.000000
404.000000
1987.000000
172.000000
1702.000000
256.000000
236.000000
217.000000
2914.000000
74.000000
474.000000
336.000000
701.000000
1451.000000
383.000000
297.000000
372.000000
135.000000
685.000000
636.000000
327.000000
450.000000
261.000000
704.000000
449.000000
417.000000
340.000000
2238.000000
3408.000000
525.000000
1482.000000
4379.000000
518.000000
6536.000000
528.000000
372.000000
235.000000
288.000000
54.000000
286.000000
3668.000000
103.000000
798.000000
42.000000
56.000000
833.000000
951.000000
387.000000
196.000000
256.000000
21.000000
935.000000
223.000000
169.000000
689.000000
68.000000
586.000000
437.000000
744.000000
142.000000
483.000000
504.000000
823.000000
176.000000
133.000000
252.000000
190.000000
243.000000
118.000000
2337.000000
82.000000
227.000000
208.000000
254.000000
3415.000000
263.000000
890.000000
663.000000
560.000000
329.000000
376.000000
317.000000
223.000000
344.000000
876.000000
597.000000
885.000000
854.000000
748.000000
480.000000
908.000000
26.000000
443.000000
433.000000
246.000000
321.000000
183.000000
423.000000
549.000000
528.000000
529.000000
821.000000
77.000000
434.000000
256.000000
279.000000
95.000000
407.000000
122.000000
319.000000
195.000000
47.000000
129.000000
503.000000
211.000000
742.000000
2211.000000
1319.000000
327.000000
904.000000
1705.000000
502.000000
954.000000
1099.000000
3380.000000
1073.000000
764.000000
144.000000
1344.000000
225.000000
237.000000
71.000000
1249.000000
444.000000
401.000000
714.000000
120.000000
6994.000000
48.000000
779.000000
580.000000
535.000000
359.000000
220.000000
1289.000000
1041.000000
145.000000
400.000000
450.000000
2230.000000
1835.000000
327.000000
510.000000
66.000000
908.000000
805.000000
285.000000
2195.000000
467.000000
2208.000000
4532.000000
281.000000
438.000000
1050.000000
96.000000
370.000000
1114.000000
439.000000
204.000000
999.000000
591.000000
222.000000
246.000000
1034.000000
488.000000
59.000000
398.000000
208.000000
249.000000
1465.000000
343.000000
154.000000
648.000000
320.000000
367.000000
75.000000
183.000000
1291.000000
118.000000
154.000000
1305.000000
696.000000
432.000000
984.000000
4706.000000
104.000000
1043.000000
138.000000
372.000000
320.000000
2046.000000
196.000000
703.000000
716.000000
43.000000
63.000000
265.000000
487.000000
135.000000
303.000000
359.000000
1301.000000
3414.000000
1285.000000
411.000000
887.000000
129.000000
1295.000000
2366.000000
175.000000
506.000000
86.000000
353.000000
219.000000
1113.000000
533.000000
123.000000
184.000000
3012.000000
827.000000
374.000000
175.000000
130.000000
326.000000
2434.000000
214.000000
3746.000000
127.000000
93.000000
182.000000
2053.000000
168.000000
731.000000
320.000000
223.000000
68.000000
467.000000
397.000000
9757.000000
43.000000
1237.000000
32.000000
207.000000
187.000000
587.000000
954.000000
281.000000
239.000000
202.000000
1817.000000
473.000000
253.000000
166.000000
249.000000
271.000000
973.000000
490.000000
37.000000
1454.000000
99.000000
244.000000
156.000000
349.000000
290.000000
278.000000
1567.000000
178.000000
196.000000
461.000000
146.000000
641.000000
237.000000
183.000000
619.000000
101.000000
144.000000
573.000000
91.000000
102.000000
189.000000
303.000000
2716.000000
103.000000
674.000000
145.000000
440.000000
378.000000
1002.000000
212.000000
44.000000
829.000000
826.000000
948.000000
812.000000
609.000000
1949.000000
136.000000
267.000000
589.000000
466.000000
98.000000
170.000000
118.000000
341.000000
812.000000
137.000000
2786.000000
794.000000
185.000000
237.000000
268.000000
3053.000000
384.000000
127.000000
383.000000
68.000000
181.000000
116.000000
916.000000
149.000000
189.000000
258.000000
561.000000
721.000000
236.000000
277.000000
545.000000
175.000000
71.000000
867.000000
1123.000000
308.000000
1158.000000
735.000000
787.000000
232.000000
575.000000
604.000000
180.000000
976.000000
189.000000
553.000000
170.000000
516.000000
1162.000000
1001.000000
375.000000
237.000000
42.000000
358.000000
276.000000
2892.000000
116.000000
336.000000
532.000000
1210.000000
2471.000000
547.000000
456.000000
189.000000
1112.000000
477.000000
82.000000
708.000000
1552.000000
218.000000
5182.000000
334.000000
980.000000
84.000000
518.000000
805.000000
3852.000000
360.000000
2607.000000
305.000000
420.000000
996.000000
24.000000
100.000000
311.000000
1113.000000
725.000000
1293.000000
406.000000
437.000000
664.000000
127.000000
216.000000
126.000000
209.000000
944.000000
231.000000
145.000000
342.000000
96.000000
557.000000
330.000000
472.000000
264.000000
194.000000
150.000000
95.000000
999.000000
580.000000
694.000000
786.000000
166.000000
128.000000
89.000000
169.000000
310.000000
2244.000000
1187.000000
1000.000000
2666.000000
149.000000
466.000000
525.000000
752.000000
3262.000000
148.000000
1061.000000
322.000000
583.000000
600.000000
586.000000
263.000000
1145.000000
240.000000
438.000000
420.000000
383.000000
704.000000
315.000000
108.000000
266.000000
1155.000000
246.000000
445.000000
591.000000
421.000000
557.000000
308.000000
484.000000
384.000000
1097.000000
550.000000
332.000000
1375.000000
766.000000
206.000000
297.000000
394.000000
1846.000000
768.000000
649.000000
125.000000
280.000000
808.000000
105.000000
418.000000
608.000000
1174.000000
332.000000
254.000000
134.000000
415.000000
175.000000
1503.000000
152.000000
348.000000
419.000000
3529.000000
486.000000
165.000000
133.000000
774.000000
171.000000
278.000000
266.000000
674.000000
797.000000
397.000000
140.000000
497.000000
135.000000
2807.000000
319.000000
1108.000000
269.000000
755.000000
481.000000
374.000000
611.000000
144.000000
2489.000000
300.000000
2121.000000
582.000000
1149.000000
700.000000
1145.000000
2193.000000
36.000000
259.000000
626.000000
670.000000
172.000000
743.000000
309.000000
1936.000000
229.000000
36.000000
686.000000
383.000000
498.000000
296.000000
571.000000
1653.000000
198.000000
677.000000
68.000000
3702.000000
246.000000
301.000000
75.000000
1472.000000
2221.000000
287.000000
524.000000
470.000000
68.000000
1261.000000
106.000000
3338.000000
178.000000
651.000000
156.000000
1033.000000
1288.000000
1320.000000
251.000000
125.000000
696.000000
39.000000
122.000000
570.000000
938.000000
2247.000000
4993.000000
681.000000
630.000000
799.000000
1131.000000
489.000000
676.000000
464.000000
3317.000000
461.000000
309.000000
520.000000
1329.000000
448.000000
1014.000000
52.000000
601.000000
255.000000
64.000000
933.000000
318.000000
150.000000
244.000000
354.000000
949.000000
1024.000000
47.000000
500.000000
322.000000
253.000000
2349.000000
280.000000
109.000000
266.000000
751.000000
867.000000
1466.000000
491.000000
68.000000
350.000000
370.000000
533.000000
260.000000
245.000000
722.000000
207.000000
588.000000
1188.000000
487.000000
291.000000
515.000000
610.000000
232.000000
655.000000
299.000000
416.000000
86.000000
321.000000
1327.000000
170.000000
163.000000
444.000000
1881.000000
251.000000
135.000000
1050.000000
673.000000
920.000000
123.000000
552.000000
303.000000
2013.000000
263.000000
488.000000
135.000000
959.000000
542.000000
255.000000
309.000000
1143.000000
479.000000
93.000000
236.000000
65.000000
294.000000
950.000000
1287.000000
196.000000
65.000000
114.000000
205.000000
7601.000000
510.000000
286.000000
88.000000
259.000000
127.000000
562.000000
1632.000000
48.000000
228.000000
267.000000
560.000000
138.000000
204.000000
434.000000
371.000000
974.000000
114.000000
609.000000
285.000000
226.000000
234.000000
776.000000
419.000000
2441.000000
190.000000
1131.000000
240.000000
615.000000
125.000000
21.000000
159.000000
568.000000
897.000000
402.000000
155.000000
324.000000
660.000000
4785.000000
281.000000
264.000000
238.000000
165.000000
2277.000000
497.000000
1302.000000
42.000000
423.000000
297.000000
157.000000
516.000000
598.000000
143.000000
212.000000
686.000000
296.000000
186.000000
1079.000000
557.000000
428.000000
479.000000
791.000000
1486.000000
123.000000
2121.000000
843.000000
133.000000
81.000000
144.000000
1941.000000
145.000000
196.000000
194.000000
193.000000
481.000000
409.000000
123.000000
1252.000000
273.000000
752.000000
487.000000
614.000000
287.000000
442.000000
419.000000
791.000000
434.000000
85.000000
335.000000
161.000000
773.000000
583.000000
940.000000
172.000000
1647.000000
99.000000
229.000000
870.000000
929.000000
158.000000
1217.000000
67.000000
694.000000
264.000000
495.000000
169.000000
70.000000
76.000000
687.000000
639.000000
162.000000
285.000000
1504.000000
296.000000
587.000000
526.000000
1229.000000
902.000000
403.000000
51.000000
163.000000
1753.000000
275.000000
613.000000
338.000000
461.000000
675.000000
323.000000
1253.000000
222.000000
260.000000
113.000000
686.000000
549.000000
142.000000
958.000000
792.000000
159.000000
804.000000
296.000000
993.000000
171.000000
85.000000
389.000000
212.000000
204.000000
829.000000
244.000000
2034.000000
173.000000
256.000000
677.000000
204.000000
2144.000000
2147.000000
287.000000
231.000000
556.000000
51.000000
1076.000000
878.000000
