307.000000
566.000000
1504.000000
960.000000
426.000000
611.000000
1060.000000
193.000000
365.000000
573.000000
295.000000
929.000000
597.000000
705.000000
172.000000
565.000000
165.000000
276.000000
660.000000
183.000000
829.000000
454.000000
688.000000
1465.000000
532.000000
654.000000
307.000000
769.000000
115.000000
516.000000
150.000000
242.000000
275.000000
173.000000
682.000000
235.000000
144.000000
506.000000
426.000000
89.000000
374.000000
1113.000000
326.000000
95.000000
182.000000
115.000000
824.000000
152.000000
231.000000
552.000000
152.000000
545.000000
449.000000
387.000000
700.000000
2903.000000
1429.000000
788.000000
559.000000
785.000000
278.000000
316.000000
190.000000
250.000000
1971.000000
104.000000
145.000000
178.000000
1519.000000
769.000000
294.000000
698.000000
56.000000
1785.000000
278.000000
466.000000
299.000000
403.000000
93.000000
984.000000
335.000000
273.000000
91.000000
366.000000
431.000000
221.000000
171.000000
267.000000
2632.000000
114.000000
336.000000
179.000000
316.000000
363.000000
713.000000
189.000000
390.000000
628.000000
619.000000
1228.000000
626.000000
4007.000000
570.000000
105.000000
137.000000
878.000000
299.000000
98.000000
380.000000
1439.000000
192.000000
373.000000
255.000000
946.000000
3292.000000
4635.000000
1099.000000
1047.000000
963.000000
2111.000000
681.000000
326.000000
436.000000
190.000000
373.000000
417.000000
809.000000
280.000000
604.000000
661.000000
166.000000
440.000000
125.000000
219.000000
1628.000000
170.000000
184.000000
311.000000
976.000000
1288.000000
1232.000000
1295.000000
583.000000
1181.000000
599.000000
326.000000
1127.000000
920.000000
284.000000
45.000000
120.000000
481.000000
323.000000
1043.000000
3841.000000
229.000000
500.000000
1232.000000
227.000000
840.000000
427.000000
204.000000
319.000000
896.000000
301.000000
587.000000
1615.000000
153.000000
115.000000
110.000000
253.000000
512.000000
868.000000
145.000000
667.000000
171.000000
105.000000
482.000000
277.000000
601.000000
447.000000
579.000000
1891.000000
1267.000000
62.000000
235.000000
519.000000
228.000000
1283.000000
196.000000
70.000000
84.000000
253.000000
185.000000
1007.000000
294.000000
271.000000
281.000000
228.000000
460.000000
903.000000
659.000000
394.000000
1811.000000
487.000000
239.000000
1289.000000
493.000000
598.000000
72.000000
1056.000000
53.000000
2508.000000
196.000000
66.000000
296.000000
553.000000
218.000000
562.000000
476.000000
280.000000
222.000000
2553.000000
332.000000
377.000000
52.000000
129.000000
424.000000
200.000000
881.000000
339.000000
103.000000
1214.000000
166.000000
766.000000
94.000000
591.000000
153.000000
161.000000
838.000000
559.000000
175.000000
328.000000
416.000000
1656.000000
1099.000000
208.000000
173.000000
1039.000000
569.000000
468.000000
104.000000
125.000000
3560.000000
282.000000
4195.000000
176.000000
394.000000
186.000000
122.000000
483.000000
1937.000000
437.000000
169.000000
558.000000
735.000000
464.000000
373.000000
248.000000
301.000000
42.000000
259.000000
285.000000
958.000000
546.000000
1011.000000
314.000000
78.000000
472.000000
3658.000000
196.000000
1398.000000
183.000000
908.000000
107.000000
1015.000000
668.000000
165.000000
454.000000
239.000000
1288.000000
1378.000000
142.000000
269.000000
612.000000
229.000000
133.000000
865.000000
74.000000
691.000000
3535.000000
55.000000
195.000000
433.000000
572.000000
950.000000
556.000000
560.000000
393.000000
250.000000
476.000000
401.000000
159.000000
359.000000
91.000000
319.000000
412.000000
1276.000000
129.000000
227.000000
1237.000000
354.000000
112.000000
13103.000000
734.000000
32.000000
1501.000000
323.000000
761.000000
696.000000
57.000000
321.000000
262.000000
268.000000
156.000000
86.000000
592.000000
125.000000
847.000000
217.000000
137.000000
68.000000
2083.000000
437.000000
301.000000
405.000000
205.000000
670.000000
398.000000
521.000000
1771.000000
270.000000
398.000000
281.000000
710.000000
1085.000000
271.000000
192.000000
1337.000000
168.000000
308.000000
337.000000
345.000000
856.000000
230.000000
455.000000
325.000000
363.000000
125.000000
419.000000
241.000000
1010.000000
172.000000
201.000000
518.000000
115.000000
1606.000000
305.000000
729.000000
535.000000
404.000000
496.000000
94.000000
159.000000
446.000000
759.000000
265.000000
1766.000000
259.000000
1960.000000
332.000000
455.000000
151.000000
333.000000
541.000000
291.000000
114.000000
97.000000
2782.000000
287.000000
989.000000
378.000000
499.000000
59.000000
128.000000
432.000000
281.000000
130.000000
760.000000
1448.000000
195.000000
216.000000
257.000000
229.000000
557.000000
578.000000
950.000000
254.000000
950.000000
766.000000
337.000000
376.000000
818.000000
367.000000
830.000000
502.000000
414.000000
792.000000
670.000000
270.000000
517.000000
130.000000
332.000000
186.000000
168.000000
421.000000
3940.000000
456.000000
230.000000
697.000000
1309.000000
1322.000000
463.000000
199.000000
324.000000
433.000000
307.000000
893.000000
442.000000
237.000000
726.000000
329.000000
221.000000
285.000000
2017.000000
1235.000000
258.000000
92.000000
502.000000
234.000000
832.000000
91.000000
790.000000
130.000000
332.000000
304.000000
521.000000
499.000000
1083.000000
56.000000
1159.000000
91.000000
197.000000
606.000000
398.000000
491.000000
362.000000
541.000000
1511.000000
522.000000
139.000000
581.000000
2009.000000
117.000000
109.000000
176.000000
12944.000000
250.000000
607.000000
296.000000
1209.000000
1178.000000
324.000000
536.000000
997.000000
446.000000
383.000000
735.000000
1448.000000
475.000000
171.000000
217.000000
610.000000
3901.000000
505.000000
659.000000
322.000000
2019.000000
804.000000
202.000000
100.000000
265.000000
138.000000
258.000000
497.000000
568.000000
676.000000
202.000000
1337.000000
2217.000000
1479.000000
276.000000
861.000000
411.000000
251.000000
181.000000
1489.000000
445.000000
260.000000
199.000000
1239.000000
3955.000000
1008.000000
1080.000000
304.000000
734.000000
422.000000
237.000000
167.000000
781.000000
958.000000
805.000000
309.000000
320.000000
341.000000
256.000000
376.000000
166.000000
1105.000000
241.000000
350.000000
81.000000
647.000000
204.000000
186.000000
1490.000000
79.000000
193.000000
293.000000
285.000000
293.000000
94.000000
502.000000
295.000000
825.000000
1716.000000
185.000000
109.000000
481.000000
278.000000
132.000000
433.000000
408.000000
571.000000
997.000000
207.000000
275.000000
2203.000000
107.000000
1168.000000
869.000000
491.000000
65.000000
217.000000
96.000000
2462.000000
3881.000000
327.000000
141.000000
225.000000
2012.000000
244.000000
995.000000
300.000000
175.000000
197.000000
137.000000
173.000000
837.000000
199.000000
375.000000
2265.000000
363.000000
108.000000
122.000000
459.000000
144.000000
134.000000
899.000000
439.000000
403.000000
1105.000000
608.000000
1176.000000
1233.000000
323.000000
86.000000
356.000000
403.000000
459.000000
627.000000
1355.000000
315.000000
297.000000
219.000000
132.000000
416.000000
243.000000
308.000000
274.000000
1673.000000
645.000000
177.000000
63.000000
85.000000
309.000000
235.000000
1154.000000
209.000000
65.000000
54.000000
520.000000
639.000000
97.000000
2022.000000
1017.000000
85.000000
1890.000000
349.000000
181.000000
404.000000
1041.000000
1631.000000
157.000000
1620.000000
990.000000
1832.000000
466.000000
132.000000
226.000000
145.000000
195.000000
541.000000
176.000000
201.000000
2300.000000
85.000000
241.000000
795.000000
69.000000
350.000000
1954.000000
70.000000
417.000000
809.000000
3636.000000
1229.000000
6660.000000
2152.000000
509.000000
1153.000000
479.000000
249.000000
1087.000000
612.000000
1676.000000
337.000000
2128.000000
701.000000
188.000000
233.000000
1620.000000
703.000000
176.000000
102.000000
320.000000
1050.000000
651.000000
355.000000
172.000000
1042.000000
693.000000
214.000000
340.000000
1427.000000
552.000000
355.000000
258.000000
291.000000
1042.000000
278.000000
559.000000
455.000000
75.000000
1131.000000
290.000000
729.000000
1309.000000
6614.000000
930.000000
171.000000
1114.000000
572.000000
799.000000
837.000000
622.000000
165.000000
119.000000
636.000000
279.000000
624.000000
329.000000
217.000000
147.000000
226.000000
103.000000
334.000000
813.000000
1559.000000
4129.000000
1343.000000
140.000000
364.000000
138.000000
122.000000
303.000000
752.000000
629.000000
210.000000
278.000000
507.000000
452.000000
439.000000
85.000000
410.000000
953.000000
166.000000
619.000000
557.000000
282.000000
213.000000
176.000000
972.000000
119.000000
70.000000
818.000000
517.000000
1073.000000
1232.000000
182.000000
577.000000
485.000000
281.000000
238.000000
1396.000000
473.000000
909.000000
211.000000
224.000000
125.000000
912.000000
277.000000
2399.000000
229.000000
592.000000
619.000000
569.000000
4241.000000
749.000000
2735.000000
27.000000
364.000000
1247.000000
1945.000000
68.000000
505.000000
568.000000
145.000000
295.000000
401.000000
635.000000
2270.000000
422.000000
610.000000
220.000000
63.000000
153.000000
215.000000
243.000000
210.000000
1421.000000
110.000000
225.000000
330.000000
884.000000
142.000000
459.000000
237.000000
644.000000
250.000000
69.000000
472.000000
488.000000
3247.000000
1339.000000
2203.000000
371.000000
1528.000000
739.000000
675.000000
453.000000
306.000000
114.000000
65.000000
98.000000
171.000000
220.000000
365.000000
572.000000
319.000000
487.000000
536.000000
118.000000
430.000000
300.000000
383.000000
248.000000
253.000000
468.000000
326.000000
61.000000
1191.000000
1848.000000
1483.000000
757.000000
146.000000
1038.000000
1461.000000
80.000000
541.000000
162.000000
2377.000000
184.000000
238.000000
35.000000
175.000000
229.000000
583.000000
149.000000
4514.000000
177.000000
1504.000000
327.000000
882.000000
136.000000
3424.000000
417.000000
325.000000
165.000000
216.000000
113.000000
659.000000
418.000000
308.000000
378.000000
405.000000
244.000000
291.000000
264.000000
68.000000
29.000000
2183.000000
710.000000
1011.000000
426.000000
337.000000
336.000000
194.000000
408.000000
544.000000
369.000000
1114.000000
4814.000000
339.000000
567.000000
867.000000
180.000000
182.000000
33.000000
767.000000
2202.000000
532.000000
241.000000
945.000000
1024.000000
1848.000000
261.000000
1001.000000
1915.000000
447.000000
406.000000
1175.000000
262.000000
369.000000
486.000000
2132.000000
374.000000
1892.000000
410.000000
80.000000
356.000000
707.000000
519.000000
24.000000
3383.000000
63.000000
90.000000
516.000000
831.000000
196.000000
158.000000
215.000000
271.000000
122.000000
371.000000
554.000000
1021.000000
974.000000
456.000000
667.000000
76.000000
311.000000
101.000000
278.000000
273.000000
783.000000
1878.000000
267.000000
145.000000
1993.000000
411.000000
950.000000
122.000000
162.000000
167.000000
413.000000
143.000000
303.000000
398.000000
1050.000000
91.000000
93.000000
474.000000
140.000000
180.000000
1055.000000
156.000000
109.000000
1929.000000
396.000000
87.000000
686.000000
2268.000000
219.000000
1517.000000
316.000000
468.000000
518.000000
1782.000000
121.000000
88.000000
845.000000
404.000000
146.000000
399.000000
219.000000
59.000000
753.000000
130.000000
712.000000
