93.000000
715.000000
82.000000
831.000000
223.000000
113.000000
558.000000
837.000000
348.000000
125.000000
75.000000
326.000000
1063.000000
167.000000
264.000000
832.000000
295.000000
204.000000
206.000000
1237.000000
852.000000
881.000000
721.000000
982.000000
431.000000
109.000000
192.000000
583.000000
2035.000000
99.000000
95.000000
95.000000
4992.000000
589.000000
1084.000000
629.000000
488.000000
443.000000
328.000000
855.000000
3456.000000
966.000000
370.000000
533.000000
122.000000
565.000000
118.000000
773.000000
432.000000
1117.000000
806.000000
45.000000
1904.000000
439.000000
335.000000
1212.000000
372.000000
47.000000
830.000000
243.000000
1011.000000
1497.000000
96.000000
284.000000
370.000000
38.000000
291.000000
151.000000
560.000000
416.000000
86.000000
578.000000
187.000000
723.000000
283.000000
248.000000
347.000000
101.000000
765.000000
1215.000000
527.000000
917.000000
893.000000
565.000000
523.000000
356.000000
78.000000
418.000000
2171.000000
163.000000
257.000000
456.000000
208.000000
129.000000
889.000000
229.000000
66.000000
1050.000000
900.000000
725.000000
69.000000
294.000000
411.000000
898.000000
608.000000
904.000000
60.000000
27.000000
851.000000
1072.000000
96.000000
317.000000
157.000000
645.000000
336.000000
4360.000000
238.000000
1031.000000
694.000000
170.000000
1999.000000
98.000000
68.000000
239.000000
287.000000
171.000000
680.000000
827.000000
716.000000
661.000000
204.000000
766.000000
1130.000000
545.000000
747.000000
1205.000000
424.000000
1134.000000
187.000000
572.000000
612.000000
189.000000
978.000000
526.000000
366.000000
1180.000000
391.000000
336.000000
238.000000
1099.000000
898.000000
327.000000
1780.000000
354.000000
307.000000
111.000000
518.000000
933.000000
68.000000
299.000000
1899.000000
336.000000
577.000000
386.000000
267.000000
844.000000
4184.000000
620.000000
399.000000
414.000000
296.000000
504.000000
467.000000
455.000000
310.000000
1884.000000
692.000000
1344.000000
703.000000
82.000000
159.000000
186.000000
141.000000
630.000000
766.000000
586.000000
174.000000
341.000000
1257.000000
731.000000
735.000000
342.000000
424.000000
128.000000
580.000000
457.000000
267.000000
390.000000
827.000000
152.000000
226.000000
278.000000
1291.000000
1329.000000
322.000000
487.000000
893.000000
386.000000
721.000000
1199.000000
478.000000
51.000000
1005.000000
909.000000
671.000000
425.000000
277.000000
518.000000
296.000000
396.000000
692.000000
319.000000
340.000000
331.000000
93.000000
809.000000
207.000000
355.000000
54.000000
502.000000
610.000000
107.000000
182.000000
120.000000
102.000000
121.000000
780.000000
1181.000000
113.000000
319.000000
537.000000
376.000000
126.000000
369.000000
1221.000000
1409.000000
429.000000
897.000000
258.000000
443.000000
295.000000
219.000000
210.000000
1614.000000
354.000000
105.000000
380.000000
841.000000
660.000000
427.000000
1052.000000
118.000000
297.000000
3697.000000
1134.000000
260.000000
981.000000
1114.000000
598.000000
1095.000000
73.000000
221.000000
518.000000
329.000000
5970.000000
176.000000
494.000000
1371.000000
189.000000
978.000000
412.000000
184.000000
381.000000
3248.000000
237.000000
251.000000
133.000000
839.000000
657.000000
719.000000
161.000000
147.000000
192.000000
252.000000
670.000000
242.000000
429.000000
615.000000
785.000000
242.000000
150.000000
230.000000
525.000000
299.000000
895.000000
309.000000
225.000000
321.000000
621.000000
212.000000
504.000000
1052.000000
169.000000
1221.000000
131.000000
424.000000
412.000000
233.000000
862.000000
582.000000
828.000000
661.000000
592.000000
57.000000
429.000000
120.000000
503.000000
2950.000000
470.000000
409.000000
127.000000
290.000000
161.000000
28.000000
378.000000
1706.000000
255.000000
1214.000000
1251.000000
194.000000
97.000000
343.000000
402.000000
103.000000
57.000000
239.000000
280.000000
457.000000
1745.000000
1577.000000
1432.000000
440.000000
205.000000
638.000000
388.000000
145.000000
200.000000
574.000000
1137.000000
1351.000000
965.000000
153.000000
607.000000
100.000000
248.000000
630.000000
3663.000000
377.000000
270.000000
90.000000
106.000000
332.000000
602.000000
1868.000000
442.000000
612.000000
30.000000
728.000000
2990.000000
144.000000
2043.000000
740.000000
193.000000
1775.000000
2423.000000
643.000000
592.000000
222.000000
2020.000000
1389.000000
244.000000
760.000000
315.000000
213.000000
340.000000
383.000000
895.000000
90.000000
127.000000
830.000000
415.000000
812.000000
364.000000
259.000000
270.000000
788.000000
1425.000000
1218.000000
235.000000
595.000000
793.000000
292.000000
81.000000
873.000000
226.000000
306.000000
430.000000
174.000000
73.000000
238.000000
1342.000000
198.000000
839.000000
430.000000
125.000000
46.000000
65.000000
833.000000
137.000000
207.000000
242.000000
349.000000
309.000000
154.000000
659.000000
935.000000
211.000000
147.000000
639.000000
73.000000
376.000000
4861.000000
494.000000
107.000000
156.000000
1111.000000
1088.000000
744.000000
937.000000
882.000000
89.000000
157.000000
133.000000
470.000000
427.000000
124.000000
1412.000000
131.000000
320.000000
934.000000
552.000000
265.000000
385.000000
181.000000
425.000000
982.000000
578.000000
280.000000
473.000000
1616.000000
99.000000
192.000000
312.000000
567.000000
201.000000
337.000000
255.000000
91.000000
280.000000
316.000000
1399.000000
372.000000
1665.000000
168.000000
424.000000
353.000000
202.000000
123.000000
342.000000
299.000000
198.000000
98.000000
76.000000
2113.000000
133.000000
729.000000
205.000000
344.000000
327.000000
92.000000
106.000000
171.000000
927.000000
743.000000
177.000000
104.000000
142.000000
195.000000
1035.000000
314.000000
419.000000
767.000000
760.000000
138.000000
670.000000
795.000000
383.000000
798.000000
221.000000
792.000000
115.000000
3755.000000
1167.000000
150.000000
1043.000000
295.000000
252.000000
293.000000
97.000000
127.000000
136.000000
189.000000
97.000000
852.000000
366.000000
405.000000
1592.000000
89.000000
1165.000000
278.000000
673.000000
1003.000000
87.000000
1312.000000
538.000000
402.000000
404.000000
630.000000
141.000000
135.000000
857.000000
754.000000
1345.000000
89.000000
332.000000
387.000000
1569.000000
300.000000
346.000000
226.000000
361.000000
156.000000
992.000000
718.000000
864.000000
85.000000
176.000000
810.000000
10823.000000
95.000000
120.000000
270.000000
1680.000000
870.000000
993.000000
318.000000
254.000000
233.000000
1508.000000
1408.000000
97.000000
386.000000
1838.000000
830.000000
509.000000
533.000000
235.000000
822.000000
420.000000
774.000000
286.000000
1245.000000
186.000000
203.000000
1613.000000
596.000000
509.000000
1347.000000
184.000000
3025.000000
299.000000
494.000000
174.000000
339.000000
168.000000
360.000000
23.000000
114.000000
627.000000
778.000000
313.000000
119.000000
616.000000
1838.000000
1385.000000
314.000000
2454.000000
1444.000000
2153.000000
466.000000
399.000000
382.000000
86.000000
166.000000
435.000000
712.000000
1297.000000
351.000000
442.000000
758.000000
239.000000
4367.000000
417.000000
919.000000
179.000000
129.000000
184.000000
156.000000
501.000000
655.000000
190.000000
249.000000
571.000000
667.000000
1098.000000
115.000000
670.000000
98.000000
415.000000
779.000000
385.000000
167.000000
132.000000
556.000000
350.000000
66.000000
532.000000
169.000000
314.000000
980.000000
338.000000
349.000000
491.000000
87.000000
578.000000
483.000000
921.000000
3417.000000
739.000000
569.000000
4875.000000
27.000000
131.000000
158.000000
847.000000
733.000000
36.000000
601.000000
57.000000
142.000000
543.000000
152.000000
242.000000
275.000000
180.000000
1286.000000
360.000000
130.000000
285.000000
512.000000
475.000000
169.000000
184.000000
667.000000
589.000000
5625.000000
402.000000
989.000000
70.000000
220.000000
623.000000
248.000000
175.000000
136.000000
806.000000
218.000000
406.000000
674.000000
2491.000000
3546.000000
388.000000
65.000000
215.000000
237.000000
4203.000000
1042.000000
4638.000000
897.000000
1200.000000
198.000000
500.000000
1095.000000
96.000000
563.000000
150.000000
1264.000000
319.000000
525.000000
566.000000
1018.000000
779.000000
307.000000
683.000000
613.000000
198.000000
501.000000
386.000000
1377.000000
1561.000000
1650.000000
236.000000
291.000000
353.000000
1026.000000
601.000000
120.000000
870.000000
704.000000
651.000000
490.000000
2650.000000
233.000000
155.000000
1324.000000
236.000000
164.000000
2127.000000
386.000000
544.000000
121.000000
345.000000
797.000000
50.000000
224.000000
1486.000000
853.000000
219.000000
224.000000
332.000000
266.000000
372.000000
221.000000
360.000000
345.000000
320.000000
5232.000000
260.000000
141.000000
2261.000000
111.000000
280.000000
152.000000
1239.000000
362.000000
289.000000
768.000000
776.000000
223.000000
1470.000000
751.000000
599.000000
222.000000
201.000000
201.000000
403.000000
653.000000
1929.000000
739.000000
897.000000
99.000000
63.000000
1404.000000
732.000000
859.000000
190.000000
287.000000
282.000000
1571.000000
2399.000000
1513.000000
251.000000
1032.000000
446.000000
289.000000
1725.000000
127.000000
184.000000
437.000000
771.000000
1033.000000
3268.000000
977.000000
5021.000000
789.000000
81.000000
263.000000
104.000000
215.000000
263.000000
214.000000
823.000000
358.000000
89.000000
1172.000000
154.000000
374.000000
98.000000
1070.000000
234.000000
502.000000
100.000000
279.000000
200.000000
448.000000
2856.000000
212.000000
374.000000
974.000000
128.000000
161.000000
128.000000
3581.000000
1772.000000
98.000000
373.000000
463.000000
324.000000
275.000000
1850.000000
280.000000
324.000000
885.000000
177.000000
612.000000
187.000000
332.000000
227.000000
70.000000
302.000000
2255.000000
1166.000000
604.000000
112.000000
334.000000
79.000000
381.000000
2003.000000
197.000000
434.000000
142.000000
340.000000
2771.000000
434.000000
105.000000
390.000000
191.000000
1009.000000
202.000000
58.000000
367.000000
84.000000
189.000000
130.000000
526.000000
715.000000
96.000000
536.000000
321.000000
1003.000000
460.000000
844.000000
273.000000
754.000000
837.000000
1514.000000
433.000000
162.000000
602.000000
179.000000
183.000000
330.000000
1386.000000
712.000000
75.000000
447.000000
484.000000
580.000000
320.000000
885.000000
999.000000
211.000000
69.000000
618.000000
322.000000
416.000000
1738.000000
476.000000
580.000000
690.000000
286.000000
288.000000
340.000000
652.000000
632.000000
670.000000
1127.000000
253.000000
61.000000
453.000000
627.000000
1649.000000
384.000000
399.000000
540.000000
533.000000
388.000000
763.000000
97.000000
131.000000
2753.000000
35.000000
81.000000
582.000000
117.000000
1219.000000
34.000000
430.000000
183.000000
209.000000
348.000000
2249.000000
409.000000
513.000000
1907.000000
384.000000
335.000000
265.000000
4051.000000
1460.000000
270.000000
367.000000
1061.000000
2219.000000
63.000000
159.000000
289.000000
915.000000
1218.000000
178.000000
96.000000
515.000000
397.000000
507.000000
2330.000000
187.000000
388.000000
1551.000000
666.000000
595.000000
284.000000
702.000000
460.000000
435.000000
740.000000
57.000000
99.000000
868.000000
30.000000
551.000000
105.000000
