3387.000000
358.000000
180.000000
896.000000
173.000000
1893.000000
154.000000
173.000000
106.000000
584.000000
1415.000000
299.000000
206.000000
113.000000
1141.000000
167.000000
675.000000
229.000000
139.000000
345.000000
2613.000000
301.000000
313.000000
15.000000
216.000000
492.000000
116.000000
326.000000
136.000000
118.000000
505.000000
3614.000000
330.000000
187.000000
1153.000000
495.000000
1124.000000
509.000000
1365.000000
101.000000
1831.000000
592.000000
2237.000000
405.000000
120.000000
184.000000
133.000000
478.000000
1088.000000
75.000000
808.000000
1113.000000
609.000000
523.000000
1008.000000
849.000000
889.000000
414.000000
459.000000
632.000000
322.000000
759.000000
769.000000
298.000000
229.000000
596.000000
157.000000
372.000000
1043.000000
2013.000000
398.000000
416.000000
1489.000000
720.000000
2858.000000
95.000000
403.000000
649.000000
302.000000
205.000000
62.000000
1000.000000
256.000000
3569.000000
396.000000
44.000000
74.000000
244.000000
1417.000000
398.000000
557.000000
2304.000000
1317.000000
314.000000
333.000000
66.000000
1671.000000
193.000000
772.000000
800.000000
291.000000
263.000000
1548.000000
256.000000
775.000000
82.000000
141.000000
1891.000000
47.000000
915.000000
230.000000
95.000000
125.000000
281.000000
723.000000
1109.000000
1183.000000
844.000000
157.000000
1171.000000
595.000000
146.000000
129.000000
198.000000
177.000000
137.000000
60.000000
56.000000
663.000000
197.000000
573.000000
1229.000000
629.000000
1539.000000
198.000000
385.000000
3266.000000
83.000000
241.000000
2122.000000
186.000000
51.000000
280.000000
356.000000
811.000000
1149.000000
679.000000
1522.000000
149.000000
392.000000
166.000000
1296.000000
445.000000
283.000000
90.000000
832.000000
521.000000
610.000000
319.000000
677.000000
326.000000
185.000000
636.000000
854.000000
131.000000
678.000000
86.000000
51.000000
463.000000
1238.000000
157.000000
733.000000
134.000000
999.000000
176.000000
343.000000
205.000000
1679.000000
1553.000000
291.000000
211.000000
1520.000000
550.000000
4507.000000
620.000000
852.000000
906.000000
266.000000
791.000000
110.000000
196.000000
101.000000
814.000000
280.000000
593.000000
209.000000
570.000000
742.000000
161.000000
4345.000000
198.000000
778.000000
341.000000
228.000000
285.000000
60.000000
387.000000
624.000000
181.000000
1874.000000
96.000000
1644.000000
428.000000
213.000000
1301.000000
322.000000
438.000000
97.000000
266.000000
997.000000
176.000000
204.000000
266.000000
134.000000
113.000000
3072.000000
132.000000
367.000000
247.000000
863.000000
861.000000
589.000000
1251.000000
460.000000
284.000000
196.000000
617.000000
245.000000
127.000000
1296.000000
158.000000
472.000000
175.000000
1483.000000
553.000000
170.000000
473.000000
48.000000
664.000000
2595.000000
345.000000
121.000000
514.000000
815.000000
177.000000
1302.000000
578.000000
315.000000
123.000000
869.000000
536.000000
691.000000
2211.000000
118.000000
500.000000
175.000000
395.000000
856.000000
81.000000
73.000000
475.000000
155.000000
251.000000
350.000000
137.000000
99.000000
156.000000
166.000000
570.000000
522.000000
304.000000
387.000000
318.000000
1401.000000
95.000000
469.000000
2294.000000
771.000000
728.000000
399.000000
180.000000
579.000000
288.000000
713.000000
625.000000
536.000000
117.000000
6913.000000
159.000000
1392.000000
949.000000
402.000000
1354.000000
792.000000
142.000000
115.000000
175.000000
1954.000000
4350.000000
551.000000
232.000000
1803.000000
1327.000000
266.000000
151.000000
1134.000000
40.000000
1388.000000
695.000000
820.000000
928.000000
486.000000
935.000000
468.000000
468.000000
59.000000
77.000000
251.000000
439.000000
816.000000
509.000000
846.000000
509.000000
488.000000
221.000000
1026.000000
892.000000
72.000000
407.000000
582.000000
652.000000
317.000000
290.000000
350.000000
1556.000000
570.000000
236.000000
337.000000
701.000000
539.000000
101.000000
367.000000
133.000000
132.000000
2298.000000
1101.000000
246.000000
410.000000
355.000000
1773.000000
166.000000
2356.000000
217.000000
110.000000
1213.000000
254.000000
1545.000000
1587.000000
1944.000000
391.000000
197.000000
220.000000
508.000000
1588.000000
171.000000
534.000000
749.000000
121.000000
1140.000000
53.000000
280.000000
2137.000000
1474.000000
563.000000
123.000000
791.000000
440.000000
721.000000
521.000000
823.000000
452.000000
554.000000
1179.000000
59.000000
133.000000
969.000000
135.000000
1018.000000
215.000000
1017.000000
4671.000000
470.000000
1052.000000
268.000000
786.000000
494.000000
636.000000
176.000000
240.000000
65.000000
440.000000
1430.000000
387.000000
4223.000000
558.000000
40.000000
389.000000
297.000000
594.000000
149.000000
1365.000000
245.000000
57.000000
361.000000
261.000000
197.000000
291.000000
74.000000
497.000000
315.000000
153.000000
366.000000
300.000000
272.000000
69.000000
408.000000
210.000000
1812.000000
321.000000
523.000000
654.000000
61.000000
349.000000
897.000000
202.000000
196.000000
678.000000
135.000000
1133.000000
169.000000
461.000000
1916.000000
325.000000
4366.000000
150.000000
3308.000000
947.000000
375.000000
404.000000
319.000000
118.000000
126.000000
300.000000
99.000000
108.000000
341.000000
327.000000
412.000000
129.000000
1238.000000
132.000000
122.000000
1407.000000
621.000000
118.000000
1016.000000
292.000000
219.000000
1307.000000
133.000000
411.000000
807.000000
247.000000
110.000000
1212.000000
341.000000
133.000000
342.000000
272.000000
837.000000
449.000000
56.000000
337.000000
118.000000
122.000000
1866.000000
340.000000
152.000000
391.000000
856.000000
1084.000000
115.000000
304.000000
2543.000000
1188.000000
351.000000
1860.000000
627.000000
619.000000
262.000000
2305.000000
137.000000
24.000000
332.000000
619.000000
1930.000000
673.000000
875.000000
305.000000
982.000000
953.000000
77.000000
309.000000
767.000000
892.000000
630.000000
1840.000000
500.000000
548.000000
99.000000
72.000000
201.000000
1287.000000
450.000000
1503.000000
210.000000
304.000000
212.000000
608.000000
404.000000
141.000000
189.000000
140.000000
432.000000
1068.000000
1140.000000
1025.000000
1311.000000
454.000000
320.000000
81.000000
308.000000
1413.000000
254.000000
229.000000
532.000000
414.000000
100.000000
594.000000
67.000000
1124.000000
665.000000
1007.000000
73.000000
559.000000
559.000000
66.000000
410.000000
90.000000
1103.000000
161.000000
541.000000
171.000000
411.000000
64.000000
21.000000
974.000000
137.000000
120.000000
579.000000
270.000000
628.000000
280.000000
213.000000
108.000000
729.000000
793.000000
170.000000
313.000000
507.000000
1416.000000
74.000000
662.000000
158.000000
112.000000
805.000000
147.000000
53.000000
946.000000
277.000000
215.000000
264.000000
461.000000
502.000000
113.000000
560.000000
136.000000
412.000000
130.000000
615.000000
770.000000
408.000000
674.000000
545.000000
563.000000
575.000000
196.000000
3398.000000
360.000000
517.000000
888.000000
167.000000
116.000000
659.000000
221.000000
211.000000
1140.000000
477.000000
2537.000000
206.000000
238.000000
355.000000
1336.000000
333.000000
208.000000
129.000000
341.000000
1714.000000
878.000000
408.000000
487.000000
1142.000000
243.000000
843.000000
346.000000
427.000000
209.000000
703.000000
152.000000
98.000000
611.000000
995.000000
137.000000
80.000000
59.000000
680.000000
948.000000
278.000000
1723.000000
406.000000
1243.000000
61.000000
293.000000
387.000000
875.000000
901.000000
2944.000000
372.000000
175.000000
330.000000
132.000000
79.000000
105.000000
465.000000
672.000000
300.000000
725.000000
33.000000
614.000000
1340.000000
234.000000
361.000000
448.000000
24.000000
1019.000000
398.000000
316.000000
226.000000
841.000000
1475.000000
283.000000
117.000000
480.000000
191.000000
348.000000
3585.000000
270.000000
52.000000
847.000000
315.000000
611.000000
128.000000
741.000000
414.000000
336.000000
674.000000
380.000000
362.000000
1052.000000
232.000000
183.000000
180.000000
1938.000000
847.000000
67.000000
1273.000000
101.000000
474.000000
734.000000
617.000000
1169.000000
1102.000000
648.000000
198.000000
726.000000
92.000000
1658.000000
722.000000
194.000000
321.000000
231.000000
177.000000
397.000000
861.000000
82.000000
462.000000
726.000000
874.000000
134.000000
3163.000000
444.000000
254.000000
48.000000
1458.000000
227.000000
1102.000000
1488.000000
498.000000
628.000000
611.000000
227.000000
289.000000
329.000000
841.000000
257.000000
861.000000
2312.000000
437.000000
800.000000
188.000000
191.000000
351.000000
555.000000
891.000000
379.000000
802.000000
134.000000
601.000000
40.000000
778.000000
1079.000000
424.000000
330.000000
53.000000
195.000000
379.000000
1889.000000
545.000000
1365.000000
1333.000000
154.000000
396.000000
628.000000
208.000000
152.000000
542.000000
214.000000
164.000000
67.000000
667.000000
1510.000000
2323.000000
2329.000000
404.000000
1449.000000
285.000000
2582.000000
4937.000000
192.000000
328.000000
331.000000
196.000000
165.000000
313.000000
245.000000
292.000000
5154.000000
637.000000
318.000000
415.000000
302.000000
81.000000
649.000000
277.000000
75.000000
1135.000000
252.000000
905.000000
155.000000
648.000000
665.000000
113.000000
125.000000
194.000000
174.000000
253.000000
273.000000
147.000000
644.000000
109.000000
503.000000
61.000000
183.000000
191.000000
33.000000
141.000000
545.000000
2924.000000
231.000000
3826.000000
2155.000000
155.000000
85.000000
962.000000
792.000000
460.000000
467.000000
616.000000
834.000000
107.000000
192.000000
561.000000
4485.000000
130.000000
239.000000
1300.000000
72.000000
345.000000
1201.000000
443.000000
512.000000
473.000000
199.000000
59.000000
179.000000
580.000000
753.000000
238.000000
328.000000
132.000000
148.000000
469.000000
344.000000
250.000000
1639.000000
341.000000
663.000000
414.000000
74.000000
131.000000
218.000000
281.000000
616.000000
198.000000
273.000000
518.000000
121.000000
763.000000
151.000000
354.000000
1330.000000
206.000000
386.000000
1280.000000
258.000000
857.000000
259.000000
872.000000
500.000000
331.000000
62.000000
482.000000
1007.000000
115.000000
505.000000
266.000000
277.000000
155.000000
83.000000
480.000000
307.000000
752.000000
624.000000
931.000000
548.000000
188.000000
1318.000000
994.000000
905.000000
222.000000
185.000000
202.000000
718.000000
262.000000
813.000000
298.000000
439.000000
239.000000
82.000000
277.000000
334.000000
810.000000
567.000000
281.000000
657.000000
568.000000
2949.000000
990.000000
3609.000000
1480.000000
499.000000
306.000000
67.000000
575.000000
358.000000
129.000000
192.000000
165.000000
723.000000
1905.000000
398.000000
104.000000
360.000000
2152.000000
89.000000
696.000000
379.000000
776.000000
758.000000
289.000000
157.000000
97.000000
975.000000
173.000000
71.000000
306.000000
340.000000
984.000000
201.000000
291.000000
77.000000
851.000000
1090.000000
56.000000
111.000000
399.000000
373.000000
75.000000
856.000000
819.000000
379.000000
91.000000
113.000000
1416.000000
179.000000
1197.000000
815.000000
1420.000000
479.000000
1082.000000
596.000000
197.000000
107.000000
66.000000
1317.000000
1526.000000
230.000000
310.000000
80.000000
111.000000
