324.000000
24.000000
249.000000
2555.000000
307.000000
197.000000
221.000000
254.000000
208.000000
875.000000
299.000000
1158.000000
262.000000
125.000000
786.000000
1525.000000
574.000000
834.000000
460.000000
1256.000000
320.000000
807.000000
244.000000
68.000000
282.000000
268.000000
67.000000
58.000000
186.000000
234.000000
153.000000
819.000000
404.000000
269.000000
371.000000
156.000000
163.000000
3293.000000
837.000000
2030.000000
637.000000
170.000000
363.000000
371.000000
1163.000000
479.000000
426.000000
365.000000
25.000000
668.000000
352.000000
212.000000
373.000000
411.000000
1201.000000
383.000000
722.000000
15.000000
405.000000
1054.000000
531.000000
467.000000
256.000000
311.000000
1836.000000
289.000000
19.000000
476.000000
521.000000
2299.000000
409.000000
542.000000
1290.000000
595.000000
314.000000
371.000000
442.000000
1015.000000
258.000000
1711.000000
481.000000
1036.000000
269.000000
651.000000
434.000000
499.000000
343.000000
200.000000
137.000000
382.000000
636.000000
436.000000
1542.000000
307.000000
224.000000
1103.000000
182.000000
1102.000000
515.000000
125.000000
484.000000
820.000000
503.000000
515.000000
290.000000
1743.000000
301.000000
914.000000
72.000000
910.000000
855.000000
879.000000
1580.000000
614.000000
161.000000
122.000000
251.000000
1629.000000
252.000000
827.000000
296.000000
120.000000
556.000000
1356.000000
129.000000
237.000000
146.000000
81.000000
1509.000000
3132.000000
680.000000
347.000000
380.000000
677.000000
1669.000000
1031.000000
138.000000
233.000000
219.000000
492.000000
99.000000
338.000000
143.000000
157.000000
246.000000
1011.000000
302.000000
613.000000
1183.000000
290.000000
495.000000
194.000000
341.000000
219.000000
309.000000
898.000000
123.000000
739.000000
1325.000000
44.000000
442.000000
339.000000
100.000000
112.000000
61.000000
1303.000000
1484.000000
332.000000
703.000000
529.000000
1806.000000
195.000000
284.000000
324.000000
384.000000
1035.000000
234.000000
94.000000
3877.000000
307.000000
1083.000000
642.000000
369.000000
458.000000
887.000000
147.000000
1215.000000
259.000000
155.000000
181.000000
66.000000
1023.000000
518.000000
755.000000
329.000000
188.000000
979.000000
276.000000
289.000000
372.000000
326.000000
814.000000
236.000000
5838.000000
822.000000
138.000000
51.000000
124.000000
268.000000
334.000000
246.000000
547.000000
430.000000
956.000000
901.000000
517.000000
621.000000
1317.000000
196.000000
6158.000000
266.000000
884.000000
1332.000000
943.000000
1037.000000
341.000000
631.000000
198.000000
841.000000
180.000000
229.000000
403.000000
327.000000
1563.000000
864.000000
911.000000
504.000000
192.000000
47.000000
1053.000000
232.000000
412.000000
1453.000000
346.000000
772.000000
1400.000000
2747.000000
1935.000000
92.000000
471.000000
532.000000
866.000000
197.000000
1420.000000
938.000000
394.000000
138.000000
373.000000
1994.000000
737.000000
4086.000000
236.000000
962.000000
2029.000000
1161.000000
54.000000
582.000000
408.000000
610.000000
483.000000
608.000000
212.000000
3227.000000
437.000000
147.000000
1396.000000
230.000000
126.000000
2561.000000
962.000000
450.000000
312.000000
2480.000000
155.000000
180.000000
275.000000
109.000000
267.000000
642.000000
580.000000
237.000000
1396.000000
255.000000
147.000000
219.000000
355.000000
487.000000
537.000000
102.000000
21.000000
514.000000
660.000000
500.000000
53.000000
766.000000
346.000000
322.000000
751.000000
611.000000
1220.000000
656.000000
556.000000
20.000000
1901.000000
523.000000
1274.000000
277.000000
109.000000
225.000000
606.000000
520.000000
248.000000
162.000000
589.000000
1350.000000
976.000000
1648.000000
413.000000
31.000000
842.000000
2371.000000
1132.000000
768.000000
218.000000
1782.000000
467.000000
577.000000
836.000000
124.000000
1031.000000
895.000000
617.000000
512.000000
1262.000000
560.000000
355.000000
72.000000
136.000000
1342.000000
2305.000000
566.000000
167.000000
322.000000
183.000000
1768.000000
484.000000
496.000000
161.000000
856.000000
601.000000
1528.000000
487.000000
516.000000
504.000000
145.000000
641.000000
313.000000
175.000000
962.000000
245.000000
231.000000
939.000000
328.000000
655.000000
165.000000
296.000000
111.000000
139.000000
300.000000
461.000000
168.000000
662.000000
513.000000
234.000000
465.000000
255.000000
109.000000
130.000000
371.000000
177.000000
510.000000
116.000000
433.000000
343.000000
113.000000
88.000000
580.000000
193.000000
1186.000000
490.000000
61.000000
269.000000
357.000000
335.000000
502.000000
785.000000
269.000000
817.000000
190.000000
438.000000
2067.000000
153.000000
283.000000
114.000000
229.000000
653.000000
675.000000
187.000000
1171.000000
539.000000
537.000000
426.000000
2010.000000
1361.000000
178.000000
2470.000000
133.000000
505.000000
578.000000
225.000000
609.000000
1046.000000
112.000000
463.000000
443.000000
219.000000
631.000000
2555.000000
457.000000
145.000000
484.000000
1878.000000
751.000000
64.000000
287.000000
220.000000
1589.000000
337.000000
905.000000
493.000000
280.000000
216.000000
2830.000000
116.000000
790.000000
115.000000
471.000000
2708.000000
954.000000
195.000000
135.000000
54.000000
68.000000
133.000000
591.000000
950.000000
3018.000000
876.000000
443.000000
87.000000
458.000000
509.000000
436.000000
608.000000
610.000000
272.000000
79.000000
207.000000
140.000000
414.000000
109.000000
394.000000
346.000000
5625.000000
546.000000
239.000000
230.000000
105.000000
357.000000
1107.000000
561.000000
374.000000
956.000000
81.000000
730.000000
119.000000
146.000000
167.000000
302.000000
503.000000
250.000000
533.000000
394.000000
456.000000
791.000000
236.000000
251.000000
331.000000
1763.000000
1237.000000
116.000000
323.000000
118.000000
101.000000
495.000000
568.000000
314.000000
471.000000
132.000000
156.000000
396.000000
703.000000
811.000000
1036.000000
38.000000
219.000000
464.000000
341.000000
878.000000
1554.000000
533.000000
130.000000
264.000000
60.000000
1577.000000
1478.000000
376.000000
226.000000
141.000000
198.000000
112.000000
169.000000
20.000000
21.000000
3343.000000
105.000000
1114.000000
3104.000000
81.000000
915.000000
214.000000
769.000000
1343.000000
107.000000
1386.000000
42.000000
506.000000
261.000000
403.000000
958.000000
216.000000
82.000000
553.000000
1010.000000
103.000000
364.000000
230.000000
233.000000
1006.000000
212.000000
380.000000
1246.000000
400.000000
492.000000
176.000000
52.000000
416.000000
543.000000
134.000000
215.000000
110.000000
639.000000
142.000000
338.000000
1874.000000
172.000000
604.000000
1023.000000
6804.000000
290.000000
141.000000
504.000000
367.000000
1011.000000
4617.000000
1576.000000
283.000000
629.000000
531.000000
463.000000
4209.000000
663.000000
490.000000
667.000000
507.000000
363.000000
220.000000
1303.000000
135.000000
1259.000000
86.000000
538.000000
1796.000000
493.000000
277.000000
101.000000
283.000000
347.000000
476.000000
835.000000
3964.000000
978.000000
339.000000
66.000000
30.000000
2332.000000
541.000000
167.000000
325.000000
353.000000
43.000000
672.000000
1146.000000
2859.000000
316.000000
58.000000
2321.000000
1622.000000
81.000000
525.000000
1251.000000
472.000000
914.000000
801.000000
504.000000
181.000000
54.000000
365.000000
96.000000
302.000000
395.000000
1705.000000
127.000000
804.000000
608.000000
485.000000
147.000000
509.000000
557.000000
685.000000
532.000000
2881.000000
359.000000
356.000000
268.000000
116.000000
285.000000
314.000000
635.000000
916.000000
281.000000
142.000000
395.000000
212.000000
1076.000000
4117.000000
1713.000000
896.000000
451.000000
430.000000
8355.000000
1394.000000
398.000000
1240.000000
269.000000
220.000000
603.000000
3374.000000
132.000000
93.000000
911.000000
1138.000000
272.000000
301.000000
179.000000
56.000000
222.000000
1354.000000
632.000000
374.000000
222.000000
156.000000
1105.000000
246.000000
1341.000000
660.000000
1151.000000
1307.000000
1049.000000
623.000000
254.000000
365.000000
222.000000
390.000000
321.000000
434.000000
3920.000000
61.000000
364.000000
917.000000
37.000000
1001.000000
1187.000000
93.000000
1300.000000
118.000000
509.000000
181.000000
710.000000
700.000000
739.000000
53.000000
184.000000
1073.000000
89.000000
474.000000
90.000000
4566.000000
584.000000
326.000000
187.000000
2281.000000
201.000000
183.000000
80.000000
787.000000
3361.000000
791.000000
440.000000
103.000000
330.000000
487.000000
712.000000
2449.000000
106.000000
492.000000
254.000000
426.000000
152.000000
597.000000
57.000000
4295.000000
1460.000000
2034.000000
1511.000000
183.000000
2302.000000
236.000000
739.000000
351.000000
151.000000
169.000000
274.000000
398.000000
165.000000
600.000000
473.000000
56.000000
205.000000
407.000000
350.000000
220.000000
1046.000000
548.000000
938.000000
2321.000000
2755.000000
956.000000
72.000000
1939.000000
472.000000
496.000000
144.000000
655.000000
277.000000
567.000000
292.000000
128.000000
652.000000
908.000000
148.000000
287.000000
53.000000
380.000000
938.000000
166.000000
145.000000
469.000000
457.000000
614.000000
111.000000
1406.000000
391.000000
165.000000
97.000000
677.000000
249.000000
130.000000
157.000000
367.000000
873.000000
905.000000
1109.000000
853.000000
139.000000
504.000000
805.000000
709.000000
97.000000
201.000000
641.000000
452.000000
808.000000
252.000000
1337.000000
538.000000
1322.000000
99.000000
154.000000
36.000000
686.000000
3860.000000
156.000000
235.000000
159.000000
499.000000
625.000000
286.000000
4859.000000
200.000000
65.000000
601.000000
143.000000
158.000000
965.000000
79.000000
263.000000
417.000000
38.000000
108.000000
344.000000
300.000000
137.000000
538.000000
304.000000
157.000000
521.000000
1072.000000
39.000000
1268.000000
597.000000
455.000000
560.000000
311.000000
352.000000
746.000000
661.000000
1538.000000
146.000000
222.000000
158.000000
66.000000
104.000000
500.000000
303.000000
239.000000
496.000000
188.000000
1016.000000
808.000000
170.000000
1219.000000
622.000000
187.000000
2258.000000
118.000000
520.000000
149.000000
120.000000
110.000000
300.000000
33.000000
129.000000
152.000000
81.000000
128.000000
89.000000
855.000000
880.000000
329.000000
719.000000
115.000000
145.000000
1547.000000
4367.000000
1031.000000
199.000000
1033.000000
409.000000
320.000000
149.000000
143.000000
952.000000
466.000000
1751.000000
989.000000
1359.000000
2274.000000
1617.000000
127.000000
1717.000000
191.000000
3791.000000
173.000000
71.000000
1364.000000
207.000000
741.000000
1217.000000
439.000000
2411.000000
201.000000
364.000000
1395.000000
1978.000000
1084.000000
91.000000
295.000000
59.000000
276.000000
308.000000
2167.000000
245.000000
3799.000000
257.000000
38.000000
373.000000
341.000000
462.000000
1753.000000
533.000000
671.000000
90.000000
3573.000000
3378.000000
105.000000
159.000000
144.000000
395.000000
193.000000
1638.000000
1341.000000
503.000000
1632.000000
1325.000000
84.000000
1986.000000
1047.000000
1370.000000
266.000000
735.000000
702.000000
103.000000
165.000000
1339.000000
484.000000
101.000000
373.000000
227.000000
278.000000
356.000000
263.000000
363.000000
329.000000
452.000000
127.000000
159.000000
261.000000
877.000000
106.000000
