254.000000
391.000000
2368.000000
1134.000000
1039.000000
1137.000000
1737.000000
339.000000
2764.000000
807.000000
569.000000
63.000000
1781.000000
2414.000000
504.000000
2455.000000
902.000000
325.000000
711.000000
497.000000
800.000000
822.000000
427.000000
361.000000
391.000000
843.000000
261.000000
503.000000
1518.000000
57.000000
617.000000
270.000000
290.000000
82.000000
317.000000
156.000000
48.000000
618.000000
1604.000000
678.000000
1779.000000
176.000000
704.000000
131.000000
159.000000
139.000000
218.000000
445.000000
1700.000000
1008.000000
942.000000
430.000000
111.000000
159.000000
793.000000
1884.000000
309.000000
1342.000000
2802.000000
1838.000000
312.000000
454.000000
359.000000
3704.000000
73.000000
345.000000
269.000000
115.000000
1097.000000
301.000000
287.000000
924.000000
515.000000
424.000000
308.000000
226.000000
149.000000
579.000000
118.000000
717.000000
1065.000000
240.000000
136.000000
114.000000
332.000000
1115.000000
89.000000
387.000000
1248.000000
477.000000
769.000000
224.000000
93.000000
2668.000000
293.000000
621.000000
278.000000
250.000000
819.000000
139.000000
370.000000
412.000000
242.000000
702.000000
865.000000
906.000000
783.000000
644.000000
270.000000
103.000000
753.000000
654.000000
621.000000
127.000000
397.000000
72.000000
232.000000
713.000000
1267.000000
233.000000
885.000000
134.000000
662.000000
106.000000
2178.000000
933.000000
390.000000
976.000000
728.000000
1028.000000
232.000000
59.000000
37.000000
1144.000000
2704.000000
2114.000000
141.000000
641.000000
1782.000000
463.000000
684.000000
5210.000000
517.000000
384.000000
935.000000
536.000000
226.000000
160.000000
207.000000
334.000000
984.000000
120.000000
692.000000
382.000000
2423.000000
171.000000
143.000000
79.000000
437.000000
1047.000000
74.000000
202.000000
287.000000
824.000000
47.000000
631.000000
656.000000
468.000000
258.000000
1148.000000
949.000000
1373.000000
416.000000
655.000000
607.000000
118.000000
708.000000
1821.000000
223.000000
1455.000000
2101.000000
1621.000000
146.000000
984.000000
2046.000000
1654.000000
244.000000
964.000000
901.000000
79.000000
778.000000
259.000000
500.000000
1058.000000
1029.000000
71.000000
276.000000
76.000000
1469.000000
99.000000
226.000000
2033.000000
30.000000
500.000000
451.000000
206.000000
745.000000
720.000000
194.000000
244.000000
794.000000
374.000000
254.000000
133.000000
359.000000
875.000000
260.000000
2203.000000
245.000000
148.000000
482.000000
236.000000
1087.000000
701.000000
124.000000
1377.000000
412.000000
862.000000
722.000000
1767.000000
333.000000
3402.000000
174.000000
474.000000
139.000000
275.000000
185.000000
398.000000
858.000000
1524.000000
1225.000000
1445.000000
483.000000
707.000000
70.000000
1186.000000
66.000000
121.000000
428.000000
594.000000
774.000000
161.000000
250.000000
360.000000
542.000000
253.000000
2925.000000
335.000000
111.000000
711.000000
1289.000000
1260.000000
68.000000
842.000000
438.000000
1131.000000
723.000000
450.000000
186.000000
91.000000
1095.000000
249.000000
420.000000
115.000000
621.000000
351.000000
184.000000
118.000000
533.000000
1796.000000
419.000000
633.000000
3040.000000
282.000000
191.000000
620.000000
578.000000
239.000000
285.000000
991.000000
36.000000
361.000000
355.000000
642.000000
1371.000000
356.000000
154.000000
481.000000
315.000000
1294.000000
590.000000
300.000000
350.000000
928.000000
1985.000000
344.000000
139.000000
240.000000
279.000000
1535.000000
947.000000
210.000000
415.000000
57.000000
837.000000
232.000000
577.000000
87.000000
198.000000
270.000000
181.000000
1197.000000
144.000000
902.000000
235.000000
182.000000
235.000000
1089.000000
1530.000000
526.000000
121.000000
596.000000
1993.000000
291.000000
850.000000
898.000000
77.000000
348.000000
487.000000
459.000000
660.000000
383.000000
242.000000
115.000000
607.000000
134.000000
53.000000
176.000000
822.000000
788.000000
279.000000
54.000000
510.000000
1042.000000
1311.000000
326.000000
242.000000
137.000000
591.000000
472.000000
759.000000
127.000000
896.000000
388.000000
1141.000000
575.000000
189.000000
375.000000
108.000000
83.000000
217.000000
1198.000000
460.000000
460.000000
470.000000
563.000000
449.000000
215.000000
170.000000
889.000000
192.000000
285.000000
153.000000
587.000000
342.000000
493.000000
70.000000
238.000000
197.000000
351.000000
944.000000
1043.000000
781.000000
767.000000
274.000000
313.000000
342.000000
269.000000
112.000000
51.000000
114.000000
1165.000000
456.000000
484.000000
345.000000
68.000000
127.000000
380.000000
713.000000
145.000000
754.000000
339.000000
386.000000
791.000000
1115.000000
358.000000
1817.000000
368.000000
141.000000
221.000000
14.000000
214.000000
138.000000
243.000000
49.000000
433.000000
587.000000
284.000000
273.000000
196.000000
173.000000
438.000000
224.000000
317.000000
132.000000
152.000000
447.000000
317.000000
372.000000
119.000000
784.000000
2916.000000
253.000000
98.000000
111.000000
3196.000000
91.000000
3544.000000
1350.000000
198.000000
478.000000
968.000000
236.000000
855.000000
532.000000
263.000000
277.000000
940.000000
771.000000
241.000000
615.000000
987.000000
73.000000
51.000000
236.000000
544.000000
2063.000000
334.000000
1214.000000
354.000000
203.000000
3705.000000
221.000000
343.000000
232.000000
369.000000
239.000000
239.000000
415.000000
84.000000
881.000000
619.000000
335.000000
764.000000
140.000000
1606.000000
198.000000
284.000000
381.000000
150.000000
373.000000
306.000000
1702.000000
1031.000000
475.000000
920.000000
2919.000000
587.000000
1201.000000
127.000000
283.000000
84.000000
614.000000
435.000000
933.000000
275.000000
213.000000
182.000000
103.000000
374.000000
286.000000
164.000000
157.000000
537.000000
655.000000
204.000000
471.000000
98.000000
201.000000
130.000000
1479.000000
357.000000
152.000000
623.000000
568.000000
237.000000
1012.000000
205.000000
1063.000000
435.000000
189.000000
35.000000
768.000000
212.000000
247.000000
466.000000
1118.000000
282.000000
2478.000000
124.000000
97.000000
186.000000
208.000000
97.000000
172.000000
694.000000
775.000000
894.000000
518.000000
1591.000000
937.000000
133.000000
1138.000000
184.000000
388.000000
375.000000
198.000000
283.000000
469.000000
1320.000000
970.000000
176.000000
121.000000
199.000000
302.000000
861.000000
1150.000000
40.000000
138.000000
257.000000
893.000000
717.000000
60.000000
410.000000
668.000000
362.000000
1593.000000
2419.000000
1641.000000
560.000000
407.000000
287.000000
872.000000
7113.000000
130.000000
408.000000
348.000000
415.000000
253.000000
448.000000
199.000000
159.000000
281.000000
2010.000000
101.000000
305.000000
146.000000
573.000000
218.000000
2787.000000
278.000000
2139.000000
200.000000
181.000000
2550.000000
459.000000
3363.000000
2601.000000
427.000000
1150.000000
657.000000
243.000000
72.000000
1187.000000
2128.000000
394.000000
368.000000
286.000000
1022.000000
97.000000
162.000000
326.000000
770.000000
302.000000
1238.000000
1493.000000
1138.000000
366.000000
754.000000
233.000000
905.000000
106.000000
889.000000
242.000000
102.000000
150.000000
147.000000
94.000000
166.000000
210.000000
3065.000000
305.000000
1149.000000
391.000000
724.000000
383.000000
236.000000
415.000000
26.000000
135.000000
143.000000
1251.000000
4681.000000
122.000000
1588.000000
2103.000000
24.000000
181.000000
485.000000
878.000000
93.000000
368.000000
134.000000
562.000000
671.000000
1246.000000
317.000000
122.000000
123.000000
329.000000
413.000000
591.000000
149.000000
411.000000
265.000000
250.000000
2143.000000
154.000000
209.000000
250.000000
1500.000000
235.000000
318.000000
984.000000
1307.000000
317.000000
338.000000
500.000000
182.000000
318.000000
227.000000
287.000000
1245.000000
203.000000
294.000000
552.000000
456.000000
147.000000
445.000000
203.000000
164.000000
417.000000
31.000000
912.000000
181.000000
232.000000
154.000000
493.000000
1810.000000
715.000000
2175.000000
1632.000000
99.000000
1214.000000
240.000000
107.000000
284.000000
512.000000
428.000000
352.000000
1607.000000
557.000000
747.000000
853.000000
65.000000
201.000000
529.000000
1718.000000
337.000000
71.000000
89.000000
310.000000
891.000000
916.000000
351.000000
507.000000
371.000000
776.000000
532.000000
241.000000
1027.000000
129.000000
132.000000
134.000000
996.000000
824.000000
2426.000000
868.000000
267.000000
396.000000
292.000000
1153.000000
630.000000
318.000000
99.000000
551.000000
308.000000
398.000000
333.000000
910.000000
621.000000
502.000000
156.000000
194.000000
473.000000
1529.000000
249.000000
684.000000
687.000000
589.000000
347.000000
568.000000
599.000000
708.000000
2047.000000
349.000000
2382.000000
167.000000
801.000000
489.000000
199.000000
658.000000
104.000000
124.000000
199.000000
914.000000
542.000000
201.000000
392.000000
152.000000
623.000000
309.000000
1493.000000
409.000000
59.000000
285.000000
107.000000
59.000000
49.000000
1269.000000
134.000000
233.000000
640.000000
298.000000
156.000000
55.000000
625.000000
416.000000
780.000000
423.000000
1042.000000
604.000000
286.000000
206.000000
14.000000
191.000000
342.000000
860.000000
1491.000000
822.000000
56.000000
95.000000
149.000000
273.000000
2414.000000
547.000000
623.000000
1821.000000
299.000000
324.000000
287.000000
225.000000
294.000000
166.000000
201.000000
904.000000
32.000000
573.000000
883.000000
576.000000
226.000000
574.000000
97.000000
155.000000
492.000000
473.000000
239.000000
1411.000000
348.000000
121.000000
282.000000
3252.000000
627.000000
911.000000
559.000000
693.000000
363.000000
238.000000
289.000000
389.000000
251.000000
1246.000000
1082.000000
983.000000
278.000000
480.000000
269.000000
464.000000
419.000000
640.000000
233.000000
632.000000
822.000000
501.000000
25.000000
1090.000000
233.000000
481.000000
563.000000
432.000000
156.000000
381.000000
721.000000
381.000000
513.000000
350.000000
500.000000
1275.000000
1513.000000
280.000000
1114.000000
994.000000
91.000000
195.000000
411.000000
193.000000
600.000000
45.000000
339.000000
532.000000
1065.000000
155.000000
141.000000
223.000000
698.000000
2482.000000
1775.000000
29.000000
682.000000
2420.000000
2497.000000
220.000000
789.000000
503.000000
1186.000000
285.000000
156.000000
515.000000
86.000000
249.000000
71.000000
2550.000000
272.000000
239.000000
133.000000
137.000000
278.000000
198.000000
1967.000000
186.000000
1554.000000
304.000000
278.000000
72.000000
126.000000
90.000000
871.000000
231.000000
395.000000
463.000000
607.000000
692.000000
111.000000
528.000000
2934.000000
340.000000
352.000000
383.000000
190.000000
2250.000000
223.000000
1313.000000
99.000000
279.000000
98.000000
1311.000000
176.000000
301.000000
856.000000
1087.000000
684.000000
796.000000
236.000000
525.000000
305.000000
433.000000
104.000000
2134.000000
305.000000
81.000000
367.000000
660.000000
620.000000
74.000000
1641.000000
296.000000
317.000000
2349.000000
257.000000
816.000000
436.000000
372.000000
476.000000
164.000000
455.000000
301.000000
545.000000
266.000000
546.000000
2335.000000
590.000000
386.000000
360.000000
265.000000
44.000000
147.000000
121.000000
3164.000000
222.000000
135.000000
