1209.000000
433.000000
87.000000
618.000000
97.000000
232.000000
1108.000000
463.000000
188.000000
347.000000
1552.000000
981.000000
778.000000
113.000000
960.000000
686.000000
172.000000
264.000000
140.000000
122.000000
174.000000
4685.000000
108.000000
209.000000
96.000000
30.000000
347.000000
126.000000
571.000000
225.000000
138.000000
294.000000
467.000000
1362.000000
1207.000000
1611.000000
130.000000
1145.000000
1562.000000
1077.000000
246.000000
944.000000
1425.000000
146.000000
187.000000
289.000000
334.000000
255.000000
358.000000
49.000000
1130.000000
421.000000
404.000000
355.000000
256.000000
712.000000
173.000000
145.000000
219.000000
1040.000000
2467.000000
41.000000
276.000000
250.000000
988.000000
36.000000
760.000000
425.000000
584.000000
128.000000
471.000000
297.000000
814.000000
1627.000000
1239.000000
159.000000
166.000000
103.000000
1362.000000
825.000000
144.000000
491.000000
397.000000
496.000000
118.000000
416.000000
244.000000
24.000000
450.000000
506.000000
335.000000
87.000000
520.000000
745.000000
246.000000
430.000000
911.000000
1197.000000
283.000000
1474.000000
319.000000
338.000000
172.000000
306.000000
375.000000
918.000000
283.000000
343.000000
978.000000
676.000000
1343.000000
285.000000
882.000000
2040.000000
169.000000
343.000000
481.000000
678.000000
1323.000000
97.000000
2692.000000
453.000000
161.000000
262.000000
173.000000
162.000000
292.000000
889.000000
166.000000
404.000000
1457.000000
293.000000
329.000000
442.000000
117.000000
223.000000
158.000000
763.000000
67.000000
243.000000
1322.000000
123.000000
671.000000
690.000000
2004.000000
430.000000
386.000000
60.000000
342.000000
480.000000
1011.000000
214.000000
237.000000
64.000000
80.000000
142.000000
5402.000000
459.000000
201.000000
407.000000
224.000000
67.000000
821.000000
216.000000
169.000000
942.000000
2409.000000
2644.000000
814.000000
155.000000
889.000000
549.000000
443.000000
224.000000
224.000000
534.000000
281.000000
19407.000000
259.000000
750.000000
1016.000000
2406.000000
149.000000
1015.000000
593.000000
755.000000
454.000000
406.000000
671.000000
43.000000
255.000000
35.000000
300.000000
417.000000
533.000000
251.000000
747.000000
392.000000
496.000000
232.000000
340.000000
474.000000
1013.000000
167.000000
782.000000
101.000000
442.000000
744.000000
171.000000
181.000000
801.000000
90.000000
651.000000
401.000000
1832.000000
203.000000
385.000000
627.000000
2923.000000
461.000000
411.000000
319.000000
7609.000000
494.000000
150.000000
435.000000
1327.000000
6755.000000
269.000000
86.000000
221.000000
273.000000
230.000000
428.000000
173.000000
79.000000
288.000000
1178.000000
651.000000
128.000000
1705.000000
657.000000
250.000000
477.000000
2483.000000
1924.000000
342.000000
442.000000
1949.000000
322.000000
246.000000
1185.000000
418.000000
490.000000
35.000000
232.000000
78.000000
170.000000
846.000000
1675.000000
25.000000
262.000000
1184.000000
1217.000000
464.000000
351.000000
180.000000
294.000000
299.000000
225.000000
219.000000
288.000000
905.000000
220.000000
911.000000
74.000000
174.000000
1305.000000
192.000000
798.000000
369.000000
160.000000
615.000000
364.000000
2052.000000
502.000000
129.000000
2209.000000
522.000000
731.000000
779.000000
1520.000000
333.000000
1704.000000
447.000000
1466.000000
103.000000
939.000000
368.000000
211.000000
1450.000000
81.000000
198.000000
890.000000
1080.000000
175.000000
885.000000
722.000000
266.000000
1349.000000
415.000000
749.000000
169.000000
3406.000000
162.000000
1172.000000
331.000000
1871.000000
671.000000
433.000000
503.000000
336.000000
259.000000
757.000000
258.000000
162.000000
123.000000
891.000000
306.000000
2702.000000
711.000000
619.000000
683.000000
256.000000
333.000000
432.000000
123.000000
2752.000000
851.000000
832.000000
390.000000
189.000000
613.000000
1632.000000
499.000000
469.000000
240.000000
949.000000
208.000000
677.000000
397.000000
232.000000
592.000000
1407.000000
354.000000
415.000000
224.000000
748.000000
1506.000000
465.000000
137.000000
1350.000000
159.000000
2250.000000
217.000000
448.000000
220.000000
121.000000
178.000000
487.000000
170.000000
935.000000
370.000000
274.000000
1139.000000
1438.000000
689.000000
577.000000
344.000000
201.000000
188.000000
320.000000
280.000000
414.000000
413.000000
1521.000000
103.000000
94.000000
191.000000
186.000000
116.000000
343.000000
773.000000
168.000000
755.000000
281.000000
267.000000
3622.000000
403.000000
594.000000
265.000000
235.000000
75.000000
345.000000
145.000000
39.000000
3028.000000
103.000000
387.000000
265.000000
2016.000000
524.000000
119.000000
1310.000000
1121.000000
597.000000
191.000000
628.000000
1607.000000
799.000000
24.000000
275.000000
2355.000000
202.000000
213.000000
804.000000
754.000000
408.000000
270.000000
254.000000
180.000000
80.000000
1246.000000
177.000000
1007.000000
530.000000
124.000000
411.000000
2068.000000
284.000000
613.000000
1029.000000
186.000000
368.000000
168.000000
829.000000
479.000000
269.000000
77.000000
2434.000000
97.000000
157.000000
226.000000
1408.000000
306.000000
81.000000
645.000000
48.000000
3410.000000
408.000000
1497.000000
202.000000
572.000000
109.000000
3007.000000
1865.000000
209.000000
231.000000
1035.000000
121.000000
2535.000000
491.000000
956.000000
215.000000
278.000000
128.000000
180.000000
249.000000
345.000000
541.000000
142.000000
1867.000000
1110.000000
656.000000
440.000000
1115.000000
1776.000000
1898.000000
300.000000
2119.000000
269.000000
275.000000
369.000000
3343.000000
590.000000
1376.000000
417.000000
68.000000
2017.000000
691.000000
1016.000000
250.000000
834.000000
2046.000000
2395.000000
192.000000
107.000000
184.000000
845.000000
170.000000
500.000000
519.000000
626.000000
996.000000
121.000000
82.000000
400.000000
3972.000000
572.000000
62.000000
316.000000
206.000000
256.000000
77.000000
1162.000000
492.000000
53.000000
625.000000
607.000000
102.000000
457.000000
394.000000
3051.000000
670.000000
1133.000000
242.000000
260.000000
1553.000000
1618.000000
508.000000
2393.000000
96.000000
296.000000
1819.000000
302.000000
560.000000
630.000000
276.000000
215.000000
473.000000
1713.000000
283.000000
220.000000
3007.000000
282.000000
258.000000
105.000000
1909.000000
883.000000
451.000000
607.000000
1083.000000
485.000000
388.000000
435.000000
375.000000
538.000000
376.000000
214.000000
526.000000
273.000000
202.000000
380.000000
231.000000
899.000000
651.000000
145.000000
290.000000
408.000000
113.000000
366.000000
969.000000
1159.000000
1866.000000
1748.000000
84.000000
887.000000
207.000000
251.000000
78.000000
366.000000
444.000000
1252.000000
3107.000000
554.000000
420.000000
743.000000
330.000000
153.000000
248.000000
276.000000
609.000000
1846.000000
477.000000
47.000000
611.000000
1615.000000
410.000000
694.000000
213.000000
761.000000
148.000000
423.000000
332.000000
481.000000
252.000000
70.000000
384.000000
79.000000
560.000000
684.000000
276.000000
146.000000
222.000000
710.000000
1632.000000
118.000000
246.000000
96.000000
77.000000
585.000000
374.000000
653.000000
1243.000000
1426.000000
2257.000000
1430.000000
86.000000
217.000000
467.000000
206.000000
310.000000
329.000000
1447.000000
1919.000000
12663.000000
492.000000
765.000000
241.000000
838.000000
199.000000
2522.000000
159.000000
2749.000000
242.000000
1136.000000
509.000000
251.000000
588.000000
196.000000
112.000000
747.000000
408.000000
1207.000000
1660.000000
393.000000
473.000000
151.000000
553.000000
380.000000
545.000000
56.000000
528.000000
1372.000000
182.000000
447.000000
373.000000
9248.000000
2037.000000
680.000000
55.000000
528.000000
377.000000
150.000000
379.000000
275.000000
401.000000
833.000000
78.000000
348.000000
1246.000000
480.000000
242.000000
393.000000
866.000000
166.000000
393.000000
215.000000
1041.000000
62.000000
1654.000000
754.000000
1944.000000
61.000000
254.000000
570.000000
331.000000
1164.000000
443.000000
34.000000
373.000000
751.000000
1457.000000
1177.000000
974.000000
578.000000
501.000000
523.000000
86.000000
951.000000
183.000000
991.000000
190.000000
584.000000
279.000000
140.000000
792.000000
474.000000
78.000000
2050.000000
356.000000
360.000000
190.000000
1284.000000
356.000000
80.000000
168.000000
2024.000000
1790.000000
1588.000000
584.000000
1551.000000
561.000000
1717.000000
360.000000
364.000000
558.000000
950.000000
388.000000
595.000000
623.000000
212.000000
452.000000
776.000000
620.000000
1602.000000
1178.000000
293.000000
1079.000000
103.000000
646.000000
497.000000
124.000000
897.000000
61.000000
563.000000
156.000000
1090.000000
914.000000
248.000000
1084.000000
497.000000
140.000000
176.000000
653.000000
409.000000
363.000000
215.000000
225.000000
291.000000
5476.000000
105.000000
228.000000
1151.000000
173.000000
187.000000
200.000000
1130.000000
28.000000
320.000000
662.000000
397.000000
221.000000
992.000000
77.000000
107.000000
844.000000
312.000000
839.000000
3229.000000
120.000000
981.000000
7361.000000
247.000000
68.000000
249.000000
159.000000
1227.000000
514.000000
539.000000
1315.000000
177.000000
59.000000
254.000000
210.000000
367.000000
841.000000
182.000000
428.000000
3961.000000
554.000000
328.000000
107.000000
406.000000
197.000000
1956.000000
1103.000000
160.000000
481.000000
416.000000
150.000000
486.000000
160.000000
1763.000000
398.000000
632.000000
33.000000
1563.000000
189.000000
315.000000
249.000000
969.000000
123.000000
293.000000
1183.000000
282.000000
261.000000
360.000000
162.000000
1217.000000
1903.000000
159.000000
130.000000
317.000000
776.000000
147.000000
1323.000000
626.000000
579.000000
229.000000
335.000000
218.000000
452.000000
197.000000
681.000000
335.000000
56.000000
1131.000000
202.000000
453.000000
237.000000
115.000000
1321.000000
555.000000
2940.000000
383.000000
480.000000
1023.000000
451.000000
527.000000
780.000000
287.000000
628.000000
502.000000
54.000000
227.000000
139.000000
1067.000000
1168.000000
236.000000
600.000000
303.000000
222.000000
421.000000
535.000000
717.000000
273.000000
166.000000
105.000000
1012.000000
567.000000
218.000000
554.000000
525.000000
486.000000
1840.000000
122.000000
138.000000
141.000000
696.000000
198.000000
1102.000000
2548.000000
2019.000000
229.000000
222.000000
21.000000
42.000000
331.000000
64.000000
641.000000
415.000000
1020.000000
479.000000
931.000000
707.000000
578.000000
818.000000
633.000000
754.000000
66.000000
412.000000
132.000000
168.000000
66.000000
343.000000
846.000000
98.000000
99.000000
421.000000
62.000000
446.000000
112.000000
759.000000
1241.000000
485.000000
308.000000
124.000000
415.000000
784.000000
848.000000
367.000000
1200.000000
105.000000
330.000000
88.000000
375.000000
259.000000
211.000000
81.000000
404.000000
412.000000
89.000000
420.000000
637.000000
1252.000000
239.000000
890.000000
236.000000
130.000000
305.000000
580.000000
1057.000000
490.000000
742.000000
134.000000
411.000000
881.000000
227.000000
821.000000
995.000000
118.000000
265.000000
654.000000
253.000000
229.000000
249.000000
968.000000
913.000000
109.000000
275.000000
588.000000
1783.000000
3451.000000
4191.000000
302.000000
326.000000
1005.000000
373.000000
744.000000
