133.000000
150.000000
777.000000
2462.000000
720.000000
217.000000
1745.000000
613.000000
138.000000
669.000000
422.000000
579.000000
2589.000000
383.000000
567.000000
217.000000
200.000000
6293.000000
459.000000
264.000000
794.000000
430.000000
112.000000
989.000000
91.000000
191.000000
1149.000000
5342.000000
166.000000
98.000000
382.000000
771.000000
1950.000000
90.000000
212.000000
371.000000
62.000000
208.000000
175.000000
135.000000
370.000000
174.000000
1107.000000
749.000000
437.000000
2118.000000
113.000000
2032.000000
156.000000
171.000000
428.000000
90.000000
596.000000
596.000000
722.000000
83.000000
827.000000
44.000000
174.000000
349.000000
623.000000
484.000000
353.000000
81.000000
351.000000
1567.000000
840.000000
143.000000
650.000000
76.000000
138.000000
1793.000000
93.000000
1840.000000
1833.000000
552.000000
232.000000
169.000000
366.000000
233.000000
203.000000
332.000000
242.000000
324.000000
27.000000
315.000000
339.000000
1350.000000
220.000000
976.000000
480.000000
921.000000
676.000000
474.000000
189.000000
686.000000
176.000000
455.000000
174.000000
451.000000
441.000000
492.000000
851.000000
341.000000
470.000000
280.000000
605.000000
546.000000
240.000000
540.000000
193.000000
1430.000000
22.000000
1006.000000
140.000000
208.000000
131.000000
528.000000
214.000000
174.000000
374.000000
783.000000
281.000000
847.000000
131.000000
2806.000000
343.000000
28.000000
88.000000
296.000000
86.000000
1547.000000
148.000000
883.000000
1927.000000
103.000000
984.000000
282.000000
2906.000000
1764.000000
202.000000
643.000000
100.000000
637.000000
590.000000
290.000000
166.000000
439.000000
197.000000
439.000000
110.000000
5521.000000
377.000000
224.000000
290.000000
491.000000
373.000000
1327.000000
543.000000
151.000000
1028.000000
208.000000
187.000000
125.000000
116.000000
419.000000
168.000000
1018.000000
527.000000
225.000000
378.000000
880.000000
351.000000
331.000000
1482.000000
334.000000
133.000000
141.000000
2121.000000
185.000000
567.000000
2540.000000
253.000000
467.000000
181.000000
190.000000
746.000000
218.000000
469.000000
700.000000
578.000000
1426.000000
425.000000
3330.000000
2687.000000
268.000000
600.000000
2344.000000
351.000000
188.000000
66.000000
300.000000
1034.000000
408.000000
206.000000
204.000000
84.000000
293.000000
358.000000
69.000000
131.000000
1407.000000
156.000000
1439.000000
735.000000
1079.000000
106.000000
567.000000
363.000000
1107.000000
166.000000
377.000000
212.000000
627.000000
101.000000
1362.000000
118.000000
381.000000
295.000000
144.000000
638.000000
4741.000000
202.000000
272.000000
355.000000
1464.000000
731.000000
1232.000000
280.000000
519.000000
382.000000
1378.000000
1763.000000
1017.000000
566.000000
77.000000
1018.000000
378.000000
109.000000
155.000000
601.000000
690.000000
320.000000
490.000000
1359.000000
912.000000
323.000000
468.000000
658.000000
717.000000
819.000000
797.000000
234.000000
416.000000
944.000000
449.000000
435.000000
140.000000
449.000000
435.000000
366.000000
335.000000
639.000000
267.000000
314.000000
42.000000
356.000000
320.000000
214.000000
126.000000
2746.000000
62.000000
927.000000
478.000000
403.000000
1247.000000
422.000000
1947.000000
332.000000
97.000000
237.000000
294.000000
100.000000
218.000000
203.000000
1740.000000
995.000000
477.000000
183.000000
45.000000
2175.000000
168.000000
194.000000
2565.000000
41.000000
804.000000
161.000000
212.000000
52.000000
602.000000
1216.000000
53.000000
38.000000
1132.000000
885.000000
319.000000
703.000000
270.000000
1906.000000
1289.000000
111.000000
206.000000
2300.000000
64.000000
132.000000
3855.000000
1562.000000
914.000000
368.000000
470.000000
213.000000
144.000000
84.000000
179.000000
724.000000
76.000000
739.000000
326.000000
954.000000
446.000000
262.000000
221.000000
516.000000
100.000000
549.000000
799.000000
146.000000
800.000000
835.000000
216.000000
40.000000
324.000000
344.000000
544.000000
324.000000
83.000000
194.000000
531.000000
357.000000
265.000000
768.000000
67.000000
135.000000
355.000000
321.000000
848.000000
184.000000
164.000000
271.000000
942.000000
360.000000
323.000000
594.000000
248.000000
193.000000
476.000000
472.000000
125.000000
1278.000000
143.000000
498.000000
1820.000000
1889.000000
159.000000
526.000000
69.000000
751.000000
1892.000000
561.000000
279.000000
806.000000
1353.000000
1607.000000
399.000000
763.000000
606.000000
500.000000
429.000000
1090.000000
3007.000000
1423.000000
228.000000
309.000000
290.000000
202.000000
255.000000
347.000000
684.000000
575.000000
139.000000
250.000000
157.000000
569.000000
39.000000
1152.000000
1424.000000
71.000000
131.000000
442.000000
132.000000
2015.000000
177.000000
511.000000
883.000000
367.000000
1090.000000
5076.000000
863.000000
292.000000
573.000000
377.000000
416.000000
77.000000
1170.000000
390.000000
477.000000
491.000000
346.000000
231.000000
1108.000000
323.000000
120.000000
373.000000
361.000000
115.000000
333.000000
559.000000
123.000000
274.000000
362.000000
316.000000
162.000000
160.000000
1809.000000
384.000000
708.000000
998.000000
219.000000
327.000000
2006.000000
128.000000
2564.000000
303.000000
66.000000
134.000000
360.000000
751.000000
93.000000
92.000000
489.000000
571.000000
293.000000
2022.000000
457.000000
516.000000
821.000000
912.000000
204.000000
503.000000
775.000000
383.000000
193.000000
170.000000
45.000000
820.000000
1078.000000
2003.000000
158.000000
794.000000
365.000000
948.000000
174.000000
770.000000
294.000000
890.000000
551.000000
326.000000
2590.000000
67.000000
1174.000000
374.000000
455.000000
655.000000
231.000000
278.000000
131.000000
544.000000
718.000000
1007.000000
196.000000
1448.000000
1725.000000
2980.000000
690.000000
1867.000000
1579.000000
557.000000
108.000000
410.000000
59.000000
511.000000
160.000000
369.000000
320.000000
107.000000
832.000000
588.000000
428.000000
907.000000
1740.000000
463.000000
841.000000
748.000000
382.000000
1086.000000
848.000000
246.000000
401.000000
243.000000
62.000000
2203.000000
50.000000
1207.000000
235.000000
509.000000
151.000000
106.000000
633.000000
989.000000
1076.000000
1838.000000
183.000000
951.000000
125.000000
268.000000
335.000000
778.000000
108.000000
2023.000000
245.000000
322.000000
923.000000
258.000000
270.000000
319.000000
386.000000
270.000000
353.000000
733.000000
1248.000000
439.000000
418.000000
814.000000
584.000000
196.000000
435.000000
297.000000
1634.000000
1096.000000
2440.000000
605.000000
1244.000000
530.000000
261.000000
72.000000
1905.000000
412.000000
447.000000
519.000000
1602.000000
184.000000
286.000000
529.000000
1267.000000
438.000000
2278.000000
773.000000
213.000000
272.000000
79.000000
252.000000
684.000000
1279.000000
1420.000000
1333.000000
328.000000
751.000000
1369.000000
61.000000
209.000000
717.000000
510.000000
123.000000
337.000000
424.000000
870.000000
915.000000
237.000000
109.000000
11618.000000
550.000000
138.000000
205.000000
116.000000
210.000000
229.000000
112.000000
596.000000
677.000000
157.000000
164.000000
1234.000000
2712.000000
965.000000
530.000000
1395.000000
320.000000
1485.000000
389.000000
75.000000
536.000000
1722.000000
276.000000
363.000000
382.000000
185.000000
55.000000
1014.000000
172.000000
892.000000
82.000000
830.000000
697.000000
1041.000000
603.000000
473.000000
169.000000
496.000000
902.000000
439.000000
560.000000
188.000000
3466.000000
124.000000
282.000000
581.000000
2988.000000
2020.000000
236.000000
962.000000
1680.000000
1284.000000
405.000000
194.000000
1446.000000
3889.000000
1206.000000
341.000000
2150.000000
317.000000
472.000000
2792.000000
216.000000
242.000000
561.000000
104.000000
357.000000
607.000000
486.000000
504.000000
421.000000
203.000000
483.000000
619.000000
182.000000
156.000000
1564.000000
502.000000
500.000000
311.000000
46.000000
215.000000
1167.000000
109.000000
219.000000
392.000000
707.000000
76.000000
470.000000
1015.000000
868.000000
335.000000
438.000000
373.000000
92.000000
120.000000
36.000000
556.000000
277.000000
248.000000
150.000000
59.000000
998.000000
566.000000
5647.000000
817.000000
76.000000
746.000000
765.000000
546.000000
668.000000
149.000000
1332.000000
1876.000000
377.000000
1225.000000
209.000000
4161.000000
620.000000
222.000000
336.000000
2393.000000
1106.000000
478.000000
762.000000
747.000000
165.000000
1772.000000
556.000000
119.000000
127.000000
106.000000
5466.000000
417.000000
687.000000
2269.000000
536.000000
526.000000
110.000000
2727.000000
1991.000000
142.000000
210.000000
414.000000
959.000000
465.000000
169.000000
861.000000
1011.000000
49.000000
468.000000
522.000000
172.000000
474.000000
392.000000
101.000000
269.000000
367.000000
91.000000
177.000000
95.000000
522.000000
324.000000
244.000000
387.000000
377.000000
2046.000000
140.000000
107.000000
255.000000
193.000000
192.000000
908.000000
110.000000
778.000000
654.000000
539.000000
159.000000
684.000000
401.000000
127.000000
516.000000
1041.000000
558.000000
4800.000000
887.000000
1098.000000
365.000000
249.000000
1891.000000
373.000000
103.000000
500.000000
89.000000
368.000000
865.000000
183.000000
122.000000
197.000000
253.000000
211.000000
941.000000
550.000000
622.000000
365.000000
1534.000000
1018.000000
253.000000
179.000000
241.000000
140.000000
166.000000
93.000000
1244.000000
3579.000000
623.000000
418.000000
690.000000
144.000000
289.000000
210.000000
621.000000
1056.000000
2127.000000
1134.000000
216.000000
424.000000
357.000000
106.000000
274.000000
277.000000
1189.000000
928.000000
541.000000
898.000000
352.000000
161.000000
255.000000
1529.000000
603.000000
168.000000
120.000000
187.000000
180.000000
200.000000
61.000000
682.000000
467.000000
792.000000
62.000000
992.000000
374.000000
132.000000
251.000000
1765.000000
341.000000
396.000000
85.000000
424.000000
171.000000
405.000000
397.000000
114.000000
302.000000
314.000000
297.000000
592.000000
1490.000000
741.000000
186.000000
85.000000
1613.000000
106.000000
238.000000
45.000000
56.000000
602.000000
934.000000
1106.000000
196.000000
547.000000
212.000000
1505.000000
1505.000000
382.000000
1044.000000
136.000000
419.000000
743.000000
194.000000
356.000000
2632.000000
790.000000
1421.000000
2434.000000
243.000000
258.000000
2018.000000
479.000000
86.000000
2688.000000
678.000000
214.000000
157.000000
1370.000000
61.000000
435.000000
185.000000
3816.000000
311.000000
110.000000
103.000000
143.000000
892.000000
108.000000
113.000000
2351.000000
269.000000
113.000000
382.000000
516.000000
384.000000
447.000000
113.000000
216.000000
522.000000
185.000000
1132.000000
582.000000
2647.000000
1059.000000
1540.000000
208.000000
2128.000000
466.000000
324.000000
333.000000
672.000000
44.000000
834.000000
215.000000
435.000000
616.000000
338.000000
550.000000
95.000000
557.000000
83.000000
1156.000000
328.000000
310.000000
872.000000
697.000000
344.000000
523.000000
1802.000000
296.000000
774.000000
304.000000
689.000000
241.000000
236.000000
109.000000
198.000000
717.000000
644.000000
407.000000
1076.000000
117.000000
437.000000
29.000000
3308.000000
700.000000
261.000000
2930.000000
516.000000
2567.000000
1371.000000
248.000000
677.000000
