922.000000
2838.000000
1348.000000
123.000000
1075.000000
258.000000
858.000000
248.000000
429.000000
840.000000
144.000000
754.000000
72.000000
386.000000
576.000000
357.000000
260.000000
118.000000
184.000000
159.000000
344.000000
532.000000
277.000000
328.000000
567.000000
1295.000000
854.000000
273.000000
805.000000
835.000000
1165.000000
53.000000
93.000000
309.000000
185.000000
177.000000
113.000000
443.000000
89.000000
489.000000
487.000000
696.000000
402.000000
827.000000
28.000000
925.000000
135.000000
1915.000000
269.000000
192.000000
876.000000
341.000000
820.000000
77.000000
76.000000
102.000000
857.000000
998.000000
224.000000
307.000000
837.000000
891.000000
360.000000
281.000000
1577.000000
1077.000000
94.000000
447.000000
111.000000
846.000000
933.000000
182.000000
305.000000
191.000000
234.000000
182.000000
328.000000
483.000000
190.000000
894.000000
140.000000
244.000000
51.000000
289.000000
635.000000
445.000000
846.000000
1405.000000
1116.000000
322.000000
70.000000
2084.000000
221.000000
1161.000000
1012.000000
137.000000
59.000000
590.000000
1197.000000
726.000000
338.000000
408.000000
1303.000000
64.000000
608.000000
83.000000
654.000000
231.000000
536.000000
353.000000
782.000000
366.000000
371.000000
866.000000
58.000000
155.000000
424.000000
133.000000
860.000000
298.000000
224.000000
276.000000
70.000000
161.000000
441.000000
2370.000000
86.000000
129.000000
273.000000
1301.000000
1025.000000
328.000000
624.000000
1112.000000
998.000000
249.000000
1703.000000
79.000000
1994.000000
1190.000000
183.000000
861.000000
291.000000
766.000000
6820.000000
589.000000
768.000000
248.000000
360.000000
3279.000000
217.000000
1424.000000
127.000000
184.000000
47.000000
385.000000
417.000000
671.000000
437.000000
695.000000
834.000000
1129.000000
243.000000
1494.000000
1016.000000
317.000000
461.000000
304.000000
135.000000
48.000000
2579.000000
986.000000
92.000000
236.000000
744.000000
142.000000
551.000000
277.000000
2666.000000
18.000000
226.000000
519.000000
127.000000
366.000000
465.000000
506.000000
2105.000000
364.000000
103.000000
322.000000
146.000000
370.000000
356.000000
1677.000000
953.000000
163.000000
372.000000
492.000000
240.000000
2105.000000
2712.000000
223.000000
252.000000
1479.000000
127.000000
1652.000000
5356.000000
274.000000
375.000000
589.000000
318.000000
2641.000000
1274.000000
223.000000
448.000000
545.000000
944.000000
265.000000
1208.000000
478.000000
502.000000
4036.000000
451.000000
45.000000
150.000000
264.000000
176.000000
2245.000000
255.000000
566.000000
175.000000
537.000000
930.000000
239.000000
1012.000000
271.000000
287.000000
77.000000
68.000000
6837.000000
395.000000
295.000000
222.000000
422.000000
1270.000000
153.000000
1048.000000
171.000000
493.000000
1506.000000
5704.000000
441.000000
233.000000
1698.000000
386.000000
1369.000000
315.000000
439.000000
46.000000
134.000000
442.000000
179.000000
471.000000
402.000000
367.000000
288.000000
211.000000
1802.000000
509.000000
179.000000
214.000000
949.000000
396.000000
184.000000
187.000000
372.000000
174.000000
730.000000
217.000000
594.000000
551.000000
88.000000
211.000000
627.000000
1554.000000
163.000000
232.000000
305.000000
882.000000
193.000000
130.000000
1220.000000
455.000000
549.000000
269.000000
346.000000
1658.000000
1116.000000
1021.000000
267.000000
6349.000000
1128.000000
347.000000
120.000000
368.000000
237.000000
525.000000
298.000000
347.000000
147.000000
240.000000
79.000000
3761.000000
1069.000000
415.000000
89.000000
261.000000
1493.000000
590.000000
825.000000
532.000000
217.000000
695.000000
7376.000000
3095.000000
273.000000
63.000000
861.000000
354.000000
989.000000
555.000000
96.000000
400.000000
759.000000
81.000000
593.000000
400.000000
42.000000
205.000000
1576.000000
123.000000
135.000000
266.000000
442.000000
1181.000000
200.000000
1081.000000
601.000000
1403.000000
642.000000
272.000000
555.000000
4968.000000
150.000000
1990.000000
534.000000
2805.000000
840.000000
386.000000
1817.000000
489.000000
722.000000
133.000000
179.000000
151.000000
498.000000
73.000000
545.000000
315.000000
184.000000
400.000000
157.000000
1054.000000
50.000000
900.000000
685.000000
1449.000000
827.000000
565.000000
158.000000
198.000000
97.000000
220.000000
391.000000
123.000000
244.000000
244.000000
415.000000
324.000000
96.000000
406.000000
1273.000000
70.000000
332.000000
293.000000
641.000000
83.000000
654.000000
232.000000
257.000000
241.000000
1280.000000
581.000000
74.000000
402.000000
2497.000000
468.000000
43.000000
484.000000
256.000000
141.000000
2075.000000
652.000000
1606.000000
278.000000
109.000000
63.000000
903.000000
1019.000000
114.000000
407.000000
165.000000
347.000000
598.000000
394.000000
955.000000
1855.000000
199.000000
157.000000
547.000000
304.000000
4163.000000
168.000000
471.000000
1225.000000
659.000000
1139.000000
1970.000000
170.000000
261.000000
668.000000
259.000000
2858.000000
542.000000
251.000000
2400.000000
474.000000
591.000000
175.000000
1065.000000
665.000000
2738.000000
1912.000000
166.000000
840.000000
940.000000
115.000000
662.000000
511.000000
583.000000
861.000000
100.000000
56.000000
1628.000000
257.000000
495.000000
313.000000
538.000000
779.000000
536.000000
560.000000
297.000000
333.000000
223.000000
550.000000
272.000000
94.000000
705.000000
272.000000
209.000000
1025.000000
769.000000
273.000000
419.000000
2515.000000
380.000000
695.000000
3756.000000
265.000000
1672.000000
525.000000
1542.000000
2243.000000
193.000000
113.000000
899.000000
331.000000
98.000000
129.000000
1369.000000
247.000000
536.000000
775.000000
302.000000
225.000000
131.000000
291.000000
2048.000000
113.000000
350.000000
511.000000
260.000000
68.000000
156.000000
674.000000
459.000000
461.000000
701.000000
1855.000000
184.000000
3286.000000
95.000000
2486.000000
43.000000
946.000000
163.000000
161.000000
4075.000000
203.000000
173.000000
534.000000
279.000000
446.000000
147.000000
213.000000
176.000000
225.000000
884.000000
1999.000000
2465.000000
1226.000000
140.000000
248.000000
1558.000000
356.000000
796.000000
1075.000000
376.000000
348.000000
4206.000000
380.000000
34.000000
134.000000
304.000000
60.000000
229.000000
395.000000
259.000000
694.000000
63.000000
150.000000
1067.000000
468.000000
140.000000
1568.000000
234.000000
437.000000
1684.000000
206.000000
284.000000
385.000000
792.000000
235.000000
568.000000
201.000000
684.000000
1215.000000
755.000000
274.000000
1188.000000
427.000000
185.000000
354.000000
512.000000
445.000000
1418.000000
226.000000
65.000000
363.000000
63.000000
517.000000
327.000000
348.000000
206.000000
527.000000
978.000000
626.000000
342.000000
248.000000
1718.000000
601.000000
82.000000
181.000000
745.000000
6382.000000
321.000000
458.000000
109.000000
904.000000
237.000000
524.000000
2161.000000
313.000000
1315.000000
317.000000
670.000000
1053.000000
70.000000
2937.000000
274.000000
1544.000000
169.000000
837.000000
278.000000
70.000000
317.000000
607.000000
259.000000
1537.000000
216.000000
696.000000
2535.000000
322.000000
177.000000
692.000000
354.000000
281.000000
505.000000
327.000000
265.000000
283.000000
406.000000
1117.000000
488.000000
1301.000000
1681.000000
177.000000
185.000000
1084.000000
694.000000
1319.000000
1973.000000
1223.000000
448.000000
241.000000
508.000000
431.000000
521.000000
455.000000
1380.000000
364.000000
2669.000000
738.000000
224.000000
198.000000
1063.000000
183.000000
751.000000
671.000000
522.000000
241.000000
125.000000
209.000000
591.000000
1265.000000
1829.000000
147.000000
88.000000
3263.000000
677.000000
367.000000
225.000000
94.000000
216.000000
125.000000
272.000000
621.000000
235.000000
410.000000
894.000000
944.000000
715.000000
215.000000
202.000000
787.000000
2947.000000
192.000000
129.000000
805.000000
1012.000000
406.000000
145.000000
440.000000
3359.000000
287.000000
363.000000
52.000000
95.000000
627.000000
260.000000
798.000000
125.000000
217.000000
208.000000
449.000000
328.000000
532.000000
167.000000
233.000000
373.000000
2185.000000
471.000000
2404.000000
1041.000000
201.000000
2470.000000
258.000000
1566.000000
1605.000000
396.000000
45.000000
858.000000
208.000000
2191.000000
680.000000
932.000000
624.000000
2274.000000
59.000000
75.000000
101.000000
1775.000000
342.000000
336.000000
1111.000000
774.000000
21.000000
191.000000
2331.000000
167.000000
128.000000
58.000000
176.000000
1735.000000
866.000000
152.000000
109.000000
271.000000
251.000000
1540.000000
168.000000
717.000000
160.000000
283.000000
406.000000
76.000000
389.000000
180.000000
285.000000
716.000000
688.000000
663.000000
243.000000
142.000000
1290.000000
151.000000
4462.000000
529.000000
533.000000
247.000000
1841.000000
1036.000000
1715.000000
408.000000
128.000000
511.000000
739.000000
1096.000000
726.000000
1175.000000
573.000000
601.000000
541.000000
901.000000
213.000000
305.000000
320.000000
2457.000000
1158.000000
392.000000
341.000000
1417.000000
646.000000
399.000000
120.000000
369.000000
619.000000
509.000000
836.000000
102.000000
2298.000000
232.000000
1958.000000
618.000000
1462.000000
90.000000
459.000000
108.000000
47.000000
189.000000
336.000000
437.000000
411.000000
769.000000
364.000000
165.000000
198.000000
292.000000
848.000000
86.000000
351.000000
789.000000
318.000000
84.000000
425.000000
187.000000
325.000000
1218.000000
1257.000000
1267.000000
67.000000
268.000000
178.000000
115.000000
87.000000
1333.000000
382.000000
791.000000
223.000000
563.000000
246.000000
1662.000000
420.000000
207.000000
426.000000
1257.000000
241.000000
80.000000
257.000000
75.000000
103.000000
1500.000000
1212.000000
271.000000
575.000000
2434.000000
1737.000000
254.000000
536.000000
384.000000
1248.000000
114.000000
153.000000
253.000000
190.000000
292.000000
299.000000
222.000000
4578.000000
372.000000
597.000000
424.000000
29.000000
109.000000
351.000000
83.000000
118.000000
343.000000
349.000000
396.000000
162.000000
1266.000000
119.000000
162.000000
301.000000
585.000000
107.000000
1077.000000
346.000000
1773.000000
288.000000
165.000000
445.000000
143.000000
903.000000
245.000000
770.000000
297.000000
269.000000
953.000000
971.000000
203.000000
199.000000
372.000000
231.000000
588.000000
80.000000
587.000000
2180.000000
170.000000
194.000000
150.000000
849.000000
180.000000
211.000000
1256.000000
48.000000
1562.000000
676.000000
108.000000
410.000000
147.000000
109.000000
415.000000
315.000000
334.000000
584.000000
239.000000
120.000000
264.000000
621.000000
487.000000
269.000000
836.000000
941.000000
194.000000
181.000000
518.000000
1625.000000
458.000000
620.000000
692.000000
319.000000
77.000000
238.000000
1301.000000
102.000000
667.000000
1046.000000
486.000000
968.000000
418.000000
102.000000
267.000000
23.000000
554.000000
479.000000
925.000000
349.000000
447.000000
883.000000
1082.000000
163.000000
869.000000
161.000000
114.000000
131.000000
781.000000
476.000000
2149.000000
729.000000
186.000000
947.000000
2955.000000
171.000000
54.000000
305.000000
104.000000
121.000000
79.000000
545.000000
403.000000
413.000000
401.000000
308.000000
155.000000
2233.000000
85.000000
401.000000
154.000000
