218.000000
244.000000
779.000000
7082.000000
84.000000
198.000000
298.000000
150.000000
253.000000
132.000000
254.000000
1279.000000
281.000000
199.000000
60.000000
2140.000000
319.000000
220.000000
105.000000
173.000000
2213.000000
1330.000000
234.000000
249.000000
179.000000
1275.000000
275.000000
215.000000
46.000000
2325.000000
50.000000
157.000000
569.000000
788.000000
885.000000
129.000000
212.000000
232.000000
818.000000
738.000000
1177.000000
1358.000000
181.000000
822.000000
825.000000
274.000000
512.000000
297.000000
223.000000
1054.000000
2047.000000
156.000000
117.000000
165.000000
269.000000
259.000000
185.000000
1142.000000
273.000000
659.000000
540.000000
148.000000
110.000000
1290.000000
1419.000000
140.000000
1533.000000
83.000000
291.000000
259.000000
470.000000
1095.000000
847.000000
319.000000
956.000000
216.000000
584.000000
173.000000
423.000000
342.000000
123.000000
166.000000
436.000000
235.000000
854.000000
1119.000000
721.000000
307.000000
3800.000000
1410.000000
453.000000
5382.000000
430.000000
80.000000
120.000000
2773.000000
480.000000
241.000000
350.000000
339.000000
294.000000
41.000000
230.000000
1010.000000
226.000000
78.000000
858.000000
191.000000
1154.000000
4102.000000
67.000000
842.000000
49.000000
704.000000
40.000000
358.000000
83.000000
109.000000
170.000000
288.000000
971.000000
1341.000000
1263.000000
108.000000
175.000000
389.000000
409.000000
606.000000
342.000000
591.000000
1196.000000
1283.000000
817.000000
145.000000
1771.000000
389.000000
62.000000
1571.000000
202.000000
170.000000
320.000000
217.000000
633.000000
536.000000
289.000000
1179.000000
1418.000000
108.000000
1021.000000
326.000000
86.000000
790.000000
290.000000
263.000000
901.000000
518.000000
366.000000
163.000000
165.000000
922.000000
335.000000
329.000000
275.000000
1048.000000
1837.000000
184.000000
640.000000
406.000000
4153.000000
420.000000
129.000000
1016.000000
63.000000
500.000000
31.000000
121.000000
227.000000
912.000000
411.000000
1520.000000
128.000000
1380.000000
1284.000000
152.000000
32.000000
32.000000
186.000000
255.000000
721.000000
351.000000
603.000000
112.000000
416.000000
208.000000
470.000000
94.000000
69.000000
297.000000
3343.000000
1070.000000
835.000000
1217.000000
413.000000
646.000000
496.000000
2473.000000
345.000000
282.000000
303.000000
196.000000
2136.000000
269.000000
1007.000000
269.000000
608.000000
504.000000
916.000000
129.000000
354.000000
188.000000
748.000000
293.000000
483.000000
2573.000000
342.000000
292.000000
391.000000
1101.000000
131.000000
237.000000
212.000000
1931.000000
805.000000
3425.000000
501.000000
156.000000
161.000000
844.000000
1907.000000
727.000000
513.000000
1400.000000
278.000000
59.000000
2222.000000
25.000000
137.000000
373.000000
184.000000
229.000000
596.000000
872.000000
128.000000
135.000000
1140.000000
2076.000000
1115.000000
274.000000
102.000000
113.000000
423.000000
1349.000000
400.000000
145.000000
2801.000000
1707.000000
586.000000
198.000000
276.000000
304.000000
371.000000
55.000000
128.000000
65.000000
614.000000
144.000000
400.000000
918.000000
421.000000
447.000000
404.000000
431.000000
304.000000
1259.000000
165.000000
1172.000000
807.000000
947.000000
1061.000000
2019.000000
552.000000
148.000000
261.000000
476.000000
637.000000
972.000000
50.000000
860.000000
317.000000
503.000000
1823.000000
372.000000
908.000000
260.000000
581.000000
84.000000
82.000000
117.000000
396.000000
400.000000
534.000000
622.000000
1118.000000
1983.000000
463.000000
287.000000
900.000000
695.000000
1829.000000
71.000000
1861.000000
15.000000
682.000000
140.000000
187.000000
837.000000
175.000000
254.000000
257.000000
455.000000
321.000000
312.000000
1726.000000
112.000000
588.000000
168.000000
3242.000000
297.000000
299.000000
251.000000
629.000000
251.000000
1442.000000
1172.000000
1987.000000
675.000000
334.000000
777.000000
785.000000
60.000000
748.000000
275.000000
1732.000000
44.000000
1224.000000
671.000000
856.000000
403.000000
1024.000000
149.000000
262.000000
515.000000
41.000000
2825.000000
1097.000000
153.000000
1079.000000
196.000000
434.000000
856.000000
1053.000000
781.000000
95.000000
2047.000000
606.000000
371.000000
980.000000
301.000000
659.000000
214.000000
5631.000000
1744.000000
234.000000
421.000000
292.000000
647.000000
99.000000
156.000000
2107.000000
313.000000
221.000000
162.000000
349.000000
414.000000
404.000000
308.000000
148.000000
972.000000
489.000000
524.000000
1222.000000
805.000000
1951.000000
94.000000
107.000000
101.000000
242.000000
371.000000
363.000000
262.000000
379.000000
563.000000
227.000000
509.000000
418.000000
143.000000
942.000000
5455.000000
389.000000
189.000000
611.000000
442.000000
217.000000
265.000000
531.000000
282.000000
879.000000
138.000000
213.000000
1324.000000
907.000000
215.000000
64.000000
378.000000
311.000000
584.000000
69.000000
927.000000
434.000000
193.000000
970.000000
305.000000
654.000000
275.000000
372.000000
816.000000
980.000000
477.000000
572.000000
350.000000
717.000000
107.000000
596.000000
289.000000
7661.000000
1503.000000
297.000000
125.000000
684.000000
227.000000
1177.000000
676.000000
191.000000
217.000000
2589.000000
311.000000
179.000000
493.000000
191.000000
142.000000
688.000000
1369.000000
124.000000
327.000000
1209.000000
198.000000
121.000000
244.000000
647.000000
402.000000
444.000000
257.000000
146.000000
187.000000
225.000000
138.000000
95.000000
588.000000
584.000000
573.000000
136.000000
690.000000
1471.000000
1307.000000
591.000000
297.000000
209.000000
240.000000
309.000000
2100.000000
418.000000
391.000000
192.000000
1112.000000
151.000000
303.000000
416.000000
373.000000
157.000000
1489.000000
722.000000
969.000000
808.000000
152.000000
673.000000
49.000000
147.000000
146.000000
187.000000
226.000000
112.000000
106.000000
2209.000000
207.000000
366.000000
569.000000
103.000000
1376.000000
195.000000
1194.000000
974.000000
372.000000
3288.000000
477.000000
237.000000
71.000000
837.000000
775.000000
2089.000000
1500.000000
173.000000
180.000000
543.000000
377.000000
227.000000
753.000000
152.000000
393.000000
150.000000
591.000000
965.000000
196.000000
774.000000
58.000000
97.000000
672.000000
1195.000000
1069.000000
764.000000
359.000000
181.000000
598.000000
838.000000
122.000000
1330.000000
699.000000
2220.000000
230.000000
1382.000000
286.000000
1159.000000
2593.000000
520.000000
814.000000
528.000000
282.000000
628.000000
56.000000
574.000000
654.000000
412.000000
1540.000000
515.000000
611.000000
257.000000
466.000000
971.000000
165.000000
753.000000
3910.000000
851.000000
972.000000
361.000000
169.000000
595.000000
418.000000
712.000000
92.000000
322.000000
145.000000
307.000000
1315.000000
231.000000
796.000000
888.000000
731.000000
2519.000000
898.000000
1290.000000
401.000000
1126.000000
73.000000
330.000000
199.000000
373.000000
336.000000
1719.000000
281.000000
296.000000
264.000000
857.000000
572.000000
871.000000
159.000000
502.000000
815.000000
1731.000000
716.000000
859.000000
1198.000000
813.000000
722.000000
569.000000
141.000000
557.000000
809.000000
274.000000
1447.000000
1203.000000
227.000000
121.000000
30.000000
805.000000
347.000000
137.000000
185.000000
70.000000
376.000000
237.000000
151.000000
481.000000
1837.000000
570.000000
1358.000000
285.000000
1221.000000
84.000000
683.000000
312.000000
1358.000000
232.000000
104.000000
233.000000
146.000000
90.000000
580.000000
223.000000
793.000000
390.000000
1624.000000
229.000000
273.000000
152.000000
220.000000
260.000000
251.000000
1308.000000
803.000000
2538.000000
1023.000000
1235.000000
472.000000
194.000000
188.000000
213.000000
1351.000000
161.000000
470.000000
381.000000
312.000000
111.000000
81.000000
845.000000
136.000000
161.000000
230.000000
997.000000
232.000000
161.000000
411.000000
272.000000
436.000000
164.000000
252.000000
2981.000000
140.000000
414.000000
104.000000
379.000000
322.000000
906.000000
33.000000
192.000000
288.000000
182.000000
1974.000000
988.000000
103.000000
91.000000
232.000000
269.000000
336.000000
403.000000
1571.000000
1109.000000
539.000000
377.000000
3696.000000
250.000000
1079.000000
2738.000000
129.000000
276.000000
211.000000
164.000000
99.000000
608.000000
246.000000
859.000000
1799.000000
758.000000
117.000000
114.000000
570.000000
72.000000
278.000000
1542.000000
886.000000
808.000000
350.000000
457.000000
305.000000
272.000000
498.000000
386.000000
81.000000
31.000000
618.000000
1650.000000
288.000000
528.000000
731.000000
148.000000
1107.000000
1105.000000
1796.000000
418.000000
127.000000
340.000000
331.000000
276.000000
815.000000
771.000000
179.000000
666.000000
33.000000
1738.000000
73.000000
1606.000000
307.000000
2478.000000
104.000000
72.000000
91.000000
89.000000
397.000000
718.000000
1471.000000
273.000000
1344.000000
1940.000000
691.000000
313.000000
585.000000
2039.000000
509.000000
2684.000000
344.000000
691.000000
789.000000
1085.000000
171.000000
271.000000
192.000000
153.000000
250.000000
524.000000
276.000000
2049.000000
917.000000
351.000000
1066.000000
148.000000
310.000000
72.000000
166.000000
242.000000
144.000000
232.000000
716.000000
580.000000
128.000000
409.000000
641.000000
517.000000
1174.000000
399.000000
560.000000
104.000000
492.000000
566.000000
339.000000
203.000000
605.000000
44.000000
231.000000
655.000000
286.000000
455.000000
1627.000000
153.000000
156.000000
1038.000000
626.000000
458.000000
2586.000000
117.000000
699.000000
2484.000000
1446.000000
516.000000
547.000000
657.000000
297.000000
652.000000
122.000000
309.000000
267.000000
1036.000000
194.000000
83.000000
186.000000
121.000000
21.000000
511.000000
553.000000
760.000000
39.000000
202.000000
292.000000
444.000000
2059.000000
298.000000
1176.000000
176.000000
65.000000
81.000000
257.000000
223.000000
186.000000
329.000000
734.000000
382.000000
434.000000
71.000000
1259.000000
499.000000
206.000000
1331.000000
345.000000
82.000000
847.000000
98.000000
153.000000
2911.000000
80.000000
2100.000000
618.000000
162.000000
267.000000
634.000000
1291.000000
81.000000
946.000000
854.000000
1390.000000
127.000000
276.000000
57.000000
393.000000
550.000000
186.000000
903.000000
311.000000
280.000000
487.000000
705.000000
1226.000000
526.000000
409.000000
387.000000
973.000000
364.000000
389.000000
226.000000
293.000000
154.000000
539.000000
2102.000000
1598.000000
277.000000
148.000000
697.000000
389.000000
550.000000
1584.000000
1282.000000
638.000000
686.000000
182.000000
304.000000
889.000000
597.000000
1629.000000
355.000000
352.000000
1096.000000
1781.000000
163.000000
5660.000000
607.000000
71.000000
500.000000
671.000000
363.000000
2839.000000
47.000000
373.000000
574.000000
230.000000
217.000000
1011.000000
431.000000
231.000000
111.000000
47.000000
416.000000
117.000000
2825.000000
784.000000
807.000000
1904.000000
536.000000
1749.000000
349.000000
178.000000
1150.000000
568.000000
80.000000
154.000000
143.000000
1740.000000
769.000000
601.000000
199.000000
1666.000000
1557.000000
1176.000000
293.000000
80.000000
75.000000
332.000000
730.000000
661.000000
1534.000000
434.000000
178.000000
75.000000
745.000000
679.000000
