225.000000
322.000000
292.000000
248.000000
236.000000
161.000000
260.000000
40.000000
410.000000
193.000000
541.000000
1283.000000
306.000000
5812.000000
309.000000
417.000000
177.000000
198.000000
1370.000000
216.000000
1475.000000
487.000000
297.000000
699.000000
1479.000000
290.000000
1688.000000
346.000000
721.000000
306.000000
179.000000
302.000000
711.000000
336.000000
357.000000
2152.000000
3625.000000
199.000000
899.000000
2189.000000
1124.000000
228.000000
1332.000000
436.000000
551.000000
69.000000
136.000000
108.000000
373.000000
362.000000
261.000000
224.000000
969.000000
2615.000000
291.000000
248.000000
449.000000
233.000000
92.000000
350.000000
454.000000
304.000000
153.000000
573.000000
1322.000000
869.000000
93.000000
706.000000
782.000000
493.000000
86.000000
2642.000000
285.000000
1236.000000
99.000000
1502.000000
95.000000
67.000000
191.000000
462.000000
4254.000000
115.000000
288.000000
2020.000000
157.000000
151.000000
306.000000
110.000000
663.000000
1919.000000
181.000000
1766.000000
134.000000
3630.000000
288.000000
529.000000
44.000000
186.000000
2602.000000
825.000000
305.000000
360.000000
2479.000000
401.000000
38.000000
370.000000
187.000000
639.000000
277.000000
258.000000
628.000000
716.000000
56.000000
505.000000
582.000000
521.000000
600.000000
1580.000000
894.000000
102.000000
354.000000
231.000000
346.000000
158.000000
53.000000
40.000000
6540.000000
627.000000
952.000000
58.000000
155.000000
992.000000
1058.000000
612.000000
251.000000
53.000000
670.000000
1979.000000
226.000000
47.000000
313.000000
3296.000000
310.000000
820.000000
1536.000000
883.000000
124.000000
1118.000000
706.000000
292.000000
130.000000
1022.000000
424.000000
1212.000000
720.000000
492.000000
1959.000000
3025.000000
64.000000
937.000000
305.000000
243.000000
254.000000
112.000000
2150.000000
1670.000000
344.000000
191.000000
360.000000
130.000000
64.000000
494.000000
875.000000
882.000000
265.000000
982.000000
56.000000
2009.000000
1021.000000
796.000000
1927.000000
137.000000
297.000000
332.000000
159.000000
374.000000
293.000000
166.000000
241.000000
89.000000
963.000000
156.000000
131.000000
161.000000
130.000000
1873.000000
410.000000
347.000000
1927.000000
76.000000
219.000000
357.000000
786.000000
143.000000
383.000000
47.000000
1622.000000
47.000000
254.000000
4439.000000
704.000000
177.000000
594.000000
1080.000000
384.000000
102.000000
1651.000000
1361.000000
765.000000
2036.000000
270.000000
275.000000
155.000000
645.000000
51.000000
427.000000
969.000000
360.000000
52.000000
301.000000
1356.000000
522.000000
181.000000
66.000000
534.000000
443.000000
2952.000000
1622.000000
433.000000
193.000000
173.000000
2005.000000
169.000000
307.000000
1634.000000
432.000000
232.000000
486.000000
1383.000000
400.000000
243.000000
238.000000
379.000000
1017.000000
480.000000
551.000000
494.000000
649.000000
356.000000
91.000000
299.000000
1038.000000
338.000000
350.000000
223.000000
473.000000
1028.000000
1053.000000
1526.000000
991.000000
118.000000
2510.000000
2801.000000
50.000000
97.000000
376.000000
233.000000
1211.000000
2240.000000
73.000000
738.000000
817.000000
74.000000
468.000000
336.000000
576.000000
472.000000
703.000000
305.000000
622.000000
1631.000000
217.000000
626.000000
925.000000
480.000000
58.000000
460.000000
410.000000
448.000000
735.000000
399.000000
368.000000
674.000000
785.000000
312.000000
511.000000
1598.000000
1721.000000
78.000000
264.000000
113.000000
775.000000
596.000000
305.000000
168.000000
160.000000
386.000000
140.000000
861.000000
71.000000
206.000000
2998.000000
571.000000
206.000000
215.000000
514.000000
1208.000000
145.000000
450.000000
125.000000
101.000000
248.000000
35.000000
192.000000
56.000000
762.000000
205.000000
1402.000000
933.000000
1424.000000
824.000000
426.000000
712.000000
304.000000
269.000000
298.000000
397.000000
482.000000
335.000000
1328.000000
227.000000
420.000000
753.000000
1210.000000
476.000000
948.000000
211.000000
200.000000
591.000000
628.000000
942.000000
454.000000
129.000000
121.000000
177.000000
279.000000
1258.000000
700.000000
715.000000
161.000000
717.000000
1916.000000
735.000000
630.000000
513.000000
367.000000
114.000000
71.000000
72.000000
883.000000
71.000000
455.000000
134.000000
606.000000
1164.000000
108.000000
191.000000
1742.000000
429.000000
430.000000
76.000000
565.000000
444.000000
1003.000000
349.000000
815.000000
352.000000
575.000000
786.000000
775.000000
908.000000
191.000000
623.000000
202.000000
1318.000000
394.000000
57.000000
419.000000
195.000000
498.000000
181.000000
2532.000000
215.000000
934.000000
60.000000
1427.000000
88.000000
251.000000
405.000000
306.000000
74.000000
928.000000
661.000000
105.000000
508.000000
226.000000
3087.000000
138.000000
493.000000
106.000000
81.000000
417.000000
258.000000
500.000000
757.000000
411.000000
605.000000
875.000000
133.000000
470.000000
1640.000000
1592.000000
769.000000
166.000000
72.000000
677.000000
402.000000
117.000000
250.000000
283.000000
2840.000000
72.000000
88.000000
1657.000000
835.000000
286.000000
113.000000
916.000000
779.000000
999.000000
47.000000
1205.000000
840.000000
152.000000
957.000000
2505.000000
305.000000
1058.000000
265.000000
979.000000
274.000000
652.000000
2227.000000
686.000000
45.000000
317.000000
141.000000
172.000000
699.000000
283.000000
123.000000
157.000000
274.000000
224.000000
475.000000
2304.000000
655.000000
433.000000
456.000000
815.000000
561.000000
231.000000
254.000000
376.000000
87.000000
1047.000000
61.000000
1576.000000
1014.000000
73.000000
593.000000
168.000000
1486.000000
225.000000
103.000000
1153.000000
91.000000
673.000000
84.000000
738.000000
604.000000
210.000000
780.000000
1188.000000
1067.000000
356.000000
329.000000
1352.000000
74.000000
325.000000
460.000000
26.000000
584.000000
109.000000
220.000000
530.000000
1221.000000
13.000000
267.000000
36.000000
636.000000
2340.000000
1718.000000
487.000000
364.000000
451.000000
222.000000
351.000000
124.000000
244.000000
1002.000000
187.000000
814.000000
229.000000
789.000000
1206.000000
560.000000
1282.000000
97.000000
733.000000
162.000000
427.000000
80.000000
540.000000
557.000000
966.000000
1104.000000
232.000000
415.000000
641.000000
92.000000
487.000000
1120.000000
951.000000
360.000000
167.000000
148.000000
141.000000
105.000000
590.000000
92.000000
105.000000
727.000000
61.000000
375.000000
263.000000
529.000000
696.000000
622.000000
2406.000000
355.000000
171.000000
203.000000
352.000000
350.000000
330.000000
560.000000
1023.000000
509.000000
2513.000000
250.000000
197.000000
676.000000
4498.000000
193.000000
3899.000000
2090.000000
192.000000
377.000000
298.000000
382.000000
3527.000000
314.000000
1315.000000
759.000000
463.000000
266.000000
375.000000
514.000000
313.000000
175.000000
316.000000
213.000000
904.000000
107.000000
113.000000
1031.000000
948.000000
126.000000
162.000000
477.000000
119.000000
120.000000
1866.000000
1028.000000
263.000000
2592.000000
1232.000000
2802.000000
517.000000
160.000000
488.000000
226.000000
626.000000
192.000000
1096.000000
158.000000
158.000000
162.000000
220.000000
117.000000
620.000000
154.000000
322.000000
537.000000
11402.000000
4839.000000
210.000000
55.000000
271.000000
1434.000000
450.000000
1934.000000
480.000000
30.000000
2718.000000
189.000000
432.000000
155.000000
357.000000
659.000000
976.000000
174.000000
316.000000
656.000000
1802.000000
119.000000
200.000000
716.000000
408.000000
539.000000
109.000000
539.000000
420.000000
757.000000
112.000000
70.000000
1115.000000
422.000000
1312.000000
100.000000
369.000000
150.000000
152.000000
229.000000
1069.000000
791.000000
133.000000
682.000000
2031.000000
295.000000
204.000000
463.000000
197.000000
1730.000000
171.000000
985.000000
994.000000
752.000000
352.000000
118.000000
670.000000
131.000000
532.000000
573.000000
201.000000
956.000000
370.000000
690.000000
442.000000
458.000000
23.000000
349.000000
609.000000
315.000000
196.000000
80.000000
251.000000
688.000000
94.000000
187.000000
215.000000
350.000000
117.000000
316.000000
690.000000
1255.000000
388.000000
111.000000
963.000000
67.000000
510.000000
224.000000
401.000000
36.000000
272.000000
669.000000
118.000000
2239.000000
188.000000
477.000000
2084.000000
525.000000
437.000000
993.000000
226.000000
746.000000
456.000000
264.000000
684.000000
382.000000
356.000000
587.000000
118.000000
56.000000
275.000000
290.000000
990.000000
459.000000
225.000000
764.000000
539.000000
86.000000
74.000000
102.000000
474.000000
220.000000
565.000000
1867.000000
340.000000
727.000000
123.000000
311.000000
121.000000
638.000000
1329.000000
123.000000
138.000000
601.000000
278.000000
168.000000
1099.000000
538.000000
1172.000000
506.000000
226.000000
1623.000000
210.000000
156.000000
185.000000
716.000000
737.000000
543.000000
202.000000
1639.000000
797.000000
1169.000000
379.000000
223.000000
1117.000000
405.000000
197.000000
812.000000
95.000000
813.000000
1175.000000
483.000000
679.000000
327.000000
522.000000
52.000000
67.000000
174.000000
412.000000
364.000000
181.000000
491.000000
750.000000
495.000000
451.000000
2025.000000
1416.000000
828.000000
222.000000
178.000000
156.000000
800.000000
332.000000
915.000000
195.000000
234.000000
115.000000
490.000000
1880.000000
470.000000
374.000000
346.000000
859.000000
855.000000
99.000000
188.000000
249.000000
1137.000000
342.000000
2172.000000
440.000000
243.000000
1058.000000
503.000000
1335.000000
200.000000
1825.000000
177.000000
1745.000000
252.000000
338.000000
122.000000
1749.000000
442.000000
868.000000
345.000000
1435.000000
944.000000
1448.000000
120.000000
435.000000
59.000000
221.000000
710.000000
4949.000000
69.000000
526.000000
495.000000
646.000000
264.000000
103.000000
514.000000
332.000000
140.000000
138.000000
575.000000
87.000000
299.000000
332.000000
352.000000
1033.000000
384.000000
1794.000000
1014.000000
392.000000
435.000000
1038.000000
123.000000
572.000000
421.000000
196.000000
98.000000
445.000000
89.000000
582.000000
116.000000
168.000000
162.000000
101.000000
460.000000
500.000000
83.000000
510.000000
1662.000000
400.000000
236.000000
149.000000
3483.000000
941.000000
175.000000
1287.000000
723.000000
227.000000
167.000000
198.000000
344.000000
322.000000
954.000000
148.000000
86.000000
294.000000
1144.000000
316.000000
1216.000000
1238.000000
286.000000
1442.000000
164.000000
235.000000
423.000000
1210.000000
528.000000
474.000000
205.000000
1583.000000
442.000000
163.000000
2212.000000
212.000000
153.000000
320.000000
1703.000000
985.000000
423.000000
341.000000
91.000000
713.000000
421.000000
294.000000
316.000000
1984.000000
130.000000
339.000000
5575.000000
834.000000
2107.000000
99.000000
410.000000
645.000000
1551.000000
424.000000
157.000000
191.000000
635.000000
10.000000
159.000000
795.000000
248.000000
560.000000
254.000000
599.000000
528.000000
168.000000
96.000000
2832.000000
473.000000
157.000000
1026.000000
762.000000
876.000000
1199.000000
756.000000
316.000000
2599.000000
97.000000
184.000000
364.000000
464.000000
1399.000000
884.000000
247.000000
304.000000
166.000000
1388.000000
202.000000
