121.000000
227.000000
391.000000
496.000000
1677.000000
4396.000000
701.000000
3026.000000
220.000000
678.000000
360.000000
586.000000
758.000000
191.000000
177.000000
1596.000000
565.000000
140.000000
375.000000
235.000000
1147.000000
701.000000
375.000000
376.000000
422.000000
284.000000
88.000000
208.000000
359.000000
351.000000
549.000000
470.000000
125.000000
207.000000
227.000000
65.000000
2169.000000
83.000000
1424.000000
667.000000
178.000000
365.000000
399.000000
566.000000
218.000000
1079.000000
900.000000
688.000000
543.000000
253.000000
513.000000
1001.000000
260.000000
843.000000
191.000000
348.000000
140.000000
492.000000
835.000000
4770.000000
591.000000
689.000000
66.000000
1127.000000
589.000000
2302.000000
46.000000
757.000000
221.000000
328.000000
326.000000
274.000000
200.000000
801.000000
360.000000
132.000000
252.000000
212.000000
2571.000000
4582.000000
188.000000
1499.000000
416.000000
458.000000
861.000000
457.000000
202.000000
693.000000
675.000000
123.000000
322.000000
308.000000
234.000000
254.000000
729.000000
833.000000
90.000000
445.000000
125.000000
570.000000
178.000000
1814.000000
192.000000
243.000000
128.000000
771.000000
177.000000
143.000000
368.000000
101.000000
620.000000
320.000000
263.000000
663.000000
1056.000000
763.000000
274.000000
197.000000
483.000000
1940.000000
311.000000
298.000000
4046.000000
839.000000
338.000000
705.000000
442.000000
507.000000
546.000000
1036.000000
954.000000
378.000000
156.000000
279.000000
76.000000
286.000000
74.000000
173.000000
1420.000000
343.000000
419.000000
204.000000
648.000000
200.000000
166.000000
1800.000000
394.000000
673.000000
418.000000
956.000000
46.000000
709.000000
182.000000
258.000000
7065.000000
968.000000
781.000000
1327.000000
56.000000
398.000000
505.000000
2548.000000
336.000000
839.000000
652.000000
591.000000
225.000000
90.000000
1168.000000
638.000000
115.000000
1050.000000
1228.000000
350.000000
298.000000
459.000000
380.000000
2658.000000
1664.000000
184.000000
426.000000
229.000000
244.000000
295.000000
334.000000
138.000000
465.000000
870.000000
1153.000000
409.000000
140.000000
1092.000000
703.000000
433.000000
1261.000000
446.000000
141.000000
583.000000
410.000000
657.000000
274.000000
217.000000
141.000000
291.000000
1806.000000
1399.000000
220.000000
2479.000000
352.000000
949.000000
128.000000
540.000000
3207.000000
458.000000
392.000000
169.000000
105.000000
504.000000
1443.000000
534.000000
149.000000
68.000000
138.000000
646.000000
549.000000
789.000000
625.000000
263.000000
213.000000
200.000000
280.000000
1497.000000
630.000000
1083.000000
331.000000
632.000000
552.000000
254.000000
217.000000
2223.000000
141.000000
483.000000
1087.000000
375.000000
526.000000
499.000000
68.000000
680.000000
195.000000
829.000000
801.000000
199.000000
443.000000
103.000000
158.000000
1856.000000
906.000000
94.000000
108.000000
624.000000
1953.000000
1034.000000
714.000000
1239.000000
143.000000
506.000000
403.000000
1030.000000
419.000000
62.000000
64.000000
214.000000
1166.000000
191.000000
644.000000
235.000000
1819.000000
132.000000
129.000000
571.000000
463.000000
927.000000
174.000000
1338.000000
905.000000
973.000000
205.000000
1166.000000
538.000000
425.000000
1370.000000
1379.000000
75.000000
200.000000
250.000000
260.000000
343.000000
266.000000
865.000000
554.000000
195.000000
395.000000
524.000000
152.000000
177.000000
249.000000
524.000000
406.000000
142.000000
311.000000
443.000000
362.000000
258.000000
335.000000
220.000000
202.000000
852.000000
1614.000000
609.000000
260.000000
113.000000
663.000000
176.000000
164.000000
400.000000
420.000000
489.000000
1614.000000
124.000000
1033.000000
343.000000
294.000000
716.000000
667.000000
2367.000000
881.000000
378.000000
451.000000
440.000000
932.000000
262.000000
423.000000
116.000000
1028.000000
135.000000
420.000000
2180.000000
2481.000000
410.000000
864.000000
248.000000
1666.000000
4683.000000
750.000000
258.000000
884.000000
156.000000
331.000000
229.000000
318.000000
75.000000
683.000000
143.000000
380.000000
552.000000
570.000000
124.000000
386.000000
641.000000
1325.000000
121.000000
4082.000000
4531.000000
1564.000000
1174.000000
172.000000
771.000000
639.000000
299.000000
351.000000
237.000000
612.000000
1607.000000
91.000000
369.000000
277.000000
273.000000
837.000000
1138.000000
165.000000
469.000000
1683.000000
160.000000
403.000000
269.000000
1312.000000
283.000000
256.000000
1223.000000
421.000000
568.000000
1138.000000
485.000000
916.000000
480.000000
375.000000
1268.000000
1149.000000
201.000000
461.000000
113.000000
356.000000
907.000000
1415.000000
1705.000000
686.000000
534.000000
434.000000
634.000000
2092.000000
234.000000
265.000000
350.000000
535.000000
1541.000000
818.000000
797.000000
322.000000
831.000000
141.000000
1439.000000
208.000000
526.000000
168.000000
329.000000
428.000000
94.000000
622.000000
493.000000
311.000000
354.000000
120.000000
587.000000
2446.000000
234.000000
552.000000
1833.000000
169.000000
155.000000
466.000000
95.000000
865.000000
2571.000000
203.000000
96.000000
109.000000
173.000000
180.000000
394.000000
649.000000
306.000000
129.000000
491.000000
702.000000
455.000000
233.000000
109.000000
618.000000
203.000000
263.000000
882.000000
592.000000
203.000000
922.000000
187.000000
155.000000
541.000000
124.000000
62.000000
368.000000
548.000000
1207.000000
945.000000
159.000000
221.000000
472.000000
402.000000
359.000000
145.000000
150.000000
270.000000
646.000000
1628.000000
412.000000
66.000000
197.000000
1338.000000
783.000000
324.000000
198.000000
254.000000
852.000000
240.000000
727.000000
109.000000
180.000000
447.000000
1121.000000
502.000000
382.000000
259.000000
403.000000
81.000000
808.000000
481.000000
131.000000
173.000000
1136.000000
1197.000000
187.000000
90.000000
199.000000
59.000000
541.000000
190.000000
117.000000
388.000000
282.000000
1424.000000
753.000000
1492.000000
388.000000
177.000000
412.000000
203.000000
1070.000000
183.000000
936.000000
3081.000000
178.000000
344.000000
74.000000
1000.000000
979.000000
72.000000
43.000000
70.000000
975.000000
113.000000
160.000000
123.000000
91.000000
390.000000
1923.000000
366.000000
463.000000
182.000000
88.000000
234.000000
99.000000
1540.000000
439.000000
40.000000
905.000000
3883.000000
461.000000
577.000000
151.000000
558.000000
846.000000
564.000000
253.000000
450.000000
210.000000
398.000000
317.000000
95.000000
204.000000
623.000000
102.000000
636.000000
309.000000
325.000000
561.000000
329.000000
76.000000
343.000000
565.000000
463.000000
855.000000
486.000000
3279.000000
506.000000
567.000000
406.000000
402.000000
285.000000
136.000000
132.000000
346.000000
302.000000
1010.000000
906.000000
3164.000000
138.000000
2805.000000
233.000000
100.000000
375.000000
864.000000
1405.000000
1271.000000
424.000000
210.000000
229.000000
197.000000
643.000000
388.000000
877.000000
530.000000
2946.000000
291.000000
1130.000000
370.000000
736.000000
2056.000000
165.000000
579.000000
239.000000
3749.000000
288.000000
173.000000
270.000000
696.000000
280.000000
245.000000
947.000000
618.000000
3234.000000
543.000000
1227.000000
713.000000
770.000000
162.000000
190.000000
2821.000000
314.000000
406.000000
264.000000
611.000000
311.000000
349.000000
1233.000000
324.000000
622.000000
866.000000
106.000000
1019.000000
181.000000
213.000000
124.000000
266.000000
208.000000
1264.000000
978.000000
1219.000000
2199.000000
79.000000
612.000000
222.000000
145.000000
482.000000
313.000000
325.000000
236.000000
1545.000000
300.000000
4524.000000
230.000000
506.000000
527.000000
327.000000
2009.000000
112.000000
5051.000000
272.000000
833.000000
1261.000000
255.000000
253.000000
829.000000
1862.000000
374.000000
369.000000
337.000000
798.000000
1319.000000
411.000000
117.000000
811.000000
256.000000
1590.000000
222.000000
638.000000
2231.000000
100.000000
372.000000
204.000000
171.000000
173.000000
1155.000000
290.000000
417.000000
1067.000000
216.000000
1232.000000
409.000000
214.000000
533.000000
220.000000
1154.000000
438.000000
66.000000
166.000000
2464.000000
39.000000
261.000000
202.000000
1150.000000
488.000000
466.000000
368.000000
1440.000000
69.000000
664.000000
236.000000
1254.000000
483.000000
1647.000000
1452.000000
459.000000
129.000000
71.000000
208.000000
2565.000000
769.000000
1138.000000
1740.000000
106.000000
252.000000
192.000000
453.000000
590.000000
291.000000
570.000000
381.000000
569.000000
474.000000
751.000000
395.000000
268.000000
193.000000
202.000000
268.000000
100.000000
1227.000000
613.000000
295.000000
1987.000000
983.000000
668.000000
364.000000
43.000000
145.000000
60.000000
287.000000
323.000000
1310.000000
839.000000
2278.000000
386.000000
315.000000
53.000000
528.000000
98.000000
1166.000000
141.000000
319.000000
593.000000
131.000000
233.000000
4107.000000
955.000000
1442.000000
122.000000
1459.000000
189.000000
195.000000
451.000000
145.000000
1141.000000
2429.000000
913.000000
732.000000
1573.000000
268.000000
1479.000000
1072.000000
459.000000
208.000000
223.000000
177.000000
138.000000
131.000000
422.000000
231.000000
308.000000
432.000000
248.000000
183.000000
63.000000
25.000000
118.000000
170.000000
819.000000
168.000000
3764.000000
2282.000000
463.000000
1084.000000
163.000000
2366.000000
779.000000
358.000000
223.000000
241.000000
337.000000
162.000000
182.000000
196.000000
2193.000000
234.000000
104.000000
163.000000
693.000000
309.000000
3681.000000
243.000000
972.000000
1288.000000
1672.000000
1656.000000
229.000000
181.000000
341.000000
358.000000
374.000000
198.000000
752.000000
61.000000
192.000000
471.000000
166.000000
188.000000
2272.000000
170.000000
224.000000
192.000000
722.000000
1426.000000
1279.000000
1983.000000
81.000000
395.000000
1323.000000
224.000000
333.000000
850.000000
412.000000
430.000000
342.000000
598.000000
742.000000
469.000000
246.000000
375.000000
399.000000
794.000000
417.000000
363.000000
521.000000
285.000000
149.000000
257.000000
931.000000
8265.000000
383.000000
156.000000
161.000000
564.000000
438.000000
298.000000
1099.000000
406.000000
627.000000
303.000000
1137.000000
308.000000
108.000000
167.000000
432.000000
879.000000
735.000000
139.000000
88.000000
2060.000000
376.000000
249.000000
87.000000
219.000000
443.000000
662.000000
315.000000
163.000000
1122.000000
1092.000000
262.000000
1467.000000
180.000000
1522.000000
344.000000
299.000000
182.000000
163.000000
831.000000
95.000000
1500.000000
69.000000
1878.000000
352.000000
84.000000
55.000000
1888.000000
79.000000
471.000000
418.000000
261.000000
447.000000
308.000000
277.000000
211.000000
1801.000000
341.000000
1284.000000
752.000000
138.000000
350.000000
439.000000
134.000000
129.000000
732.000000
260.000000
277.000000
353.000000
1039.000000
178.000000
498.000000
132.000000
603.000000
1128.000000
1508.000000
568.000000
443.000000
391.000000
316.000000
1718.000000
637.000000
1509.000000
546.000000
577.000000
171.000000
1182.000000
310.000000
104.000000
904.000000
575.000000
1939.000000
361.000000
840.000000
64.000000
171.000000
69.000000
799.000000
371.000000
115.000000
273.000000
406.000000
622.000000
228.000000
473.000000
