424.000000
382.000000
45.000000
471.000000
187.000000
378.000000
6960.000000
247.000000
244.000000
795.000000
1095.000000
337.000000
186.000000
77.000000
190.000000
1217.000000
1777.000000
2369.000000
2469.000000
842.000000
469.000000
371.000000
362.000000
491.000000
1427.000000
284.000000
1113.000000
3329.000000
94.000000
204.000000
120.000000
110.000000
433.000000
106.000000
584.000000
293.000000
374.000000
564.000000
228.000000
241.000000
332.000000
676.000000
519.000000
694.000000
836.000000
1939.000000
323.000000
3030.000000
185.000000
445.000000
348.000000
562.000000
324.000000
110.000000
153.000000
130.000000
212.000000
415.000000
702.000000
878.000000
441.000000
460.000000
177.000000
134.000000
81.000000
1120.000000
113.000000
121.000000
276.000000
296.000000
792.000000
319.000000
154.000000
92.000000
606.000000
3243.000000
89.000000
211.000000
371.000000
2297.000000
995.000000
106.000000
149.000000
237.000000
820.000000
109.000000
588.000000
259.000000
603.000000
448.000000
166.000000
1483.000000
1460.000000
429.000000
421.000000
644.000000
140.000000
242.000000
822.000000
91.000000
955.000000
2945.000000
123.000000
231.000000
745.000000
349.000000
2517.000000
306.000000
425.000000
52.000000
645.000000
1117.000000
647.000000
367.000000
1163.000000
407.000000
1101.000000
239.000000
2355.000000
380.000000
376.000000
58.000000
427.000000
125.000000
189.000000
622.000000
170.000000
304.000000
206.000000
374.000000
835.000000
349.000000
56.000000
119.000000
727.000000
999.000000
333.000000
479.000000
224.000000
1032.000000
1748.000000
1296.000000
406.000000
367.000000
1775.000000
353.000000
165.000000
836.000000
89.000000
274.000000
1038.000000
656.000000
402.000000
202.000000
126.000000
99.000000
138.000000
1167.000000
72.000000
307.000000
90.000000
460.000000
253.000000
329.000000
472.000000
215.000000
195.000000
760.000000
714.000000
209.000000
1453.000000
562.000000
134.000000
1454.000000
1075.000000
371.000000
178.000000
279.000000
680.000000
2121.000000
196.000000
170.000000
177.000000
661.000000
547.000000
583.000000
223.000000
91.000000
250.000000
498.000000
300.000000
373.000000
202.000000
581.000000
1115.000000
649.000000
880.000000
102.000000
128.000000
1409.000000
85.000000
186.000000
1074.000000
2597.000000
232.000000
2432.000000
393.000000
183.000000
1540.000000
668.000000
256.000000
582.000000
480.000000
127.000000
490.000000
71.000000
456.000000
64.000000
884.000000
203.000000
346.000000
576.000000
1318.000000
916.000000
362.000000
83.000000
183.000000
2658.000000
2308.000000
564.000000
202.000000
1894.000000
881.000000
718.000000
563.000000
1405.000000
489.000000
85.000000
684.000000
224.000000
143.000000
1852.000000
574.000000
466.000000
105.000000
155.000000
71.000000
469.000000
74.000000
486.000000
5416.000000
815.000000
123.000000
468.000000
3539.000000
2108.000000
123.000000
353.000000
637.000000
276.000000
87.000000
620.000000
44.000000
605.000000
1936.000000
646.000000
434.000000
283.000000
618.000000
2601.000000
844.000000
799.000000
705.000000
443.000000
917.000000
1058.000000
155.000000
2548.000000
378.000000
325.000000
1271.000000
1014.000000
313.000000
430.000000
341.000000
2665.000000
563.000000
158.000000
166.000000
555.000000
228.000000
275.000000
452.000000
936.000000
267.000000
3472.000000
3652.000000
254.000000
717.000000
752.000000
803.000000
937.000000
177.000000
455.000000
739.000000
216.000000
1242.000000
787.000000
2763.000000
537.000000
400.000000
139.000000
1219.000000
89.000000
654.000000
2101.000000
1632.000000
423.000000
357.000000
453.000000
1432.000000
189.000000
964.000000
620.000000
52.000000
213.000000
831.000000
365.000000
365.000000
51.000000
63.000000
1179.000000
334.000000
325.000000
550.000000
261.000000
252.000000
365.000000
158.000000
191.000000
144.000000
215.000000
261.000000
243.000000
132.000000
859.000000
1358.000000
248.000000
151.000000
354.000000
239.000000
380.000000
366.000000
2327.000000
551.000000
53.000000
202.000000
610.000000
69.000000
335.000000
1389.000000
714.000000
272.000000
845.000000
2997.000000
273.000000
215.000000
5487.000000
643.000000
242.000000
1114.000000
305.000000
262.000000
176.000000
621.000000
376.000000
1754.000000
464.000000
207.000000
48.000000
569.000000
220.000000
1215.000000
352.000000
201.000000
1032.000000
860.000000
1425.000000
2257.000000
657.000000
615.000000
253.000000
410.000000
211.000000
216.000000
119.000000
152.000000
1935.000000
1261.000000
103.000000
1234.000000
678.000000
826.000000
783.000000
1219.000000
342.000000
303.000000
530.000000
362.000000
132.000000
578.000000
147.000000
309.000000
3363.000000
1699.000000
281.000000
206.000000
710.000000
259.000000
159.000000
70.000000
117.000000
1907.000000
669.000000
153.000000
398.000000
1923.000000
1139.000000
340.000000
867.000000
370.000000
113.000000
1502.000000
1590.000000
198.000000
371.000000
130.000000
1989.000000
659.000000
114.000000
3087.000000
581.000000
175.000000
96.000000
423.000000
278.000000
1139.000000
1883.000000
141.000000
43.000000
331.000000
2450.000000
362.000000
1254.000000
234.000000
97.000000
933.000000
23.000000
1012.000000
4174.000000
451.000000
365.000000
942.000000
202.000000
337.000000
920.000000
65.000000
1245.000000
1254.000000
1023.000000
483.000000
929.000000
2781.000000
466.000000
512.000000
503.000000
216.000000
156.000000
1221.000000
568.000000
514.000000
1477.000000
326.000000
289.000000
690.000000
239.000000
70.000000
491.000000
165.000000
1263.000000
214.000000
43.000000
1133.000000
257.000000
778.000000
1727.000000
2275.000000
541.000000
430.000000
109.000000
894.000000
802.000000
572.000000
87.000000
53.000000
1664.000000
857.000000
279.000000
687.000000
337.000000
140.000000
204.000000
402.000000
691.000000
344.000000
256.000000
415.000000
516.000000
275.000000
149.000000
308.000000
1070.000000
166.000000
405.000000
1372.000000
2948.000000
320.000000
357.000000
1014.000000
2754.000000
495.000000
1018.000000
1209.000000
387.000000
2837.000000
564.000000
636.000000
227.000000
317.000000
287.000000
1428.000000
1123.000000
2333.000000
825.000000
323.000000
202.000000
500.000000
1481.000000
377.000000
331.000000
171.000000
689.000000
627.000000
175.000000
180.000000
56.000000
103.000000
198.000000
1055.000000
562.000000
371.000000
1068.000000
116.000000
533.000000
428.000000
233.000000
465.000000
1016.000000
220.000000
976.000000
263.000000
174.000000
410.000000
847.000000
86.000000
489.000000
649.000000
187.000000
6950.000000
1223.000000
1436.000000
222.000000
481.000000
351.000000
758.000000
561.000000
3053.000000
229.000000
890.000000
202.000000
4528.000000
276.000000
453.000000
132.000000
800.000000
584.000000
259.000000
447.000000
279.000000
62.000000
392.000000
1157.000000
593.000000
692.000000
34.000000
643.000000
168.000000
522.000000
2032.000000
321.000000
104.000000
1019.000000
1191.000000
1036.000000
3641.000000
300.000000
305.000000
480.000000
312.000000
228.000000
257.000000
275.000000
62.000000
545.000000
2821.000000
990.000000
100.000000
335.000000
459.000000
551.000000
537.000000
266.000000
169.000000
120.000000
856.000000
281.000000
1138.000000
194.000000
189.000000
196.000000
248.000000
12735.000000
345.000000
331.000000
697.000000
1610.000000
236.000000
64.000000
70.000000
287.000000
332.000000
575.000000
109.000000
203.000000
596.000000
635.000000
1318.000000
267.000000
189.000000
209.000000
562.000000
757.000000
528.000000
7889.000000
699.000000
128.000000
306.000000
244.000000
463.000000
207.000000
283.000000
1376.000000
23.000000
290.000000
300.000000
151.000000
2705.000000
507.000000
78.000000
145.000000
1175.000000
240.000000
772.000000
365.000000
1790.000000
3798.000000
1067.000000
195.000000
228.000000
1073.000000
614.000000
139.000000
2126.000000
443.000000
119.000000
496.000000
1454.000000
640.000000
2391.000000
305.000000
93.000000
184.000000
359.000000
2116.000000
118.000000
257.000000
504.000000
308.000000
1148.000000
179.000000
849.000000
325.000000
155.000000
592.000000
406.000000
279.000000
3380.000000
153.000000
1342.000000
299.000000
608.000000
1067.000000
2826.000000
1080.000000
674.000000
1066.000000
747.000000
118.000000
770.000000
61.000000
171.000000
314.000000
44.000000
184.000000
504.000000
223.000000
238.000000
443.000000
335.000000
2452.000000
229.000000
654.000000
208.000000
600.000000
164.000000
1176.000000
1032.000000
230.000000
313.000000
1348.000000
183.000000
1066.000000
280.000000
842.000000
282.000000
215.000000
283.000000
429.000000
170.000000
248.000000
73.000000
4520.000000
443.000000
255.000000
168.000000
508.000000
1001.000000
5732.000000
443.000000
542.000000
676.000000
782.000000
1366.000000
496.000000
51.000000
54.000000
694.000000
898.000000
1289.000000
162.000000
175.000000
1301.000000
321.000000
449.000000
110.000000
553.000000
442.000000
475.000000
279.000000
72.000000
26.000000
492.000000
338.000000
336.000000
590.000000
350.000000
650.000000
696.000000
421.000000
509.000000
1046.000000
292.000000
2131.000000
486.000000
183.000000
3341.000000
216.000000
86.000000
438.000000
302.000000
220.000000
109.000000
107.000000
745.000000
942.000000
206.000000
116.000000
504.000000
317.000000
1436.000000
1035.000000
59.000000
94.000000
408.000000
70.000000
258.000000
821.000000
1439.000000
98.000000
256.000000
117.000000
455.000000
708.000000
57.000000
591.000000
638.000000
452.000000
345.000000
73.000000
1489.000000
213.000000
104.000000
235.000000
123.000000
359.000000
301.000000
307.000000
316.000000
919.000000
359.000000
1366.000000
3767.000000
627.000000
123.000000
768.000000
134.000000
273.000000
280.000000
363.000000
354.000000
205.000000
285.000000
316.000000
1051.000000
581.000000
328.000000
989.000000
71.000000
212.000000
1336.000000
1012.000000
404.000000
1182.000000
237.000000
236.000000
1368.000000
157.000000
163.000000
664.000000
369.000000
624.000000
1485.000000
1876.000000
203.000000
702.000000
700.000000
129.000000
1132.000000
498.000000
214.000000
661.000000
116.000000
441.000000
754.000000
463.000000
1334.000000
1006.000000
711.000000
851.000000
546.000000
824.000000
745.000000
182.000000
263.000000
1959.000000
227.000000
507.000000
144.000000
149.000000
742.000000
2021.000000
285.000000
790.000000
85.000000
125.000000
1506.000000
440.000000
1113.000000
791.000000
388.000000
658.000000
304.000000
274.000000
659.000000
598.000000
498.000000
310.000000
375.000000
291.000000
647.000000
1225.000000
193.000000
228.000000
2840.000000
301.000000
251.000000
485.000000
106.000000
273.000000
285.000000
103.000000
79.000000
811.000000
315.000000
164.000000
183.000000
306.000000
359.000000
407.000000
641.000000
1210.000000
404.000000
289.000000
302.000000
63.000000
125.000000
216.000000
209.000000
664.000000
333.000000
519.000000
557.000000
1079.000000
330.000000
120.000000
83.000000
291.000000
139.000000
130.000000
1628.000000
197.000000
2201.000000
397.000000
246.000000
508.000000
220.000000
9473.000000
369.000000
55.000000
239.000000
127.000000
57.000000
65.000000
93.000000
831.000000
306.000000
98.000000
689.000000
158.000000
394.000000
650.000000
132.000000
86.000000
70.000000
129.000000
3019.000000
1839.000000
2071.000000
951.000000
320.000000
