433.000000
621.000000
68.000000
305.000000
1423.000000
1092.000000
248.000000
436.000000
257.000000
977.000000
634.000000
272.000000
300.000000
1975.000000
317.000000
245.000000
71.000000
2417.000000
361.000000
623.000000
30.000000
1365.000000
115.000000
830.000000
287.000000
331.000000
964.000000
945.000000
1063.000000
817.000000
215.000000
1780.000000
270.000000
770.000000
147.000000
130.000000
345.000000
655.000000
245.000000
1432.000000
746.000000
475.000000
257.000000
209.000000
331.000000
935.000000
446.000000
101.000000
118.000000
132.000000
445.000000
91.000000
1848.000000
533.000000
155.000000
253.000000
154.000000
45.000000
374.000000
300.000000
4346.000000
146.000000
1143.000000
477.000000
2803.000000
152.000000
313.000000
1364.000000
551.000000
402.000000
699.000000
231.000000
56.000000
1198.000000
406.000000
677.000000
203.000000
183.000000
570.000000
74.000000
363.000000
203.000000
626.000000
1430.000000
206.000000
510.000000
122.000000
127.000000
223.000000
110.000000
182.000000
437.000000
478.000000
295.000000
534.000000
300.000000
4176.000000
326.000000
818.000000
290.000000
589.000000
626.000000
241.000000
651.000000
897.000000
471.000000
245.000000
1076.000000
1309.000000
437.000000
328.000000
1656.000000
441.000000
425.000000
305.000000
778.000000
272.000000
759.000000
391.000000
1783.000000
728.000000
694.000000
307.000000
384.000000
633.000000
2230.000000
222.000000
269.000000
705.000000
38.000000
1560.000000
820.000000
278.000000
969.000000
690.000000
526.000000
4905.000000
448.000000
124.000000
131.000000
1346.000000
649.000000
264.000000
434.000000
259.000000
388.000000
703.000000
140.000000
560.000000
419.000000
751.000000
415.000000
167.000000
330.000000
878.000000
1287.000000
485.000000
474.000000
189.000000
476.000000
1051.000000
800.000000
1093.000000
110.000000
6315.000000
2089.000000
460.000000
81.000000
393.000000
71.000000
112.000000
875.000000
752.000000
1754.000000
148.000000
983.000000
503.000000
118.000000
1984.000000
167.000000
164.000000
467.000000
594.000000
620.000000
179.000000
2497.000000
174.000000
772.000000
139.000000
759.000000
483.000000
449.000000
797.000000
152.000000
635.000000
58.000000
738.000000
639.000000
1883.000000
1179.000000
261.000000
326.000000
326.000000
137.000000
663.000000
215.000000
435.000000
58.000000
589.000000
363.000000
2028.000000
1636.000000
252.000000
2120.000000
898.000000
1010.000000
113.000000
742.000000
937.000000
147.000000
1150.000000
463.000000
277.000000
529.000000
131.000000
5772.000000
442.000000
69.000000
2968.000000
539.000000
101.000000
372.000000
895.000000
1070.000000
130.000000
424.000000
262.000000
504.000000
170.000000
170.000000
147.000000
1081.000000
337.000000
604.000000
412.000000
2170.000000
1121.000000
662.000000
954.000000
2515.000000
1629.000000
103.000000
167.000000
286.000000
389.000000
600.000000
189.000000
362.000000
1752.000000
87.000000
1756.000000
113.000000
449.000000
2446.000000
664.000000
1225.000000
568.000000
21.000000
1318.000000
503.000000
370.000000
470.000000
754.000000
1589.000000
539.000000
672.000000
534.000000
467.000000
408.000000
102.000000
763.000000
505.000000
175.000000
613.000000
196.000000
689.000000
1657.000000
1390.000000
126.000000
133.000000
273.000000
1429.000000
462.000000
169.000000
357.000000
606.000000
181.000000
125.000000
54.000000
306.000000
348.000000
1282.000000
1384.000000
132.000000
1206.000000
375.000000
1200.000000
208.000000
320.000000
465.000000
515.000000
420.000000
521.000000
633.000000
124.000000
439.000000
270.000000
270.000000
56.000000
455.000000
404.000000
1521.000000
996.000000
557.000000
902.000000
4184.000000
190.000000
132.000000
285.000000
358.000000
788.000000
158.000000
140.000000
280.000000
312.000000
805.000000
837.000000
905.000000
121.000000
200.000000
414.000000
267.000000
969.000000
587.000000
120.000000
734.000000
327.000000
309.000000
245.000000
230.000000
78.000000
126.000000
374.000000
714.000000
160.000000
124.000000
334.000000
911.000000
621.000000
686.000000
667.000000
174.000000
334.000000
754.000000
98.000000
485.000000
643.000000
337.000000
495.000000
138.000000
212.000000
436.000000
310.000000
244.000000
1952.000000
715.000000
83.000000
2609.000000
305.000000
357.000000
401.000000
474.000000
1673.000000
355.000000
890.000000
599.000000
1465.000000
1667.000000
1292.000000
291.000000
951.000000
275.000000
449.000000
141.000000
212.000000
250.000000
84.000000
167.000000
530.000000
264.000000
353.000000
443.000000
639.000000
892.000000
379.000000
593.000000
1043.000000
91.000000
254.000000
337.000000
1349.000000
260.000000
1235.000000
379.000000
245.000000
228.000000
202.000000
226.000000
379.000000
1864.000000
211.000000
913.000000
146.000000
525.000000
406.000000
192.000000
63.000000
2167.000000
2548.000000
488.000000
989.000000
2657.000000
51.000000
522.000000
889.000000
139.000000
577.000000
264.000000
148.000000
349.000000
112.000000
222.000000
192.000000
469.000000
309.000000
444.000000
79.000000
284.000000
77.000000
593.000000
738.000000
513.000000
292.000000
1159.000000
712.000000
89.000000
114.000000
1219.000000
530.000000
200.000000
661.000000
216.000000
277.000000
256.000000
918.000000
999.000000
48.000000
144.000000
614.000000
90.000000
1371.000000
2274.000000
64.000000
610.000000
646.000000
1175.000000
384.000000
946.000000
1394.000000
286.000000
1301.000000
84.000000
440.000000
353.000000
180.000000
163.000000
2749.000000
2077.000000
164.000000
567.000000
451.000000
307.000000
524.000000
665.000000
585.000000
46.000000
578.000000
122.000000
256.000000
341.000000
317.000000
468.000000
139.000000
4380.000000
405.000000
464.000000
1122.000000
828.000000
341.000000
4280.000000
1504.000000
573.000000
642.000000
478.000000
154.000000
251.000000
754.000000
84.000000
393.000000
356.000000
580.000000
216.000000
209.000000
169.000000
95.000000
857.000000
27.000000
228.000000
446.000000
25.000000
241.000000
2289.000000
212.000000
281.000000
486.000000
339.000000
5471.000000
367.000000
377.000000
733.000000
180.000000
1647.000000
1374.000000
788.000000
799.000000
78.000000
974.000000
156.000000
554.000000
1038.000000
222.000000
158.000000
548.000000
110.000000
813.000000
205.000000
184.000000
1087.000000
536.000000
135.000000
86.000000
8015.000000
51.000000
129.000000
123.000000
301.000000
2018.000000
1638.000000
883.000000
296.000000
871.000000
389.000000
5029.000000
143.000000
335.000000
428.000000
86.000000
75.000000
33.000000
285.000000
1364.000000
1106.000000
17.000000
568.000000
609.000000
270.000000
3198.000000
449.000000
36.000000
739.000000
1663.000000
176.000000
115.000000
734.000000
175.000000
369.000000
495.000000
840.000000
472.000000
3049.000000
211.000000
810.000000
524.000000
578.000000
203.000000
398.000000
726.000000
1889.000000
2310.000000
150.000000
903.000000
798.000000
990.000000
486.000000
946.000000
1177.000000
1040.000000
202.000000
1371.000000
190.000000
276.000000
305.000000
356.000000
57.000000
450.000000
1763.000000
28.000000
124.000000
340.000000
1068.000000
4512.000000
250.000000
234.000000
1201.000000
739.000000
85.000000
858.000000
250.000000
181.000000
582.000000
201.000000
151.000000
358.000000
464.000000
352.000000
2508.000000
1037.000000
515.000000
235.000000
2229.000000
140.000000
676.000000
333.000000
460.000000
45.000000
237.000000
399.000000
163.000000
1042.000000
183.000000
473.000000
6926.000000
1450.000000
395.000000
1706.000000
115.000000
741.000000
356.000000
489.000000
507.000000
192.000000
1118.000000
1707.000000
169.000000
124.000000
115.000000
647.000000
6174.000000
1748.000000
793.000000
1144.000000
237.000000
982.000000
635.000000
550.000000
112.000000
150.000000
445.000000
460.000000
175.000000
313.000000
567.000000
380.000000
1447.000000
95.000000
653.000000
332.000000
74.000000
1463.000000
1478.000000
543.000000
620.000000
173.000000
302.000000
2285.000000
365.000000
255.000000
2241.000000
126.000000
1041.000000
200.000000
766.000000
291.000000
300.000000
137.000000
692.000000
598.000000
496.000000
339.000000
217.000000
292.000000
1004.000000
2471.000000
1466.000000
187.000000
1877.000000
216.000000
68.000000
228.000000
139.000000
1971.000000
609.000000
339.000000
328.000000
156.000000
835.000000
400.000000
211.000000
984.000000
63.000000
2407.000000
933.000000
852.000000
1378.000000
519.000000
335.000000
115.000000
133.000000
371.000000
571.000000
827.000000
112.000000
688.000000
379.000000
189.000000
209.000000
262.000000
907.000000
215.000000
271.000000
2383.000000
1025.000000
600.000000
168.000000
1033.000000
2853.000000
245.000000
1332.000000
1335.000000
77.000000
214.000000
414.000000
260.000000
369.000000
72.000000
658.000000
161.000000
397.000000
552.000000
8473.000000
66.000000
61.000000
76.000000
315.000000
621.000000
419.000000
392.000000
228.000000
314.000000
572.000000
160.000000
179.000000
529.000000
668.000000
346.000000
597.000000
483.000000
381.000000
330.000000
1069.000000
1778.000000
323.000000
577.000000
356.000000
312.000000
47.000000
1328.000000
1377.000000
520.000000
330.000000
89.000000
1299.000000
830.000000
251.000000
165.000000
133.000000
1023.000000
141.000000
1470.000000
183.000000
334.000000
174.000000
777.000000
135.000000
1412.000000
2304.000000
223.000000
25.000000
26.000000
648.000000
542.000000
141.000000
188.000000
119.000000
139.000000
652.000000
238.000000
895.000000
236.000000
261.000000
86.000000
469.000000
231.000000
235.000000
685.000000
352.000000
609.000000
1740.000000
518.000000
346.000000
386.000000
334.000000
1789.000000
1090.000000
3270.000000
295.000000
600.000000
351.000000
607.000000
284.000000
862.000000
350.000000
295.000000
303.000000
337.000000
554.000000
552.000000
5662.000000
1009.000000
634.000000
314.000000
43.000000
1440.000000
529.000000
211.000000
70.000000
4982.000000
653.000000
291.000000
516.000000
1093.000000
265.000000
341.000000
223.000000
923.000000
241.000000
876.000000
292.000000
831.000000
485.000000
661.000000
433.000000
130.000000
1770.000000
322.000000
1774.000000
2369.000000
37.000000
2445.000000
288.000000
1147.000000
1060.000000
1823.000000
518.000000
495.000000
308.000000
67.000000
88.000000
252.000000
860.000000
832.000000
146.000000
925.000000
220.000000
1337.000000
235.000000
320.000000
400.000000
924.000000
266.000000
226.000000
414.000000
391.000000
279.000000
326.000000
352.000000
452.000000
1751.000000
350.000000
423.000000
3615.000000
709.000000
362.000000
994.000000
441.000000
202.000000
974.000000
46.000000
539.000000
258.000000
649.000000
688.000000
366.000000
746.000000
598.000000
87.000000
186.000000
2360.000000
52.000000
918.000000
230.000000
2075.000000
974.000000
43.000000
766.000000
1399.000000
633.000000
86.000000
517.000000
306.000000
184.000000
1064.000000
344.000000
54.000000
1369.000000
324.000000
361.000000
203.000000
394.000000
292.000000
237.000000
423.000000
1220.000000
440.000000
2715.000000
985.000000
702.000000
71.000000
506.000000
4479.000000
118.000000
251.000000
524.000000
115.000000
785.000000
391.000000
54.000000
447.000000
217.000000
40.000000
90.000000
760.000000
457.000000
398.000000
608.000000
704.000000
488.000000
153.000000
585.000000
70.000000
