683.000000
114.000000
183.000000
398.000000
444.000000
508.000000
287.000000
405.000000
928.000000
919.000000
1261.000000
827.000000
442.000000
1401.000000
137.000000
1025.000000
67.000000
39.000000
276.000000
1397.000000
482.000000
275.000000
329.000000
570.000000
1219.000000
92.000000
234.000000
475.000000
109.000000
68.000000
232.000000
2805.000000
737.000000
196.000000
552.000000
703.000000
1092.000000
2197.000000
2626.000000
200.000000
115.000000
49.000000
1201.000000
373.000000
424.000000
75.000000
360.000000
509.000000
369.000000
144.000000
2477.000000
1767.000000
51.000000
208.000000
130.000000
100.000000
653.000000
194.000000
195.000000
501.000000
755.000000
248.000000
384.000000
363.000000
926.000000
270.000000
1305.000000
617.000000
375.000000
4359.000000
279.000000
723.000000
80.000000
2529.000000
302.000000
1491.000000
1075.000000
816.000000
3296.000000
428.000000
116.000000
271.000000
240.000000
724.000000
155.000000
159.000000
197.000000
89.000000
274.000000
1482.000000
130.000000
474.000000
157.000000
90.000000
192.000000
198.000000
1010.000000
574.000000
375.000000
596.000000
1528.000000
256.000000
806.000000
108.000000
423.000000
619.000000
163.000000
793.000000
242.000000
323.000000
666.000000
392.000000
127.000000
791.000000
1361.000000
114.000000
164.000000
1529.000000
330.000000
232.000000
1269.000000
1672.000000
20.000000
507.000000
927.000000
324.000000
318.000000
544.000000
564.000000
554.000000
207.000000
244.000000
350.000000
48.000000
820.000000
520.000000
385.000000
1045.000000
133.000000
54.000000
627.000000
2457.000000
358.000000
148.000000
1084.000000
3172.000000
822.000000
483.000000
87.000000
794.000000
158.000000
67.000000
13.000000
762.000000
276.000000
120.000000
216.000000
972.000000
1113.000000
595.000000
435.000000
434.000000
355.000000
341.000000
134.000000
647.000000
178.000000
981.000000
187.000000
1711.000000
732.000000
64.000000
1607.000000
1483.000000
611.000000
373.000000
492.000000
599.000000
280.000000
34.000000
709.000000
243.000000
142.000000
809.000000
707.000000
148.000000
129.000000
52.000000
514.000000
402.000000
387.000000
516.000000
294.000000
924.000000
1120.000000
1122.000000
2016.000000
598.000000
608.000000
2222.000000
763.000000
529.000000
665.000000
370.000000
161.000000
253.000000
85.000000
2250.000000
712.000000
142.000000
226.000000
302.000000
123.000000
295.000000
225.000000
74.000000
100.000000
565.000000
1541.000000
148.000000
501.000000
255.000000
666.000000
264.000000
13078.000000
798.000000
148.000000
120.000000
428.000000
209.000000
1378.000000
459.000000
569.000000
303.000000
1389.000000
278.000000
142.000000
863.000000
108.000000
1062.000000
4542.000000
778.000000
620.000000
1212.000000
1896.000000
257.000000
534.000000
750.000000
26.000000
164.000000
188.000000
314.000000
57.000000
679.000000
262.000000
292.000000
510.000000
294.000000
1117.000000
185.000000
89.000000
479.000000
493.000000
68.000000
198.000000
421.000000
702.000000
224.000000
352.000000
497.000000
509.000000
1590.000000
454.000000
313.000000
446.000000
151.000000
341.000000
3511.000000
1590.000000
288.000000
669.000000
493.000000
202.000000
1805.000000
197.000000
1074.000000
714.000000
165.000000
166.000000
1101.000000
508.000000
278.000000
348.000000
1068.000000
291.000000
538.000000
460.000000
1468.000000
310.000000
131.000000
762.000000
219.000000
307.000000
1370.000000
2177.000000
1749.000000
606.000000
502.000000
383.000000
417.000000
2339.000000
410.000000
526.000000
2139.000000
1086.000000
697.000000
92.000000
116.000000
273.000000
809.000000
332.000000
521.000000
166.000000
417.000000
184.000000
925.000000
444.000000
910.000000
220.000000
303.000000
232.000000
669.000000
512.000000
300.000000
111.000000
800.000000
513.000000
822.000000
432.000000
532.000000
202.000000
1647.000000
623.000000
191.000000
2364.000000
34.000000
125.000000
490.000000
653.000000
455.000000
354.000000
1765.000000
1013.000000
401.000000
1641.000000
1082.000000
1126.000000
1063.000000
345.000000
163.000000
180.000000
3601.000000
236.000000
350.000000
383.000000
723.000000
732.000000
463.000000
823.000000
449.000000
118.000000
288.000000
768.000000
284.000000
77.000000
1404.000000
632.000000
1236.000000
294.000000
347.000000
325.000000
841.000000
962.000000
772.000000
146.000000
55.000000
280.000000
1024.000000
620.000000
366.000000
441.000000
881.000000
911.000000
301.000000
250.000000
1056.000000
203.000000
649.000000
166.000000
1427.000000
1522.000000
297.000000
96.000000
258.000000
1442.000000
290.000000
369.000000
950.000000
329.000000
69.000000
1481.000000
309.000000
160.000000
201.000000
46.000000
716.000000
1246.000000
2987.000000
767.000000
502.000000
543.000000
211.000000
183.000000
168.000000
2627.000000
216.000000
86.000000
1175.000000
481.000000
342.000000
816.000000
824.000000
165.000000
1581.000000
1141.000000
1623.000000
1099.000000
2897.000000
176.000000
873.000000
434.000000
1248.000000
1217.000000
203.000000
498.000000
33.000000
860.000000
498.000000
420.000000
590.000000
582.000000
719.000000
445.000000
144.000000
242.000000
422.000000
618.000000
997.000000
791.000000
531.000000
498.000000
210.000000
888.000000
876.000000
619.000000
2695.000000
180.000000
579.000000
283.000000
655.000000
434.000000
845.000000
5974.000000
162.000000
245.000000
682.000000
2101.000000
310.000000
6403.000000
1974.000000
598.000000
490.000000
159.000000
60.000000
547.000000
308.000000
1677.000000
1494.000000
605.000000
418.000000
463.000000
1550.000000
313.000000
2485.000000
73.000000
308.000000
984.000000
312.000000
355.000000
338.000000
1271.000000
121.000000
430.000000
627.000000
262.000000
252.000000
556.000000
139.000000
341.000000
456.000000
721.000000
700.000000
1090.000000
710.000000
257.000000
35.000000
1042.000000
1175.000000
932.000000
1676.000000
903.000000
728.000000
391.000000
342.000000
630.000000
2135.000000
2490.000000
245.000000
1116.000000
398.000000
441.000000
407.000000
385.000000
121.000000
2330.000000
372.000000
178.000000
432.000000
185.000000
962.000000
168.000000
243.000000
454.000000
402.000000
590.000000
246.000000
1619.000000
677.000000
358.000000
284.000000
139.000000
101.000000
395.000000
1218.000000
379.000000
1928.000000
220.000000
323.000000
529.000000
160.000000
502.000000
527.000000
1199.000000
641.000000
731.000000
106.000000
307.000000
857.000000
1710.000000
88.000000
370.000000
682.000000
572.000000
221.000000
152.000000
68.000000
116.000000
872.000000
120.000000
715.000000
327.000000
158.000000
77.000000
147.000000
847.000000
219.000000
986.000000
166.000000
574.000000
89.000000
455.000000
267.000000
705.000000
86.000000
134.000000
3076.000000
459.000000
95.000000
848.000000
399.000000
110.000000
317.000000
2467.000000
360.000000
202.000000
401.000000
246.000000
211.000000
128.000000
1013.000000
178.000000
117.000000
224.000000
748.000000
402.000000
272.000000
245.000000
359.000000
1135.000000
282.000000
245.000000
143.000000
494.000000
199.000000
165.000000
403.000000
77.000000
182.000000
160.000000
1004.000000
782.000000
129.000000
582.000000
670.000000
411.000000
1353.000000
24.000000
213.000000
932.000000
657.000000
627.000000
635.000000
337.000000
177.000000
116.000000
1137.000000
218.000000
693.000000
217.000000
379.000000
736.000000
74.000000
114.000000
1741.000000
1202.000000
189.000000
426.000000
129.000000
544.000000
1838.000000
405.000000
140.000000
727.000000
610.000000
484.000000
289.000000
99.000000
390.000000
486.000000
67.000000
434.000000
333.000000
249.000000
95.000000
5305.000000
73.000000
304.000000
1005.000000
1978.000000
533.000000
200.000000
466.000000
453.000000
169.000000
425.000000
1159.000000
326.000000
636.000000
135.000000
271.000000
3115.000000
58.000000
63.000000
377.000000
1538.000000
311.000000
486.000000
211.000000
149.000000
1387.000000
251.000000
821.000000
246.000000
144.000000
194.000000
64.000000
37.000000
187.000000
182.000000
764.000000
6594.000000
258.000000
124.000000
731.000000
142.000000
981.000000
391.000000
558.000000
284.000000
575.000000
215.000000
420.000000
199.000000
463.000000
530.000000
350.000000
339.000000
51.000000
235.000000
1124.000000
1147.000000
348.000000
527.000000
564.000000
1430.000000
5336.000000
1193.000000
2531.000000
682.000000
916.000000
566.000000
635.000000
239.000000
1599.000000
554.000000
293.000000
2259.000000
861.000000
1465.000000
373.000000
166.000000
686.000000
183.000000
1442.000000
858.000000
249.000000
434.000000
59.000000
170.000000
232.000000
234.000000
1127.000000
1110.000000
562.000000
464.000000
803.000000
300.000000
580.000000
140.000000
634.000000
594.000000
616.000000
140.000000
41.000000
38.000000
301.000000
1200.000000
378.000000
43.000000
183.000000
83.000000
70.000000
263.000000
169.000000
120.000000
316.000000
994.000000
66.000000
289.000000
239.000000
216.000000
86.000000
394.000000
1404.000000
924.000000
384.000000
818.000000
164.000000
238.000000
159.000000
314.000000
200.000000
600.000000
38.000000
2284.000000
80.000000
252.000000
223.000000
196.000000
2130.000000
491.000000
423.000000
554.000000
124.000000
216.000000
2026.000000
520.000000
269.000000
198.000000
900.000000
1920.000000
78.000000
1014.000000
1081.000000
1431.000000
161.000000
383.000000
1136.000000
441.000000
1195.000000
263.000000
57.000000
224.000000
1724.000000
99.000000
703.000000
86.000000
871.000000
541.000000
80.000000
1382.000000
1029.000000
877.000000
320.000000
184.000000
469.000000
708.000000
2476.000000
206.000000
379.000000
192.000000
900.000000
405.000000
310.000000
650.000000
169.000000
333.000000
2179.000000
325.000000
321.000000
236.000000
480.000000
387.000000
319.000000
103.000000
110.000000
271.000000
619.000000
997.000000
167.000000
790.000000
1315.000000
413.000000
167.000000
4075.000000
126.000000
494.000000
212.000000
918.000000
596.000000
506.000000
507.000000
146.000000
483.000000
77.000000
1406.000000
49.000000
449.000000
397.000000
137.000000
695.000000
274.000000
402.000000
580.000000
176.000000
650.000000
1440.000000
2622.000000
390.000000
302.000000
824.000000
1582.000000
58.000000
245.000000
513.000000
1366.000000
268.000000
231.000000
283.000000
117.000000
459.000000
101.000000
134.000000
466.000000
402.000000
1736.000000
923.000000
1892.000000
1205.000000
953.000000
178.000000
22.000000
120.000000
509.000000
941.000000
1814.000000
135.000000
266.000000
69.000000
1254.000000
819.000000
311.000000
823.000000
971.000000
1397.000000
142.000000
211.000000
529.000000
448.000000
1758.000000
447.000000
598.000000
1528.000000
819.000000
379.000000
1110.000000
222.000000
452.000000
148.000000
147.000000
364.000000
1584.000000
1452.000000
141.000000
335.000000
645.000000
1266.000000
591.000000
703.000000
244.000000
756.000000
589.000000
611.000000
636.000000
810.000000
545.000000
290.000000
68.000000
118.000000
873.000000
572.000000
550.000000
1211.000000
546.000000
307.000000
618.000000
4959.000000
105.000000
668.000000
235.000000
219.000000
302.000000
263.000000
1880.000000
1113.000000
143.000000
103.000000
611.000000
181.000000
716.000000
1317.000000
431.000000
852.000000
29.000000
136.000000
660.000000
463.000000
114.000000
1008.000000
884.000000
