346.000000
760.000000
109.000000
195.000000
56.000000
100.000000
135.000000
424.000000
288.000000
1387.000000
458.000000
48.000000
180.000000
160.000000
324.000000
244.000000
530.000000
345.000000
230.000000
1411.000000
946.000000
2532.000000
189.000000
211.000000
687.000000
270.000000
410.000000
740.000000
519.000000
578.000000
202.000000
145.000000
772.000000
436.000000
129.000000
287.000000
143.000000
687.000000
1781.000000
358.000000
73.000000
175.000000
7310.000000
1223.000000
52.000000
1283.000000
1486.000000
210.000000
308.000000
790.000000
504.000000
840.000000
176.000000
85.000000
350.000000
263.000000
530.000000
2291.000000
1092.000000
271.000000
424.000000
409.000000
132.000000
345.000000
363.000000
228.000000
273.000000
416.000000
607.000000
1101.000000
971.000000
948.000000
59.000000
429.000000
354.000000
1024.000000
530.000000
449.000000
259.000000
455.000000
497.000000
90.000000
329.000000
495.000000
231.000000
116.000000
889.000000
212.000000
263.000000
167.000000
54.000000
213.000000
1673.000000
255.000000
326.000000
548.000000
123.000000
1017.000000
332.000000
311.000000
453.000000
884.000000
1604.000000
449.000000
677.000000
1315.000000
490.000000
1835.000000
136.000000
2018.000000
132.000000
1166.000000
490.000000
2479.000000
987.000000
4627.000000
996.000000
1083.000000
3057.000000
44.000000
321.000000
1084.000000
373.000000
375.000000
95.000000
1429.000000
343.000000
484.000000
871.000000
467.000000
228.000000
308.000000
527.000000
315.000000
294.000000
827.000000
144.000000
774.000000
289.000000
109.000000
200.000000
1115.000000
217.000000
322.000000
103.000000
199.000000
596.000000
176.000000
129.000000
31.000000
304.000000
2773.000000
137.000000
923.000000
226.000000
2223.000000
340.000000
1957.000000
671.000000
84.000000
167.000000
2644.000000
55.000000
2013.000000
191.000000
339.000000
2560.000000
325.000000
305.000000
244.000000
935.000000
212.000000
422.000000
65.000000
442.000000
422.000000
701.000000
814.000000
373.000000
202.000000
22.000000
291.000000
352.000000
324.000000
17.000000
484.000000
170.000000
454.000000
312.000000
190.000000
441.000000
723.000000
188.000000
1005.000000
567.000000
540.000000
1393.000000
323.000000
472.000000
90.000000
579.000000
87.000000
158.000000
522.000000
152.000000
202.000000
787.000000
425.000000
245.000000
298.000000
720.000000
289.000000
189.000000
169.000000
694.000000
930.000000
278.000000
3173.000000
791.000000
132.000000
450.000000
3087.000000
189.000000
155.000000
83.000000
964.000000
942.000000
1199.000000
654.000000
796.000000
186.000000
252.000000
659.000000
368.000000
141.000000
1903.000000
86.000000
501.000000
218.000000
916.000000
409.000000
38.000000
256.000000
721.000000
299.000000
161.000000
188.000000
227.000000
1953.000000
1020.000000
1251.000000
374.000000
589.000000
2838.000000
197.000000
108.000000
314.000000
852.000000
121.000000
425.000000
452.000000
357.000000
1111.000000
760.000000
575.000000
535.000000
413.000000
1125.000000
399.000000
100.000000
189.000000
407.000000
4328.000000
612.000000
442.000000
1838.000000
416.000000
858.000000
552.000000
256.000000
50.000000
477.000000
493.000000
1230.000000
348.000000
520.000000
552.000000
672.000000
930.000000
492.000000
140.000000
322.000000
163.000000
402.000000
204.000000
305.000000
293.000000
1228.000000
160.000000
375.000000
500.000000
345.000000
303.000000
190.000000
588.000000
98.000000
364.000000
514.000000
305.000000
963.000000
219.000000
241.000000
681.000000
1297.000000
359.000000
357.000000
1167.000000
73.000000
249.000000
490.000000
1373.000000
77.000000
535.000000
28.000000
228.000000
234.000000
137.000000
830.000000
320.000000
492.000000
168.000000
212.000000
405.000000
200.000000
116.000000
230.000000
249.000000
74.000000
121.000000
1730.000000
471.000000
122.000000
460.000000
207.000000
757.000000
1511.000000
588.000000
725.000000
880.000000
181.000000
613.000000
850.000000
186.000000
348.000000
345.000000
554.000000
779.000000
224.000000
563.000000
564.000000
438.000000
179.000000
2164.000000
371.000000
1900.000000
330.000000
239.000000
343.000000
41.000000
743.000000
153.000000
418.000000
5302.000000
1364.000000
477.000000
905.000000
121.000000
34.000000
177.000000
462.000000
27.000000
120.000000
327.000000
487.000000
134.000000
630.000000
722.000000
454.000000
247.000000
526.000000
556.000000
630.000000
698.000000
1415.000000
206.000000
1559.000000
171.000000
92.000000
386.000000
631.000000
104.000000
107.000000
215.000000
333.000000
252.000000
823.000000
1283.000000
1293.000000
168.000000
47.000000
1683.000000
614.000000
242.000000
260.000000
403.000000
105.000000
316.000000
167.000000
327.000000
79.000000
962.000000
184.000000
107.000000
118.000000
245.000000
182.000000
3549.000000
711.000000
524.000000
242.000000
435.000000
368.000000
302.000000
334.000000
50.000000
375.000000
243.000000
734.000000
172.000000
140.000000
421.000000
237.000000
20.000000
146.000000
2772.000000
550.000000
852.000000
2256.000000
500.000000
939.000000
556.000000
142.000000
892.000000
42.000000
194.000000
3148.000000
943.000000
1207.000000
496.000000
497.000000
491.000000
525.000000
994.000000
1136.000000
1024.000000
908.000000
775.000000
1159.000000
363.000000
2114.000000
100.000000
331.000000
608.000000
524.000000
770.000000
201.000000
973.000000
641.000000
116.000000
195.000000
185.000000
844.000000
161.000000
385.000000
229.000000
432.000000
1289.000000
235.000000
117.000000
839.000000
62.000000
1132.000000
781.000000
3717.000000
2612.000000
125.000000
2875.000000
220.000000
1093.000000
516.000000
213.000000
531.000000
281.000000
818.000000
611.000000
232.000000
327.000000
939.000000
827.000000
876.000000
616.000000
198.000000
115.000000
137.000000
84.000000
344.000000
418.000000
3018.000000
313.000000
1132.000000
347.000000
197.000000
851.000000
422.000000
1360.000000
968.000000
2672.000000
739.000000
130.000000
3033.000000
985.000000
1235.000000
152.000000
1598.000000
734.000000
2834.000000
240.000000
112.000000
967.000000
1009.000000
159.000000
347.000000
340.000000
818.000000
194.000000
1174.000000
384.000000
1073.000000
186.000000
146.000000
449.000000
198.000000
176.000000
530.000000
131.000000
543.000000
335.000000
619.000000
276.000000
851.000000
1017.000000
707.000000
2064.000000
3566.000000
1148.000000
1117.000000
524.000000
183.000000
623.000000
1297.000000
281.000000
2243.000000
369.000000
453.000000
205.000000
821.000000
364.000000
628.000000
1146.000000
162.000000
396.000000
6887.000000
2467.000000
313.000000
537.000000
195.000000
167.000000
322.000000
233.000000
78.000000
492.000000
148.000000
1681.000000
470.000000
1228.000000
2063.000000
322.000000
602.000000
187.000000
11149.000000
294.000000
740.000000
423.000000
448.000000
467.000000
667.000000
213.000000
2564.000000
3378.000000
110.000000
279.000000
4568.000000
468.000000
1088.000000
191.000000
157.000000
1039.000000
279.000000
258.000000
149.000000
63.000000
162.000000
723.000000
1250.000000
1381.000000
377.000000
107.000000
503.000000
464.000000
84.000000
294.000000
590.000000
98.000000
805.000000
357.000000
234.000000
999.000000
116.000000
216.000000
733.000000
152.000000
55.000000
198.000000
350.000000
511.000000
383.000000
510.000000
245.000000
627.000000
845.000000
340.000000
798.000000
403.000000
703.000000
289.000000
568.000000
82.000000
70.000000
332.000000
317.000000
743.000000
460.000000
1909.000000
372.000000
526.000000
1438.000000
628.000000
164.000000
292.000000
576.000000
278.000000
702.000000
1190.000000
518.000000
293.000000
1197.000000
102.000000
642.000000
473.000000
116.000000
291.000000
3001.000000
190.000000
319.000000
379.000000
33.000000
74.000000
2151.000000
1604.000000
636.000000
122.000000
1766.000000
976.000000
378.000000
187.000000
646.000000
927.000000
281.000000
876.000000
1279.000000
244.000000
1283.000000
500.000000
156.000000
714.000000
131.000000
187.000000
13.000000
827.000000
229.000000
780.000000
545.000000
201.000000
414.000000
90.000000
571.000000
914.000000
1732.000000
394.000000
308.000000
245.000000
265.000000
65.000000
505.000000
645.000000
327.000000
111.000000
1027.000000
254.000000
120.000000
216.000000
508.000000
159.000000
168.000000
353.000000
757.000000
285.000000
323.000000
660.000000
786.000000
531.000000
319.000000
787.000000
553.000000
568.000000
57.000000
8400.000000
716.000000
142.000000
536.000000
45.000000
1025.000000
206.000000
414.000000
1260.000000
50.000000
178.000000
149.000000
1438.000000
376.000000
277.000000
221.000000
295.000000
60.000000
166.000000
616.000000
111.000000
752.000000
1044.000000
915.000000
431.000000
110.000000
270.000000
105.000000
255.000000
1405.000000
720.000000
361.000000
301.000000
629.000000
1153.000000
1221.000000
1373.000000
908.000000
68.000000
1391.000000
327.000000
636.000000
208.000000
450.000000
291.000000
313.000000
2000.000000
399.000000
282.000000
390.000000
245.000000
893.000000
986.000000
468.000000
2889.000000
262.000000
473.000000
323.000000
46.000000
358.000000
589.000000
163.000000
67.000000
434.000000
605.000000
434.000000
253.000000
895.000000
561.000000
317.000000
593.000000
36.000000
151.000000
1404.000000
1780.000000
18.000000
606.000000
728.000000
459.000000
88.000000
774.000000
338.000000
282.000000
174.000000
373.000000
248.000000
116.000000
516.000000
229.000000
160.000000
1036.000000
506.000000
1836.000000
346.000000
251.000000
595.000000
123.000000
82.000000
490.000000
174.000000
428.000000
346.000000
892.000000
308.000000
405.000000
244.000000
497.000000
544.000000
192.000000
2044.000000
59.000000
128.000000
1527.000000
233.000000
40.000000
502.000000
134.000000
183.000000
41.000000
621.000000
2393.000000
622.000000
442.000000
418.000000
3164.000000
150.000000
776.000000
623.000000
572.000000
991.000000
62.000000
137.000000
336.000000
437.000000
425.000000
622.000000
547.000000
443.000000
492.000000
341.000000
297.000000
253.000000
610.000000
708.000000
1494.000000
705.000000
384.000000
89.000000
567.000000
226.000000
689.000000
5196.000000
514.000000
28.000000
556.000000
1628.000000
163.000000
197.000000
356.000000
1032.000000
265.000000
482.000000
118.000000
58.000000
107.000000
654.000000
358.000000
230.000000
864.000000
499.000000
1531.000000
1096.000000
950.000000
365.000000
523.000000
103.000000
191.000000
5995.000000
969.000000
231.000000
128.000000
79.000000
3496.000000
281.000000
3699.000000
279.000000
1939.000000
180.000000
208.000000
1077.000000
417.000000
217.000000
912.000000
1816.000000
324.000000
145.000000
469.000000
411.000000
266.000000
321.000000
907.000000
169.000000
1194.000000
540.000000
283.000000
102.000000
246.000000
106.000000
1511.000000
314.000000
1015.000000
463.000000
472.000000
408.000000
107.000000
308.000000
515.000000
98.000000
200.000000
207.000000
1002.000000
63.000000
369.000000
442.000000
377.000000
299.000000
330.000000
7061.000000
3067.000000
59.000000
180.000000
117.000000
1658.000000
1630.000000
146.000000
68.000000
29.000000
2025.000000
457.000000
156.000000
2477.000000
1063.000000
330.000000
707.000000
1131.000000
339.000000
234.000000
201.000000
340.000000
163.000000
104.000000
1457.000000
1212.000000
551.000000
