355.000000
605.000000
2173.000000
208.000000
232.000000
770.000000
2298.000000
77.000000
901.000000
321.000000
616.000000
472.000000
95.000000
321.000000
213.000000
1654.000000
493.000000
156.000000
307.000000
600.000000
2106.000000
1439.000000
105.000000
677.000000
161.000000
179.000000
139.000000
155.000000
1712.000000
775.000000
294.000000
346.000000
130.000000
517.000000
724.000000
294.000000
1124.000000
565.000000
337.000000
2455.000000
366.000000
417.000000
64.000000
658.000000
106.000000
478.000000
4884.000000
337.000000
165.000000
313.000000
37.000000
39.000000
1818.000000
1997.000000
199.000000
511.000000
356.000000
519.000000
298.000000
1496.000000
46.000000
313.000000
315.000000
131.000000
120.000000
71.000000
258.000000
189.000000
3136.000000
121.000000
186.000000
683.000000
454.000000
646.000000
379.000000
438.000000
4026.000000
835.000000
368.000000
363.000000
242.000000
335.000000
260.000000
246.000000
37.000000
96.000000
306.000000
33.000000
478.000000
845.000000
114.000000
410.000000
435.000000
529.000000
132.000000
174.000000
375.000000
1240.000000
392.000000
927.000000
435.000000
175.000000
507.000000
899.000000
65.000000
487.000000
362.000000
240.000000
127.000000
124.000000
350.000000
1020.000000
1203.000000
115.000000
137.000000
669.000000
82.000000
591.000000
1947.000000
1033.000000
147.000000
278.000000
826.000000
508.000000
291.000000
1330.000000
1274.000000
665.000000
2133.000000
1641.000000
58.000000
177.000000
481.000000
933.000000
936.000000
224.000000
496.000000
264.000000
290.000000
498.000000
2265.000000
264.000000
158.000000
655.000000
456.000000
734.000000
737.000000
56.000000
94.000000
368.000000
186.000000
173.000000
855.000000
1420.000000
259.000000
332.000000
1053.000000
228.000000
95.000000
3929.000000
312.000000
362.000000
953.000000
698.000000
163.000000
1661.000000
231.000000
1201.000000
66.000000
10623.000000
431.000000
3599.000000
61.000000
493.000000
431.000000
567.000000
98.000000
86.000000
875.000000
30.000000
219.000000
161.000000
466.000000
438.000000
619.000000
806.000000
318.000000
436.000000
277.000000
246.000000
1385.000000
358.000000
224.000000
558.000000
251.000000
348.000000
340.000000
9368.000000
961.000000
333.000000
127.000000
189.000000
6313.000000
96.000000
1204.000000
844.000000
1017.000000
280.000000
423.000000
1460.000000
971.000000
837.000000
777.000000
1555.000000
201.000000
48.000000
67.000000
147.000000
189.000000
343.000000
1668.000000
968.000000
1704.000000
81.000000
111.000000
186.000000
371.000000
90.000000
2305.000000
663.000000
291.000000
118.000000
174.000000
288.000000
529.000000
210.000000
476.000000
2258.000000
405.000000
427.000000
1669.000000
235.000000
415.000000
286.000000
1228.000000
277.000000
1005.000000
84.000000
322.000000
204.000000
641.000000
450.000000
626.000000
355.000000
1473.000000
147.000000
2054.000000
65.000000
891.000000
216.000000
32.000000
446.000000
1294.000000
497.000000
46.000000
107.000000
758.000000
725.000000
340.000000
77.000000
1145.000000
91.000000
1371.000000
1431.000000
691.000000
287.000000
269.000000
545.000000
57.000000
35.000000
713.000000
1557.000000
1407.000000
683.000000
1061.000000
70.000000
1948.000000
415.000000
205.000000
255.000000
817.000000
319.000000
236.000000
544.000000
74.000000
306.000000
523.000000
704.000000
1756.000000
755.000000
129.000000
1233.000000
43.000000
1216.000000
709.000000
208.000000
314.000000
1058.000000
1114.000000
322.000000
795.000000
1037.000000
204.000000
178.000000
290.000000
173.000000
1745.000000
34.000000
78.000000
245.000000
383.000000
318.000000
741.000000
648.000000
29.000000
455.000000
193.000000
174.000000
381.000000
245.000000
1109.000000
393.000000
600.000000
2176.000000
187.000000
217.000000
560.000000
155.000000
197.000000
319.000000
696.000000
141.000000
351.000000
372.000000
481.000000
1499.000000
427.000000
403.000000
927.000000
400.000000
398.000000
99.000000
270.000000
483.000000
221.000000
1198.000000
819.000000
499.000000
421.000000
608.000000
478.000000
405.000000
1455.000000
2987.000000
390.000000
722.000000
461.000000
759.000000
163.000000
919.000000
493.000000
81.000000
622.000000
801.000000
593.000000
56.000000
374.000000
311.000000
117.000000
310.000000
182.000000
375.000000
183.000000
123.000000
634.000000
1457.000000
637.000000
653.000000
368.000000
89.000000
40.000000
84.000000
490.000000
1413.000000
1101.000000
154.000000
1040.000000
570.000000
200.000000
242.000000
339.000000
188.000000
556.000000
236.000000
989.000000
765.000000
1356.000000
553.000000
75.000000
102.000000
23.000000
68.000000
735.000000
606.000000
444.000000
210.000000
928.000000
213.000000
160.000000
850.000000
952.000000
309.000000
251.000000
486.000000
814.000000
131.000000
498.000000
171.000000
178.000000
261.000000
667.000000
243.000000
372.000000
3441.000000
6120.000000
669.000000
246.000000
463.000000
382.000000
1011.000000
309.000000
301.000000
761.000000
398.000000
185.000000
1346.000000
121.000000
284.000000
128.000000
865.000000
747.000000
120.000000
407.000000
414.000000
832.000000
2326.000000
72.000000
713.000000
295.000000
596.000000
231.000000
455.000000
63.000000
122.000000
160.000000
259.000000
276.000000
184.000000
442.000000
595.000000
1205.000000
1864.000000
384.000000
285.000000
3899.000000
779.000000
1152.000000
55.000000
524.000000
294.000000
172.000000
222.000000
722.000000
32.000000
3028.000000
130.000000
448.000000
131.000000
499.000000
1689.000000
248.000000
346.000000
242.000000
1495.000000
951.000000
722.000000
198.000000
308.000000
720.000000
1266.000000
59.000000
250.000000
1176.000000
800.000000
262.000000
1313.000000
1268.000000
483.000000
1327.000000
623.000000
435.000000
144.000000
140.000000
1109.000000
346.000000
167.000000
1016.000000
179.000000
371.000000
1249.000000
385.000000
427.000000
394.000000
1003.000000
362.000000
324.000000
667.000000
770.000000
583.000000
832.000000
4216.000000
1148.000000
1367.000000
1210.000000
870.000000
6251.000000
360.000000
286.000000
479.000000
2787.000000
557.000000
210.000000
215.000000
432.000000
322.000000
143.000000
1490.000000
185.000000
1251.000000
424.000000
341.000000
422.000000
476.000000
619.000000
984.000000
143.000000
355.000000
1151.000000
280.000000
830.000000
1058.000000
543.000000
2387.000000
756.000000
405.000000
291.000000
283.000000
909.000000
693.000000
2090.000000
1135.000000
334.000000
432.000000
367.000000
196.000000
255.000000
262.000000
1491.000000
263.000000
1161.000000
276.000000
56.000000
882.000000
9.000000
248.000000
120.000000
2957.000000
834.000000
530.000000
459.000000
253.000000
214.000000
122.000000
310.000000
520.000000
235.000000
1252.000000
155.000000
926.000000
366.000000
292.000000
228.000000
2267.000000
463.000000
1422.000000
580.000000
469.000000
214.000000
103.000000
1179.000000
514.000000
158.000000
175.000000
407.000000
549.000000
681.000000
1591.000000
1361.000000
547.000000
642.000000
297.000000
202.000000
435.000000
318.000000
811.000000
488.000000
506.000000
203.000000
1001.000000
1350.000000
1411.000000
612.000000
459.000000
426.000000
92.000000
1670.000000
510.000000
64.000000
258.000000
205.000000
267.000000
316.000000
228.000000
489.000000
253.000000
1070.000000
422.000000
85.000000
2944.000000
1795.000000
145.000000
244.000000
366.000000
80.000000
708.000000
425.000000
269.000000
291.000000
1179.000000
1884.000000
582.000000
3320.000000
1045.000000
1117.000000
1521.000000
310.000000
300.000000
372.000000
941.000000
119.000000
441.000000
101.000000
1116.000000
825.000000
202.000000
519.000000
458.000000
2289.000000
768.000000
277.000000
608.000000
459.000000
175.000000
1414.000000
168.000000
500.000000
482.000000
272.000000
427.000000
294.000000
2757.000000
347.000000
2412.000000
632.000000
1490.000000
236.000000
272.000000
1638.000000
206.000000
1253.000000
2060.000000
975.000000
818.000000
344.000000
120.000000
144.000000
500.000000
175.000000
313.000000
79.000000
299.000000
423.000000
106.000000
559.000000
622.000000
2003.000000
351.000000
127.000000
1553.000000
418.000000
158.000000
725.000000
65.000000
661.000000
131.000000
142.000000
416.000000
95.000000
431.000000
107.000000
1159.000000
359.000000
151.000000
281.000000
147.000000
185.000000
449.000000
473.000000
1353.000000
405.000000
3366.000000
765.000000
140.000000
65.000000
491.000000
301.000000
98.000000
2606.000000
180.000000
250.000000
1069.000000
441.000000
855.000000
314.000000
221.000000
163.000000
69.000000
251.000000
953.000000
257.000000
195.000000
322.000000
3577.000000
501.000000
290.000000
1506.000000
336.000000
644.000000
1367.000000
1838.000000
206.000000
990.000000
135.000000
61.000000
1163.000000
361.000000
203.000000
453.000000
178.000000
205.000000
428.000000
179.000000
575.000000
529.000000
318.000000
1581.000000
738.000000
64.000000
126.000000
206.000000
1459.000000
10399.000000
333.000000
74.000000
157.000000
224.000000
1242.000000
952.000000
276.000000
1351.000000
96.000000
156.000000
310.000000
778.000000
450.000000
226.000000
270.000000
153.000000
520.000000
217.000000
560.000000
501.000000
652.000000
276.000000
112.000000
314.000000
259.000000
128.000000
150.000000
2124.000000
3552.000000
528.000000
1139.000000
113.000000
580.000000
954.000000
1205.000000
715.000000
201.000000
714.000000
860.000000
411.000000
250.000000
503.000000
79.000000
2298.000000
333.000000
428.000000
377.000000
1395.000000
446.000000
561.000000
1311.000000
313.000000
952.000000
190.000000
549.000000
273.000000
234.000000
250.000000
97.000000
233.000000
246.000000
1100.000000
152.000000
471.000000
47.000000
218.000000
926.000000
210.000000
51.000000
347.000000
408.000000
428.000000
675.000000
574.000000
288.000000
555.000000
101.000000
151.000000
119.000000
514.000000
595.000000
1257.000000
1542.000000
1169.000000
491.000000
333.000000
197.000000
374.000000
1483.000000
892.000000
184.000000
938.000000
1920.000000
1645.000000
403.000000
287.000000
82.000000
716.000000
882.000000
234.000000
536.000000
352.000000
361.000000
419.000000
537.000000
139.000000
466.000000
313.000000
43.000000
667.000000
2862.000000
111.000000
3671.000000
359.000000
28.000000
1159.000000
560.000000
51.000000
205.000000
343.000000
820.000000
188.000000
595.000000
1038.000000
299.000000
181.000000
302.000000
442.000000
153.000000
1335.000000
671.000000
92.000000
2709.000000
447.000000
1603.000000
2728.000000
1114.000000
350.000000
2724.000000
380.000000
42.000000
950.000000
310.000000
737.000000
347.000000
191.000000
552.000000
66.000000
708.000000
65.000000
94.000000
2126.000000
87.000000
442.000000
83.000000
127.000000
231.000000
473.000000
316.000000
127.000000
620.000000
674.000000
1965.000000
682.000000
673.000000
381.000000
236.000000
323.000000
455.000000
515.000000
2394.000000
494.000000
807.000000
5053.000000
4323.000000
886.000000
305.000000
394.000000
614.000000
684.000000
217.000000
605.000000
1260.000000
764.000000
1150.000000
61.000000
594.000000
520.000000
658.000000
629.000000
450.000000
252.000000
285.000000
305.000000
738.000000
262.000000
130.000000
285.000000
339.000000
197.000000
510.000000
280.000000
357.000000
121.000000
2664.000000
1721.000000
255.000000
2076.000000
