830.000000
431.000000
182.000000
842.000000
1897.000000
205.000000
591.000000
120.000000
768.000000
207.000000
91.000000
874.000000
305.000000
667.000000
2658.000000
549.000000
426.000000
1005.000000
359.000000
1176.000000
66.000000
389.000000
724.000000
540.000000
345.000000
117.000000
461.000000
122.000000
742.000000
2067.000000
297.000000
60.000000
296.000000
149.000000
361.000000
549.000000
363.000000
448.000000
1494.000000
41.000000
145.000000
200.000000
118.000000
2300.000000
525.000000
120.000000
782.000000
462.000000
201.000000
510.000000
176.000000
478.000000
510.000000
903.000000
1439.000000
147.000000
398.000000
391.000000
304.000000
51.000000
904.000000
222.000000
208.000000
1315.000000
164.000000
341.000000
1936.000000
43.000000
341.000000
371.000000
154.000000
190.000000
145.000000
171.000000
946.000000
240.000000
159.000000
1232.000000
177.000000
852.000000
175.000000
373.000000
1236.000000
332.000000
1516.000000
1001.000000
2216.000000
59.000000
107.000000
1955.000000
890.000000
476.000000
144.000000
104.000000
261.000000
451.000000
1692.000000
1796.000000
288.000000
239.000000
102.000000
1360.000000
462.000000
2053.000000
2032.000000
169.000000
193.000000
1686.000000
392.000000
600.000000
510.000000
56.000000
39.000000
814.000000
284.000000
80.000000
2375.000000
325.000000
435.000000
77.000000
1065.000000
362.000000
439.000000
136.000000
34.000000
168.000000
1151.000000
141.000000
364.000000
69.000000
105.000000
207.000000
241.000000
247.000000
130.000000
2172.000000
348.000000
144.000000
268.000000
133.000000
65.000000
177.000000
457.000000
56.000000
233.000000
1270.000000
224.000000
1346.000000
127.000000
210.000000
596.000000
846.000000
178.000000
1305.000000
1949.000000
313.000000
165.000000
146.000000
642.000000
396.000000
296.000000
359.000000
507.000000
1908.000000
343.000000
339.000000
553.000000
473.000000
939.000000
87.000000
153.000000
473.000000
188.000000
417.000000
1178.000000
622.000000
585.000000
190.000000
141.000000
294.000000
536.000000
496.000000
186.000000
1706.000000
634.000000
106.000000
721.000000
595.000000
1234.000000
230.000000
296.000000
813.000000
429.000000
1867.000000
52.000000
123.000000
405.000000
69.000000
279.000000
480.000000
629.000000
111.000000
159.000000
1526.000000
109.000000
328.000000
267.000000
67.000000
1832.000000
2731.000000
576.000000
38.000000
183.000000
76.000000
628.000000
874.000000
1544.000000
966.000000
430.000000
590.000000
379.000000
463.000000
822.000000
665.000000
535.000000
261.000000
432.000000
591.000000
150.000000
50.000000
429.000000
325.000000
240.000000
502.000000
616.000000
962.000000
614.000000
423.000000
215.000000
437.000000
251.000000
657.000000
382.000000
232.000000
546.000000
202.000000
1078.000000
1765.000000
245.000000
2178.000000
265.000000
193.000000
535.000000
243.000000
1498.000000
301.000000
336.000000
1028.000000
240.000000
514.000000
4579.000000
148.000000
305.000000
289.000000
121.000000
723.000000
99.000000
1846.000000
594.000000
2596.000000
669.000000
145.000000
231.000000
150.000000
121.000000
182.000000
1097.000000
200.000000
663.000000
462.000000
1118.000000
419.000000
21.000000
836.000000
255.000000
215.000000
1151.000000
263.000000
92.000000
517.000000
240.000000
772.000000
514.000000
164.000000
254.000000
148.000000
3342.000000
201.000000
17.000000
512.000000
64.000000
269.000000
151.000000
815.000000
362.000000
332.000000
267.000000
45.000000
1220.000000
610.000000
345.000000
300.000000
598.000000
124.000000
139.000000
1615.000000
490.000000
970.000000
483.000000
1844.000000
470.000000
1011.000000
409.000000
1331.000000
496.000000
1860.000000
731.000000
1848.000000
236.000000
108.000000
336.000000
809.000000
757.000000
82.000000
241.000000
453.000000
812.000000
762.000000
245.000000
238.000000
232.000000
285.000000
303.000000
146.000000
3772.000000
257.000000
283.000000
2429.000000
1280.000000
2998.000000
208.000000
1429.000000
156.000000
701.000000
1494.000000
456.000000
751.000000
269.000000
1170.000000
166.000000
124.000000
237.000000
1073.000000
281.000000
6768.000000
260.000000
119.000000
3083.000000
149.000000
460.000000
572.000000
349.000000
134.000000
96.000000
398.000000
543.000000
53.000000
508.000000
123.000000
74.000000
489.000000
39.000000
510.000000
167.000000
2351.000000
372.000000
1606.000000
160.000000
2180.000000
630.000000
147.000000
90.000000
367.000000
196.000000
3587.000000
1476.000000
217.000000
540.000000
1130.000000
309.000000
221.000000
213.000000
276.000000
259.000000
958.000000
2723.000000
194.000000
2561.000000
482.000000
913.000000
88.000000
1187.000000
408.000000
1516.000000
775.000000
2476.000000
223.000000
92.000000
260.000000
171.000000
365.000000
167.000000
711.000000
530.000000
273.000000
146.000000
69.000000
676.000000
61.000000
123.000000
499.000000
60.000000
461.000000
1778.000000
648.000000
215.000000
525.000000
300.000000
240.000000
688.000000
110.000000
426.000000
659.000000
606.000000
444.000000
1330.000000
35.000000
266.000000
386.000000
744.000000
72.000000
227.000000
164.000000
174.000000
217.000000
832.000000
243.000000
116.000000
601.000000
505.000000
245.000000
480.000000
306.000000
1007.000000
147.000000
600.000000
28.000000
95.000000
182.000000
431.000000
131.000000
3106.000000
59.000000
2106.000000
220.000000
55.000000
83.000000
324.000000
190.000000
480.000000
147.000000
553.000000
89.000000
1422.000000
96.000000
482.000000
4189.000000
339.000000
667.000000
744.000000
445.000000
888.000000
203.000000
470.000000
174.000000
471.000000
728.000000
699.000000
730.000000
624.000000
665.000000
706.000000
2513.000000
660.000000
772.000000
2673.000000
264.000000
1041.000000
2022.000000
113.000000
2149.000000
703.000000
472.000000
428.000000
265.000000
541.000000
549.000000
210.000000
325.000000
507.000000
380.000000
448.000000
76.000000
122.000000
1206.000000
202.000000
568.000000
737.000000
309.000000
749.000000
353.000000
2339.000000
367.000000
1982.000000
601.000000
228.000000
2809.000000
413.000000
910.000000
88.000000
269.000000
467.000000
3827.000000
131.000000
747.000000
355.000000
173.000000
1399.000000
116.000000
756.000000
98.000000
3054.000000
1275.000000
39.000000
983.000000
162.000000
761.000000
175.000000
1006.000000
640.000000
116.000000
296.000000
106.000000
485.000000
755.000000
1930.000000
654.000000
180.000000
307.000000
366.000000
112.000000
225.000000
313.000000
107.000000
236.000000
171.000000
249.000000
925.000000
345.000000
441.000000
529.000000
1814.000000
895.000000
390.000000
229.000000
918.000000
832.000000
199.000000
336.000000
1192.000000
1308.000000
308.000000
89.000000
66.000000
268.000000
732.000000
574.000000
192.000000
1373.000000
302.000000
170.000000
189.000000
215.000000
183.000000
468.000000
400.000000
276.000000
294.000000
302.000000
75.000000
50.000000
138.000000
374.000000
40.000000
255.000000
213.000000
63.000000
1294.000000
68.000000
158.000000
68.000000
514.000000
108.000000
216.000000
363.000000
914.000000
668.000000
2968.000000
170.000000
177.000000
688.000000
633.000000
178.000000
87.000000
84.000000
737.000000
1171.000000
473.000000
299.000000
175.000000
173.000000
216.000000
465.000000
1245.000000
348.000000
2982.000000
105.000000
1645.000000
371.000000
127.000000
1213.000000
602.000000
158.000000
533.000000
1311.000000
733.000000
2786.000000
143.000000
208.000000
99.000000
409.000000
1096.000000
58.000000
108.000000
286.000000
122.000000
4792.000000
910.000000
548.000000
265.000000
570.000000
190.000000
270.000000
118.000000
284.000000
75.000000
583.000000
495.000000
119.000000
1600.000000
117.000000
223.000000
205.000000
210.000000
355.000000
410.000000
805.000000
406.000000
357.000000
157.000000
93.000000
1314.000000
164.000000
732.000000
257.000000
397.000000
2700.000000
164.000000
174.000000
190.000000
461.000000
1016.000000
127.000000
97.000000
3122.000000
129.000000
1511.000000
279.000000
206.000000
452.000000
89.000000
234.000000
67.000000
130.000000
891.000000
647.000000
338.000000
303.000000
1836.000000
134.000000
956.000000
87.000000
307.000000
142.000000
431.000000
239.000000
161.000000
293.000000
838.000000
1608.000000
144.000000
270.000000
569.000000
638.000000
172.000000
372.000000
919.000000
256.000000
277.000000
104.000000
2055.000000
746.000000
211.000000
89.000000
248.000000
197.000000
115.000000
206.000000
1235.000000
41.000000
649.000000
1710.000000
274.000000
2999.000000
146.000000
293.000000
1847.000000
4227.000000
99.000000
244.000000
1636.000000
241.000000
78.000000
477.000000
490.000000
587.000000
562.000000
347.000000
317.000000
36.000000
443.000000
760.000000
669.000000
564.000000
409.000000
475.000000
192.000000
1082.000000
724.000000
442.000000
819.000000
1110.000000
1337.000000
1538.000000
85.000000
109.000000
301.000000
84.000000
312.000000
1084.000000
410.000000
1316.000000
91.000000
417.000000
455.000000
392.000000
408.000000
2295.000000
179.000000
1235.000000
1843.000000
243.000000
139.000000
169.000000
247.000000
124.000000
439.000000
256.000000
103.000000
352.000000
68.000000
125.000000
68.000000
96.000000
76.000000
41.000000
165.000000
501.000000
872.000000
223.000000
132.000000
248.000000
238.000000
251.000000
663.000000
200.000000
97.000000
1037.000000
320.000000
854.000000
14.000000
233.000000
221.000000
453.000000
495.000000
64.000000
185.000000
964.000000
168.000000
143.000000
122.000000
224.000000
411.000000
263.000000
372.000000
611.000000
308.000000
732.000000
965.000000
1348.000000
241.000000
83.000000
191.000000
1607.000000
177.000000
218.000000
464.000000
1718.000000
78.000000
533.000000
266.000000
426.000000
1029.000000
3942.000000
267.000000
518.000000
560.000000
176.000000
292.000000
931.000000
238.000000
851.000000
99.000000
650.000000
330.000000
1027.000000
86.000000
751.000000
786.000000
143.000000
602.000000
4500.000000
162.000000
467.000000
352.000000
226.000000
298.000000
1926.000000
3120.000000
525.000000
1163.000000
494.000000
3122.000000
135.000000
1538.000000
188.000000
967.000000
251.000000
437.000000
346.000000
100.000000
51.000000
464.000000
547.000000
379.000000
478.000000
872.000000
273.000000
169.000000
435.000000
224.000000
806.000000
294.000000
1075.000000
259.000000
165.000000
563.000000
1187.000000
101.000000
194.000000
363.000000
400.000000
396.000000
649.000000
812.000000
913.000000
1936.000000
482.000000
201.000000
96.000000
204.000000
58.000000
647.000000
421.000000
310.000000
749.000000
1749.000000
1684.000000
2176.000000
2026.000000
202.000000
1405.000000
304.000000
112.000000
818.000000
1863.000000
445.000000
363.000000
393.000000
409.000000
599.000000
31.000000
181.000000
515.000000
242.000000
427.000000
1434.000000
3865.000000
412.000000
1617.000000
459.000000
76.000000
825.000000
1138.000000
2118.000000
4605.000000
4704.000000
224.000000
124.000000
124.000000
589.000000
292.000000
41.000000
399.000000
246.000000
1996.000000
491.000000
107.000000
1867.000000
911.000000
996.000000
388.000000
298.000000
695.000000
494.000000
903.000000
693.000000
233.000000
661.000000
30.000000
138.000000
206.000000
552.000000
708.000000
274.000000
496.000000
39.000000
182.000000
302.000000
442.000000
