701.000000
94.000000
4313.000000
407.000000
136.000000
1858.000000
783.000000
742.000000
93.000000
1050.000000
373.000000
254.000000
336.000000
270.000000
160.000000
1196.000000
66.000000
530.000000
438.000000
300.000000
1268.000000
582.000000
989.000000
264.000000
215.000000
306.000000
515.000000
256.000000
2080.000000
1287.000000
189.000000
371.000000
393.000000
152.000000
403.000000
2630.000000
84.000000
598.000000
471.000000
434.000000
175.000000
1212.000000
128.000000
1130.000000
774.000000
253.000000
624.000000
3827.000000
508.000000
543.000000
169.000000
1136.000000
253.000000
87.000000
160.000000
564.000000
332.000000
128.000000
88.000000
578.000000
136.000000
57.000000
207.000000
271.000000
328.000000
352.000000
276.000000
164.000000
738.000000
309.000000
200.000000
197.000000
834.000000
456.000000
2150.000000
1410.000000
290.000000
209.000000
277.000000
428.000000
810.000000
674.000000
411.000000
140.000000
195.000000
131.000000
141.000000
132.000000
175.000000
329.000000
249.000000
170.000000
2284.000000
214.000000
281.000000
258.000000
132.000000
709.000000
205.000000
211.000000
466.000000
502.000000
385.000000
290.000000
1920.000000
901.000000
145.000000
120.000000
3836.000000
42.000000
817.000000
110.000000
633.000000
1931.000000
41.000000
252.000000
700.000000
195.000000
232.000000
689.000000
456.000000
295.000000
998.000000
1051.000000
345.000000
403.000000
134.000000
1025.000000
420.000000
726.000000
1461.000000
128.000000
319.000000
238.000000
324.000000
767.000000
1067.000000
155.000000
682.000000
899.000000
116.000000
494.000000
315.000000
1147.000000
737.000000
68.000000
89.000000
148.000000
139.000000
44.000000
263.000000
1713.000000
3335.000000
565.000000
1434.000000
49.000000
383.000000
122.000000
6132.000000
65.000000
564.000000
236.000000
906.000000
625.000000
705.000000
361.000000
383.000000
116.000000
247.000000
232.000000
232.000000
145.000000
335.000000
97.000000
398.000000
802.000000
287.000000
251.000000
1477.000000
1095.000000
133.000000
132.000000
149.000000
3025.000000
484.000000
522.000000
553.000000
460.000000
644.000000
234.000000
418.000000
39.000000
945.000000
817.000000
80.000000
333.000000
411.000000
539.000000
420.000000
821.000000
828.000000
385.000000
485.000000
1075.000000
652.000000
57.000000
333.000000
1066.000000
66.000000
497.000000
2104.000000
743.000000
71.000000
437.000000
1079.000000
554.000000
822.000000
26.000000
86.000000
110.000000
818.000000
540.000000
594.000000
509.000000
1757.000000
1187.000000
378.000000
256.000000
268.000000
1352.000000
820.000000
861.000000
347.000000
731.000000
222.000000
360.000000
294.000000
175.000000
188.000000
303.000000
866.000000
795.000000
329.000000
1426.000000
311.000000
83.000000
363.000000
1585.000000
152.000000
355.000000
228.000000
1162.000000
297.000000
455.000000
198.000000
407.000000
407.000000
176.000000
894.000000
363.000000
116.000000
1753.000000
550.000000
73.000000
173.000000
147.000000
3436.000000
691.000000
673.000000
1859.000000
333.000000
1628.000000
1046.000000
78.000000
289.000000
1991.000000
114.000000
364.000000
171.000000
164.000000
198.000000
536.000000
1854.000000
220.000000
4160.000000
141.000000
292.000000
233.000000
407.000000
519.000000
193.000000
400.000000
88.000000
92.000000
328.000000
1267.000000
2468.000000
659.000000
667.000000
892.000000
923.000000
975.000000
824.000000
485.000000
197.000000
999.000000
77.000000
552.000000
1626.000000
166.000000
37.000000
72.000000
1163.000000
423.000000
82.000000
1394.000000
344.000000
1773.000000
135.000000
305.000000
236.000000
269.000000
92.000000
57.000000
2002.000000
1036.000000
118.000000
154.000000
1180.000000
267.000000
431.000000
2057.000000
187.000000
541.000000
239.000000
1413.000000
448.000000
550.000000
421.000000
130.000000
421.000000
599.000000
694.000000
902.000000
127.000000
252.000000
1323.000000
390.000000
93.000000
56.000000
931.000000
568.000000
1119.000000
398.000000
422.000000
973.000000
297.000000
444.000000
1717.000000
359.000000
365.000000
1087.000000
218.000000
807.000000
230.000000
1599.000000
1020.000000
227.000000
91.000000
191.000000
315.000000
389.000000
834.000000
445.000000
202.000000
186.000000
558.000000
207.000000
293.000000
1141.000000
392.000000
106.000000
505.000000
59.000000
112.000000
116.000000
1140.000000
123.000000
883.000000
257.000000
685.000000
104.000000
400.000000
1050.000000
748.000000
235.000000
886.000000
553.000000
2256.000000
216.000000
319.000000
154.000000
42.000000
701.000000
75.000000
230.000000
154.000000
798.000000
738.000000
3250.000000
533.000000
287.000000
416.000000
318.000000
312.000000
462.000000
431.000000
663.000000
133.000000
162.000000
58.000000
185.000000
279.000000
185.000000
308.000000
1132.000000
902.000000
1380.000000
615.000000
489.000000
88.000000
427.000000
486.000000
1938.000000
773.000000
284.000000
71.000000
163.000000
122.000000
1654.000000
343.000000
389.000000
170.000000
100.000000
169.000000
342.000000
760.000000
1039.000000
181.000000
4738.000000
213.000000
266.000000
184.000000
180.000000
241.000000
305.000000
119.000000
2033.000000
318.000000
507.000000
827.000000
5520.000000
874.000000
496.000000
356.000000
439.000000
366.000000
173.000000
840.000000
218.000000
353.000000
316.000000
1025.000000
143.000000
1292.000000
24.000000
188.000000
200.000000
147.000000
843.000000
179.000000
588.000000
499.000000
2037.000000
4450.000000
183.000000
368.000000
251.000000
394.000000
925.000000
282.000000
3893.000000
1767.000000
319.000000
559.000000
234.000000
306.000000
1653.000000
314.000000
1220.000000
227.000000
421.000000
1129.000000
388.000000
492.000000
1426.000000
957.000000
192.000000
254.000000
439.000000
345.000000
114.000000
758.000000
66.000000
26.000000
349.000000
220.000000
1088.000000
88.000000
202.000000
330.000000
235.000000
214.000000
2145.000000
3225.000000
311.000000
176.000000
762.000000
842.000000
3051.000000
1826.000000
1055.000000
1068.000000
1288.000000
1466.000000
2591.000000
604.000000
6752.000000
2667.000000
312.000000
510.000000
74.000000
575.000000
303.000000
349.000000
1152.000000
2044.000000
191.000000
210.000000
315.000000
233.000000
291.000000
525.000000
446.000000
1223.000000
1561.000000
489.000000
287.000000
248.000000
723.000000
229.000000
1752.000000
99.000000
201.000000
108.000000
56.000000
895.000000
98.000000
1306.000000
767.000000
939.000000
461.000000
325.000000
1984.000000
1368.000000
640.000000
370.000000
794.000000
251.000000
208.000000
845.000000
625.000000
616.000000
126.000000
276.000000
1688.000000
543.000000
84.000000
513.000000
745.000000
1318.000000
188.000000
837.000000
102.000000
433.000000
512.000000
302.000000
765.000000
214.000000
183.000000
378.000000
867.000000
671.000000
207.000000
1098.000000
774.000000
118.000000
536.000000
1116.000000
366.000000
2339.000000
3662.000000
1247.000000
120.000000
4181.000000
1417.000000
126.000000
110.000000
865.000000
436.000000
693.000000
1553.000000
1301.000000
671.000000
971.000000
248.000000
848.000000
585.000000
2650.000000
303.000000
1192.000000
2247.000000
272.000000
294.000000
312.000000
172.000000
1023.000000
438.000000
642.000000
251.000000
258.000000
311.000000
184.000000
316.000000
868.000000
304.000000
81.000000
354.000000
373.000000
14.000000
563.000000
649.000000
312.000000
515.000000
729.000000
458.000000
613.000000
1385.000000
928.000000
321.000000
1573.000000
508.000000
2902.000000
386.000000
827.000000
544.000000
264.000000
1341.000000
264.000000
752.000000
97.000000
898.000000
1099.000000
774.000000
612.000000
212.000000
25.000000
232.000000
305.000000
97.000000
102.000000
506.000000
1910.000000
81.000000
113.000000
1911.000000
1321.000000
2294.000000
506.000000
1526.000000
973.000000
397.000000
368.000000
33.000000
488.000000
754.000000
693.000000
1006.000000
1289.000000
61.000000
621.000000
239.000000
540.000000
227.000000
28.000000
342.000000
271.000000
1815.000000
208.000000
1835.000000
1369.000000
214.000000
562.000000
1107.000000
253.000000
70.000000
179.000000
133.000000
232.000000
87.000000
170.000000
2046.000000
297.000000
1191.000000
1818.000000
312.000000
86.000000
139.000000
317.000000
348.000000
2546.000000
777.000000
402.000000
349.000000
1280.000000
292.000000
484.000000
654.000000
202.000000
241.000000
627.000000
306.000000
70.000000
940.000000
168.000000
1053.000000
878.000000
698.000000
78.000000
597.000000
41.000000
283.000000
1330.000000
196.000000
368.000000
253.000000
191.000000
1157.000000
296.000000
433.000000
830.000000
23.000000
212.000000
2192.000000
1171.000000
46.000000
175.000000
219.000000
620.000000
135.000000
212.000000
366.000000
345.000000
262.000000
503.000000
2337.000000
117.000000
2267.000000
63.000000
1357.000000
598.000000
141.000000
169.000000
277.000000
525.000000
171.000000
388.000000
595.000000
45.000000
240.000000
289.000000
83.000000
542.000000
46.000000
134.000000
295.000000
413.000000
2084.000000
632.000000
49.000000
70.000000
340.000000
2446.000000
1236.000000
1422.000000
272.000000
1175.000000
973.000000
326.000000
875.000000
110.000000
811.000000
570.000000
1390.000000
617.000000
374.000000
79.000000
615.000000
10.000000
698.000000
783.000000
1568.000000
327.000000
1098.000000
142.000000
189.000000
100.000000
134.000000
880.000000
142.000000
671.000000
1069.000000
378.000000
257.000000
962.000000
1273.000000
508.000000
1529.000000
150.000000
418.000000
343.000000
405.000000
80.000000
579.000000
515.000000
1212.000000
1704.000000
152.000000
249.000000
195.000000
993.000000
204.000000
327.000000
2206.000000
1315.000000
111.000000
863.000000
113.000000
80.000000
486.000000
1120.000000
246.000000
212.000000
182.000000
338.000000
1201.000000
524.000000
108.000000
232.000000
960.000000
2872.000000
3537.000000
78.000000
315.000000
321.000000
268.000000
1090.000000
90.000000
1335.000000
332.000000
1179.000000
170.000000
429.000000
92.000000
246.000000
427.000000
367.000000
437.000000
379.000000
487.000000
285.000000
1157.000000
71.000000
2681.000000
900.000000
100.000000
125.000000
2124.000000
2013.000000
759.000000
658.000000
2200.000000
98.000000
531.000000
832.000000
261.000000
2045.000000
2044.000000
68.000000
217.000000
44.000000
391.000000
72.000000
506.000000
83.000000
313.000000
343.000000
139.000000
98.000000
724.000000
147.000000
354.000000
333.000000
324.000000
659.000000
1102.000000
229.000000
349.000000
253.000000
430.000000
334.000000
194.000000
85.000000
257.000000
3070.000000
300.000000
779.000000
193.000000
340.000000
156.000000
1998.000000
1953.000000
1655.000000
135.000000
196.000000
451.000000
193.000000
1070.000000
251.000000
257.000000
595.000000
354.000000
1202.000000
153.000000
281.000000
127.000000
110.000000
189.000000
304.000000
1663.000000
164.000000
305.000000
2371.000000
311.000000
80.000000
110.000000
793.000000
499.000000
321.000000
540.000000
432.000000
1185.000000
157.000000
652.000000
159.000000
503.000000
103.000000
541.000000
367.000000
396.000000
556.000000
758.000000
213.000000
1957.000000
2103.000000
9979.000000
862.000000
1702.000000
223.000000
95.000000
289.000000
199.000000
570.000000
62.000000
192.000000
196.000000
801.000000
349.000000
282.000000
138.000000
