356.000000
58.000000
107.000000
519.000000
272.000000
114.000000
1214.000000
576.000000
67.000000
567.000000
410.000000
326.000000
839.000000
1581.000000
387.000000
708.000000
466.000000
548.000000
659.000000
3375.000000
151.000000
300.000000
673.000000
306.000000
904.000000
1548.000000
640.000000
1919.000000
97.000000
400.000000
370.000000
584.000000
99.000000
625.000000
862.000000
384.000000
1624.000000
487.000000
332.000000
332.000000
170.000000
422.000000
446.000000
1087.000000
572.000000
404.000000
397.000000
402.000000
830.000000
541.000000
256.000000
344.000000
160.000000
141.000000
1493.000000
106.000000
281.000000
350.000000
50.000000
1041.000000
362.000000
530.000000
215.000000
104.000000
581.000000
138.000000
259.000000
73.000000
749.000000
415.000000
249.000000
1829.000000
326.000000
131.000000
761.000000
167.000000
194.000000
1109.000000
752.000000
356.000000
850.000000
275.000000
200.000000
1216.000000
56.000000
507.000000
2240.000000
588.000000
193.000000
140.000000
93.000000
236.000000
429.000000
511.000000
553.000000
149.000000
114.000000
1790.000000
117.000000
117.000000
138.000000
52.000000
465.000000
308.000000
337.000000
602.000000
585.000000
122.000000
331.000000
57.000000
421.000000
109.000000
1401.000000
421.000000
304.000000
496.000000
292.000000
772.000000
126.000000
684.000000
240.000000
370.000000
1054.000000
179.000000
825.000000
1404.000000
63.000000
231.000000
402.000000
263.000000
63.000000
536.000000
174.000000
420.000000
100.000000
6317.000000
727.000000
214.000000
367.000000
1148.000000
184.000000
755.000000
113.000000
2545.000000
290.000000
942.000000
549.000000
241.000000
293.000000
172.000000
258.000000
341.000000
283.000000
252.000000
201.000000
145.000000
477.000000
747.000000
258.000000
2685.000000
413.000000
730.000000
103.000000
1972.000000
136.000000
1087.000000
896.000000
219.000000
1862.000000
354.000000
69.000000
465.000000
393.000000
146.000000
418.000000
552.000000
265.000000
123.000000
1424.000000
551.000000
991.000000
744.000000
142.000000
850.000000
7873.000000
300.000000
815.000000
317.000000
116.000000
3046.000000
640.000000
260.000000
184.000000
163.000000
132.000000
98.000000
383.000000
1316.000000
118.000000
90.000000
236.000000
124.000000
326.000000
1266.000000
280.000000
11045.000000
1084.000000
334.000000
212.000000
173.000000
30.000000
716.000000
424.000000
386.000000
2207.000000
64.000000
210.000000
1231.000000
185.000000
1219.000000
621.000000
109.000000
394.000000
1045.000000
1041.000000
264.000000
138.000000
636.000000
241.000000
1609.000000
302.000000
471.000000
438.000000
1765.000000
82.000000
221.000000
230.000000
1858.000000
882.000000
626.000000
2699.000000
624.000000
123.000000
326.000000
151.000000
236.000000
143.000000
226.000000
133.000000
1184.000000
1098.000000
1785.000000
872.000000
2353.000000
732.000000
400.000000
228.000000
248.000000
697.000000
246.000000
307.000000
1107.000000
229.000000
711.000000
588.000000
823.000000
255.000000
974.000000
635.000000
3256.000000
57.000000
396.000000
307.000000
271.000000
289.000000
292.000000
1107.000000
1463.000000
195.000000
691.000000
1415.000000
809.000000
1971.000000
1220.000000
997.000000
48.000000
305.000000
235.000000
460.000000
3253.000000
437.000000
423.000000
265.000000
522.000000
245.000000
532.000000
369.000000
66.000000
674.000000
234.000000
756.000000
22.000000
571.000000
3522.000000
224.000000
734.000000
902.000000
338.000000
134.000000
1618.000000
37.000000
296.000000
83.000000
660.000000
128.000000
1012.000000
336.000000
1590.000000
26.000000
287.000000
95.000000
1596.000000
113.000000
973.000000
880.000000
105.000000
2441.000000
1117.000000
159.000000
2044.000000
2169.000000
853.000000
902.000000
310.000000
816.000000
2141.000000
670.000000
512.000000
89.000000
354.000000
250.000000
177.000000
1940.000000
534.000000
160.000000
401.000000
2230.000000
179.000000
430.000000
486.000000
1252.000000
977.000000
22.000000
228.000000
1745.000000
253.000000
42.000000
110.000000
806.000000
1035.000000
459.000000
686.000000
92.000000
800.000000
910.000000
825.000000
67.000000
664.000000
993.000000
684.000000
163.000000
359.000000
2327.000000
388.000000
368.000000
354.000000
223.000000
218.000000
1729.000000
385.000000
1484.000000
329.000000
708.000000
208.000000
5833.000000
1795.000000
722.000000
472.000000
590.000000
209.000000
1654.000000
1777.000000
384.000000
429.000000
45.000000
72.000000
602.000000
499.000000
101.000000
618.000000
278.000000
222.000000
452.000000
877.000000
517.000000
1981.000000
7176.000000
158.000000
537.000000
806.000000
324.000000
592.000000
559.000000
3861.000000
367.000000
172.000000
990.000000
1681.000000
1014.000000
650.000000
1016.000000
189.000000
122.000000
90.000000
142.000000
1026.000000
576.000000
94.000000
354.000000
211.000000
90.000000
103.000000
864.000000
59.000000
1043.000000
802.000000
466.000000
395.000000
72.000000
263.000000
423.000000
1467.000000
537.000000
501.000000
201.000000
574.000000
1591.000000
232.000000
1709.000000
532.000000
412.000000
164.000000
87.000000
425.000000
1529.000000
1987.000000
149.000000
220.000000
446.000000
1533.000000
1229.000000
616.000000
316.000000
253.000000
137.000000
729.000000
996.000000
618.000000
681.000000
134.000000
305.000000
420.000000
751.000000
2737.000000
187.000000
183.000000
1265.000000
287.000000
304.000000
170.000000
776.000000
82.000000
151.000000
352.000000
266.000000
129.000000
420.000000
279.000000
151.000000
82.000000
240.000000
187.000000
578.000000
371.000000
1248.000000
216.000000
892.000000
1378.000000
70.000000
673.000000
277.000000
214.000000
827.000000
304.000000
262.000000
2520.000000
1259.000000
291.000000
196.000000
1335.000000
280.000000
87.000000
2292.000000
157.000000
134.000000
163.000000
531.000000
1607.000000
320.000000
448.000000
317.000000
572.000000
443.000000
135.000000
433.000000
1004.000000
990.000000
153.000000
487.000000
324.000000
1314.000000
267.000000
278.000000
289.000000
175.000000
919.000000
1024.000000
1068.000000
65.000000
742.000000
101.000000
163.000000
679.000000
587.000000
244.000000
100.000000
472.000000
158.000000
3222.000000
627.000000
594.000000
192.000000
326.000000
99.000000
273.000000
241.000000
1223.000000
1081.000000
153.000000
509.000000
533.000000
507.000000
300.000000
368.000000
587.000000
994.000000
131.000000
410.000000
81.000000
141.000000
241.000000
211.000000
156.000000
457.000000
249.000000
1482.000000
940.000000
400.000000
423.000000
146.000000
438.000000
2999.000000
2618.000000
203.000000
490.000000
97.000000
128.000000
834.000000
337.000000
202.000000
3118.000000
859.000000
2849.000000
481.000000
76.000000
234.000000
394.000000
151.000000
489.000000
129.000000
1577.000000
90.000000
179.000000
497.000000
806.000000
241.000000
3102.000000
318.000000
460.000000
134.000000
191.000000
116.000000
680.000000
6195.000000
1361.000000
533.000000
231.000000
471.000000
52.000000
85.000000
1082.000000
107.000000
718.000000
331.000000
671.000000
107.000000
890.000000
266.000000
335.000000
1731.000000
651.000000
105.000000
84.000000
2620.000000
84.000000
562.000000
328.000000
819.000000
309.000000
70.000000
493.000000
612.000000
157.000000
434.000000
264.000000
740.000000
426.000000
438.000000
606.000000
451.000000
568.000000
411.000000
81.000000
394.000000
587.000000
115.000000
106.000000
296.000000
225.000000
1176.000000
206.000000
449.000000
1150.000000
355.000000
3719.000000
133.000000
126.000000
76.000000
1753.000000
187.000000
228.000000
283.000000
76.000000
89.000000
1022.000000
2582.000000
583.000000
112.000000
425.000000
338.000000
209.000000
678.000000
355.000000
124.000000
784.000000
852.000000
153.000000
133.000000
389.000000
349.000000
269.000000
1283.000000
183.000000
260.000000
131.000000
451.000000
1264.000000
700.000000
560.000000
805.000000
209.000000
287.000000
46.000000
173.000000
537.000000
842.000000
1044.000000
315.000000
408.000000
983.000000
688.000000
118.000000
4286.000000
641.000000
271.000000
525.000000
380.000000
2946.000000
1136.000000
697.000000
805.000000
140.000000
774.000000
221.000000
274.000000
82.000000
714.000000
1571.000000
419.000000
172.000000
983.000000
748.000000
4194.000000
113.000000
956.000000
62.000000
675.000000
2737.000000
1570.000000
162.000000
401.000000
314.000000
656.000000
575.000000
210.000000
722.000000
263.000000
460.000000
1665.000000
999.000000
1208.000000
333.000000
85.000000
726.000000
812.000000
253.000000
718.000000
623.000000
374.000000
968.000000
1217.000000
259.000000
2053.000000
261.000000
575.000000
191.000000
750.000000
1901.000000
546.000000
398.000000
1118.000000
95.000000
268.000000
1522.000000
105.000000
255.000000
507.000000
650.000000
4462.000000
979.000000
1762.000000
248.000000
146.000000
1325.000000
1608.000000
1274.000000
513.000000
175.000000
653.000000
343.000000
1354.000000
593.000000
1587.000000
1033.000000
153.000000
167.000000
335.000000
174.000000
196.000000
479.000000
777.000000
955.000000
552.000000
52.000000
1326.000000
349.000000
172.000000
99.000000
489.000000
5976.000000
360.000000
238.000000
247.000000
135.000000
1420.000000
397.000000
1087.000000
157.000000
612.000000
4783.000000
395.000000
299.000000
708.000000
869.000000
685.000000
125.000000
316.000000
571.000000
102.000000
461.000000
158.000000
796.000000
617.000000
575.000000
36.000000
662.000000
934.000000
200.000000
100.000000
154.000000
1162.000000
1436.000000
299.000000
481.000000
230.000000
344.000000
653.000000
538.000000
793.000000
1126.000000
1688.000000
359.000000
150.000000
302.000000
3095.000000
282.000000
331.000000
716.000000
100.000000
1481.000000
272.000000
89.000000
276.000000
894.000000
300.000000
365.000000
265.000000
92.000000
146.000000
55.000000
118.000000
99.000000
169.000000
36.000000
988.000000
85.000000
1244.000000
824.000000
88.000000
112.000000
868.000000
180.000000
269.000000
1080.000000
144.000000
212.000000
585.000000
35.000000
1210.000000
375.000000
504.000000
123.000000
310.000000
914.000000
1029.000000
62.000000
268.000000
79.000000
168.000000
866.000000
454.000000
135.000000
2107.000000
143.000000
355.000000
491.000000
105.000000
737.000000
75.000000
325.000000
195.000000
836.000000
90.000000
1538.000000
242.000000
793.000000
64.000000
222.000000
86.000000
216.000000
823.000000
120.000000
609.000000
311.000000
299.000000
307.000000
301.000000
1199.000000
1455.000000
134.000000
66.000000
395.000000
617.000000
89.000000
98.000000
101.000000
2029.000000
390.000000
281.000000
688.000000
320.000000
1740.000000
314.000000
150.000000
437.000000
278.000000
567.000000
405.000000
583.000000
111.000000
681.000000
197.000000
826.000000
2951.000000
154.000000
653.000000
54.000000
101.000000
1640.000000
393.000000
108.000000
212.000000
1066.000000
306.000000
1283.000000
748.000000
493.000000
687.000000
203.000000
168.000000
6419.000000
2661.000000
246.000000
100.000000
166.000000
876.000000
68.000000
1743.000000
577.000000
92.000000
1091.000000
1017.000000
127.000000
30.000000
125.000000
80.000000
106.000000
295.000000
621.000000
62.000000
340.000000
56.000000
1543.000000
423.000000
234.000000
312.000000
222.000000
2804.000000
390.000000
1028.000000
