200.000000
1206.000000
93.000000
292.000000
446.000000
1151.000000
351.000000
224.000000
225.000000
291.000000
551.000000
118.000000
1028.000000
185.000000
156.000000
23.000000
1011.000000
132.000000
1471.000000
1156.000000
195.000000
768.000000
210.000000
611.000000
952.000000
92.000000
567.000000
658.000000
2404.000000
102.000000
70.000000
1079.000000
779.000000
190.000000
537.000000
107.000000
116.000000
298.000000
46.000000
114.000000
781.000000
95.000000
234.000000
396.000000
895.000000
51.000000
332.000000
995.000000
410.000000
90.000000
932.000000
296.000000
157.000000
211.000000
110.000000
206.000000
155.000000
1113.000000
24.000000
82.000000
171.000000
102.000000
37.000000
991.000000
457.000000
1995.000000
564.000000
3324.000000
523.000000
290.000000
280.000000
2248.000000
222.000000
487.000000
284.000000
1092.000000
1156.000000
811.000000
174.000000
298.000000
179.000000
61.000000
3574.000000
141.000000
699.000000
410.000000
864.000000
543.000000
505.000000
1307.000000
170.000000
357.000000
1294.000000
456.000000
1028.000000
561.000000
558.000000
204.000000
60.000000
189.000000
432.000000
922.000000
461.000000
136.000000
89.000000
1061.000000
2439.000000
736.000000
32.000000
408.000000
107.000000
516.000000
556.000000
213.000000
1467.000000
174.000000
116.000000
92.000000
89.000000
2141.000000
161.000000
344.000000
93.000000
383.000000
801.000000
342.000000
211.000000
404.000000
139.000000
376.000000
97.000000
648.000000
2129.000000
468.000000
138.000000
271.000000
200.000000
1818.000000
268.000000
265.000000
76.000000
732.000000
1836.000000
189.000000
328.000000
1112.000000
1968.000000
770.000000
617.000000
844.000000
584.000000
194.000000
449.000000
2445.000000
450.000000
1026.000000
202.000000
890.000000
101.000000
157.000000
58.000000
171.000000
614.000000
1074.000000
362.000000
405.000000
330.000000
194.000000
69.000000
121.000000
192.000000
417.000000
282.000000
61.000000
267.000000
108.000000
32.000000
598.000000
250.000000
434.000000
406.000000
182.000000
787.000000
742.000000
79.000000
1443.000000
169.000000
2272.000000
386.000000
85.000000
729.000000
826.000000
188.000000
978.000000
557.000000
66.000000
990.000000
464.000000
423.000000
558.000000
1119.000000
456.000000
1082.000000
372.000000
893.000000
440.000000
93.000000
610.000000
515.000000
312.000000
307.000000
697.000000
370.000000
175.000000
700.000000
652.000000
1492.000000
7611.000000
1733.000000
703.000000
437.000000
178.000000
83.000000
294.000000
118.000000
209.000000
453.000000
805.000000
223.000000
600.000000
204.000000
98.000000
415.000000
2612.000000
899.000000
275.000000
604.000000
384.000000
2868.000000
133.000000
916.000000
498.000000
247.000000
1003.000000
183.000000
166.000000
529.000000
330.000000
32.000000
456.000000
101.000000
320.000000
88.000000
37.000000
318.000000
136.000000
894.000000
253.000000
879.000000
165.000000
878.000000
804.000000
216.000000
1516.000000
2854.000000
985.000000
767.000000
209.000000
84.000000
324.000000
639.000000
252.000000
346.000000
1348.000000
169.000000
208.000000
4123.000000
55.000000
2692.000000
944.000000
233.000000
1800.000000
291.000000
318.000000
423.000000
762.000000
602.000000
142.000000
80.000000
1041.000000
485.000000
120.000000
744.000000
509.000000
1165.000000
1249.000000
447.000000
481.000000
47.000000
1584.000000
1355.000000
165.000000
172.000000
356.000000
227.000000
1899.000000
1174.000000
909.000000
213.000000
1022.000000
578.000000
783.000000
559.000000
1008.000000
146.000000
906.000000
318.000000
129.000000
157.000000
501.000000
138.000000
971.000000
89.000000
439.000000
961.000000
3548.000000
564.000000
206.000000
2343.000000
72.000000
128.000000
329.000000
685.000000
466.000000
860.000000
160.000000
2237.000000
191.000000
2967.000000
774.000000
367.000000
317.000000
1513.000000
114.000000
696.000000
93.000000
71.000000
127.000000
534.000000
33.000000
161.000000
1326.000000
122.000000
105.000000
1391.000000
511.000000
925.000000
327.000000
235.000000
110.000000
205.000000
97.000000
2361.000000
1067.000000
291.000000
418.000000
76.000000
926.000000
950.000000
630.000000
541.000000
218.000000
310.000000
76.000000
265.000000
184.000000
548.000000
557.000000
204.000000
877.000000
703.000000
397.000000
320.000000
261.000000
390.000000
483.000000
327.000000
1122.000000
593.000000
505.000000
647.000000
57.000000
1615.000000
387.000000
66.000000
290.000000
2247.000000
3383.000000
372.000000
821.000000
293.000000
311.000000
609.000000
1029.000000
610.000000
982.000000
482.000000
1175.000000
988.000000
1661.000000
550.000000
123.000000
394.000000
70.000000
156.000000
316.000000
290.000000
191.000000
247.000000
2071.000000
228.000000
1214.000000
520.000000
614.000000
213.000000
33.000000
222.000000
1405.000000
432.000000
522.000000
221.000000
205.000000
310.000000
235.000000
163.000000
205.000000
357.000000
1620.000000
521.000000
95.000000
154.000000
325.000000
2631.000000
1795.000000
1391.000000
105.000000
456.000000
190.000000
314.000000
280.000000
718.000000
311.000000
29.000000
155.000000
45.000000
345.000000
547.000000
694.000000
392.000000
825.000000
2352.000000
406.000000
306.000000
140.000000
1585.000000
1157.000000
480.000000
142.000000
30.000000
168.000000
221.000000
123.000000
1290.000000
929.000000
214.000000
431.000000
705.000000
209.000000
213.000000
506.000000
378.000000
63.000000
1078.000000
795.000000
371.000000
214.000000
2663.000000
571.000000
58.000000
833.000000
612.000000
154.000000
995.000000
139.000000
315.000000
818.000000
1953.000000
295.000000
929.000000
346.000000
512.000000
348.000000
19.000000
1239.000000
1022.000000
68.000000
355.000000
1408.000000
82.000000
1156.000000
374.000000
306.000000
222.000000
204.000000
385.000000
4296.000000
545.000000
146.000000
2614.000000
469.000000
133.000000
511.000000
1096.000000
231.000000
174.000000
466.000000
141.000000
1942.000000
320.000000
102.000000
776.000000
487.000000
559.000000
498.000000
145.000000
776.000000
3514.000000
279.000000
505.000000
419.000000
427.000000
301.000000
720.000000
673.000000
1476.000000
660.000000
150.000000
1003.000000
242.000000
1284.000000
683.000000
212.000000
342.000000
448.000000
541.000000
582.000000
2115.000000
42.000000
230.000000
716.000000
197.000000
1376.000000
492.000000
1709.000000
114.000000
919.000000
43.000000
1473.000000
1033.000000
358.000000
52.000000
366.000000
358.000000
219.000000
487.000000
259.000000
180.000000
608.000000
238.000000
277.000000
1404.000000
875.000000
180.000000
94.000000
448.000000
400.000000
1216.000000
324.000000
988.000000
278.000000
820.000000
199.000000
648.000000
979.000000
2175.000000
559.000000
169.000000
1037.000000
136.000000
432.000000
1073.000000
160.000000
232.000000
284.000000
823.000000
350.000000
615.000000
509.000000
193.000000
295.000000
934.000000
194.000000
266.000000
282.000000
128.000000
671.000000
402.000000
95.000000
81.000000
375.000000
135.000000
397.000000
1344.000000
169.000000
332.000000
328.000000
503.000000
484.000000
136.000000
50.000000
1450.000000
1212.000000
1378.000000
112.000000
181.000000
1192.000000
109.000000
128.000000
1802.000000
446.000000
711.000000
861.000000
90.000000
347.000000
515.000000
299.000000
140.000000
2917.000000
241.000000
67.000000
599.000000
1305.000000
563.000000
1146.000000
1469.000000
4245.000000
570.000000
350.000000
1381.000000
1179.000000
888.000000
105.000000
91.000000
339.000000
220.000000
197.000000
189.000000
354.000000
287.000000
213.000000
306.000000
68.000000
442.000000
393.000000
1044.000000
402.000000
652.000000
560.000000
624.000000
789.000000
121.000000
134.000000
679.000000
418.000000
380.000000
289.000000
74.000000
197.000000
574.000000
1249.000000
266.000000
1880.000000
993.000000
335.000000
699.000000
1363.000000
937.000000
273.000000
1694.000000
516.000000
151.000000
634.000000
218.000000
581.000000
1826.000000
1242.000000
284.000000
238.000000
89.000000
1186.000000
194.000000
109.000000
302.000000
753.000000
274.000000
211.000000
266.000000
1324.000000
333.000000
925.000000
750.000000
773.000000
70.000000
833.000000
1168.000000
259.000000
1935.000000
1482.000000
166.000000
633.000000
178.000000
1644.000000
197.000000
208.000000
82.000000
225.000000
1178.000000
163.000000
275.000000
205.000000
243.000000
4186.000000
1265.000000
353.000000
100.000000
656.000000
488.000000
643.000000
3379.000000
122.000000
982.000000
708.000000
1657.000000
102.000000
61.000000
1112.000000
274.000000
940.000000
1895.000000
91.000000
579.000000
131.000000
4351.000000
569.000000
1905.000000
303.000000
891.000000
85.000000
409.000000
1768.000000
1670.000000
133.000000
367.000000
271.000000
308.000000
2073.000000
3888.000000
225.000000
180.000000
444.000000
131.000000
176.000000
170.000000
215.000000
488.000000
277.000000
397.000000
413.000000
698.000000
261.000000
1073.000000
3464.000000
176.000000
481.000000
278.000000
742.000000
486.000000
932.000000
459.000000
520.000000
379.000000
1507.000000
397.000000
112.000000
558.000000
323.000000
190.000000
75.000000
813.000000
46.000000
184.000000
496.000000
491.000000
485.000000
84.000000
1256.000000
785.000000
258.000000
1667.000000
337.000000
540.000000
985.000000
2041.000000
120.000000
264.000000
2457.000000
627.000000
805.000000
672.000000
716.000000
2362.000000
164.000000
1158.000000
616.000000
191.000000
97.000000
1882.000000
289.000000
789.000000
492.000000
286.000000
137.000000
100.000000
181.000000
1976.000000
236.000000
75.000000
322.000000
440.000000
137.000000
551.000000
232.000000
706.000000
631.000000
229.000000
1275.000000
1190.000000
375.000000
360.000000
215.000000
105.000000
2753.000000
324.000000
25.000000
653.000000
436.000000
178.000000
670.000000
73.000000
275.000000
42.000000
1028.000000
81.000000
277.000000
241.000000
621.000000
42.000000
429.000000
221.000000
956.000000
79.000000
179.000000
1326.000000
3266.000000
213.000000
559.000000
289.000000
216.000000
557.000000
1056.000000
745.000000
640.000000
265.000000
669.000000
410.000000
216.000000
147.000000
417.000000
463.000000
907.000000
405.000000
491.000000
131.000000
700.000000
188.000000
429.000000
448.000000
141.000000
1007.000000
290.000000
720.000000
448.000000
1117.000000
541.000000
290.000000
219.000000
762.000000
1145.000000
395.000000
1713.000000
197.000000
712.000000
447.000000
185.000000
779.000000
288.000000
1478.000000
1016.000000
636.000000
1212.000000
524.000000
68.000000
276.000000
207.000000
437.000000
364.000000
487.000000
109.000000
476.000000
113.000000
1565.000000
523.000000
1130.000000
437.000000
1010.000000
1490.000000
91.000000
1113.000000
485.000000
86.000000
929.000000
227.000000
879.000000
69.000000
311.000000
501.000000
259.000000
378.000000
3761.000000
1458.000000
509.000000
607.000000
239.000000
571.000000
284.000000
133.000000
758.000000
274.000000
775.000000
1780.000000
209.000000
818.000000
326.000000
114.000000
192.000000
104.000000
227.000000
82.000000
475.000000
275.000000
202.000000
53.000000
1513.000000
752.000000
326.000000
156.000000
273.000000
972.000000
450.000000
535.000000
69.000000
11304.000000
191.000000
84.000000
1465.000000
263.000000
841.000000
167.000000
2082.000000
368.000000
