586.000000
920.000000
178.000000
2051.000000
117.000000
188.000000
754.000000
115.000000
187.000000
359.000000
544.000000
814.000000
1698.000000
6211.000000
34.000000
790.000000
59.000000
22421.000000
382.000000
163.000000
221.000000
210.000000
2866.000000
361.000000
40.000000
506.000000
352.000000
771.000000
867.000000
222.000000
199.000000
5792.000000
1185.000000
430.000000
36.000000
3774.000000
175.000000
384.000000
196.000000
1014.000000
148.000000
949.000000
2594.000000
146.000000
5141.000000
1124.000000
207.000000
740.000000
70.000000
93.000000
95.000000
191.000000
291.000000
143.000000
359.000000
226.000000
1035.000000
3402.000000
402.000000
555.000000
1546.000000
248.000000
883.000000
383.000000
892.000000
362.000000
121.000000
1851.000000
1776.000000
650.000000
80.000000
232.000000
476.000000
1248.000000
727.000000
67.000000
158.000000
241.000000
86.000000
1056.000000
388.000000
684.000000
3795.000000
705.000000
856.000000
457.000000
245.000000
1453.000000
845.000000
352.000000
282.000000
1069.000000
1337.000000
635.000000
1526.000000
1095.000000
744.000000
594.000000
181.000000
416.000000
49.000000
1710.000000
176.000000
1113.000000
1209.000000
357.000000
397.000000
398.000000
202.000000
138.000000
699.000000
206.000000
1718.000000
399.000000
1967.000000
582.000000
187.000000
349.000000
19.000000
3632.000000
451.000000
186.000000
104.000000
704.000000
132.000000
614.000000
91.000000
1298.000000
2434.000000
265.000000
127.000000
123.000000
296.000000
385.000000
310.000000
1662.000000
2484.000000
1217.000000
617.000000
674.000000
174.000000
539.000000
869.000000
430.000000
341.000000
2202.000000
746.000000
387.000000
1158.000000
845.000000
401.000000
316.000000
438.000000
308.000000
2748.000000
73.000000
200.000000
325.000000
579.000000
171.000000
3757.000000
249.000000
589.000000
243.000000
205.000000
878.000000
1159.000000
1111.000000
227.000000
239.000000
469.000000
98.000000
95.000000
3180.000000
790.000000
260.000000
1725.000000
941.000000
442.000000
464.000000
296.000000
1779.000000
448.000000
141.000000
953.000000
44.000000
172.000000
277.000000
186.000000
2468.000000
737.000000
765.000000
959.000000
69.000000
242.000000
131.000000
369.000000
269.000000
1208.000000
878.000000
905.000000
2791.000000
1460.000000
435.000000
203.000000
779.000000
505.000000
431.000000
180.000000
242.000000
232.000000
245.000000
608.000000
148.000000
288.000000
392.000000
491.000000
243.000000
276.000000
677.000000
403.000000
1190.000000
462.000000
4942.000000
67.000000
440.000000
91.000000
200.000000
791.000000
352.000000
687.000000
663.000000
163.000000
799.000000
2185.000000
2597.000000
343.000000
941.000000
280.000000
300.000000
1328.000000
1043.000000
1753.000000
22.000000
194.000000
409.000000
845.000000
472.000000
263.000000
443.000000
187.000000
916.000000
1082.000000
460.000000
477.000000
619.000000
1652.000000
1151.000000
111.000000
198.000000
732.000000
53.000000
213.000000
100.000000
524.000000
192.000000
911.000000
257.000000
832.000000
462.000000
351.000000
244.000000
384.000000
159.000000
106.000000
1416.000000
252.000000
743.000000
1787.000000
102.000000
190.000000
868.000000
1195.000000
197.000000
259.000000
274.000000
87.000000
303.000000
3890.000000
418.000000
393.000000
911.000000
286.000000
364.000000
602.000000
664.000000
1444.000000
246.000000
78.000000
571.000000
379.000000
316.000000
2564.000000
111.000000
337.000000
508.000000
822.000000
244.000000
608.000000
610.000000
768.000000
109.000000
195.000000
376.000000
124.000000
133.000000
81.000000
1121.000000
308.000000
108.000000
317.000000
281.000000
1219.000000
472.000000
815.000000
3237.000000
841.000000
452.000000
732.000000
885.000000
267.000000
1791.000000
244.000000
365.000000
188.000000
215.000000
582.000000
663.000000
49.000000
229.000000
1475.000000
552.000000
429.000000
1445.000000
242.000000
796.000000
372.000000
119.000000
543.000000
335.000000
239.000000
3956.000000
1951.000000
270.000000
611.000000
206.000000
238.000000
1272.000000
90.000000
1199.000000
362.000000
178.000000
121.000000
814.000000
284.000000
528.000000
369.000000
1111.000000
104.000000
254.000000
278.000000
174.000000
125.000000
280.000000
262.000000
262.000000
246.000000
744.000000
114.000000
440.000000
121.000000
99.000000
690.000000
914.000000
383.000000
239.000000
946.000000
170.000000
1045.000000
220.000000
1926.000000
454.000000
386.000000
432.000000
235.000000
167.000000
1056.000000
88.000000
543.000000
972.000000
651.000000
284.000000
545.000000
45.000000
152.000000
251.000000
4041.000000
438.000000
285.000000
61.000000
291.000000
118.000000
267.000000
340.000000
245.000000
1173.000000
278.000000
751.000000
409.000000
1241.000000
550.000000
62.000000
433.000000
134.000000
377.000000
138.000000
315.000000
340.000000
421.000000
979.000000
63.000000
484.000000
452.000000
373.000000
203.000000
248.000000
1750.000000
267.000000
641.000000
1271.000000
1406.000000
1252.000000
1643.000000
183.000000
401.000000
380.000000
386.000000
720.000000
157.000000
165.000000
86.000000
32.000000
400.000000
503.000000
1608.000000
504.000000
764.000000
329.000000
120.000000
794.000000
140.000000
77.000000
570.000000
35.000000
108.000000
306.000000
182.000000
539.000000
872.000000
412.000000
79.000000
695.000000
327.000000
266.000000
680.000000
557.000000
621.000000
335.000000
1689.000000
865.000000
362.000000
167.000000
887.000000
87.000000
109.000000
42.000000
211.000000
1326.000000
561.000000
6641.000000
850.000000
176.000000
79.000000
1626.000000
461.000000
37.000000
300.000000
99.000000
698.000000
505.000000
1482.000000
324.000000
363.000000
403.000000
124.000000
133.000000
221.000000
191.000000
102.000000
695.000000
4272.000000
626.000000
2123.000000
84.000000
533.000000
566.000000
2854.000000
270.000000
336.000000
169.000000
601.000000
576.000000
3364.000000
672.000000
660.000000
66.000000
846.000000
66.000000
121.000000
700.000000
448.000000
447.000000
295.000000
708.000000
194.000000
88.000000
1437.000000
265.000000
1990.000000
459.000000
243.000000
545.000000
5524.000000
282.000000
2555.000000
1465.000000
214.000000
267.000000
439.000000
797.000000
186.000000
8636.000000
644.000000
1454.000000
137.000000
578.000000
280.000000
214.000000
995.000000
175.000000
677.000000
245.000000
694.000000
647.000000
165.000000
196.000000
723.000000
339.000000
133.000000
532.000000
202.000000
190.000000
396.000000
193.000000
341.000000
409.000000
181.000000
116.000000
610.000000
2070.000000
226.000000
375.000000
165.000000
449.000000
1832.000000
198.000000
5727.000000
195.000000
319.000000
301.000000
806.000000
531.000000
23.000000
613.000000
145.000000
106.000000
51.000000
803.000000
854.000000
87.000000
640.000000
2328.000000
674.000000
159.000000
594.000000
2266.000000
3000.000000
433.000000
751.000000
524.000000
886.000000
502.000000
812.000000
1288.000000
404.000000
681.000000
64.000000
406.000000
141.000000
507.000000
752.000000
177.000000
730.000000
713.000000
190.000000
430.000000
618.000000
865.000000
438.000000
1805.000000
228.000000
870.000000
1300.000000
100.000000
557.000000
296.000000
469.000000
504.000000
383.000000
446.000000
1038.000000
757.000000
161.000000
108.000000
123.000000
387.000000
188.000000
131.000000
261.000000
359.000000
126.000000
192.000000
641.000000
54.000000
293.000000
526.000000
237.000000
97.000000
548.000000
53.000000
1246.000000
1502.000000
184.000000
37.000000
292.000000
99.000000
387.000000
207.000000
476.000000
327.000000
205.000000
353.000000
292.000000
137.000000
278.000000
106.000000
203.000000
495.000000
284.000000
312.000000
174.000000
212.000000
400.000000
75.000000
627.000000
777.000000
382.000000
785.000000
245.000000
1523.000000
1505.000000
197.000000
613.000000
300.000000
181.000000
273.000000
81.000000
563.000000
574.000000
959.000000
2158.000000
1195.000000
590.000000
395.000000
671.000000
90.000000
227.000000
236.000000
400.000000
801.000000
89.000000
989.000000
72.000000
184.000000
530.000000
686.000000
1721.000000
106.000000
1014.000000
751.000000
505.000000
1982.000000
832.000000
783.000000
49.000000
673.000000
275.000000
712.000000
198.000000
989.000000
532.000000
1024.000000
346.000000
328.000000
865.000000
574.000000
143.000000
1115.000000
1312.000000
196.000000
324.000000
138.000000
269.000000
289.000000
400.000000
207.000000
249.000000
333.000000
371.000000
31.000000
1656.000000
550.000000
394.000000
256.000000
85.000000
805.000000
941.000000
719.000000
3543.000000
155.000000
139.000000
600.000000
399.000000
37.000000
212.000000
936.000000
858.000000
108.000000
7223.000000
1603.000000
29.000000
424.000000
398.000000
233.000000
329.000000
141.000000
865.000000
173.000000
952.000000
232.000000
2031.000000
1858.000000
262.000000
318.000000
162.000000
704.000000
227.000000
657.000000
1141.000000
393.000000
1283.000000
380.000000
968.000000
1210.000000
455.000000
1034.000000
528.000000
354.000000
974.000000
537.000000
499.000000
142.000000
571.000000
479.000000
778.000000
650.000000
268.000000
177.000000
172.000000
42.000000
598.000000
1218.000000
33.000000
101.000000
92.000000
4072.000000
282.000000
185.000000
646.000000
1114.000000
131.000000
152.000000
481.000000
573.000000
461.000000
58.000000
64.000000
246.000000
642.000000
1985.000000
4641.000000
657.000000
2190.000000
611.000000
315.000000
902.000000
600.000000
949.000000
469.000000
133.000000
772.000000
343.000000
4337.000000
1469.000000
94.000000
172.000000
511.000000
1280.000000
328.000000
588.000000
782.000000
2042.000000
177.000000
252.000000
343.000000
124.000000
187.000000
3687.000000
549.000000
172.000000
92.000000
201.000000
60.000000
3182.000000
419.000000
419.000000
221.000000
182.000000
251.000000
371.000000
216.000000
2631.000000
741.000000
159.000000
72.000000
2300.000000
43.000000
869.000000
227.000000
187.000000
766.000000
160.000000
134.000000
104.000000
72.000000
126.000000
31.000000
955.000000
407.000000
88.000000
179.000000
534.000000
133.000000
122.000000
203.000000
672.000000
884.000000
572.000000
588.000000
976.000000
694.000000
211.000000
186.000000
65.000000
2642.000000
145.000000
239.000000
133.000000
64.000000
711.000000
609.000000
478.000000
251.000000
463.000000
748.000000
74.000000
200.000000
668.000000
362.000000
199.000000
149.000000
260.000000
751.000000
348.000000
724.000000
642.000000
692.000000
2589.000000
396.000000
415.000000
4180.000000
478.000000
1050.000000
988.000000
318.000000
983.000000
728.000000
616.000000
412.000000
190.000000
1010.000000
328.000000
545.000000
3136.000000
413.000000
160.000000
131.000000
140.000000
621.000000
709.000000
363.000000
206.000000
145.000000
135.000000
588.000000
114.000000
811.000000
183.000000
74.000000
251.000000
217.000000
292.000000
215.000000
1034.000000
42.000000
214.000000
550.000000
365.000000
2886.000000
78.000000
77.000000
440.000000
501.000000
105.000000
268.000000
487.000000
352.000000
463.000000
510.000000
360.000000
310.000000
865.000000
697.000000
435.000000
214.000000
396.000000
1263.000000
246.000000
2117.000000
161.000000
363.000000
784.000000
3827.000000
10161.000000
1125.000000
125.000000
537.000000
1307.000000
149.000000
646.000000
