388.000000
1716.000000
253.000000
907.000000
1078.000000
477.000000
1354.000000
498.000000
513.000000
177.000000
477.000000
124.000000
386.000000
341.000000
210.000000
115.000000
237.000000
1814.000000
571.000000
1371.000000
5010.000000
172.000000
6340.000000
120.000000
478.000000
2420.000000
573.000000
401.000000
1016.000000
557.000000
347.000000
698.000000
349.000000
336.000000
672.000000
1330.000000
401.000000
1275.000000
800.000000
1680.000000
237.000000
1524.000000
1092.000000
720.000000
2364.000000
1345.000000
241.000000
159.000000
384.000000
609.000000
722.000000
54.000000
205.000000
126.000000
120.000000
142.000000
203.000000
130.000000
580.000000
34.000000
73.000000
719.000000
727.000000
384.000000
406.000000
1588.000000
558.000000
2539.000000
834.000000
144.000000
106.000000
58.000000
170.000000
107.000000
292.000000
476.000000
2070.000000
1593.000000
147.000000
187.000000
552.000000
346.000000
1227.000000
1615.000000
1370.000000
184.000000
152.000000
225.000000
122.000000
927.000000
311.000000
446.000000
599.000000
1208.000000
104.000000
218.000000
2365.000000
256.000000
672.000000
222.000000
327.000000
177.000000
217.000000
182.000000
260.000000
279.000000
641.000000
3691.000000
547.000000
372.000000
293.000000
909.000000
77.000000
699.000000
232.000000
365.000000
1392.000000
541.000000
348.000000
296.000000
421.000000
921.000000
551.000000
68.000000
69.000000
1638.000000
89.000000
426.000000
638.000000
234.000000
1313.000000
2198.000000
316.000000
555.000000
546.000000
522.000000
607.000000
111.000000
384.000000
2366.000000
42.000000
812.000000
414.000000
154.000000
115.000000
76.000000
171.000000
131.000000
128.000000
270.000000
82.000000
621.000000
388.000000
415.000000
684.000000
275.000000
1331.000000
129.000000
271.000000
54.000000
149.000000
232.000000
1109.000000
545.000000
260.000000
696.000000
511.000000
641.000000
315.000000
286.000000
1215.000000
715.000000
432.000000
228.000000
347.000000
339.000000
313.000000
121.000000
449.000000
1374.000000
220.000000
2724.000000
522.000000
501.000000
576.000000
721.000000
1174.000000
184.000000
225.000000
490.000000
184.000000
189.000000
123.000000
1039.000000
751.000000
979.000000
855.000000
113.000000
485.000000
51.000000
153.000000
73.000000
1460.000000
375.000000
410.000000
127.000000
494.000000
316.000000
802.000000
80.000000
342.000000
497.000000
309.000000
425.000000
773.000000
264.000000
193.000000
594.000000
213.000000
347.000000
491.000000
1297.000000
220.000000
516.000000
235.000000
476.000000
149.000000
3279.000000
930.000000
710.000000
494.000000
111.000000
881.000000
424.000000
3010.000000
652.000000
158.000000
69.000000
128.000000
208.000000
860.000000
264.000000
617.000000
731.000000
577.000000
1797.000000
712.000000
142.000000
314.000000
399.000000
184.000000
236.000000
34.000000
618.000000
359.000000
1950.000000
492.000000
1458.000000
446.000000
566.000000
1376.000000
1406.000000
39.000000
691.000000
28.000000
707.000000
638.000000
271.000000
403.000000
349.000000
1311.000000
260.000000
278.000000
189.000000
530.000000
164.000000
419.000000
255.000000
49.000000
153.000000
416.000000
970.000000
245.000000
642.000000
910.000000
106.000000
646.000000
968.000000
194.000000
612.000000
458.000000
193.000000
273.000000
608.000000
83.000000
181.000000
367.000000
74.000000
2380.000000
496.000000
345.000000
247.000000
414.000000
1886.000000
217.000000
421.000000
1614.000000
133.000000
113.000000
338.000000
558.000000
1031.000000
494.000000
289.000000
427.000000
697.000000
612.000000
548.000000
371.000000
78.000000
724.000000
1264.000000
617.000000
1156.000000
739.000000
584.000000
1505.000000
1778.000000
319.000000
174.000000
164.000000
580.000000
476.000000
1428.000000
132.000000
988.000000
283.000000
311.000000
697.000000
367.000000
204.000000
626.000000
134.000000
1570.000000
1535.000000
360.000000
167.000000
2056.000000
701.000000
1628.000000
264.000000
237.000000
718.000000
387.000000
466.000000
97.000000
521.000000
151.000000
744.000000
755.000000
109.000000
526.000000
653.000000
473.000000
181.000000
35.000000
24.000000
212.000000
668.000000
657.000000
793.000000
41.000000
270.000000
417.000000
169.000000
1238.000000
262.000000
1218.000000
780.000000
70.000000
257.000000
196.000000
191.000000
269.000000
962.000000
1397.000000
1094.000000
1495.000000
216.000000
639.000000
338.000000
676.000000
284.000000
274.000000
836.000000
985.000000
32.000000
240.000000
442.000000
2100.000000
822.000000
568.000000
55.000000
268.000000
369.000000
1605.000000
541.000000
1400.000000
826.000000
647.000000
746.000000
1825.000000
4212.000000
392.000000
104.000000
211.000000
267.000000
282.000000
85.000000
110.000000
250.000000
3270.000000
2132.000000
148.000000
53.000000
126.000000
273.000000
37.000000
676.000000
257.000000
1303.000000
803.000000
213.000000
954.000000
672.000000
226.000000
160.000000
855.000000
428.000000
1117.000000
254.000000
303.000000
83.000000
1194.000000
163.000000
297.000000
219.000000
376.000000
542.000000
436.000000
247.000000
380.000000
1303.000000
123.000000
880.000000
1515.000000
196.000000
601.000000
314.000000
311.000000
187.000000
515.000000
468.000000
527.000000
50.000000
948.000000
197.000000
706.000000
563.000000
225.000000
1021.000000
130.000000
212.000000
527.000000
1584.000000
1938.000000
90.000000
2558.000000
548.000000
326.000000
453.000000
470.000000
1166.000000
1239.000000
431.000000
902.000000
1008.000000
369.000000
22.000000
50.000000
271.000000
1488.000000
459.000000
61.000000
423.000000
523.000000
1311.000000
112.000000
134.000000
3301.000000
395.000000
102.000000
506.000000
2041.000000
574.000000
1368.000000
1842.000000
606.000000
925.000000
389.000000
485.000000
1960.000000
53.000000
360.000000
82.000000
197.000000
93.000000
69.000000
178.000000
848.000000
2246.000000
845.000000
278.000000
1502.000000
759.000000
305.000000
1246.000000
2273.000000
224.000000
127.000000
458.000000
892.000000
368.000000
155.000000
1294.000000
1577.000000
1427.000000
649.000000
773.000000
1072.000000
245.000000
101.000000
710.000000
1726.000000
442.000000
265.000000
2258.000000
107.000000
831.000000
259.000000
181.000000
432.000000
233.000000
4339.000000
670.000000
44.000000
911.000000
694.000000
488.000000
209.000000
1041.000000
462.000000
808.000000
84.000000
289.000000
2832.000000
226.000000
782.000000
257.000000
2358.000000
510.000000
150.000000
653.000000
356.000000
587.000000
407.000000
1449.000000
525.000000
1707.000000
33.000000
408.000000
508.000000
726.000000
270.000000
677.000000
59.000000
114.000000
532.000000
38.000000
150.000000
553.000000
1368.000000
195.000000
53.000000
158.000000
42.000000
525.000000
81.000000
632.000000
716.000000
245.000000
799.000000
217.000000
175.000000
535.000000
261.000000
311.000000
1793.000000
578.000000
557.000000
945.000000
715.000000
1585.000000
1034.000000
827.000000
425.000000
66.000000
730.000000
271.000000
485.000000
356.000000
383.000000
90.000000
306.000000
585.000000
622.000000
276.000000
1198.000000
144.000000
419.000000
579.000000
304.000000
2316.000000
97.000000
374.000000
178.000000
1022.000000
122.000000
359.000000
324.000000
914.000000
86.000000
637.000000
439.000000
745.000000
382.000000
76.000000
275.000000
1301.000000
55.000000
565.000000
218.000000
372.000000
170.000000
736.000000
138.000000
441.000000
195.000000
1024.000000
146.000000
583.000000
175.000000
1067.000000
935.000000
319.000000
1075.000000
831.000000
270.000000
1675.000000
235.000000
951.000000
290.000000
850.000000
130.000000
505.000000
63.000000
69.000000
558.000000
370.000000
50.000000
72.000000
5544.000000
237.000000
126.000000
93.000000
1597.000000
160.000000
846.000000
815.000000
270.000000
275.000000
247.000000
867.000000
619.000000
732.000000
70.000000
93.000000
646.000000
110.000000
742.000000
841.000000
326.000000
183.000000
83.000000
371.000000
1179.000000
509.000000
299.000000
382.000000
457.000000
83.000000
182.000000
896.000000
112.000000
371.000000
170.000000
694.000000
233.000000
329.000000
1130.000000
145.000000
119.000000
799.000000
3323.000000
152.000000
174.000000
76.000000
111.000000
380.000000
665.000000
113.000000
101.000000
190.000000
271.000000
263.000000
495.000000
384.000000
141.000000
1005.000000
173.000000
181.000000
541.000000
311.000000
244.000000
114.000000
760.000000
690.000000
105.000000
630.000000
189.000000
1654.000000
83.000000
887.000000
328.000000
889.000000
523.000000
256.000000
409.000000
603.000000
1454.000000
842.000000
2011.000000
257.000000
320.000000
349.000000
411.000000
121.000000
908.000000
415.000000
253.000000
187.000000
462.000000
210.000000
397.000000
852.000000
225.000000
741.000000
920.000000
198.000000
164.000000
1800.000000
676.000000
404.000000
244.000000
140.000000
1327.000000
103.000000
80.000000
566.000000
302.000000
205.000000
438.000000
150.000000
105.000000
748.000000
1641.000000
683.000000
372.000000
945.000000
3022.000000
31.000000
2037.000000
236.000000
315.000000
159.000000
1891.000000
644.000000
981.000000
293.000000
192.000000
802.000000
1401.000000
664.000000
114.000000
249.000000
160.000000
664.000000
211.000000
2492.000000
450.000000
715.000000
843.000000
87.000000
323.000000
89.000000
1079.000000
449.000000
864.000000
626.000000
463.000000
205.000000
115.000000
2378.000000
261.000000
846.000000
322.000000
604.000000
1172.000000
245.000000
628.000000
208.000000
1202.000000
224.000000
229.000000
222.000000
268.000000
476.000000
445.000000
711.000000
581.000000
1177.000000
319.000000
415.000000
342.000000
578.000000
215.000000
988.000000
164.000000
509.000000
261.000000
740.000000
1620.000000
732.000000
300.000000
659.000000
392.000000
421.000000
303.000000
348.000000
783.000000
207.000000
594.000000
1496.000000
112.000000
1391.000000
330.000000
1166.000000
140.000000
395.000000
59.000000
613.000000
179.000000
85.000000
114.000000
2778.000000
148.000000
174.000000
362.000000
173.000000
207.000000
153.000000
317.000000
329.000000
56.000000
155.000000
1084.000000
285.000000
1116.000000
56.000000
832.000000
107.000000
2267.000000
261.000000
101.000000
241.000000
170.000000
629.000000
274.000000
146.000000
218.000000
702.000000
99.000000
211.000000
495.000000
490.000000
538.000000
437.000000
2062.000000
93.000000
272.000000
216.000000
457.000000
285.000000
125.000000
108.000000
2274.000000
646.000000
413.000000
1111.000000
397.000000
1420.000000
471.000000
284.000000
810.000000
264.000000
102.000000
759.000000
514.000000
885.000000
86.000000
2099.000000
984.000000
606.000000
242.000000
1592.000000
461.000000
48.000000
221.000000
46.000000
409.000000
878.000000
3113.000000
356.000000
2555.000000
395.000000
516.000000
658.000000
110.000000
209.000000
897.000000
932.000000
167.000000
1020.000000
441.000000
26.000000
347.000000
522.000000
351.000000
1104.000000
1641.000000
893.000000
2280.000000
2398.000000
244.000000
360.000000
569.000000
470.000000
175.000000
288.000000
2453.000000
543.000000
362.000000
1428.000000
1058.000000
520.000000
340.000000
233.000000
1127.000000
157.000000
115.000000
645.000000
794.000000
63.000000
157.000000
1316.000000
672.000000
1685.000000
468.000000
443.000000
155.000000
