277.000000
289.000000
81.000000
241.000000
251.000000
89.000000
1970.000000
490.000000
490.000000
632.000000
421.000000
687.000000
3765.000000
1436.000000
325.000000
1622.000000
386.000000
1075.000000
114.000000
634.000000
227.000000
165.000000
502.000000
558.000000
398.000000
417.000000
753.000000
496.000000
237.000000
772.000000
528.000000
383.000000
158.000000
329.000000
356.000000
384.000000
681.000000
1378.000000
888.000000
829.000000
370.000000
960.000000
101.000000
486.000000
124.000000
107.000000
1095.000000
250.000000
931.000000
1309.000000
860.000000
397.000000
297.000000
278.000000
409.000000
291.000000
135.000000
2042.000000
978.000000
476.000000
1122.000000
835.000000
456.000000
162.000000
286.000000
313.000000
336.000000
1452.000000
2001.000000
116.000000
398.000000
2024.000000
110.000000
410.000000
1107.000000
827.000000
2702.000000
728.000000
1844.000000
111.000000
260.000000
756.000000
655.000000
70.000000
1419.000000
30.000000
228.000000
636.000000
360.000000
419.000000
280.000000
597.000000
496.000000
208.000000
152.000000
411.000000
329.000000
1110.000000
947.000000
1430.000000
348.000000
323.000000
251.000000
555.000000
1239.000000
230.000000
131.000000
199.000000
386.000000
1029.000000
650.000000
188.000000
1954.000000
1707.000000
842.000000
2930.000000
471.000000
987.000000
167.000000
743.000000
143.000000
4241.000000
850.000000
120.000000
1495.000000
33.000000
156.000000
244.000000
388.000000
186.000000
317.000000
361.000000
1480.000000
1174.000000
488.000000
57.000000
161.000000
210.000000
206.000000
435.000000
390.000000
916.000000
249.000000
422.000000
506.000000
267.000000
663.000000
1179.000000
380.000000
563.000000
297.000000
350.000000
1059.000000
1403.000000
667.000000
171.000000
542.000000
50.000000
83.000000
1475.000000
233.000000
1775.000000
630.000000
190.000000
166.000000
1513.000000
336.000000
247.000000
834.000000
1194.000000
1025.000000
270.000000
1040.000000
59.000000
713.000000
191.000000
190.000000
3593.000000
416.000000
441.000000
1063.000000
590.000000
204.000000
828.000000
498.000000
391.000000
545.000000
352.000000
992.000000
356.000000
96.000000
740.000000
344.000000
179.000000
551.000000
601.000000
75.000000
309.000000
177.000000
823.000000
369.000000
84.000000
410.000000
1082.000000
140.000000
413.000000
140.000000
1587.000000
702.000000
1225.000000
411.000000
388.000000
1397.000000
437.000000
608.000000
146.000000
306.000000
3174.000000
513.000000
149.000000
236.000000
2930.000000
143.000000
368.000000
332.000000
752.000000
238.000000
481.000000
1503.000000
499.000000
972.000000
121.000000
410.000000
130.000000
140.000000
534.000000
2453.000000
534.000000
578.000000
400.000000
153.000000
272.000000
429.000000
419.000000
79.000000
861.000000
945.000000
857.000000
128.000000
245.000000
185.000000
78.000000
273.000000
82.000000
496.000000
4668.000000
605.000000
205.000000
756.000000
341.000000
1762.000000
206.000000
773.000000
109.000000
1476.000000
346.000000
118.000000
113.000000
375.000000
500.000000
387.000000
371.000000
558.000000
122.000000
462.000000
476.000000
798.000000
90.000000
393.000000
400.000000
55.000000
69.000000
913.000000
173.000000
95.000000
247.000000
347.000000
406.000000
74.000000
192.000000
217.000000
586.000000
48.000000
716.000000
112.000000
434.000000
58.000000
227.000000
58.000000
299.000000
130.000000
364.000000
316.000000
271.000000
145.000000
470.000000
298.000000
1274.000000
759.000000
1291.000000
274.000000
213.000000
456.000000
732.000000
587.000000
1519.000000
324.000000
304.000000
255.000000
171.000000
396.000000
664.000000
343.000000
1298.000000
185.000000
267.000000
358.000000
1535.000000
3206.000000
1990.000000
1139.000000
74.000000
581.000000
28.000000
238.000000
270.000000
1165.000000
328.000000
882.000000
430.000000
991.000000
54.000000
227.000000
520.000000
270.000000
374.000000
488.000000
735.000000
62.000000
859.000000
222.000000
415.000000
341.000000
202.000000
333.000000
450.000000
225.000000
259.000000
429.000000
220.000000
133.000000
536.000000
96.000000
340.000000
219.000000
763.000000
120.000000
291.000000
490.000000
426.000000
1449.000000
61.000000
551.000000
2073.000000
1438.000000
126.000000
348.000000
498.000000
296.000000
257.000000
151.000000
56.000000
576.000000
158.000000
712.000000
823.000000
180.000000
2453.000000
1298.000000
23.000000
300.000000
296.000000
222.000000
556.000000
1382.000000
2791.000000
2699.000000
486.000000
882.000000
340.000000
87.000000
303.000000
773.000000
553.000000
238.000000
178.000000
719.000000
451.000000
370.000000
316.000000
781.000000
221.000000
3355.000000
300.000000
123.000000
410.000000
511.000000
1297.000000
549.000000
1289.000000
736.000000
1079.000000
362.000000
530.000000
162.000000
527.000000
103.000000
168.000000
2656.000000
68.000000
558.000000
192.000000
2137.000000
209.000000
130.000000
499.000000
151.000000
1681.000000
893.000000
1103.000000
2986.000000
165.000000
451.000000
519.000000
145.000000
1158.000000
345.000000
243.000000
4388.000000
485.000000
739.000000
290.000000
1585.000000
374.000000
169.000000
75.000000
102.000000
756.000000
1215.000000
1259.000000
28.000000
639.000000
143.000000
216.000000
836.000000
858.000000
116.000000
341.000000
200.000000
1131.000000
721.000000
328.000000
64.000000
779.000000
49.000000
527.000000
457.000000
961.000000
499.000000
32.000000
545.000000
257.000000
939.000000
379.000000
420.000000
470.000000
718.000000
544.000000
326.000000
136.000000
568.000000
930.000000
261.000000
475.000000
404.000000
246.000000
183.000000
189.000000
1263.000000
322.000000
430.000000
58.000000
427.000000
1628.000000
175.000000
125.000000
520.000000
225.000000
147.000000
123.000000
774.000000
392.000000
508.000000
285.000000
2634.000000
123.000000
161.000000
253.000000
110.000000
637.000000
354.000000
848.000000
457.000000
1543.000000
2185.000000
118.000000
360.000000
377.000000
430.000000
576.000000
240.000000
905.000000
1054.000000
77.000000
705.000000
331.000000
970.000000
538.000000
3209.000000
411.000000
1083.000000
1077.000000
551.000000
234.000000
406.000000
902.000000
794.000000
611.000000
59.000000
2322.000000
74.000000
313.000000
275.000000
263.000000
915.000000
182.000000
183.000000
1088.000000
265.000000
2782.000000
864.000000
917.000000
708.000000
66.000000
529.000000
181.000000
838.000000
741.000000
229.000000
3316.000000
427.000000
234.000000
484.000000
89.000000
225.000000
2855.000000
263.000000
120.000000
833.000000
425.000000
492.000000
613.000000
1189.000000
607.000000
288.000000
319.000000
681.000000
580.000000
1938.000000
979.000000
791.000000
68.000000
234.000000
713.000000
313.000000
681.000000
619.000000
2523.000000
657.000000
150.000000
199.000000
868.000000
362.000000
216.000000
3655.000000
269.000000
299.000000
1163.000000
358.000000
940.000000
204.000000
46.000000
541.000000
87.000000
110.000000
1873.000000
241.000000
589.000000
424.000000
1453.000000
662.000000
364.000000
425.000000
44.000000
271.000000
407.000000
832.000000
465.000000
244.000000
892.000000
53.000000
340.000000
349.000000
52.000000
108.000000
222.000000
726.000000
405.000000
700.000000
185.000000
108.000000
624.000000
454.000000
1454.000000
156.000000
160.000000
271.000000
2453.000000
1072.000000
401.000000
161.000000
1128.000000
521.000000
232.000000
1556.000000
1769.000000
180.000000
120.000000
1113.000000
864.000000
1235.000000
426.000000
161.000000
260.000000
3320.000000
1171.000000
191.000000
1313.000000
313.000000
175.000000
1212.000000
592.000000
698.000000
1141.000000
229.000000
83.000000
113.000000
287.000000
914.000000
4404.000000
909.000000
547.000000
791.000000
1162.000000
107.000000
182.000000
236.000000
452.000000
34.000000
2524.000000
51.000000
120.000000
551.000000
1113.000000
657.000000
487.000000
77.000000
907.000000
992.000000
577.000000
818.000000
273.000000
418.000000
81.000000
654.000000
117.000000
2434.000000
254.000000
716.000000
303.000000
75.000000
3162.000000
589.000000
460.000000
231.000000
426.000000
500.000000
343.000000
163.000000
293.000000
153.000000
949.000000
332.000000
732.000000
1435.000000
532.000000
1156.000000
310.000000
758.000000
527.000000
154.000000
747.000000
86.000000
926.000000
146.000000
125.000000
1478.000000
105.000000
1243.000000
810.000000
437.000000
147.000000
303.000000
108.000000
538.000000
37.000000
707.000000
144.000000
823.000000
1225.000000
605.000000
174.000000
2217.000000
516.000000
600.000000
244.000000
257.000000
512.000000
145.000000
1726.000000
206.000000
692.000000
613.000000
774.000000
109.000000
78.000000
269.000000
701.000000
175.000000
585.000000
335.000000
178.000000
365.000000
1229.000000
1094.000000
798.000000
614.000000
254.000000
556.000000
626.000000
337.000000
347.000000
746.000000
294.000000
479.000000
311.000000
1959.000000
319.000000
1321.000000
135.000000
619.000000
365.000000
197.000000
215.000000
302.000000
2319.000000
405.000000
87.000000
429.000000
58.000000
516.000000
1335.000000
752.000000
403.000000
96.000000
941.000000
1197.000000
175.000000
6299.000000
353.000000
953.000000
83.000000
162.000000
209.000000
290.000000
325.000000
102.000000
288.000000
94.000000
88.000000
574.000000
125.000000
76.000000
120.000000
59.000000
959.000000
347.000000
67.000000
1215.000000
165.000000
218.000000
125.000000
1047.000000
628.000000
2774.000000
326.000000
192.000000
125.000000
985.000000
1157.000000
1251.000000
448.000000
694.000000
2127.000000
557.000000
729.000000
1791.000000
142.000000
367.000000
981.000000
552.000000
201.000000
306.000000
369.000000
2515.000000
1494.000000
534.000000
440.000000
837.000000
578.000000
939.000000
211.000000
3787.000000
893.000000
1250.000000
331.000000
447.000000
185.000000
574.000000
2726.000000
255.000000
521.000000
117.000000
1509.000000
793.000000
181.000000
72.000000
775.000000
267.000000
293.000000
310.000000
344.000000
242.000000
663.000000
1004.000000
236.000000
158.000000
275.000000
1215.000000
457.000000
428.000000
196.000000
515.000000
281.000000
308.000000
442.000000
744.000000
672.000000
651.000000
146.000000
735.000000
927.000000
896.000000
101.000000
295.000000
1357.000000
314.000000
497.000000
307.000000
534.000000
588.000000
320.000000
409.000000
417.000000
693.000000
852.000000
222.000000
1114.000000
137.000000
877.000000
219.000000
151.000000
499.000000
1836.000000
3175.000000
280.000000
702.000000
432.000000
1431.000000
2321.000000
255.000000
119.000000
214.000000
491.000000
611.000000
311.000000
1145.000000
138.000000
1055.000000
576.000000
1410.000000
156.000000
1786.000000
524.000000
203.000000
44.000000
177.000000
116.000000
898.000000
1336.000000
212.000000
298.000000
146.000000
586.000000
204.000000
368.000000
128.000000
1355.000000
354.000000
1088.000000
751.000000
141.000000
868.000000
292.000000
136.000000
80.000000
1639.000000
317.000000
1702.000000
471.000000
287.000000
115.000000
292.000000
101.000000
295.000000
331.000000
31.000000
177.000000
311.000000
262.000000
125.000000
254.000000
343.000000
348.000000
228.000000
421.000000
327.000000
680.000000
1213.000000
419.000000
307.000000
822.000000
1832.000000
793.000000
171.000000
615.000000
331.000000
414.000000
389.000000
112.000000
