1158.000000
136.000000
218.000000
3354.000000
1486.000000
2476.000000
97.000000
142.000000
1530.000000
43.000000
313.000000
208.000000
240.000000
211.000000
511.000000
1331.000000
164.000000
1145.000000
197.000000
1299.000000
247.000000
41.000000
532.000000
666.000000
1340.000000
311.000000
469.000000
74.000000
195.000000
3543.000000
1109.000000
226.000000
336.000000
110.000000
370.000000
413.000000
4782.000000
297.000000
64.000000
1728.000000
370.000000
291.000000
586.000000
370.000000
807.000000
306.000000
756.000000
239.000000
244.000000
977.000000
2122.000000
50.000000
219.000000
498.000000
345.000000
569.000000
550.000000
437.000000
1756.000000
287.000000
418.000000
135.000000
311.000000
541.000000
663.000000
808.000000
61.000000
174.000000
1534.000000
422.000000
1394.000000
435.000000
682.000000
211.000000
1606.000000
297.000000
1115.000000
1172.000000
74.000000
501.000000
1123.000000
313.000000
186.000000
898.000000
396.000000
320.000000
900.000000
2878.000000
1412.000000
529.000000
180.000000
250.000000
289.000000
613.000000
2181.000000
2118.000000
115.000000
458.000000
1066.000000
290.000000
99.000000
652.000000
169.000000
1133.000000
383.000000
70.000000
1298.000000
730.000000
75.000000
517.000000
577.000000
206.000000
584.000000
2020.000000
217.000000
148.000000
538.000000
1140.000000
237.000000
365.000000
131.000000
278.000000
123.000000
993.000000
146.000000
178.000000
1052.000000
982.000000
114.000000
403.000000
192.000000
470.000000
530.000000
116.000000
868.000000
4205.000000
182.000000
9943.000000
249.000000
1818.000000
965.000000
571.000000
151.000000
431.000000
3244.000000
1119.000000
819.000000
513.000000
65.000000
884.000000
177.000000
347.000000
317.000000
297.000000
425.000000
26.000000
201.000000
366.000000
181.000000
324.000000
478.000000
199.000000
505.000000
379.000000
3713.000000
256.000000
1242.000000
922.000000
395.000000
384.000000
243.000000
92.000000
1751.000000
191.000000
320.000000
379.000000
480.000000
2264.000000
682.000000
172.000000
99.000000
198.000000
341.000000
2908.000000
182.000000
985.000000
196.000000
926.000000
107.000000
956.000000
58.000000
354.000000
429.000000
283.000000
129.000000
334.000000
686.000000
941.000000
305.000000
1348.000000
481.000000
262.000000
893.000000
3425.000000
265.000000
2123.000000
191.000000
176.000000
293.000000
1938.000000
252.000000
561.000000
602.000000
118.000000
155.000000
274.000000
207.000000
352.000000
209.000000
276.000000
1159.000000
647.000000
346.000000
216.000000
2994.000000
166.000000
408.000000
336.000000
1663.000000
13.000000
70.000000
102.000000
196.000000
816.000000
490.000000
1023.000000
958.000000
403.000000
397.000000
697.000000
1593.000000
1043.000000
165.000000
468.000000
202.000000
1431.000000
258.000000
552.000000
739.000000
719.000000
165.000000
280.000000
319.000000
1161.000000
265.000000
852.000000
249.000000
186.000000
473.000000
99.000000
57.000000
663.000000
327.000000
171.000000
1370.000000
294.000000
2645.000000
190.000000
209.000000
571.000000
341.000000
524.000000
365.000000
450.000000
119.000000
931.000000
1023.000000
527.000000
454.000000
186.000000
349.000000
480.000000
3582.000000
245.000000
173.000000
653.000000
336.000000
189.000000
347.000000
494.000000
1531.000000
1047.000000
777.000000
228.000000
329.000000
979.000000
1697.000000
96.000000
652.000000
139.000000
354.000000
96.000000
180.000000
530.000000
362.000000
426.000000
460.000000
414.000000
146.000000
215.000000
195.000000
943.000000
425.000000
202.000000
347.000000
162.000000
5896.000000
423.000000
75.000000
468.000000
224.000000
442.000000
709.000000
931.000000
427.000000
1155.000000
120.000000
190.000000
209.000000
3441.000000
471.000000
370.000000
1526.000000
221.000000
376.000000
534.000000
417.000000
460.000000
1251.000000
258.000000
1396.000000
699.000000
699.000000
537.000000
1397.000000
448.000000
85.000000
274.000000
1171.000000
615.000000
185.000000
134.000000
1504.000000
178.000000
539.000000
44.000000
918.000000
472.000000
1128.000000
445.000000
1197.000000
206.000000
1533.000000
955.000000
60.000000
730.000000
145.000000
542.000000
1238.000000
85.000000
105.000000
591.000000
635.000000
342.000000
48.000000
229.000000
918.000000
118.000000
2182.000000
124.000000
1698.000000
273.000000
2243.000000
227.000000
206.000000
199.000000
487.000000
96.000000
1121.000000
110.000000
490.000000
338.000000
339.000000
214.000000
315.000000
373.000000
111.000000
121.000000
389.000000
1365.000000
30.000000
370.000000
602.000000
75.000000
709.000000
79.000000
1957.000000
854.000000
424.000000
1383.000000
533.000000
478.000000
631.000000
117.000000
265.000000
166.000000
3011.000000
283.000000
376.000000
90.000000
182.000000
217.000000
2785.000000
576.000000
197.000000
3935.000000
528.000000
567.000000
973.000000
88.000000
371.000000
335.000000
658.000000
109.000000
453.000000
429.000000
1084.000000
916.000000
868.000000
396.000000
232.000000
105.000000
271.000000
121.000000
158.000000
234.000000
455.000000
1449.000000
165.000000
119.000000
90.000000
352.000000
136.000000
260.000000
3267.000000
773.000000
108.000000
114.000000
2167.000000
486.000000
3523.000000
159.000000
65.000000
132.000000
490.000000
486.000000
302.000000
169.000000
373.000000
1183.000000
1235.000000
40.000000
386.000000
1119.000000
108.000000
214.000000
1050.000000
197.000000
265.000000
1529.000000
188.000000
8342.000000
1634.000000
134.000000
138.000000
522.000000
534.000000
302.000000
854.000000
277.000000
469.000000
60.000000
496.000000
1123.000000
2245.000000
161.000000
461.000000
550.000000
241.000000
889.000000
366.000000
1172.000000
214.000000
807.000000
1042.000000
972.000000
93.000000
517.000000
765.000000
47.000000
58.000000
165.000000
1571.000000
632.000000
246.000000
67.000000
58.000000
848.000000
1951.000000
905.000000
223.000000
897.000000
99.000000
1051.000000
98.000000
360.000000
3585.000000
1117.000000
264.000000
940.000000
192.000000
464.000000
238.000000
224.000000
359.000000
164.000000
369.000000
1304.000000
243.000000
260.000000
366.000000
277.000000
98.000000
263.000000
2557.000000
308.000000
3302.000000
110.000000
774.000000
169.000000
121.000000
533.000000
195.000000
337.000000
435.000000
212.000000
1005.000000
1106.000000
213.000000
2388.000000
313.000000
112.000000
353.000000
210.000000
283.000000
442.000000
157.000000
193.000000
51.000000
450.000000
515.000000
548.000000
207.000000
1295.000000
775.000000
375.000000
601.000000
507.000000
128.000000
2760.000000
619.000000
362.000000
370.000000
358.000000
355.000000
420.000000
320.000000
111.000000
224.000000
263.000000
461.000000
1614.000000
1175.000000
7976.000000
278.000000
80.000000
296.000000
554.000000
90.000000
1498.000000
351.000000
438.000000
321.000000
126.000000
941.000000
116.000000
609.000000
316.000000
152.000000
38.000000
739.000000
330.000000
174.000000
575.000000
2229.000000
165.000000
691.000000
1529.000000
211.000000
216.000000
861.000000
157.000000
86.000000
600.000000
580.000000
291.000000
320.000000
2187.000000
245.000000
716.000000
229.000000
184.000000
48.000000
121.000000
600.000000
321.000000
604.000000
1832.000000
186.000000
1560.000000
1468.000000
203.000000
1045.000000
790.000000
1737.000000
124.000000
1317.000000
751.000000
75.000000
185.000000
9799.000000
199.000000
935.000000
319.000000
66.000000
6634.000000
1211.000000
920.000000
370.000000
865.000000
493.000000
5071.000000
692.000000
153.000000
1300.000000
262.000000
522.000000
240.000000
620.000000
1179.000000
1016.000000
395.000000
349.000000
290.000000
251.000000
531.000000
399.000000
946.000000
182.000000
557.000000
508.000000
163.000000
315.000000
3143.000000
674.000000
1789.000000
447.000000
352.000000
43.000000
2948.000000
248.000000
86.000000
299.000000
177.000000
682.000000
433.000000
169.000000
78.000000
716.000000
534.000000
289.000000
36.000000
1836.000000
893.000000
689.000000
239.000000
188.000000
149.000000
798.000000
1064.000000
1291.000000
855.000000
660.000000
495.000000
183.000000
117.000000
436.000000
242.000000
130.000000
173.000000
731.000000
688.000000
360.000000
370.000000
190.000000
194.000000
249.000000
77.000000
268.000000
103.000000
567.000000
90.000000
93.000000
293.000000
2288.000000
404.000000
106.000000
466.000000
71.000000
1188.000000
1790.000000
324.000000
322.000000
248.000000
600.000000
374.000000
467.000000
394.000000
170.000000
269.000000
305.000000
606.000000
257.000000
272.000000
171.000000
447.000000
694.000000
3697.000000
323.000000
512.000000
267.000000
337.000000
162.000000
83.000000
80.000000
519.000000
527.000000
94.000000
474.000000
441.000000
153.000000
188.000000
1051.000000
31.000000
52.000000
1414.000000
295.000000
134.000000
177.000000
377.000000
219.000000
1650.000000
88.000000
183.000000
632.000000
323.000000
233.000000
459.000000
841.000000
337.000000
517.000000
90.000000
401.000000
135.000000
595.000000
76.000000
981.000000
292.000000
662.000000
584.000000
535.000000
291.000000
226.000000
74.000000
302.000000
182.000000
23.000000
1049.000000
1077.000000
311.000000
985.000000
1469.000000
203.000000
515.000000
262.000000
239.000000
1616.000000
112.000000
202.000000
6803.000000
2753.000000
120.000000
3456.000000
373.000000
175.000000
631.000000
875.000000
196.000000
641.000000
76.000000
1759.000000
1398.000000
164.000000
494.000000
730.000000
192.000000
1248.000000
832.000000
160.000000
232.000000
901.000000
73.000000
237.000000
142.000000
2815.000000
981.000000
113.000000
1335.000000
660.000000
260.000000
732.000000
676.000000
117.000000
148.000000
374.000000
350.000000
73.000000
509.000000
113.000000
791.000000
99.000000
1304.000000
5551.000000
3087.000000
547.000000
389.000000
530.000000
914.000000
443.000000
872.000000
430.000000
109.000000
289.000000
394.000000
420.000000
3155.000000
269.000000
78.000000
342.000000
402.000000
334.000000
277.000000
109.000000
121.000000
196.000000
732.000000
270.000000
293.000000
361.000000
197.000000
41.000000
440.000000
548.000000
382.000000
103.000000
164.000000
767.000000
186.000000
346.000000
181.000000
73.000000
457.000000
359.000000
566.000000
127.000000
867.000000
179.000000
1363.000000
654.000000
167.000000
77.000000
507.000000
787.000000
662.000000
1565.000000
570.000000
60.000000
253.000000
175.000000
455.000000
319.000000
41.000000
306.000000
868.000000
212.000000
1037.000000
457.000000
808.000000
2351.000000
169.000000
258.000000
300.000000
189.000000
360.000000
223.000000
242.000000
153.000000
70.000000
342.000000
420.000000
203.000000
790.000000
267.000000
327.000000
780.000000
96.000000
1175.000000
1639.000000
30.000000
61.000000
737.000000
999.000000
440.000000
2713.000000
2326.000000
2421.000000
157.000000
1142.000000
1765.000000
778.000000
100.000000
779.000000
1217.000000
145.000000
477.000000
402.000000
175.000000
392.000000
96.000000
625.000000
435.000000
338.000000
1231.000000
515.000000
995.000000
353.000000
430.000000
422.000000
287.000000
107.000000
265.000000
222.000000
140.000000
575.000000
113.000000
363.000000
550.000000
179.000000
39.000000
133.000000
39.000000
1428.000000
405.000000
311.000000
573.000000
753.000000
7216.000000
669.000000
83.000000
1586.000000
