1030.000000
199.000000
74.000000
5057.000000
2008.000000
344.000000
161.000000
140.000000
435.000000
433.000000
287.000000
632.000000
757.000000
618.000000
466.000000
275.000000
818.000000
396.000000
463.000000
276.000000
73.000000
127.000000
536.000000
207.000000
289.000000
4713.000000
2121.000000
146.000000
463.000000
340.000000
735.000000
1325.000000
154.000000
333.000000
147.000000
1083.000000
1408.000000
295.000000
276.000000
1158.000000
438.000000
612.000000
270.000000
336.000000
697.000000
462.000000
1418.000000
298.000000
87.000000
145.000000
421.000000
302.000000
478.000000
863.000000
1598.000000
1139.000000
4823.000000
336.000000
2760.000000
467.000000
257.000000
148.000000
1151.000000
1315.000000
509.000000
341.000000
954.000000
312.000000
1428.000000
649.000000
4935.000000
472.000000
742.000000
393.000000
247.000000
225.000000
591.000000
754.000000
385.000000
328.000000
602.000000
1057.000000
576.000000
169.000000
305.000000
4396.000000
287.000000
1438.000000
815.000000
328.000000
168.000000
314.000000
399.000000
431.000000
617.000000
1130.000000
343.000000
275.000000
659.000000
478.000000
158.000000
441.000000
708.000000
234.000000
256.000000
310.000000
42.000000
42.000000
165.000000
637.000000
130.000000
155.000000
210.000000
254.000000
187.000000
343.000000
182.000000
666.000000
172.000000
284.000000
174.000000
365.000000
141.000000
1285.000000
100.000000
338.000000
569.000000
538.000000
348.000000
181.000000
377.000000
360.000000
159.000000
790.000000
486.000000
726.000000
173.000000
302.000000
138.000000
247.000000
2350.000000
285.000000
400.000000
203.000000
751.000000
512.000000
328.000000
173.000000
336.000000
223.000000
538.000000
569.000000
289.000000
536.000000
99.000000
1320.000000
220.000000
43.000000
390.000000
89.000000
354.000000
281.000000
609.000000
336.000000
966.000000
2205.000000
188.000000
565.000000
1005.000000
3226.000000
1063.000000
67.000000
1808.000000
1104.000000
221.000000
317.000000
797.000000
153.000000
1563.000000
203.000000
487.000000
868.000000
443.000000
163.000000
675.000000
852.000000
226.000000
1063.000000
103.000000
349.000000
141.000000
556.000000
339.000000
2936.000000
372.000000
752.000000
43.000000
290.000000
603.000000
77.000000
1212.000000
390.000000
144.000000
1142.000000
153.000000
58.000000
173.000000
381.000000
634.000000
117.000000
844.000000
342.000000
460.000000
269.000000
887.000000
73.000000
2127.000000
345.000000
348.000000
66.000000
540.000000
187.000000
868.000000
247.000000
303.000000
4585.000000
4615.000000
481.000000
242.000000
130.000000
633.000000
619.000000
50.000000
386.000000
2163.000000
1031.000000
1983.000000
264.000000
194.000000
237.000000
1006.000000
679.000000
59.000000
633.000000
1200.000000
614.000000
287.000000
596.000000
239.000000
1045.000000
561.000000
277.000000
355.000000
428.000000
731.000000
242.000000
445.000000
266.000000
1495.000000
984.000000
561.000000
229.000000
33.000000
1251.000000
1548.000000
298.000000
107.000000
1813.000000
813.000000
2287.000000
315.000000
30.000000
2885.000000
291.000000
245.000000
147.000000
286.000000
495.000000
1321.000000
163.000000
131.000000
210.000000
549.000000
43.000000
308.000000
3355.000000
550.000000
496.000000
654.000000
978.000000
111.000000
182.000000
326.000000
1239.000000
324.000000
125.000000
620.000000
314.000000
567.000000
457.000000
598.000000
798.000000
246.000000
428.000000
540.000000
287.000000
4600.000000
1073.000000
138.000000
406.000000
39.000000
908.000000
151.000000
550.000000
376.000000
687.000000
673.000000
325.000000
364.000000
1636.000000
567.000000
1121.000000
1188.000000
377.000000
2307.000000
660.000000
171.000000
126.000000
920.000000
1560.000000
698.000000
1624.000000
472.000000
3702.000000
282.000000
390.000000
724.000000
208.000000
433.000000
1115.000000
1275.000000
479.000000
202.000000
1596.000000
132.000000
603.000000
388.000000
1723.000000
378.000000
828.000000
354.000000
735.000000
404.000000
212.000000
1160.000000
310.000000
183.000000
143.000000
383.000000
1753.000000
205.000000
644.000000
264.000000
279.000000
218.000000
145.000000
717.000000
106.000000
1006.000000
223.000000
180.000000
3182.000000
2153.000000
127.000000
206.000000
1242.000000
233.000000
790.000000
483.000000
1219.000000
367.000000
238.000000
816.000000
428.000000
376.000000
1366.000000
1224.000000
159.000000
1406.000000
585.000000
286.000000
1004.000000
748.000000
333.000000
778.000000
1782.000000
366.000000
648.000000
275.000000
166.000000
1827.000000
1244.000000
1120.000000
402.000000
1424.000000
1255.000000
171.000000
1163.000000
104.000000
239.000000
345.000000
26.000000
2138.000000
174.000000
1025.000000
283.000000
226.000000
248.000000
504.000000
287.000000
1156.000000
1277.000000
1038.000000
73.000000
289.000000
187.000000
504.000000
514.000000
154.000000
258.000000
3141.000000
718.000000
79.000000
525.000000
657.000000
523.000000
355.000000
477.000000
98.000000
999.000000
968.000000
203.000000
140.000000
338.000000
116.000000
185.000000
991.000000
530.000000
466.000000
1112.000000
94.000000
454.000000
212.000000
170.000000
1673.000000
80.000000
434.000000
390.000000
128.000000
511.000000
154.000000
378.000000
255.000000
1281.000000
114.000000
310.000000
64.000000
246.000000
322.000000
123.000000
452.000000
268.000000
145.000000
1181.000000
496.000000
3062.000000
641.000000
1537.000000
479.000000
373.000000
92.000000
135.000000
3351.000000
627.000000
1885.000000
195.000000
289.000000
2135.000000
343.000000
1003.000000
467.000000
276.000000
332.000000
192.000000
537.000000
69.000000
377.000000
481.000000
307.000000
1122.000000
102.000000
1027.000000
545.000000
147.000000
745.000000
190.000000
634.000000
155.000000
624.000000
1825.000000
115.000000
49.000000
321.000000
182.000000
726.000000
342.000000
1638.000000
174.000000
2235.000000
898.000000
728.000000
1303.000000
113.000000
374.000000
970.000000
338.000000
682.000000
294.000000
193.000000
506.000000
738.000000
481.000000
2578.000000
114.000000
96.000000
2895.000000
667.000000
680.000000
422.000000
690.000000
109.000000
250.000000
91.000000
141.000000
212.000000
296.000000
743.000000
229.000000
344.000000
207.000000
437.000000
341.000000
366.000000
265.000000
508.000000
423.000000
200.000000
2171.000000
92.000000
961.000000
1982.000000
489.000000
669.000000
194.000000
451.000000
1570.000000
333.000000
249.000000
97.000000
190.000000
597.000000
1023.000000
213.000000
44.000000
455.000000
366.000000
319.000000
266.000000
323.000000
287.000000
516.000000
20.000000
1001.000000
726.000000
2833.000000
1569.000000
710.000000
308.000000
204.000000
74.000000
297.000000
374.000000
386.000000
475.000000
389.000000
364.000000
695.000000
1033.000000
1226.000000
744.000000
397.000000
1413.000000
454.000000
1433.000000
266.000000
223.000000
813.000000
1751.000000
814.000000
887.000000
1240.000000
1233.000000
506.000000
493.000000
875.000000
659.000000
450.000000
2612.000000
884.000000
535.000000
384.000000
156.000000
235.000000
325.000000
8535.000000
147.000000
792.000000
212.000000
231.000000
355.000000
154.000000
1863.000000
1130.000000
214.000000
613.000000
293.000000
519.000000
159.000000
1748.000000
1281.000000
749.000000
364.000000
512.000000
268.000000
38.000000
882.000000
785.000000
396.000000
450.000000
87.000000
1006.000000
294.000000
543.000000
336.000000
430.000000
68.000000
370.000000
111.000000
216.000000
785.000000
588.000000
694.000000
491.000000
262.000000
179.000000
40.000000
989.000000
47.000000
76.000000
3109.000000
799.000000
314.000000
198.000000
947.000000
407.000000
603.000000
141.000000
590.000000
385.000000
309.000000
398.000000
27.000000
267.000000
1079.000000
78.000000
329.000000
1485.000000
686.000000
230.000000
732.000000
1028.000000
1489.000000
44.000000
53.000000
55.000000
396.000000
79.000000
167.000000
210.000000
952.000000
173.000000
786.000000
221.000000
1204.000000
519.000000
935.000000
351.000000
1214.000000
534.000000
172.000000
325.000000
124.000000
707.000000
848.000000
225.000000
415.000000
562.000000
288.000000
80.000000
1901.000000
503.000000
1295.000000
1121.000000
447.000000
87.000000
265.000000
136.000000
516.000000
455.000000
145.000000
480.000000
290.000000
326.000000
90.000000
171.000000
462.000000
1177.000000
300.000000
995.000000
524.000000
578.000000
267.000000
127.000000
90.000000
1666.000000
632.000000
273.000000
1680.000000
323.000000
94.000000
300.000000
160.000000
142.000000
215.000000
2424.000000
252.000000
799.000000
392.000000
237.000000
140.000000
132.000000
155.000000
826.000000
2955.000000
591.000000
147.000000
236.000000
1089.000000
98.000000
431.000000
529.000000
442.000000
127.000000
181.000000
363.000000
1161.000000
1005.000000
1033.000000
2013.000000
400.000000
243.000000
818.000000
483.000000
282.000000
329.000000
1677.000000
1107.000000
5319.000000
78.000000
1593.000000
212.000000
260.000000
113.000000
18.000000
441.000000
535.000000
784.000000
895.000000
583.000000
1094.000000
293.000000
117.000000
1486.000000
100.000000
148.000000
102.000000
135.000000
1413.000000
1689.000000
140.000000
844.000000
570.000000
584.000000
198.000000
132.000000
62.000000
518.000000
78.000000
223.000000
605.000000
215.000000
538.000000
457.000000
861.000000
245.000000
381.000000
212.000000
108.000000
897.000000
42.000000
1313.000000
199.000000
484.000000
278.000000
1086.000000
1184.000000
209.000000
193.000000
1436.000000
129.000000
1311.000000
173.000000
1364.000000
179.000000
97.000000
333.000000
2286.000000
95.000000
149.000000
1172.000000
300.000000
152.000000
338.000000
1837.000000
251.000000
318.000000
290.000000
632.000000
710.000000
2806.000000
2578.000000
2266.000000
137.000000
98.000000
289.000000
389.000000
561.000000
2848.000000
170.000000
2604.000000
2048.000000
561.000000
42.000000
235.000000
258.000000
328.000000
444.000000
592.000000
116.000000
149.000000
4974.000000
230.000000
129.000000
152.000000
363.000000
646.000000
542.000000
581.000000
66.000000
60.000000
92.000000
91.000000
142.000000
157.000000
108.000000
136.000000
571.000000
476.000000
596.000000
309.000000
1272.000000
3012.000000
2924.000000
245.000000
883.000000
161.000000
329.000000
365.000000
788.000000
428.000000
804.000000
149.000000
692.000000
646.000000
621.000000
164.000000
898.000000
1941.000000
89.000000
113.000000
782.000000
468.000000
137.000000
21.000000
313.000000
287.000000
167.000000
174.000000
611.000000
664.000000
624.000000
404.000000
9676.000000
289.000000
3984.000000
88.000000
3320.000000
347.000000
471.000000
305.000000
329.000000
745.000000
1510.000000
210.000000
264.000000
225.000000
191.000000
1109.000000
1049.000000
253.000000
137.000000
149.000000
2660.000000
527.000000
1278.000000
1334.000000
309.000000
122.000000
606.000000
140.000000
575.000000
328.000000
695.000000
1928.000000
221.000000
653.000000
573.000000
431.000000
147.000000
203.000000
442.000000
35.000000
6035.000000
432.000000
148.000000
678.000000
832.000000
240.000000
3209.000000
462.000000
339.000000
644.000000
472.000000
55.000000
613.000000
446.000000
1504.000000
432.000000
654.000000
320.000000
665.000000
198.000000
281.000000
211.000000
926.000000
348.000000
1135.000000
187.000000
1247.000000
802.000000
