2048.000000
281.000000
233.000000
627.000000
337.000000
368.000000
887.000000
171.000000
89.000000
607.000000
306.000000
2229.000000
5399.000000
540.000000
572.000000
497.000000
139.000000
652.000000
529.000000
440.000000
315.000000
269.000000
2023.000000
391.000000
298.000000
175.000000
536.000000
198.000000
516.000000
164.000000
235.000000
1083.000000
246.000000
2464.000000
752.000000
392.000000
102.000000
242.000000
301.000000
418.000000
271.000000
399.000000
228.000000
160.000000
363.000000
850.000000
349.000000
329.000000
346.000000
991.000000
648.000000
162.000000
147.000000
159.000000
6796.000000
96.000000
168.000000
1429.000000
249.000000
1123.000000
264.000000
608.000000
1063.000000
1267.000000
380.000000
135.000000
1302.000000
585.000000
1138.000000
104.000000
147.000000
806.000000
664.000000
635.000000
386.000000
325.000000
1655.000000
1349.000000
245.000000
842.000000
36.000000
3367.000000
172.000000
184.000000
1188.000000
652.000000
3034.000000
1566.000000
465.000000
344.000000
391.000000
226.000000
198.000000
859.000000
295.000000
703.000000
737.000000
367.000000
734.000000
279.000000
920.000000
2419.000000
237.000000
492.000000
295.000000
783.000000
273.000000
42.000000
165.000000
6350.000000
211.000000
193.000000
30.000000
223.000000
502.000000
125.000000
469.000000
158.000000
183.000000
1328.000000
156.000000
768.000000
253.000000
207.000000
1251.000000
856.000000
4016.000000
156.000000
183.000000
325.000000
2159.000000
178.000000
416.000000
644.000000
376.000000
588.000000
177.000000
615.000000
84.000000
582.000000
2306.000000
146.000000
696.000000
621.000000
1587.000000
314.000000
196.000000
1155.000000
96.000000
167.000000
367.000000
194.000000
850.000000
999.000000
602.000000
670.000000
173.000000
352.000000
1032.000000
900.000000
1924.000000
67.000000
642.000000
105.000000
654.000000
584.000000
278.000000
317.000000
227.000000
454.000000
68.000000
74.000000
133.000000
1038.000000
1185.000000
2028.000000
373.000000
97.000000
814.000000
335.000000
634.000000
313.000000
503.000000
422.000000
56.000000
799.000000
335.000000
110.000000
413.000000
400.000000
607.000000
396.000000
478.000000
1064.000000
166.000000
946.000000
412.000000
155.000000
520.000000
1024.000000
381.000000
1842.000000
358.000000
506.000000
593.000000
2963.000000
99.000000
108.000000
335.000000
2198.000000
503.000000
522.000000
169.000000
1225.000000
335.000000
2806.000000
204.000000
211.000000
405.000000
1391.000000
1879.000000
435.000000
622.000000
908.000000
521.000000
245.000000
1192.000000
763.000000
50.000000
121.000000
628.000000
273.000000
438.000000
3107.000000
1078.000000
188.000000
411.000000
524.000000
263.000000
173.000000
957.000000
637.000000
1487.000000
327.000000
435.000000
626.000000
2108.000000
1276.000000
1419.000000
406.000000
51.000000
1002.000000
294.000000
448.000000
142.000000
94.000000
411.000000
348.000000
94.000000
238.000000
117.000000
437.000000
930.000000
209.000000
1959.000000
1031.000000
186.000000
72.000000
460.000000
451.000000
162.000000
461.000000
83.000000
351.000000
1740.000000
1156.000000
161.000000
220.000000
1132.000000
1168.000000
738.000000
370.000000
688.000000
364.000000
483.000000
421.000000
2003.000000
604.000000
464.000000
75.000000
887.000000
1259.000000
181.000000
87.000000
1292.000000
315.000000
1135.000000
1190.000000
205.000000
223.000000
283.000000
4434.000000
960.000000
131.000000
169.000000
1532.000000
1017.000000
79.000000
1345.000000
703.000000
248.000000
112.000000
143.000000
1296.000000
575.000000
385.000000
95.000000
583.000000
337.000000
341.000000
1054.000000
286.000000
417.000000
554.000000
220.000000
215.000000
337.000000
273.000000
210.000000
659.000000
393.000000
1494.000000
477.000000
234.000000
923.000000
1979.000000
523.000000
265.000000
363.000000
835.000000
764.000000
550.000000
1142.000000
1414.000000
259.000000
809.000000
476.000000
583.000000
205.000000
185.000000
213.000000
33.000000
431.000000
1807.000000
260.000000
2436.000000
207.000000
111.000000
471.000000
27.000000
5569.000000
1596.000000
194.000000
101.000000
163.000000
2379.000000
105.000000
3477.000000
250.000000
140.000000
169.000000
468.000000
544.000000
185.000000
269.000000
1791.000000
116.000000
1042.000000
735.000000
1091.000000
137.000000
332.000000
1309.000000
245.000000
5220.000000
513.000000
173.000000
272.000000
494.000000
117.000000
782.000000
82.000000
768.000000
153.000000
2846.000000
1104.000000
491.000000
47.000000
253.000000
212.000000
214.000000
497.000000
394.000000
342.000000
232.000000
132.000000
474.000000
1016.000000
489.000000
141.000000
438.000000
341.000000
170.000000
1532.000000
985.000000
3196.000000
177.000000
803.000000
674.000000
320.000000
148.000000
489.000000
177.000000
2770.000000
864.000000
1039.000000
87.000000
219.000000
319.000000
399.000000
252.000000
269.000000
684.000000
119.000000
368.000000
427.000000
1387.000000
476.000000
453.000000
604.000000
1176.000000
143.000000
170.000000
124.000000
327.000000
299.000000
811.000000
862.000000
197.000000
645.000000
125.000000
140.000000
401.000000
60.000000
91.000000
419.000000
1585.000000
426.000000
621.000000
195.000000
303.000000
943.000000
686.000000
1575.000000
80.000000
586.000000
695.000000
364.000000
930.000000
1303.000000
645.000000
247.000000
701.000000
254.000000
275.000000
1658.000000
160.000000
204.000000
919.000000
1199.000000
152.000000
389.000000
357.000000
629.000000
771.000000
249.000000
1069.000000
1842.000000
161.000000
521.000000
122.000000
122.000000
719.000000
2040.000000
1347.000000
71.000000
570.000000
594.000000
638.000000
41.000000
238.000000
151.000000
964.000000
1109.000000
2764.000000
2403.000000
403.000000
394.000000
2970.000000
128.000000
174.000000
168.000000
800.000000
198.000000
128.000000
403.000000
1688.000000
200.000000
373.000000
158.000000
1192.000000
110.000000
378.000000
215.000000
1019.000000
346.000000
1512.000000
477.000000
163.000000
387.000000
266.000000
534.000000
2290.000000
2621.000000
29.000000
140.000000
454.000000
127.000000
201.000000
126.000000
505.000000
894.000000
25.000000
281.000000
41.000000
1278.000000
4170.000000
1216.000000
2027.000000
165.000000
279.000000
236.000000
1980.000000
181.000000
187.000000
171.000000
215.000000
125.000000
99.000000
704.000000
164.000000
281.000000
131.000000
413.000000
1336.000000
389.000000
401.000000
360.000000
375.000000
386.000000
1550.000000
1036.000000
48.000000
2153.000000
63.000000
1013.000000
278.000000
501.000000
663.000000
265.000000
730.000000
364.000000
240.000000
532.000000
203.000000
479.000000
210.000000
3308.000000
493.000000
974.000000
858.000000
390.000000
3726.000000
133.000000
155.000000
101.000000
825.000000
124.000000
2751.000000
141.000000
92.000000
598.000000
553.000000
85.000000
491.000000
6727.000000
312.000000
2045.000000
327.000000
127.000000
638.000000
494.000000
288.000000
238.000000
349.000000
191.000000
2552.000000
100.000000
643.000000
652.000000
698.000000
644.000000
177.000000
52.000000
126.000000
677.000000
156.000000
1563.000000
471.000000
280.000000
433.000000
391.000000
191.000000
2377.000000
1315.000000
651.000000
3510.000000
419.000000
401.000000
977.000000
1101.000000
211.000000
517.000000
211.000000
2068.000000
1181.000000
352.000000
239.000000
116.000000
193.000000
921.000000
1911.000000
883.000000
144.000000
319.000000
201.000000
1041.000000
257.000000
252.000000
1059.000000
180.000000
147.000000
433.000000
274.000000
1287.000000
811.000000
419.000000
63.000000
36.000000
195.000000
190.000000
606.000000
438.000000
398.000000
557.000000
297.000000
131.000000
118.000000
480.000000
125.000000
722.000000
913.000000
5488.000000
382.000000
109.000000
236.000000
262.000000
222.000000
834.000000
370.000000
546.000000
913.000000
276.000000
142.000000
808.000000
115.000000
474.000000
150.000000
397.000000
188.000000
2761.000000
839.000000
54.000000
123.000000
221.000000
110.000000
311.000000
2892.000000
450.000000
206.000000
948.000000
460.000000
849.000000
85.000000
406.000000
108.000000
97.000000
111.000000
489.000000
111.000000
420.000000
585.000000
126.000000
227.000000
73.000000
419.000000
307.000000
127.000000
465.000000
574.000000
276.000000
799.000000
241.000000
468.000000
717.000000
659.000000
208.000000
483.000000
997.000000
497.000000
233.000000
790.000000
616.000000
221.000000
299.000000
453.000000
1124.000000
422.000000
1624.000000
431.000000
232.000000
2754.000000
30.000000
392.000000
223.000000
1061.000000
375.000000
575.000000
918.000000
93.000000
116.000000
197.000000
1235.000000
570.000000
68.000000
417.000000
890.000000
644.000000
406.000000
182.000000
91.000000
202.000000
1100.000000
1650.000000
163.000000
687.000000
829.000000
469.000000
244.000000
204.000000
1488.000000
129.000000
2714.000000
357.000000
477.000000
354.000000
236.000000
366.000000
1597.000000
717.000000
238.000000
144.000000
396.000000
631.000000
486.000000
304.000000
1026.000000
211.000000
216.000000
2895.000000
852.000000
194.000000
200.000000
563.000000
1066.000000
140.000000
607.000000
1882.000000
1045.000000
1329.000000
932.000000
616.000000
681.000000
1014.000000
218.000000
2343.000000
479.000000
736.000000
190.000000
812.000000
78.000000
593.000000
292.000000
183.000000
2998.000000
319.000000
254.000000
1076.000000
510.000000
239.000000
408.000000
448.000000
388.000000
889.000000
1817.000000
363.000000
151.000000
137.000000
326.000000
39.000000
477.000000
1576.000000
1219.000000
167.000000
330.000000
241.000000
395.000000
57.000000
391.000000
1121.000000
305.000000
246.000000
1224.000000
223.000000
1135.000000
317.000000
489.000000
50.000000
441.000000
124.000000
2773.000000
1007.000000
860.000000
2592.000000
423.000000
237.000000
523.000000
635.000000
130.000000
682.000000
2129.000000
113.000000
62.000000
670.000000
1245.000000
3039.000000
88.000000
587.000000
343.000000
537.000000
747.000000
209.000000
493.000000
1653.000000
297.000000
504.000000
2289.000000
567.000000
296.000000
1169.000000
172.000000
1038.000000
107.000000
651.000000
126.000000
163.000000
189.000000
1086.000000
552.000000
1495.000000
178.000000
465.000000
634.000000
158.000000
10420.000000
51.000000
2074.000000
428.000000
470.000000
776.000000
128.000000
1258.000000
4826.000000
1495.000000
465.000000
905.000000
113.000000
601.000000
86.000000
233.000000
1801.000000
137.000000
1032.000000
116.000000
1230.000000
85.000000
100.000000
325.000000
709.000000
157.000000
242.000000
2858.000000
197.000000
471.000000
1982.000000
2501.000000
74.000000
322.000000
419.000000
332.000000
177.000000
123.000000
298.000000
644.000000
140.000000
359.000000
814.000000
641.000000
55.000000
745.000000
570.000000
1226.000000
327.000000
1028.000000
1181.000000
59.000000
566.000000
571.000000
317.000000
568.000000
475.000000
124.000000
120.000000
558.000000
908.000000
121.000000
1613.000000
120.000000
64.000000
267.000000
650.000000
469.000000
706.000000
349.000000
115.000000
135.000000
732.000000
2470.000000
1090.000000
334.000000
24.000000
3373.000000
854.000000
422.000000
1534.000000
367.000000
380.000000
888.000000
608.000000
286.000000
808.000000
275.000000
643.000000
850.000000
566.000000
271.000000
61.000000
471.000000
589.000000
271.000000
