364.000000
104.000000
297.000000
913.000000
231.000000
901.000000
600.000000
216.000000
88.000000
197.000000
419.000000
289.000000
438.000000
298.000000
154.000000
482.000000
541.000000
1923.000000
52.000000
852.000000
303.000000
242.000000
276.000000
1072.000000
862.000000
639.000000
184.000000
269.000000
654.000000
198.000000
877.000000
1428.000000
852.000000
63.000000
201.000000
218.000000
137.000000
204.000000
961.000000
452.000000
179.000000
279.000000
457.000000
459.000000
968.000000
177.000000
143.000000
275.000000
302.000000
130.000000
155.000000
3619.000000
785.000000
997.000000
284.000000
217.000000
1141.000000
423.000000
213.000000
246.000000
1001.000000
396.000000
246.000000
564.000000
272.000000
3975.000000
99.000000
398.000000
1611.000000
320.000000
614.000000
154.000000
421.000000
325.000000
574.000000
573.000000
71.000000
1102.000000
50.000000
118.000000
70.000000
175.000000
154.000000
96.000000
71.000000
273.000000
747.000000
120.000000
219.000000
1569.000000
687.000000
903.000000
1096.000000
418.000000
224.000000
278.000000
2164.000000
220.000000
1150.000000
53.000000
164.000000
2583.000000
431.000000
304.000000
495.000000
79.000000
725.000000
902.000000
468.000000
421.000000
211.000000
67.000000
95.000000
643.000000
145.000000
303.000000
888.000000
797.000000
737.000000
280.000000
407.000000
347.000000
370.000000
280.000000
89.000000
183.000000
525.000000
142.000000
51.000000
162.000000
728.000000
464.000000
3047.000000
215.000000
136.000000
738.000000
218.000000
650.000000
940.000000
905.000000
470.000000
411.000000
510.000000
205.000000
250.000000
739.000000
1322.000000
293.000000
140.000000
1116.000000
312.000000
176.000000
363.000000
211.000000
1058.000000
311.000000
506.000000
323.000000
37.000000
333.000000
762.000000
358.000000
1396.000000
256.000000
185.000000
897.000000
383.000000
275.000000
826.000000
309.000000
396.000000
2506.000000
113.000000
543.000000
1019.000000
238.000000
986.000000
145.000000
568.000000
126.000000
85.000000
1602.000000
3861.000000
261.000000
148.000000
483.000000
846.000000
307.000000
165.000000
385.000000
673.000000
132.000000
258.000000
505.000000
200.000000
276.000000
65.000000
347.000000
225.000000
3057.000000
245.000000
1881.000000
1286.000000
383.000000
258.000000
587.000000
852.000000
189.000000
89.000000
379.000000
5131.000000
273.000000
179.000000
342.000000
129.000000
80.000000
123.000000
666.000000
758.000000
666.000000
153.000000
396.000000
326.000000
230.000000
391.000000
396.000000
169.000000
348.000000
1169.000000
237.000000
1215.000000
336.000000
485.000000
631.000000
1599.000000
563.000000
79.000000
433.000000
429.000000
1555.000000
140.000000
192.000000
600.000000
274.000000
785.000000
258.000000
294.000000
264.000000
3596.000000
380.000000
855.000000
1141.000000
1367.000000
671.000000
347.000000
90.000000
220.000000
281.000000
2196.000000
900.000000
389.000000
212.000000
538.000000
584.000000
874.000000
569.000000
461.000000
80.000000
1031.000000
174.000000
157.000000
135.000000
726.000000
925.000000
3526.000000
620.000000
476.000000
395.000000
143.000000
579.000000
69.000000
903.000000
243.000000
1303.000000
227.000000
119.000000
76.000000
454.000000
1536.000000
259.000000
980.000000
424.000000
474.000000
2118.000000
327.000000
205.000000
4127.000000
345.000000
120.000000
153.000000
253.000000
172.000000
87.000000
97.000000
198.000000
305.000000
305.000000
600.000000
1065.000000
191.000000
204.000000
340.000000
46.000000
309.000000
526.000000
760.000000
140.000000
713.000000
6072.000000
112.000000
6111.000000
670.000000
42.000000
452.000000
1519.000000
56.000000
138.000000
470.000000
69.000000
121.000000
235.000000
772.000000
181.000000
434.000000
429.000000
135.000000
191.000000
6585.000000
441.000000
721.000000
489.000000
1515.000000
2633.000000
166.000000
205.000000
534.000000
190.000000
198.000000
618.000000
675.000000
383.000000
293.000000
211.000000
343.000000
494.000000
499.000000
856.000000
751.000000
111.000000
2233.000000
1341.000000
177.000000
203.000000
611.000000
380.000000
198.000000
671.000000
1545.000000
370.000000
124.000000
147.000000
269.000000
645.000000
829.000000
481.000000
112.000000
141.000000
871.000000
141.000000
256.000000
3058.000000
481.000000
459.000000
115.000000
414.000000
464.000000
185.000000
7988.000000
408.000000
1399.000000
1106.000000
242.000000
1179.000000
108.000000
161.000000
76.000000
133.000000
208.000000
224.000000
61.000000
2763.000000
798.000000
170.000000
255.000000
86.000000
926.000000
182.000000
838.000000
595.000000
156.000000
269.000000
129.000000
552.000000
589.000000
118.000000
472.000000
200.000000
92.000000
685.000000
912.000000
116.000000
517.000000
659.000000
323.000000
214.000000
583.000000
672.000000
1844.000000
371.000000
490.000000
78.000000
253.000000
196.000000
1909.000000
174.000000
47.000000
412.000000
1768.000000
366.000000
659.000000
227.000000
890.000000
842.000000
25.000000
311.000000
994.000000
459.000000
295.000000
844.000000
994.000000
282.000000
571.000000
184.000000
1076.000000
3621.000000
513.000000
130.000000
798.000000
210.000000
295.000000
402.000000
748.000000
117.000000
1490.000000
834.000000
165.000000
125.000000
226.000000
212.000000
819.000000
372.000000
149.000000
1535.000000
846.000000
825.000000
331.000000
320.000000
1182.000000
1356.000000
863.000000
666.000000
230.000000
435.000000
1530.000000
120.000000
208.000000
435.000000
356.000000
476.000000
61.000000
160.000000
2383.000000
717.000000
381.000000
247.000000
207.000000
1206.000000
575.000000
429.000000
352.000000
915.000000
49.000000
40.000000
1072.000000
308.000000
204.000000
630.000000
203.000000
228.000000
309.000000
711.000000
75.000000
75.000000
58.000000
765.000000
232.000000
656.000000
432.000000
384.000000
273.000000
587.000000
105.000000
445.000000
374.000000
539.000000
239.000000
433.000000
313.000000
605.000000
1114.000000
171.000000
1262.000000
245.000000
63.000000
1198.000000
243.000000
54.000000
336.000000
515.000000
286.000000
431.000000
203.000000
570.000000
208.000000
592.000000
230.000000
2089.000000
138.000000
140.000000
144.000000
298.000000
158.000000
788.000000
141.000000
954.000000
186.000000
457.000000
204.000000
249.000000
593.000000
228.000000
310.000000
267.000000
1187.000000
337.000000
926.000000
621.000000
295.000000
274.000000
1039.000000
404.000000
368.000000
562.000000
875.000000
353.000000
943.000000
712.000000
446.000000
469.000000
351.000000
329.000000
666.000000
266.000000
139.000000
299.000000
150.000000
1179.000000
2090.000000
248.000000
120.000000
94.000000
144.000000
600.000000
357.000000
129.000000
65.000000
462.000000
244.000000
1763.000000
372.000000
213.000000
400.000000
129.000000
271.000000
170.000000
1052.000000
367.000000
397.000000
229.000000
249.000000
1148.000000
916.000000
492.000000
547.000000
95.000000
176.000000
450.000000
213.000000
425.000000
83.000000
107.000000
193.000000
188.000000
116.000000
112.000000
115.000000
705.000000
282.000000
858.000000
483.000000
304.000000
166.000000
2438.000000
319.000000
298.000000
250.000000
251.000000
428.000000
751.000000
495.000000
317.000000
697.000000
166.000000
336.000000
286.000000
217.000000
145.000000
1442.000000
201.000000
193.000000
341.000000
122.000000
719.000000
187.000000
280.000000
494.000000
632.000000
328.000000
341.000000
66.000000
1053.000000
203.000000
148.000000
372.000000
1887.000000
75.000000
571.000000
71.000000
814.000000
35.000000
21.000000
741.000000
403.000000
287.000000
700.000000
399.000000
636.000000
1689.000000
304.000000
192.000000
2130.000000
1112.000000
303.000000
212.000000
549.000000
554.000000
567.000000
730.000000
65.000000
414.000000
496.000000
97.000000
125.000000
306.000000
480.000000
304.000000
752.000000
182.000000
1093.000000
82.000000
922.000000
342.000000
272.000000
448.000000
343.000000
147.000000
1352.000000
253.000000
315.000000
336.000000
152.000000
194.000000
99.000000
2972.000000
1072.000000
227.000000
2845.000000
567.000000
381.000000
632.000000
207.000000
484.000000
285.000000
267.000000
169.000000
651.000000
354.000000
1342.000000
287.000000
1278.000000
189.000000
140.000000
110.000000
621.000000
90.000000
133.000000
933.000000
463.000000
208.000000
330.000000
191.000000
425.000000
392.000000
344.000000
219.000000
84.000000
212.000000
331.000000
162.000000
1531.000000
462.000000
2805.000000
132.000000
292.000000
281.000000
1402.000000
466.000000
261.000000
837.000000
228.000000
344.000000
1721.000000
155.000000
185.000000
764.000000
433.000000
787.000000
362.000000
367.000000
4553.000000
456.000000
600.000000
234.000000
130.000000
1039.000000
2501.000000
753.000000
408.000000
312.000000
73.000000
179.000000
1983.000000
184.000000
273.000000
239.000000
72.000000
647.000000
684.000000
135.000000
184.000000
472.000000
251.000000
1114.000000
911.000000
131.000000
538.000000
254.000000
352.000000
124.000000
1149.000000
727.000000
436.000000
527.000000
420.000000
559.000000
587.000000
2277.000000
1751.000000
256.000000
427.000000
1353.000000
303.000000
1273.000000
148.000000
1663.000000
1183.000000
645.000000
447.000000
320.000000
444.000000
1012.000000
480.000000
699.000000
106.000000
114.000000
199.000000
1063.000000
396.000000
1149.000000
328.000000
3373.000000
785.000000
102.000000
230.000000
194.000000
717.000000
663.000000
254.000000
29.000000
975.000000
915.000000
1109.000000
1041.000000
31.000000
3065.000000
496.000000
559.000000
501.000000
864.000000
479.000000
1311.000000
193.000000
421.000000
40.000000
636.000000
571.000000
91.000000
373.000000
98.000000
342.000000
424.000000
194.000000
229.000000
3961.000000
213.000000
219.000000
663.000000
163.000000
1157.000000
3388.000000
594.000000
296.000000
751.000000
574.000000
83.000000
831.000000
169.000000
391.000000
2251.000000
209.000000
433.000000
470.000000
6644.000000
257.000000
915.000000
82.000000
770.000000
1461.000000
677.000000
1159.000000
213.000000
683.000000
524.000000
1275.000000
177.000000
616.000000
938.000000
519.000000
1727.000000
428.000000
1437.000000
378.000000
274.000000
92.000000
965.000000
399.000000
1070.000000
6313.000000
1295.000000
166.000000
589.000000
966.000000
826.000000
359.000000
116.000000
567.000000
1241.000000
298.000000
668.000000
53.000000
1526.000000
579.000000
172.000000
78.000000
812.000000
365.000000
274.000000
570.000000
372.000000
220.000000
226.000000
138.000000
83.000000
179.000000
169.000000
507.000000
204.000000
1882.000000
390.000000
285.000000
165.000000
110.000000
359.000000
580.000000
168.000000
787.000000
186.000000
163.000000
257.000000
358.000000
904.000000
364.000000
4031.000000
811.000000
352.000000
888.000000
712.000000
568.000000
148.000000
741.000000
268.000000
208.000000
299.000000
663.000000
103.000000
221.000000
134.000000
86.000000
1083.000000
887.000000
395.000000
1616.000000
2086.000000
717.000000
87.000000
257.000000
147.000000
156.000000
936.000000
1253.000000
208.000000
387.000000
138.000000
1247.000000
353.000000
379.000000
1098.000000
168.000000
788.000000
296.000000
3170.000000
588.000000
265.000000
767.000000
259.000000
201.000000
575.000000
539.000000
579.000000
571.000000
