1715.000000
3688.000000
382.000000
318.000000
288.000000
753.000000
1912.000000
213.000000
1513.000000
101.000000
2617.000000
151.000000
79.000000
149.000000
487.000000
221.000000
599.000000
437.000000
444.000000
296.000000
654.000000
857.000000
495.000000
109.000000
102.000000
839.000000
279.000000
1460.000000
782.000000
151.000000
575.000000
946.000000
2348.000000
274.000000
875.000000
400.000000
2606.000000
182.000000
64.000000
103.000000
2562.000000
543.000000
665.000000
1047.000000
621.000000
303.000000
274.000000
194.000000
155.000000
2453.000000
973.000000
497.000000
182.000000
113.000000
618.000000
1548.000000
445.000000
414.000000
2710.000000
175.000000
158.000000
34.000000
649.000000
455.000000
173.000000
342.000000
123.000000
179.000000
246.000000
608.000000
318.000000
203.000000
651.000000
482.000000
182.000000
284.000000
76.000000
174.000000
446.000000
108.000000
590.000000
531.000000
237.000000
492.000000
359.000000
1176.000000
428.000000
1689.000000
354.000000
327.000000
995.000000
1301.000000
146.000000
1298.000000
1123.000000
272.000000
245.000000
126.000000
294.000000
501.000000
361.000000
130.000000
487.000000
368.000000
1003.000000
803.000000
1430.000000
44.000000
1294.000000
211.000000
539.000000
290.000000
176.000000
499.000000
539.000000
974.000000
570.000000
281.000000
299.000000
544.000000
725.000000
480.000000
178.000000
786.000000
290.000000
975.000000
425.000000
246.000000
238.000000
345.000000
859.000000
162.000000
269.000000
458.000000
2106.000000
587.000000
331.000000
472.000000
634.000000
626.000000
282.000000
90.000000
419.000000
914.000000
378.000000
339.000000
3023.000000
944.000000
1322.000000
144.000000
272.000000
124.000000
1612.000000
99.000000
223.000000
611.000000
990.000000
1162.000000
770.000000
229.000000
408.000000
1277.000000
784.000000
795.000000
301.000000
258.000000
1613.000000
941.000000
215.000000
119.000000
753.000000
894.000000
2932.000000
357.000000
246.000000
888.000000
185.000000
337.000000
144.000000
212.000000
516.000000
422.000000
803.000000
905.000000
327.000000
433.000000
1950.000000
1016.000000
673.000000
806.000000
2036.000000
15.000000
104.000000
327.000000
717.000000
187.000000
3421.000000
705.000000
639.000000
356.000000
589.000000
298.000000
101.000000
389.000000
340.000000
838.000000
100.000000
2266.000000
1026.000000
1115.000000
3172.000000
68.000000
993.000000
396.000000
1160.000000
178.000000
487.000000
562.000000
3308.000000
890.000000
534.000000
885.000000
51.000000
220.000000
565.000000
232.000000
512.000000
241.000000
763.000000
805.000000
1514.000000
868.000000
893.000000
97.000000
147.000000
1267.000000
209.000000
464.000000
277.000000
252.000000
294.000000
214.000000
194.000000
985.000000
1546.000000
436.000000
134.000000
176.000000
146.000000
403.000000
137.000000
295.000000
328.000000
375.000000
310.000000
537.000000
223.000000
268.000000
1688.000000
7836.000000
364.000000
2298.000000
119.000000
268.000000
251.000000
610.000000
650.000000
297.000000
259.000000
2740.000000
168.000000
1442.000000
2554.000000
1008.000000
329.000000
813.000000
266.000000
464.000000
757.000000
406.000000
162.000000
1314.000000
3183.000000
303.000000
277.000000
161.000000
264.000000
609.000000
238.000000
469.000000
597.000000
478.000000
2357.000000
201.000000
1140.000000
796.000000
212.000000
396.000000
372.000000
1019.000000
621.000000
131.000000
314.000000
49.000000
468.000000
1161.000000
1107.000000
368.000000
186.000000
555.000000
252.000000
170.000000
1142.000000
202.000000
2338.000000
3047.000000
1417.000000
601.000000
332.000000
347.000000
1198.000000
174.000000
238.000000
68.000000
1622.000000
119.000000
672.000000
1158.000000
194.000000
381.000000
230.000000
125.000000
699.000000
671.000000
293.000000
1212.000000
143.000000
214.000000
191.000000
43.000000
1011.000000
434.000000
374.000000
180.000000
190.000000
198.000000
162.000000
1327.000000
4578.000000
483.000000
209.000000
367.000000
285.000000
819.000000
551.000000
274.000000
749.000000
1090.000000
418.000000
4809.000000
210.000000
437.000000
128.000000
42.000000
149.000000
305.000000
759.000000
455.000000
178.000000
132.000000
209.000000
197.000000
99.000000
579.000000
188.000000
259.000000
220.000000
159.000000
1321.000000
258.000000
151.000000
880.000000
98.000000
171.000000
270.000000
171.000000
1397.000000
300.000000
365.000000
481.000000
215.000000
783.000000
2131.000000
173.000000
386.000000
586.000000
401.000000
413.000000
1275.000000
75.000000
1127.000000
118.000000
114.000000
484.000000
149.000000
838.000000
312.000000
355.000000
791.000000
417.000000
522.000000
257.000000
323.000000
203.000000
1918.000000
725.000000
552.000000
171.000000
581.000000
473.000000
1793.000000
133.000000
193.000000
254.000000
8328.000000
352.000000
149.000000
230.000000
558.000000
141.000000
677.000000
290.000000
539.000000
1743.000000
234.000000
2987.000000
793.000000
10392.000000
48.000000
130.000000
169.000000
2476.000000
221.000000
502.000000
276.000000
1751.000000
424.000000
1036.000000
877.000000
175.000000
1045.000000
305.000000
2003.000000
906.000000
451.000000
571.000000
397.000000
658.000000
446.000000
432.000000
108.000000
769.000000
165.000000
177.000000
334.000000
309.000000
380.000000
849.000000
1446.000000
469.000000
499.000000
180.000000
982.000000
286.000000
137.000000
795.000000
837.000000
609.000000
246.000000
297.000000
662.000000
218.000000
882.000000
95.000000
549.000000
383.000000
177.000000
76.000000
1127.000000
1953.000000
158.000000
524.000000
875.000000
299.000000
221.000000
1591.000000
153.000000
670.000000
301.000000
1448.000000
879.000000
3452.000000
776.000000
689.000000
980.000000
903.000000
336.000000
364.000000
959.000000
2682.000000
1073.000000
352.000000
179.000000
324.000000
214.000000
1480.000000
364.000000
864.000000
359.000000
204.000000
42.000000
376.000000
146.000000
742.000000
411.000000
1082.000000
1441.000000
333.000000
116.000000
324.000000
200.000000
524.000000
462.000000
669.000000
250.000000
325.000000
91.000000
3304.000000
92.000000
74.000000
154.000000
225.000000
102.000000
505.000000
1152.000000
349.000000
730.000000
784.000000
477.000000
456.000000
869.000000
350.000000
103.000000
153.000000
42.000000
585.000000
332.000000
1266.000000
365.000000
398.000000
747.000000
119.000000
256.000000
334.000000
248.000000
809.000000
934.000000
902.000000
257.000000
350.000000
447.000000
335.000000
443.000000
83.000000
292.000000
1102.000000
798.000000
593.000000
213.000000
206.000000
153.000000
477.000000
398.000000
135.000000
1294.000000
271.000000
136.000000
360.000000
1411.000000
1155.000000
1404.000000
532.000000
391.000000
102.000000
130.000000
1412.000000
326.000000
845.000000
147.000000
1307.000000
1095.000000
404.000000
451.000000
49.000000
331.000000
278.000000
211.000000
424.000000
235.000000
141.000000
291.000000
388.000000
200.000000
215.000000
675.000000
195.000000
101.000000
1416.000000
353.000000
120.000000
933.000000
322.000000
248.000000
1297.000000
514.000000
1237.000000
131.000000
1998.000000
596.000000
456.000000
547.000000
307.000000
235.000000
1277.000000
132.000000
543.000000
108.000000
152.000000
437.000000
1433.000000
634.000000
137.000000
255.000000
2631.000000
321.000000
1323.000000
274.000000
361.000000
770.000000
373.000000
1052.000000
120.000000
605.000000
1131.000000
126.000000
367.000000
177.000000
434.000000
1558.000000
543.000000
236.000000
110.000000
1106.000000
760.000000
1864.000000
223.000000
345.000000
3043.000000
602.000000
442.000000
344.000000
280.000000
1793.000000
410.000000
116.000000
1144.000000
565.000000
28.000000
1624.000000
534.000000
492.000000
1163.000000
115.000000
129.000000
655.000000
1704.000000
150.000000
518.000000
1649.000000
2150.000000
48.000000
385.000000
246.000000
629.000000
146.000000
243.000000
882.000000
1748.000000
2308.000000
106.000000
162.000000
522.000000
707.000000
274.000000
690.000000
1152.000000
223.000000
466.000000
132.000000
1494.000000
426.000000
1621.000000
1000.000000
91.000000
778.000000
615.000000
1710.000000
1362.000000
2036.000000
406.000000
939.000000
237.000000
55.000000
292.000000
259.000000
466.000000
114.000000
868.000000
281.000000
811.000000
872.000000
995.000000
344.000000
228.000000
172.000000
1135.000000
905.000000
806.000000
298.000000
476.000000
364.000000
695.000000
271.000000
13894.000000
896.000000
558.000000
243.000000
144.000000
189.000000
783.000000
432.000000
699.000000
97.000000
340.000000
362.000000
527.000000
392.000000
775.000000
539.000000
771.000000
1640.000000
289.000000
351.000000
865.000000
413.000000
127.000000
107.000000
4457.000000
1252.000000
892.000000
6258.000000
172.000000
2667.000000
415.000000
981.000000
231.000000
630.000000
321.000000
150.000000
385.000000
117.000000
95.000000
1350.000000
1881.000000
1851.000000
261.000000
926.000000
1376.000000
482.000000
125.000000
55.000000
290.000000
409.000000
1839.000000
1065.000000
4721.000000
953.000000
428.000000
608.000000
588.000000
695.000000
91.000000
244.000000
742.000000
341.000000
267.000000
2551.000000
895.000000
350.000000
862.000000
2201.000000
1524.000000
887.000000
328.000000
295.000000
253.000000
366.000000
1256.000000
103.000000
59.000000
37.000000
198.000000
345.000000
451.000000
240.000000
141.000000
171.000000
660.000000
542.000000
315.000000
810.000000
1318.000000
41.000000
679.000000
517.000000
403.000000
432.000000
282.000000
340.000000
154.000000
272.000000
85.000000
616.000000
134.000000
181.000000
374.000000
98.000000
387.000000
452.000000
439.000000
451.000000
484.000000
228.000000
529.000000
2537.000000
2221.000000
836.000000
898.000000
3084.000000
787.000000
605.000000
2813.000000
3320.000000
332.000000
365.000000
779.000000
79.000000
123.000000
2425.000000
273.000000
193.000000
675.000000
427.000000
502.000000
500.000000
459.000000
1021.000000
3606.000000
579.000000
260.000000
1226.000000
282.000000
937.000000
220.000000
559.000000
51.000000
329.000000
2342.000000
231.000000
328.000000
489.000000
408.000000
255.000000
7245.000000
654.000000
303.000000
569.000000
164.000000
607.000000
275.000000
65.000000
401.000000
537.000000
34.000000
64.000000
481.000000
2569.000000
72.000000
931.000000
272.000000
469.000000
620.000000
436.000000
1288.000000
406.000000
90.000000
91.000000
175.000000
65.000000
261.000000
222.000000
1866.000000
340.000000
815.000000
1612.000000
147.000000
142.000000
2512.000000
512.000000
86.000000
437.000000
284.000000
558.000000
306.000000
66.000000
124.000000
651.000000
140.000000
1234.000000
937.000000
146.000000
461.000000
426.000000
279.000000
976.000000
243.000000
371.000000
476.000000
1161.000000
363.000000
642.000000
679.000000
450.000000
260.000000
369.000000
1717.000000
1387.000000
290.000000
372.000000
917.000000
313.000000
1012.000000
873.000000
259.000000
94.000000
399.000000
2797.000000
146.000000
2254.000000
700.000000
198.000000
529.000000
650.000000
167.000000
48.000000
547.000000
623.000000
1863.000000
461.000000
457.000000
126.000000
313.000000
846.000000
349.000000
1334.000000
808.000000
314.000000
1537.000000
1623.000000
491.000000
326.000000
1685.000000
630.000000
225.000000
2462.000000
342.000000
776.000000
681.000000
6535.000000
470.000000
