297.000000
223.000000
1281.000000
1768.000000
881.000000
117.000000
49.000000
125.000000
298.000000
472.000000
809.000000
283.000000
415.000000
164.000000
837.000000
79.000000
3245.000000
517.000000
118.000000
614.000000
109.000000
740.000000
1334.000000
227.000000
1716.000000
720.000000
174.000000
299.000000
910.000000
669.000000
215.000000
396.000000
407.000000
416.000000
681.000000
929.000000
56.000000
1175.000000
166.000000
686.000000
927.000000
729.000000
272.000000
908.000000
1396.000000
403.000000
617.000000
172.000000
329.000000
1903.000000
652.000000
2818.000000
202.000000
1079.000000
305.000000
593.000000
63.000000
3099.000000
375.000000
176.000000
63.000000
657.000000
317.000000
455.000000
568.000000
437.000000
2168.000000
1172.000000
341.000000
241.000000
818.000000
546.000000
670.000000
172.000000
2708.000000
487.000000
538.000000
483.000000
418.000000
344.000000
161.000000
1284.000000
1169.000000
467.000000
708.000000
39.000000
321.000000
1243.000000
197.000000
277.000000
623.000000
1014.000000
403.000000
876.000000
249.000000
313.000000
70.000000
226.000000
145.000000
114.000000
174.000000
482.000000
472.000000
464.000000
1923.000000
126.000000
356.000000
744.000000
365.000000
221.000000
801.000000
477.000000
479.000000
673.000000
359.000000
573.000000
1340.000000
757.000000
1320.000000
112.000000
144.000000
53.000000
636.000000
210.000000
319.000000
328.000000
405.000000
57.000000
1313.000000
384.000000
1080.000000
217.000000
518.000000
344.000000
77.000000
139.000000
127.000000
417.000000
224.000000
197.000000
894.000000
276.000000
193.000000
285.000000
247.000000
344.000000
667.000000
1169.000000
1805.000000
217.000000
251.000000
94.000000
4686.000000
491.000000
242.000000
5817.000000
3188.000000
215.000000
1496.000000
1318.000000
710.000000
716.000000
614.000000
221.000000
5001.000000
308.000000
275.000000
1268.000000
530.000000
379.000000
348.000000
446.000000
496.000000
388.000000
390.000000
57.000000
291.000000
233.000000
559.000000
846.000000
36.000000
1057.000000
190.000000
282.000000
60.000000
152.000000
1200.000000
208.000000
1407.000000
672.000000
278.000000
1135.000000
1090.000000
342.000000
153.000000
322.000000
461.000000
180.000000
1346.000000
766.000000
1290.000000
571.000000
2208.000000
497.000000
4036.000000
1099.000000
283.000000
526.000000
658.000000
1196.000000
221.000000
614.000000
1788.000000
608.000000
294.000000
729.000000
318.000000
446.000000
75.000000
217.000000
861.000000
430.000000
640.000000
1576.000000
244.000000
188.000000
498.000000
706.000000
2133.000000
1733.000000
2033.000000
3412.000000
57.000000
417.000000
249.000000
728.000000
724.000000
104.000000
385.000000
402.000000
959.000000
182.000000
283.000000
602.000000
106.000000
824.000000
468.000000
99.000000
499.000000
173.000000
227.000000
763.000000
823.000000
194.000000
236.000000
328.000000
116.000000
472.000000
23.000000
719.000000
312.000000
356.000000
1848.000000
432.000000
446.000000
340.000000
4761.000000
239.000000
2358.000000
125.000000
272.000000
264.000000
817.000000
67.000000
974.000000
274.000000
2653.000000
376.000000
318.000000
997.000000
334.000000
115.000000
298.000000
2398.000000
137.000000
246.000000
320.000000
173.000000
220.000000
289.000000
760.000000
224.000000
197.000000
347.000000
1491.000000
272.000000
534.000000
1989.000000
253.000000
1042.000000
193.000000
2032.000000
358.000000
1557.000000
180.000000
941.000000
141.000000
134.000000
259.000000
1138.000000
699.000000
167.000000
155.000000
197.000000
200.000000
624.000000
1276.000000
232.000000
595.000000
633.000000
561.000000
180.000000
113.000000
250.000000
208.000000
666.000000
72.000000
852.000000
182.000000
739.000000
98.000000
428.000000
1300.000000
3386.000000
211.000000
348.000000
179.000000
454.000000
1692.000000
1493.000000
415.000000
1677.000000
416.000000
262.000000
351.000000
1862.000000
962.000000
1046.000000
2978.000000
240.000000
747.000000
396.000000
474.000000
421.000000
1027.000000
673.000000
406.000000
209.000000
1943.000000
546.000000
427.000000
964.000000
304.000000
452.000000
175.000000
205.000000
57.000000
309.000000
701.000000
386.000000
819.000000
390.000000
1002.000000
210.000000
1056.000000
700.000000
93.000000
984.000000
174.000000
3491.000000
625.000000
526.000000
433.000000
597.000000
286.000000
296.000000
1049.000000
707.000000
1808.000000
186.000000
264.000000
61.000000
1497.000000
381.000000
262.000000
638.000000
3961.000000
64.000000
118.000000
229.000000
216.000000
141.000000
480.000000
460.000000
714.000000
1178.000000
120.000000
565.000000
310.000000
633.000000
553.000000
179.000000
443.000000
237.000000
101.000000
199.000000
1989.000000
563.000000
2316.000000
1446.000000
897.000000
809.000000
209.000000
778.000000
162.000000
172.000000
166.000000
149.000000
359.000000
188.000000
1063.000000
689.000000
1764.000000
214.000000
3531.000000
94.000000
2000.000000
116.000000
514.000000
429.000000
114.000000
120.000000
857.000000
1686.000000
101.000000
138.000000
165.000000
178.000000
294.000000
800.000000
714.000000
309.000000
65.000000
287.000000
192.000000
218.000000
3226.000000
230.000000
415.000000
569.000000
151.000000
943.000000
1424.000000
144.000000
854.000000
170.000000
3505.000000
785.000000
105.000000
91.000000
611.000000
117.000000
225.000000
1129.000000
2953.000000
175.000000
451.000000
350.000000
437.000000
297.000000
206.000000
4922.000000
206.000000
25.000000
151.000000
824.000000
373.000000
56.000000
1087.000000
390.000000
502.000000
1225.000000
481.000000
286.000000
97.000000
194.000000
1038.000000
1819.000000
2065.000000
99.000000
359.000000
783.000000
1397.000000
342.000000
1251.000000
59.000000
1799.000000
173.000000
531.000000
146.000000
602.000000
483.000000
331.000000
2529.000000
2071.000000
78.000000
559.000000
295.000000
668.000000
454.000000
240.000000
68.000000
267.000000
203.000000
146.000000
245.000000
1004.000000
133.000000
2312.000000
190.000000
802.000000
158.000000
236.000000
484.000000
434.000000
585.000000
225.000000
92.000000
314.000000
52.000000
128.000000
22.000000
1013.000000
212.000000
288.000000
358.000000
115.000000
510.000000
385.000000
156.000000
470.000000
297.000000
355.000000
518.000000
417.000000
131.000000
2486.000000
484.000000
687.000000
261.000000
1213.000000
74.000000
408.000000
922.000000
116.000000
460.000000
254.000000
611.000000
269.000000
1375.000000
2415.000000
597.000000
241.000000
51.000000
2157.000000
383.000000
1767.000000
524.000000
128.000000
227.000000
1034.000000
440.000000
75.000000
282.000000
1174.000000
231.000000
5471.000000
153.000000
438.000000
889.000000
1031.000000
203.000000
214.000000
652.000000
937.000000
342.000000
155.000000
629.000000
345.000000
700.000000
40.000000
562.000000
223.000000
415.000000
3613.000000
193.000000
392.000000
284.000000
385.000000
246.000000
769.000000
245.000000
317.000000
656.000000
198.000000
308.000000
183.000000
368.000000
536.000000
1297.000000
477.000000
333.000000
215.000000
882.000000
312.000000
229.000000
218.000000
321.000000
417.000000
319.000000
442.000000
77.000000
143.000000
1383.000000
1469.000000
516.000000
130.000000
163.000000
98.000000
753.000000
942.000000
257.000000
225.000000
200.000000
841.000000
87.000000
249.000000
221.000000
845.000000
281.000000
387.000000
253.000000
186.000000
486.000000
1501.000000
139.000000
843.000000
322.000000
444.000000
1041.000000
512.000000
325.000000
169.000000
69.000000
410.000000
1049.000000
72.000000
152.000000
170.000000
281.000000
287.000000
814.000000
682.000000
220.000000
701.000000
274.000000
248.000000
1219.000000
90.000000
231.000000
118.000000
447.000000
188.000000
86.000000
241.000000
100.000000
1417.000000
236.000000
117.000000
1911.000000
905.000000
283.000000
163.000000
313.000000
1002.000000
274.000000
2715.000000
1604.000000
474.000000
139.000000
99.000000
35.000000
613.000000
199.000000
1027.000000
2155.000000
327.000000
3059.000000
75.000000
352.000000
610.000000
1426.000000
1070.000000
57.000000
149.000000
318.000000
1601.000000
223.000000
98.000000
491.000000
984.000000
575.000000
209.000000
505.000000
38.000000
364.000000
447.000000
457.000000
135.000000
148.000000
613.000000
31.000000
3661.000000
298.000000
262.000000
281.000000
279.000000
343.000000
1060.000000
225.000000
413.000000
957.000000
369.000000
1441.000000
246.000000
507.000000
1091.000000
427.000000
472.000000
728.000000
271.000000
3461.000000
3025.000000
294.000000
1241.000000
341.000000
744.000000
520.000000
535.000000
838.000000
468.000000
204.000000
1609.000000
57.000000
1329.000000
358.000000
1667.000000
180.000000
226.000000
532.000000
1162.000000
1342.000000
222.000000
3139.000000
791.000000
1777.000000
208.000000
330.000000
179.000000
550.000000
2969.000000
135.000000
153.000000
357.000000
807.000000
167.000000
590.000000
514.000000
307.000000
1091.000000
91.000000
134.000000
387.000000
162.000000
67.000000
313.000000
559.000000
591.000000
1672.000000
537.000000
449.000000
140.000000
1627.000000
225.000000
312.000000
212.000000
575.000000
634.000000
534.000000
459.000000
127.000000
222.000000
271.000000
595.000000
258.000000
2920.000000
726.000000
1281.000000
1442.000000
6221.000000
161.000000
71.000000
210.000000
396.000000
32.000000
513.000000
384.000000
542.000000
806.000000
118.000000
382.000000
554.000000
344.000000
250.000000
306.000000
91.000000
1139.000000
167.000000
116.000000
1438.000000
3646.000000
96.000000
734.000000
773.000000
164.000000
150.000000
536.000000
891.000000
1279.000000
1003.000000
1907.000000
321.000000
619.000000
206.000000
523.000000
219.000000
105.000000
2831.000000
1630.000000
131.000000
1626.000000
4665.000000
1767.000000
92.000000
1615.000000
202.000000
508.000000
161.000000
441.000000
197.000000
786.000000
232.000000
328.000000
613.000000
695.000000
611.000000
223.000000
160.000000
575.000000
284.000000
532.000000
48.000000
542.000000
310.000000
859.000000
447.000000
844.000000
2390.000000
410.000000
126.000000
1237.000000
205.000000
289.000000
699.000000
1114.000000
139.000000
319.000000
798.000000
408.000000
569.000000
62.000000
965.000000
54.000000
1028.000000
130.000000
157.000000
257.000000
108.000000
127.000000
343.000000
1951.000000
508.000000
82.000000
2386.000000
276.000000
405.000000
482.000000
1417.000000
1487.000000
60.000000
582.000000
1421.000000
65.000000
707.000000
505.000000
197.000000
174.000000
616.000000
85.000000
253.000000
1142.000000
1290.000000
3555.000000
163.000000
2231.000000
101.000000
291.000000
190.000000
103.000000
107.000000
1275.000000
1007.000000
703.000000
5447.000000
459.000000
695.000000
538.000000
273.000000
518.000000
363.000000
360.000000
65.000000
254.000000
97.000000
206.000000
731.000000
3565.000000
1405.000000
984.000000
211.000000
45.000000
143.000000
925.000000
598.000000
873.000000
554.000000
96.000000
452.000000
125.000000
337.000000
830.000000
438.000000
284.000000
274.000000
604.000000
2167.000000
1100.000000
2939.000000
121.000000
346.000000
797.000000
1777.000000
1222.000000
1232.000000
229.000000
550.000000
196.000000
118.000000
260.000000
237.000000
186.000000
160.000000
28.000000
798.000000
148.000000
143.000000
172.000000
826.000000
244.000000
273.000000
