521.000000
275.000000
248.000000
355.000000
2753.000000
330.000000
106.000000
479.000000
962.000000
248.000000
477.000000
125.000000
43.000000
230.000000
236.000000
108.000000
90.000000
515.000000
301.000000
1415.000000
649.000000
165.000000
1236.000000
157.000000
778.000000
508.000000
603.000000
179.000000
279.000000
125.000000
4508.000000
283.000000
151.000000
457.000000
311.000000
674.000000
489.000000
676.000000
973.000000
1134.000000
1907.000000
1284.000000
441.000000
2590.000000
183.000000
977.000000
248.000000
106.000000
58.000000
18.000000
240.000000
177.000000
138.000000
829.000000
208.000000
155.000000
847.000000
285.000000
58.000000
3394.000000
74.000000
903.000000
378.000000
162.000000
657.000000
107.000000
2846.000000
691.000000
596.000000
753.000000
98.000000
158.000000
401.000000
1230.000000
373.000000
212.000000
645.000000
49.000000
471.000000
80.000000
2021.000000
175.000000
369.000000
1191.000000
137.000000
246.000000
850.000000
92.000000
866.000000
469.000000
175.000000
1379.000000
308.000000
665.000000
167.000000
704.000000
184.000000
2985.000000
628.000000
1367.000000
1574.000000
2480.000000
301.000000
202.000000
1032.000000
156.000000
163.000000
769.000000
458.000000
463.000000
440.000000
89.000000
652.000000
133.000000
1771.000000
972.000000
824.000000
93.000000
264.000000
388.000000
68.000000
610.000000
334.000000
1886.000000
552.000000
226.000000
457.000000
1059.000000
579.000000
152.000000
310.000000
98.000000
789.000000
612.000000
223.000000
482.000000
111.000000
105.000000
153.000000
433.000000
416.000000
227.000000
1375.000000
2064.000000
1991.000000
1131.000000
200.000000
207.000000
2149.000000
367.000000
397.000000
450.000000
307.000000
284.000000
1958.000000
241.000000
429.000000
575.000000
117.000000
2582.000000
118.000000
1190.000000
657.000000
358.000000
173.000000
476.000000
334.000000
266.000000
818.000000
360.000000
141.000000
122.000000
756.000000
1385.000000
232.000000
2446.000000
1367.000000
225.000000
532.000000
78.000000
277.000000
433.000000
531.000000
199.000000
135.000000
2747.000000
65.000000
1269.000000
3717.000000
178.000000
168.000000
215.000000
687.000000
1214.000000
309.000000
698.000000
209.000000
342.000000
384.000000
184.000000
2564.000000
1661.000000
849.000000
405.000000
169.000000
137.000000
2608.000000
305.000000
258.000000
381.000000
573.000000
821.000000
33.000000
434.000000
837.000000
1307.000000
421.000000
359.000000
459.000000
262.000000
207.000000
381.000000
130.000000
386.000000
183.000000
957.000000
423.000000
52.000000
495.000000
899.000000
115.000000
751.000000
625.000000
268.000000
523.000000
278.000000
325.000000
896.000000
710.000000
234.000000
88.000000
626.000000
836.000000
400.000000
396.000000
272.000000
232.000000
648.000000
1288.000000
85.000000
95.000000
1224.000000
672.000000
369.000000
372.000000
473.000000
268.000000
1125.000000
369.000000
656.000000
138.000000
168.000000
2354.000000
1644.000000
167.000000
1158.000000
141.000000
338.000000
391.000000
565.000000
5019.000000
604.000000
141.000000
588.000000
111.000000
695.000000
771.000000
1718.000000
414.000000
121.000000
364.000000
59.000000
127.000000
575.000000
1002.000000
127.000000
1878.000000
615.000000
235.000000
506.000000
798.000000
531.000000
765.000000
1524.000000
47.000000
136.000000
459.000000
251.000000
838.000000
364.000000
153.000000
198.000000
280.000000
321.000000
531.000000
685.000000
364.000000
325.000000
615.000000
305.000000
187.000000
240.000000
869.000000
434.000000
246.000000
311.000000
493.000000
316.000000
475.000000
475.000000
1194.000000
140.000000
384.000000
292.000000
623.000000
59.000000
2465.000000
753.000000
1221.000000
1220.000000
36.000000
421.000000
719.000000
614.000000
344.000000
77.000000
865.000000
193.000000
549.000000
385.000000
748.000000
853.000000
204.000000
658.000000
173.000000
219.000000
1877.000000
858.000000
66.000000
52.000000
33.000000
686.000000
444.000000
571.000000
1652.000000
486.000000
297.000000
193.000000
319.000000
676.000000
1365.000000
332.000000
236.000000
233.000000
160.000000
401.000000
610.000000
204.000000
517.000000
518.000000
357.000000
679.000000
434.000000
79.000000
145.000000
319.000000
774.000000
734.000000
1016.000000
95.000000
1492.000000
262.000000
386.000000
1325.000000
1724.000000
1421.000000
706.000000
401.000000
191.000000
311.000000
1116.000000
78.000000
740.000000
252.000000
203.000000
302.000000
169.000000
140.000000
235.000000
470.000000
495.000000
456.000000
789.000000
674.000000
974.000000
126.000000
456.000000
730.000000
1156.000000
107.000000
1964.000000
535.000000
122.000000
369.000000
547.000000
133.000000
289.000000
514.000000
369.000000
216.000000
1581.000000
887.000000
221.000000
211.000000
75.000000
512.000000
626.000000
353.000000
46.000000
1403.000000
287.000000
139.000000
149.000000
1552.000000
120.000000
266.000000
824.000000
104.000000
972.000000
2391.000000
2880.000000
755.000000
208.000000
415.000000
93.000000
546.000000
63.000000
238.000000
200.000000
219.000000
3576.000000
2514.000000
547.000000
1232.000000
928.000000
4344.000000
1188.000000
468.000000
92.000000
1125.000000
149.000000
324.000000
227.000000
132.000000
434.000000
1469.000000
282.000000
677.000000
353.000000
268.000000
1826.000000
269.000000
378.000000
3218.000000
1020.000000
3436.000000
1539.000000
242.000000
2657.000000
170.000000
272.000000
375.000000
129.000000
442.000000
3418.000000
982.000000
373.000000
200.000000
748.000000
276.000000
1076.000000
511.000000
276.000000
647.000000
446.000000
60.000000
203.000000
979.000000
232.000000
311.000000
177.000000
113.000000
50.000000
142.000000
696.000000
131.000000
564.000000
1684.000000
250.000000
677.000000
461.000000
317.000000
489.000000
251.000000
368.000000
436.000000
419.000000
120.000000
485.000000
1326.000000
478.000000
383.000000
473.000000
740.000000
247.000000
204.000000
28.000000
140.000000
73.000000
511.000000
196.000000
410.000000
767.000000
760.000000
363.000000
1251.000000
763.000000
97.000000
481.000000
279.000000
89.000000
519.000000
167.000000
581.000000
252.000000
633.000000
933.000000
544.000000
1069.000000
1057.000000
2852.000000
635.000000
166.000000
1042.000000
239.000000
185.000000
239.000000
1561.000000
881.000000
441.000000
58.000000
295.000000
215.000000
595.000000
1110.000000
126.000000
784.000000
244.000000
35.000000
1435.000000
419.000000
860.000000
78.000000
127.000000
261.000000
652.000000
1247.000000
249.000000
429.000000
156.000000
3635.000000
239.000000
617.000000
59.000000
118.000000
1229.000000
2813.000000
197.000000
167.000000
187.000000
2221.000000
150.000000
583.000000
494.000000
1652.000000
158.000000
77.000000
239.000000
206.000000
258.000000
253.000000
601.000000
458.000000
1390.000000
154.000000
597.000000
628.000000
573.000000
473.000000
4119.000000
161.000000
413.000000
578.000000
1363.000000
1689.000000
216.000000
330.000000
801.000000
4754.000000
232.000000
80.000000
787.000000
1729.000000
750.000000
897.000000
211.000000
1272.000000
57.000000
706.000000
365.000000
557.000000
81.000000
528.000000
981.000000
324.000000
96.000000
625.000000
265.000000
978.000000
3665.000000
345.000000
134.000000
700.000000
345.000000
179.000000
1572.000000
1767.000000
229.000000
285.000000
621.000000
3620.000000
347.000000
528.000000
50.000000
1028.000000
462.000000
292.000000
476.000000
62.000000
451.000000
426.000000
2562.000000
122.000000
147.000000
165.000000
93.000000
546.000000
464.000000
484.000000
495.000000
3336.000000
79.000000
255.000000
69.000000
1029.000000
1573.000000
331.000000
68.000000
348.000000
744.000000
1922.000000
1815.000000
2641.000000
121.000000
2147.000000
365.000000
686.000000
1292.000000
325.000000
439.000000
2486.000000
59.000000
348.000000
28.000000
465.000000
308.000000
253.000000
191.000000
941.000000
111.000000
182.000000
478.000000
249.000000
113.000000
60.000000
324.000000
302.000000
627.000000
145.000000
356.000000
846.000000
1086.000000
571.000000
738.000000
348.000000
685.000000
351.000000
2579.000000
394.000000
25.000000
323.000000
152.000000
1172.000000
120.000000
261.000000
2217.000000
235.000000
94.000000
623.000000
1030.000000
111.000000
84.000000
95.000000
1174.000000
151.000000
685.000000
591.000000
227.000000
94.000000
97.000000
417.000000
4867.000000
826.000000
807.000000
734.000000
436.000000
1790.000000
314.000000
703.000000
171.000000
1120.000000
366.000000
419.000000
689.000000
5104.000000
537.000000
186.000000
486.000000
234.000000
120.000000
469.000000
54.000000
405.000000
1753.000000
483.000000
3280.000000
936.000000
359.000000
480.000000
334.000000
626.000000
391.000000
86.000000
177.000000
728.000000
2104.000000
241.000000
974.000000
457.000000
2467.000000
856.000000
684.000000
215.000000
275.000000
164.000000
1088.000000
340.000000
248.000000
363.000000
26.000000
704.000000
538.000000
1654.000000
616.000000
763.000000
148.000000
389.000000
297.000000
221.000000
217.000000
226.000000
625.000000
435.000000
1857.000000
535.000000
670.000000
73.000000
273.000000
100.000000
339.000000
369.000000
1076.000000
453.000000
321.000000
398.000000
248.000000
459.000000
3001.000000
1433.000000
63.000000
604.000000
4422.000000
197.000000
116.000000
212.000000
72.000000
2069.000000
35.000000
299.000000
448.000000
1025.000000
433.000000
84.000000
3420.000000
203.000000
247.000000
195.000000
210.000000
92.000000
554.000000
2730.000000
1943.000000
140.000000
451.000000
620.000000
480.000000
678.000000
334.000000
198.000000
184.000000
260.000000
384.000000
278.000000
41.000000
1237.000000
451.000000
339.000000
360.000000
809.000000
604.000000
415.000000
1449.000000
1270.000000
58.000000
358.000000
1016.000000
153.000000
1515.000000
302.000000
1362.000000
977.000000
1724.000000
277.000000
247.000000
129.000000
1817.000000
558.000000
76.000000
1724.000000
509.000000
212.000000
331.000000
7494.000000
384.000000
1010.000000
342.000000
516.000000
212.000000
923.000000
580.000000
534.000000
439.000000
449.000000
132.000000
305.000000
778.000000
679.000000
697.000000
500.000000
212.000000
341.000000
749.000000
988.000000
659.000000
589.000000
414.000000
198.000000
568.000000
544.000000
488.000000
153.000000
203.000000
490.000000
388.000000
589.000000
151.000000
111.000000
1728.000000
205.000000
126.000000
208.000000
75.000000
346.000000
1090.000000
1478.000000
1913.000000
838.000000
1354.000000
160.000000
3622.000000
903.000000
489.000000
1430.000000
168.000000
220.000000
41.000000
363.000000
390.000000
510.000000
721.000000
389.000000
107.000000
2193.000000
385.000000
435.000000
178.000000
270.000000
567.000000
926.000000
136.000000
298.000000
195.000000
142.000000
290.000000
256.000000
556.000000
144.000000
139.000000
2624.000000
315.000000
92.000000
462.000000
188.000000
749.000000
1480.000000
1677.000000
207.000000
118.000000
156.000000
177.000000
102.000000
108.000000
275.000000
1829.000000
3091.000000
333.000000
569.000000
1469.000000
168.000000
137.000000
199.000000
558.000000
163.000000
1492.000000
649.000000
339.000000
2599.000000
155.000000
101.000000
83.000000
219.000000
687.000000
1020.000000
152.000000
131.000000
3320.000000
202.000000
804.000000
890.000000
234.000000
