283.000000
1066.000000
2311.000000
8808.000000
230.000000
704.000000
111.000000
1123.000000
1034.000000
638.000000
354.000000
355.000000
1444.000000
488.000000
930.000000
1857.000000
305.000000
3242.000000
1855.000000
669.000000
192.000000
204.000000
1446.000000
582.000000
15.000000
1134.000000
281.000000
370.000000
86.000000
302.000000
2201.000000
717.000000
503.000000
2120.000000
186.000000
343.000000
173.000000
731.000000
219.000000
238.000000
295.000000
128.000000
1660.000000
302.000000
103.000000
108.000000
235.000000
90.000000
165.000000
441.000000
363.000000
126.000000
770.000000
266.000000
134.000000
1827.000000
229.000000
3196.000000
949.000000
728.000000
86.000000
79.000000
469.000000
2092.000000
377.000000
267.000000
522.000000
76.000000
733.000000
295.000000
229.000000
219.000000
99.000000
1144.000000
1113.000000
419.000000
200.000000
297.000000
412.000000
756.000000
362.000000
48.000000
148.000000
556.000000
1264.000000
783.000000
844.000000
723.000000
146.000000
234.000000
1380.000000
980.000000
1328.000000
206.000000
585.000000
354.000000
4777.000000
547.000000
192.000000
120.000000
115.000000
301.000000
606.000000
350.000000
889.000000
754.000000
406.000000
1111.000000
131.000000
66.000000
78.000000
252.000000
273.000000
273.000000
516.000000
292.000000
844.000000
3009.000000
713.000000
130.000000
834.000000
294.000000
1893.000000
326.000000
806.000000
98.000000
902.000000
22.000000
262.000000
326.000000
36.000000
133.000000
212.000000
888.000000
317.000000
803.000000
633.000000
43.000000
1278.000000
799.000000
527.000000
917.000000
226.000000
354.000000
58.000000
2020.000000
180.000000
842.000000
179.000000
1848.000000
1682.000000
292.000000
1188.000000
1907.000000
493.000000
10.000000
395.000000
720.000000
160.000000
489.000000
2631.000000
926.000000
195.000000
226.000000
1169.000000
898.000000
1098.000000
984.000000
1530.000000
339.000000
479.000000
328.000000
439.000000
906.000000
1293.000000
546.000000
2762.000000
167.000000
180.000000
487.000000
134.000000
775.000000
4877.000000
435.000000
805.000000
837.000000
318.000000
845.000000
2275.000000
845.000000
113.000000
13104.000000
527.000000
2576.000000
665.000000
200.000000
749.000000
734.000000
1184.000000
870.000000
114.000000
188.000000
1103.000000
3305.000000
88.000000
292.000000
1124.000000
1501.000000
165.000000
329.000000
77.000000
1529.000000
485.000000
458.000000
363.000000
300.000000
1540.000000
136.000000
519.000000
1051.000000
742.000000
443.000000
574.000000
274.000000
551.000000
413.000000
411.000000
978.000000
2123.000000
184.000000
151.000000
273.000000
473.000000
67.000000
254.000000
789.000000
245.000000
1573.000000
202.000000
372.000000
689.000000
266.000000
1074.000000
960.000000
98.000000
1652.000000
374.000000
481.000000
161.000000
1089.000000
121.000000
100.000000
1340.000000
1367.000000
345.000000
154.000000
1268.000000
202.000000
337.000000
111.000000
808.000000
475.000000
82.000000
1543.000000
685.000000
1719.000000
859.000000
379.000000
311.000000
168.000000
341.000000
1270.000000
395.000000
2031.000000
715.000000
359.000000
452.000000
225.000000
94.000000
1159.000000
197.000000
479.000000
548.000000
113.000000
909.000000
724.000000
222.000000
308.000000
420.000000
227.000000
80.000000
783.000000
1104.000000
218.000000
146.000000
343.000000
389.000000
2021.000000
179.000000
228.000000
458.000000
1413.000000
1161.000000
542.000000
608.000000
1202.000000
853.000000
166.000000
436.000000
1109.000000
995.000000
52.000000
565.000000
483.000000
229.000000
2099.000000
232.000000
200.000000
359.000000
1254.000000
262.000000
1477.000000
47.000000
178.000000
533.000000
3487.000000
453.000000
398.000000
619.000000
204.000000
372.000000
383.000000
938.000000
4736.000000
2859.000000
1334.000000
560.000000
1675.000000
377.000000
307.000000
834.000000
56.000000
177.000000
519.000000
1483.000000
1197.000000
1339.000000
123.000000
2041.000000
1148.000000
2872.000000
995.000000
69.000000
236.000000
179.000000
245.000000
250.000000
190.000000
514.000000
147.000000
833.000000
574.000000
298.000000
122.000000
72.000000
497.000000
337.000000
1277.000000
193.000000
553.000000
133.000000
579.000000
524.000000
257.000000
336.000000
3155.000000
299.000000
5926.000000
167.000000
924.000000
223.000000
900.000000
117.000000
2819.000000
119.000000
626.000000
1396.000000
340.000000
79.000000
235.000000
345.000000
79.000000
200.000000
294.000000
67.000000
906.000000
592.000000
121.000000
643.000000
303.000000
191.000000
1053.000000
885.000000
113.000000
175.000000
537.000000
281.000000
2449.000000
723.000000
119.000000
229.000000
410.000000
356.000000
178.000000
530.000000
62.000000
1426.000000
121.000000
663.000000
721.000000
283.000000
2053.000000
274.000000
35.000000
182.000000
389.000000
2183.000000
636.000000
704.000000
434.000000
1028.000000
1205.000000
855.000000
148.000000
465.000000
1860.000000
1165.000000
423.000000
991.000000
79.000000
1679.000000
57.000000
132.000000
530.000000
7515.000000
832.000000
154.000000
238.000000
737.000000
594.000000
444.000000
125.000000
1210.000000
553.000000
1613.000000
579.000000
943.000000
144.000000
38.000000
927.000000
480.000000
518.000000
553.000000
533.000000
399.000000
148.000000
446.000000
90.000000
132.000000
2152.000000
417.000000
373.000000
337.000000
152.000000
162.000000
122.000000
319.000000
765.000000
340.000000
318.000000
392.000000
367.000000
97.000000
1327.000000
460.000000
2992.000000
1472.000000
569.000000
696.000000
166.000000
1039.000000
552.000000
680.000000
101.000000
547.000000
271.000000
88.000000
226.000000
2210.000000
1173.000000
411.000000
1370.000000
1390.000000
214.000000
227.000000
420.000000
970.000000
224.000000
273.000000
311.000000
894.000000
1841.000000
225.000000
405.000000
480.000000
452.000000
103.000000
749.000000
1693.000000
197.000000
128.000000
2496.000000
158.000000
450.000000
172.000000
429.000000
1354.000000
805.000000
3074.000000
2548.000000
305.000000
783.000000
271.000000
592.000000
727.000000
446.000000
242.000000
1115.000000
293.000000
1181.000000
1293.000000
215.000000
159.000000
505.000000
198.000000
157.000000
862.000000
103.000000
172.000000
306.000000
302.000000
257.000000
240.000000
1968.000000
101.000000
7609.000000
4336.000000
6607.000000
637.000000
215.000000
205.000000
227.000000
436.000000
796.000000
2844.000000
679.000000
518.000000
111.000000
221.000000
619.000000
592.000000
216.000000
43.000000
283.000000
328.000000
642.000000
372.000000
195.000000
279.000000
1164.000000
108.000000
356.000000
607.000000
988.000000
868.000000
361.000000
502.000000
1032.000000
665.000000
1248.000000
508.000000
385.000000
253.000000
110.000000
284.000000
566.000000
81.000000
1716.000000
211.000000
327.000000
100.000000
361.000000
213.000000
533.000000
381.000000
173.000000
634.000000
7591.000000
655.000000
425.000000
669.000000
376.000000
425.000000
690.000000
7442.000000
569.000000
3513.000000
65.000000
274.000000
2108.000000
4002.000000
49.000000
1234.000000
346.000000
72.000000
194.000000
43.000000
734.000000
224.000000
1957.000000
275.000000
849.000000
1479.000000
1457.000000
983.000000
212.000000
1067.000000
234.000000
266.000000
70.000000
88.000000
229.000000
224.000000
212.000000
304.000000
1281.000000
102.000000
692.000000
901.000000
909.000000
442.000000
1155.000000
295.000000
366.000000
410.000000
175.000000
922.000000
1722.000000
1093.000000
277.000000
1668.000000
83.000000
362.000000
71.000000
304.000000
251.000000
145.000000
678.000000
1057.000000
218.000000
3064.000000
152.000000
192.000000
135.000000
611.000000
111.000000
126.000000
1082.000000
193.000000
161.000000
713.000000
1383.000000
80.000000
1853.000000
131.000000
486.000000
688.000000
504.000000
428.000000
201.000000
659.000000
533.000000
475.000000
1272.000000
355.000000
26.000000
391.000000
8119.000000
241.000000
203.000000
184.000000
369.000000
166.000000
2624.000000
284.000000
131.000000
318.000000
921.000000
2110.000000
848.000000
289.000000
4749.000000
1342.000000
226.000000
1471.000000
492.000000
1080.000000
120.000000
367.000000
472.000000
184.000000
155.000000
1212.000000
1676.000000
244.000000
582.000000
352.000000
159.000000
1479.000000
230.000000
49.000000
1604.000000
110.000000
284.000000
97.000000
205.000000
148.000000
111.000000
526.000000
157.000000
323.000000
413.000000
918.000000
478.000000
146.000000
778.000000
177.000000
514.000000
537.000000
1532.000000
829.000000
1024.000000
317.000000
1229.000000
350.000000
357.000000
494.000000
1811.000000
947.000000
193.000000
367.000000
1118.000000
446.000000
124.000000
1771.000000
295.000000
170.000000
93.000000
408.000000
453.000000
7976.000000
1754.000000
171.000000
613.000000
697.000000
107.000000
332.000000
150.000000
289.000000
661.000000
375.000000
2418.000000
783.000000
268.000000
767.000000
201.000000
76.000000
979.000000
716.000000
1747.000000
513.000000
111.000000
129.000000
1145.000000
561.000000
893.000000
2835.000000
281.000000
1586.000000
32294.000000
294.000000
2794.000000
6810.000000
2511.000000
178.000000
81.000000
453.000000
213.000000
1364.000000
628.000000
121.000000
852.000000
441.000000
1213.000000
464.000000
694.000000
1687.000000
274.000000
354.000000
623.000000
731.000000
699.000000
1471.000000
436.000000
1744.000000
442.000000
159.000000
511.000000
139.000000
4183.000000
736.000000
934.000000
839.000000
338.000000
188.000000
547.000000
803.000000
1867.000000
2541.000000
1319.000000
202.000000
117.000000
161.000000
305.000000
311.000000
56.000000
1102.000000
461.000000
644.000000
853.000000
1231.000000
339.000000
824.000000
268.000000
1181.000000
2069.000000
1263.000000
188.000000
241.000000
80.000000
794.000000
26.000000
994.000000
305.000000
3118.000000
496.000000
122.000000
105.000000
463.000000
159.000000
69.000000
1195.000000
208.000000
315.000000
1527.000000
438.000000
1349.000000
1241.000000
85.000000
252.000000
899.000000
918.000000
40.000000
271.000000
1098.000000
652.000000
507.000000
151.000000
158.000000
162.000000
579.000000
363.000000
967.000000
1505.000000
356.000000
1493.000000
1020.000000
248.000000
3236.000000
510.000000
1994.000000
511.000000
195.000000
273.000000
388.000000
51.000000
4558.000000
253.000000
568.000000
8766.000000
158.000000
1040.000000
1468.000000
323.000000
453.000000
1594.000000
97.000000
1611.000000
176.000000
2020.000000
370.000000
417.000000
983.000000
227.000000
321.000000
1288.000000
3566.000000
521.000000
276.000000
805.000000
1498.000000
1082.000000
346.000000
65.000000
320.000000
127.000000
257.000000
510.000000
315.000000
51.000000
50.000000
1695.000000
293.000000
119.000000
95.000000
132.000000
675.000000
576.000000
441.000000
265.000000
480.000000
2197.000000
1011.000000
108.000000
313.000000
360.000000
264.000000
306.000000
418.000000
462.000000
1598.000000
126.000000
516.000000
1279.000000
427.000000
2082.000000
355.000000
751.000000
133.000000
779.000000
1853.000000
365.000000
244.000000
291.000000
5399.000000
81.000000
317.000000
174.000000
92.000000
167.000000
132.000000
723.000000
383.000000
474.000000
1406.000000
344.000000
587.000000
308.000000
314.000000
361.000000
24.000000
2027.000000
3476.000000
257.000000
711.000000
373.000000
153.000000
103.000000
428.000000
389.000000
