394.000000
443.000000
749.000000
285.000000
127.000000
562.000000
374.000000
215.000000
68.000000
90.000000
231.000000
923.000000
2436.000000
495.000000
241.000000
381.000000
177.000000
62.000000
158.000000
221.000000
499.000000
60.000000
583.000000
178.000000
1277.000000
30.000000
68.000000
226.000000
584.000000
254.000000
660.000000
418.000000
353.000000
503.000000
522.000000
318.000000
227.000000
520.000000
221.000000
763.000000
2480.000000
278.000000
820.000000
844.000000
183.000000
2119.000000
219.000000
1316.000000
91.000000
227.000000
286.000000
885.000000
55.000000
814.000000
161.000000
1797.000000
549.000000
412.000000
242.000000
489.000000
489.000000
81.000000
255.000000
287.000000
1049.000000
496.000000
127.000000
609.000000
1079.000000
872.000000
543.000000
162.000000
187.000000
239.000000
175.000000
57.000000
628.000000
1154.000000
223.000000
1747.000000
964.000000
219.000000
117.000000
602.000000
1256.000000
199.000000
261.000000
937.000000
371.000000
300.000000
675.000000
763.000000
505.000000
605.000000
1627.000000
1077.000000
697.000000
654.000000
205.000000
727.000000
262.000000
524.000000
1320.000000
218.000000
542.000000
307.000000
144.000000
82.000000
264.000000
379.000000
817.000000
69.000000
1611.000000
707.000000
3213.000000
482.000000
1037.000000
385.000000
369.000000
585.000000
744.000000
199.000000
496.000000
180.000000
158.000000
1788.000000
1357.000000
1217.000000
438.000000
465.000000
1501.000000
621.000000
478.000000
668.000000
220.000000
669.000000
681.000000
167.000000
304.000000
163.000000
449.000000
111.000000
1855.000000
1094.000000
290.000000
169.000000
384.000000
5796.000000
356.000000
2231.000000
125.000000
687.000000
2152.000000
3327.000000
424.000000
203.000000
195.000000
519.000000
560.000000
418.000000
357.000000
139.000000
488.000000
660.000000
219.000000
209.000000
886.000000
260.000000
322.000000
247.000000
1116.000000
471.000000
123.000000
783.000000
743.000000
169.000000
454.000000
1338.000000
131.000000
121.000000
557.000000
596.000000
821.000000
525.000000
190.000000
3267.000000
140.000000
436.000000
564.000000
147.000000
1341.000000
658.000000
771.000000
66.000000
325.000000
86.000000
853.000000
1037.000000
156.000000
277.000000
713.000000
413.000000
392.000000
2551.000000
172.000000
120.000000
175.000000
667.000000
510.000000
1107.000000
410.000000
272.000000
159.000000
337.000000
85.000000
239.000000
1602.000000
132.000000
484.000000
637.000000
352.000000
991.000000
540.000000
389.000000
120.000000
445.000000
949.000000
1802.000000
108.000000
1916.000000
78.000000
121.000000
2321.000000
158.000000
320.000000
1551.000000
383.000000
346.000000
530.000000
557.000000
1121.000000
2252.000000
897.000000
572.000000
434.000000
83.000000
225.000000
395.000000
187.000000
1430.000000
152.000000
60.000000
107.000000
109.000000
135.000000
56.000000
226.000000
81.000000
243.000000
152.000000
720.000000
36.000000
780.000000
200.000000
33.000000
343.000000
1175.000000
3622.000000
1552.000000
597.000000
80.000000
315.000000
660.000000
160.000000
394.000000
463.000000
1270.000000
104.000000
478.000000
400.000000
358.000000
116.000000
37.000000
223.000000
358.000000
4037.000000
320.000000
369.000000
239.000000
398.000000
166.000000
105.000000
258.000000
897.000000
564.000000
108.000000
788.000000
273.000000
623.000000
1053.000000
8249.000000
711.000000
134.000000
517.000000
202.000000
1541.000000
490.000000
863.000000
317.000000
897.000000
1644.000000
70.000000
1241.000000
1728.000000
151.000000
130.000000
213.000000
671.000000
869.000000
1103.000000
1349.000000
694.000000
788.000000
338.000000
168.000000
1312.000000
52.000000
785.000000
239.000000
86.000000
864.000000
592.000000
1239.000000
532.000000
1670.000000
630.000000
913.000000
396.000000
617.000000
1388.000000
141.000000
480.000000
92.000000
45.000000
403.000000
181.000000
451.000000
110.000000
230.000000
860.000000
1272.000000
172.000000
783.000000
460.000000
77.000000
596.000000
423.000000
1300.000000
438.000000
301.000000
219.000000
300.000000
74.000000
191.000000
1551.000000
211.000000
213.000000
264.000000
493.000000
533.000000
990.000000
416.000000
1013.000000
158.000000
311.000000
2170.000000
232.000000
75.000000
359.000000
139.000000
549.000000
403.000000
329.000000
586.000000
135.000000
776.000000
1447.000000
261.000000
92.000000
1105.000000
641.000000
301.000000
173.000000
5129.000000
344.000000
1173.000000
683.000000
3115.000000
179.000000
2057.000000
95.000000
190.000000
852.000000
836.000000
98.000000
313.000000
1594.000000
246.000000
51.000000
725.000000
478.000000
100.000000
304.000000
867.000000
93.000000
2500.000000
423.000000
1706.000000
382.000000
1096.000000
615.000000
404.000000
551.000000
157.000000
81.000000
254.000000
231.000000
136.000000
1973.000000
57.000000
549.000000
374.000000
1008.000000
133.000000
380.000000
519.000000
256.000000
119.000000
262.000000
141.000000
103.000000
334.000000
337.000000
2167.000000
114.000000
186.000000
94.000000
129.000000
138.000000
775.000000
609.000000
382.000000
167.000000
757.000000
120.000000
167.000000
706.000000
484.000000
569.000000
2012.000000
595.000000
599.000000
353.000000
446.000000
271.000000
103.000000
406.000000
646.000000
610.000000
2157.000000
130.000000
425.000000
368.000000
502.000000
687.000000
151.000000
1022.000000
789.000000
1370.000000
793.000000
553.000000
1180.000000
133.000000
304.000000
1269.000000
216.000000
1707.000000
150.000000
578.000000
84.000000
331.000000
355.000000
257.000000
170.000000
229.000000
71.000000
252.000000
556.000000
1293.000000
252.000000
168.000000
1864.000000
238.000000
659.000000
557.000000
546.000000
240.000000
432.000000
350.000000
432.000000
681.000000
907.000000
1201.000000
102.000000
503.000000
740.000000
61.000000
40.000000
1582.000000
57.000000
619.000000
1344.000000
151.000000
1795.000000
2955.000000
162.000000
1345.000000
42.000000
5156.000000
1111.000000
960.000000
384.000000
492.000000
466.000000
1136.000000
1075.000000
870.000000
860.000000
591.000000
985.000000
775.000000
323.000000
560.000000
220.000000
1464.000000
536.000000
914.000000
73.000000
454.000000
1448.000000
891.000000
763.000000
309.000000
471.000000
354.000000
201.000000
897.000000
5379.000000
710.000000
185.000000
299.000000
644.000000
5203.000000
120.000000
91.000000
527.000000
360.000000
600.000000
1266.000000
218.000000
454.000000
129.000000
1773.000000
1074.000000
1026.000000
190.000000
937.000000
508.000000
775.000000
143.000000
186.000000
657.000000
474.000000
3055.000000
1301.000000
371.000000
2084.000000
288.000000
814.000000
857.000000
132.000000
68.000000
1126.000000
85.000000
1417.000000
1546.000000
562.000000
952.000000
67.000000
253.000000
486.000000
430.000000
226.000000
1549.000000
281.000000
267.000000
865.000000
4126.000000
963.000000
1722.000000
440.000000
1309.000000
376.000000
102.000000
1186.000000
1351.000000
365.000000
684.000000
287.000000
393.000000
1692.000000
443.000000
1470.000000
950.000000
2838.000000
470.000000
351.000000
1721.000000
81.000000
270.000000
361.000000
207.000000
360.000000
80.000000
980.000000
1174.000000
113.000000
3985.000000
580.000000
173.000000
1178.000000
62.000000
396.000000
3408.000000
3545.000000
192.000000
377.000000
497.000000
482.000000
946.000000
241.000000
308.000000
224.000000
780.000000
170.000000
195.000000
554.000000
363.000000
368.000000
617.000000
3978.000000
37.000000
227.000000
428.000000
868.000000
782.000000
650.000000
684.000000
1703.000000
243.000000
420.000000
4020.000000
365.000000
672.000000
643.000000
310.000000
1552.000000
338.000000
222.000000
59.000000
497.000000
586.000000
399.000000
136.000000
19.000000
86.000000
121.000000
1017.000000
493.000000
102.000000
320.000000
408.000000
1666.000000
1724.000000
632.000000
821.000000
130.000000
1894.000000
460.000000
1738.000000
147.000000
117.000000
406.000000
563.000000
887.000000
2572.000000
395.000000
1528.000000
565.000000
133.000000
531.000000
205.000000
138.000000
146.000000
1184.000000
70.000000
255.000000
733.000000
261.000000
460.000000
400.000000
584.000000
115.000000
49.000000
315.000000
272.000000
171.000000
385.000000
446.000000
337.000000
648.000000
112.000000
1143.000000
1315.000000
293.000000
797.000000
411.000000
144.000000
171.000000
516.000000
2090.000000
721.000000
3460.000000
441.000000
510.000000
830.000000
235.000000
1027.000000
55.000000
358.000000
1307.000000
86.000000
503.000000
715.000000
446.000000
219.000000
341.000000
342.000000
486.000000
115.000000
209.000000
328.000000
880.000000
322.000000
473.000000
453.000000
1162.000000
544.000000
1255.000000
228.000000
688.000000
470.000000
387.000000
460.000000
134.000000
243.000000
661.000000
540.000000
258.000000
910.000000
478.000000
1918.000000
332.000000
86.000000
142.000000
296.000000
78.000000
609.000000
274.000000
441.000000
264.000000
1410.000000
795.000000
183.000000
239.000000
130.000000
332.000000
519.000000
311.000000
302.000000
516.000000
746.000000
173.000000
792.000000
163.000000
411.000000
410.000000
435.000000
119.000000
193.000000
652.000000
199.000000
522.000000
594.000000
881.000000
703.000000
137.000000
157.000000
700.000000
387.000000
117.000000
384.000000
127.000000
50.000000
521.000000
665.000000
958.000000
588.000000
1162.000000
436.000000
253.000000
3033.000000
746.000000
381.000000
449.000000
4341.000000
94.000000
1941.000000
278.000000
160.000000
616.000000
1162.000000
406.000000
421.000000
83.000000
790.000000
1174.000000
331.000000
211.000000
404.000000
374.000000
282.000000
442.000000
424.000000
106.000000
39.000000
676.000000
589.000000
306.000000
156.000000
808.000000
1654.000000
104.000000
800.000000
3234.000000
139.000000
1222.000000
433.000000
630.000000
42.000000
568.000000
270.000000
1212.000000
737.000000
297.000000
3349.000000
238.000000
357.000000
457.000000
2112.000000
5018.000000
1055.000000
162.000000
4335.000000
317.000000
270.000000
840.000000
1309.000000
558.000000
91.000000
547.000000
164.000000
171.000000
376.000000
407.000000
43.000000
155.000000
363.000000
146.000000
75.000000
273.000000
329.000000
416.000000
1148.000000
846.000000
394.000000
528.000000
2794.000000
874.000000
488.000000
982.000000
160.000000
557.000000
379.000000
221.000000
115.000000
173.000000
272.000000
1362.000000
246.000000
42.000000
150.000000
465.000000
676.000000
79.000000
1178.000000
622.000000
552.000000
1057.000000
413.000000
178.000000
222.000000
214.000000
2224.000000
663.000000
234.000000
747.000000
712.000000
2882.000000
519.000000
941.000000
252.000000
1615.000000
237.000000
1218.000000
194.000000
414.000000
827.000000
245.000000
259.000000
132.000000
749.000000
94.000000
85.000000
241.000000
1509.000000
271.000000
628.000000
287.000000
552.000000
322.000000
241.000000
97.000000
2429.000000
322.000000
175.000000
551.000000
1818.000000
118.000000
1074.000000
2523.000000
101.000000
129.000000
162.000000
778.000000
327.000000
268.000000
91.000000
481.000000
461.000000
186.000000
373.000000
246.000000
169.000000
869.000000
1847.000000
161.000000
237.000000
188.000000
217.000000
621.000000
1370.000000
303.000000
150.000000
277.000000
237.000000
481.000000
158.000000
549.000000
521.000000
