2720.000000
96.000000
472.000000
531.000000
123.000000
741.000000
329.000000
333.000000
280.000000
159.000000
206.000000
647.000000
401.000000
1081.000000
613.000000
907.000000
807.000000
1591.000000
194.000000
761.000000
322.000000
82.000000
531.000000
372.000000
392.000000
133.000000
529.000000
160.000000
853.000000
325.000000
220.000000
1264.000000
266.000000
166.000000
29.000000
144.000000
913.000000
1297.000000
231.000000
720.000000
356.000000
433.000000
1575.000000
563.000000
205.000000
305.000000
473.000000
390.000000
1274.000000
986.000000
47.000000
523.000000
207.000000
583.000000
3373.000000
1412.000000
438.000000
270.000000
943.000000
356.000000
586.000000
361.000000
709.000000
407.000000
166.000000
1254.000000
258.000000
308.000000
434.000000
472.000000
881.000000
322.000000
129.000000
55.000000
309.000000
40.000000
881.000000
1451.000000
309.000000
371.000000
199.000000
1659.000000
108.000000
1386.000000
690.000000
1580.000000
2322.000000
128.000000
7030.000000
244.000000
1058.000000
1031.000000
634.000000
255.000000
631.000000
112.000000
353.000000
362.000000
376.000000
235.000000
623.000000
403.000000
174.000000
523.000000
444.000000
1668.000000
3181.000000
547.000000
1714.000000
148.000000
354.000000
897.000000
446.000000
334.000000
115.000000
207.000000
50.000000
1360.000000
211.000000
122.000000
189.000000
3746.000000
333.000000
306.000000
368.000000
856.000000
193.000000
95.000000
492.000000
1883.000000
1432.000000
1093.000000
1298.000000
316.000000
196.000000
641.000000
797.000000
2000.000000
311.000000
1668.000000
93.000000
523.000000
185.000000
190.000000
134.000000
1179.000000
458.000000
205.000000
87.000000
201.000000
2626.000000
1609.000000
2622.000000
137.000000
391.000000
183.000000
552.000000
225.000000
368.000000
223.000000
250.000000
212.000000
277.000000
214.000000
174.000000
1078.000000
368.000000
939.000000
1969.000000
1976.000000
1224.000000
1378.000000
568.000000
331.000000
262.000000
140.000000
759.000000
346.000000
517.000000
1560.000000
603.000000
241.000000
349.000000
237.000000
170.000000
2540.000000
338.000000
38.000000
239.000000
717.000000
107.000000
905.000000
126.000000
939.000000
165.000000
88.000000
261.000000
392.000000
969.000000
338.000000
277.000000
993.000000
29.000000
271.000000
153.000000
887.000000
804.000000
167.000000
376.000000
276.000000
315.000000
233.000000
1099.000000
267.000000
1312.000000
2197.000000
132.000000
2759.000000
94.000000
336.000000
148.000000
361.000000
477.000000
406.000000
667.000000
1140.000000
1492.000000
804.000000
680.000000
190.000000
258.000000
539.000000
454.000000
35.000000
75.000000
639.000000
682.000000
79.000000
227.000000
186.000000
68.000000
1506.000000
2605.000000
238.000000
772.000000
805.000000
409.000000
52.000000
534.000000
736.000000
458.000000
195.000000
34.000000
1318.000000
435.000000
299.000000
122.000000
430.000000
50.000000
552.000000
2385.000000
1148.000000
145.000000
3711.000000
210.000000
318.000000
655.000000
95.000000
867.000000
899.000000
84.000000
1179.000000
9072.000000
303.000000
460.000000
14.000000
933.000000
325.000000
1070.000000
116.000000
488.000000
115.000000
561.000000
980.000000
622.000000
4420.000000
287.000000
252.000000
155.000000
517.000000
763.000000
48.000000
770.000000
1735.000000
129.000000
122.000000
165.000000
110.000000
201.000000
247.000000
350.000000
525.000000
196.000000
1210.000000
65.000000
387.000000
296.000000
886.000000
345.000000
357.000000
330.000000
440.000000
224.000000
389.000000
61.000000
1118.000000
655.000000
283.000000
294.000000
645.000000
1802.000000
301.000000
315.000000
1691.000000
14.000000
1075.000000
366.000000
658.000000
574.000000
60.000000
65.000000
337.000000
69.000000
1004.000000
254.000000
392.000000
162.000000
1000.000000
136.000000
151.000000
1126.000000
34.000000
851.000000
353.000000
1048.000000
2613.000000
3200.000000
822.000000
184.000000
478.000000
76.000000
466.000000
570.000000
276.000000
107.000000
379.000000
1374.000000
236.000000
170.000000
48.000000
1952.000000
99.000000
1467.000000
523.000000
1676.000000
2096.000000
342.000000
339.000000
961.000000
304.000000
339.000000
329.000000
489.000000
1002.000000
210.000000
207.000000
2483.000000
538.000000
753.000000
301.000000
1269.000000
547.000000
127.000000
130.000000
462.000000
180.000000
125.000000
823.000000
272.000000
969.000000
367.000000
287.000000
218.000000
497.000000
293.000000
48.000000
48.000000
846.000000
169.000000
1517.000000
118.000000
444.000000
133.000000
123.000000
208.000000
77.000000
378.000000
174.000000
66.000000
278.000000
101.000000
393.000000
2941.000000
599.000000
207.000000
158.000000
1057.000000
318.000000
884.000000
88.000000
213.000000
397.000000
759.000000
1129.000000
560.000000
193.000000
2608.000000
462.000000
418.000000
536.000000
287.000000
61.000000
5529.000000
826.000000
306.000000
187.000000
372.000000
81.000000
319.000000
1480.000000
532.000000
239.000000
502.000000
512.000000
595.000000
877.000000
620.000000
961.000000
1650.000000
83.000000
305.000000
133.000000
295.000000
813.000000
60.000000
349.000000
1118.000000
437.000000
194.000000
4562.000000
637.000000
377.000000
326.000000
166.000000
164.000000
247.000000
253.000000
121.000000
252.000000
656.000000
157.000000
486.000000
442.000000
478.000000
483.000000
493.000000
103.000000
511.000000
207.000000
306.000000
177.000000
363.000000
342.000000
329.000000
342.000000
429.000000
327.000000
112.000000
143.000000
1063.000000
354.000000
344.000000
320.000000
411.000000
1069.000000
242.000000
434.000000
53.000000
957.000000
1364.000000
722.000000
1081.000000
898.000000
209.000000
97.000000
552.000000
40.000000
915.000000
622.000000
362.000000
471.000000
146.000000
176.000000
497.000000
390.000000
792.000000
193.000000
353.000000
168.000000
1276.000000
278.000000
573.000000
693.000000
1135.000000
1010.000000
1602.000000
582.000000
372.000000
860.000000
71.000000
566.000000
342.000000
1150.000000
923.000000
270.000000
2057.000000
318.000000
168.000000
242.000000
45.000000
215.000000
1478.000000
2368.000000
1749.000000
591.000000
3470.000000
172.000000
724.000000
113.000000
50.000000
216.000000
148.000000
589.000000
29.000000
99.000000
4571.000000
195.000000
625.000000
288.000000
530.000000
103.000000
748.000000
2331.000000
286.000000
82.000000
2647.000000
639.000000
950.000000
512.000000
438.000000
347.000000
1365.000000
477.000000
534.000000
193.000000
196.000000
195.000000
196.000000
466.000000
204.000000
2662.000000
27.000000
78.000000
256.000000
306.000000
802.000000
100.000000
1534.000000
2316.000000
2303.000000
116.000000
263.000000
323.000000
164.000000
912.000000
116.000000
356.000000
3295.000000
2184.000000
200.000000
376.000000
90.000000
472.000000
2096.000000
74.000000
197.000000
641.000000
229.000000
859.000000
367.000000
499.000000
265.000000
415.000000
524.000000
462.000000
69.000000
389.000000
67.000000
1152.000000
370.000000
527.000000
937.000000
524.000000
134.000000
500.000000
1582.000000
569.000000
573.000000
373.000000
311.000000
234.000000
572.000000
1135.000000
777.000000
448.000000
319.000000
296.000000
1114.000000
278.000000
117.000000
478.000000
1615.000000
43.000000
813.000000
525.000000
1189.000000
55.000000
450.000000
2207.000000
56.000000
1192.000000
810.000000
448.000000
423.000000
328.000000
1098.000000
128.000000
184.000000
78.000000
566.000000
252.000000
197.000000
2949.000000
550.000000
2068.000000
254.000000
136.000000
422.000000
210.000000
238.000000
588.000000
87.000000
236.000000
404.000000
414.000000
79.000000
462.000000
775.000000
341.000000
541.000000
2175.000000
1088.000000
1105.000000
123.000000
409.000000
623.000000
1146.000000
598.000000
675.000000
2473.000000
739.000000
3180.000000
1486.000000
242.000000
374.000000
379.000000
1175.000000
1863.000000
132.000000
881.000000
97.000000
831.000000
1183.000000
463.000000
555.000000
192.000000
406.000000
149.000000
657.000000
517.000000
94.000000
1039.000000
925.000000
372.000000
774.000000
880.000000
1234.000000
1270.000000
705.000000
1212.000000
761.000000
462.000000
444.000000
1479.000000
51.000000
77.000000
791.000000
452.000000
76.000000
49.000000
224.000000
161.000000
1310.000000
117.000000
98.000000
58.000000
111.000000
1056.000000
433.000000
435.000000
135.000000
365.000000
53.000000
331.000000
313.000000
426.000000
725.000000
59.000000
437.000000
112.000000
176.000000
555.000000
3429.000000
277.000000
331.000000
48.000000
360.000000
242.000000
243.000000
1589.000000
338.000000
195.000000
302.000000
888.000000
384.000000
691.000000
604.000000
1038.000000
110.000000
335.000000
223.000000
292.000000
732.000000
285.000000
118.000000
1312.000000
18.000000
330.000000
2736.000000
902.000000
245.000000
1814.000000
397.000000
226.000000
552.000000
344.000000
332.000000
719.000000
852.000000
2370.000000
1463.000000
627.000000
386.000000
346.000000
183.000000
104.000000
1128.000000
435.000000
343.000000
216.000000
1289.000000
461.000000
435.000000
204.000000
503.000000
69.000000
580.000000
120.000000
3402.000000
243.000000
860.000000
1832.000000
49.000000
53.000000
336.000000
233.000000
516.000000
323.000000
66.000000
686.000000
338.000000
342.000000
992.000000
411.000000
252.000000
194.000000
584.000000
99.000000
397.000000
655.000000
1171.000000
125.000000
532.000000
949.000000
524.000000
89.000000
1333.000000
769.000000
2180.000000
144.000000
662.000000
1767.000000
699.000000
372.000000
1873.000000
297.000000
1234.000000
56.000000
293.000000
1374.000000
717.000000
194.000000
328.000000
82.000000
922.000000
572.000000
87.000000
165.000000
1527.000000
710.000000
894.000000
751.000000
651.000000
749.000000
1327.000000
1235.000000
162.000000
234.000000
110.000000
452.000000
609.000000
721.000000
153.000000
476.000000
244.000000
2528.000000
322.000000
194.000000
208.000000
605.000000
822.000000
546.000000
609.000000
874.000000
1974.000000
280.000000
769.000000
212.000000
249.000000
633.000000
370.000000
304.000000
299.000000
1620.000000
37.000000
946.000000
1156.000000
152.000000
218.000000
175.000000
971.000000
900.000000
498.000000
1882.000000
920.000000
220.000000
1090.000000
206.000000
762.000000
465.000000
737.000000
67.000000
423.000000
3008.000000
256.000000
537.000000
236.000000
367.000000
589.000000
752.000000
276.000000
208.000000
1068.000000
1135.000000
1665.000000
293.000000
2174.000000
1106.000000
885.000000
791.000000
313.000000
982.000000
100.000000
268.000000
1080.000000
51.000000
121.000000
578.000000
506.000000
247.000000
173.000000
385.000000
1079.000000
91.000000
160.000000
539.000000
145.000000
194.000000
2033.000000
446.000000
79.000000
345.000000
373.000000
231.000000
269.000000
394.000000
800.000000
285.000000
247.000000
4557.000000
488.000000
268.000000
350.000000
1528.000000
1165.000000
267.000000
307.000000
1631.000000
49.000000
2035.000000
381.000000
740.000000
92.000000
177.000000
1239.000000
636.000000
80.000000
398.000000
1049.000000
567.000000
43.000000
492.000000
1565.000000
87.000000
139.000000
516.000000
1657.000000
416.000000
546.000000
285.000000
905.000000
204.000000
251.000000
405.000000
180.000000
736.000000
758.000000
1290.000000
591.000000
271.000000
