220.000000
175.000000
59.000000
343.000000
275.000000
241.000000
191.000000
917.000000
121.000000
3986.000000
275.000000
273.000000
253.000000
193.000000
206.000000
52.000000
159.000000
1023.000000
120.000000
704.000000
911.000000
591.000000
352.000000
317.000000
108.000000
173.000000
329.000000
240.000000
564.000000
868.000000
1208.000000
1683.000000
143.000000
334.000000
192.000000
94.000000
303.000000
220.000000
535.000000
241.000000
49.000000
665.000000
218.000000
615.000000
3192.000000
359.000000
1125.000000
94.000000
505.000000
441.000000
1714.000000
982.000000
475.000000
204.000000
765.000000
1021.000000
196.000000
622.000000
446.000000
1680.000000
454.000000
236.000000
172.000000
182.000000
915.000000
275.000000
132.000000
1213.000000
658.000000
338.000000
509.000000
1584.000000
978.000000
174.000000
82.000000
713.000000
838.000000
764.000000
506.000000
495.000000
961.000000
2410.000000
417.000000
960.000000
136.000000
55.000000
596.000000
761.000000
866.000000
377.000000
2883.000000
174.000000
362.000000
1661.000000
1098.000000
244.000000
146.000000
785.000000
478.000000
101.000000
211.000000
243.000000
153.000000
143.000000
511.000000
155.000000
406.000000
496.000000
215.000000
217.000000
138.000000
885.000000
38.000000
728.000000
1018.000000
245.000000
767.000000
787.000000
903.000000
5781.000000
582.000000
149.000000
242.000000
937.000000
44.000000
465.000000
489.000000
187.000000
661.000000
274.000000
847.000000
285.000000
131.000000
658.000000
1464.000000
259.000000
459.000000
90.000000
186.000000
563.000000
594.000000
1384.000000
508.000000
908.000000
127.000000
155.000000
168.000000
212.000000
597.000000
1135.000000
652.000000
207.000000
3550.000000
455.000000
1046.000000
114.000000
567.000000
397.000000
376.000000
966.000000
402.000000
837.000000
2743.000000
707.000000
472.000000
317.000000
218.000000
1671.000000
489.000000
59.000000
430.000000
848.000000
619.000000
645.000000
59.000000
633.000000
700.000000
411.000000
874.000000
830.000000
685.000000
581.000000
191.000000
1568.000000
457.000000
59.000000
271.000000
56.000000
43.000000
779.000000
379.000000
2185.000000
1678.000000
374.000000
93.000000
867.000000
518.000000
511.000000
1034.000000
1189.000000
792.000000
788.000000
155.000000
1141.000000
242.000000
771.000000
1021.000000
41.000000
98.000000
4095.000000
311.000000
768.000000
153.000000
363.000000
162.000000
270.000000
1323.000000
820.000000
270.000000
773.000000
289.000000
586.000000
381.000000
714.000000
344.000000
93.000000
71.000000
2736.000000
845.000000
2315.000000
696.000000
1037.000000
756.000000
347.000000
127.000000
130.000000
500.000000
328.000000
1414.000000
1097.000000
330.000000
198.000000
684.000000
194.000000
179.000000
270.000000
128.000000
212.000000
1381.000000
1077.000000
1889.000000
309.000000
588.000000
3943.000000
1030.000000
675.000000
100.000000
704.000000
959.000000
182.000000
274.000000
945.000000
649.000000
352.000000
758.000000
291.000000
4919.000000
165.000000
564.000000
121.000000
511.000000
1467.000000
219.000000
1027.000000
499.000000
223.000000
747.000000
291.000000
171.000000
363.000000
78.000000
151.000000
1259.000000
519.000000
332.000000
204.000000
893.000000
8150.000000
3536.000000
575.000000
389.000000
227.000000
562.000000
663.000000
454.000000
839.000000
334.000000
162.000000
632.000000
130.000000
424.000000
2194.000000
553.000000
773.000000
573.000000
230.000000
473.000000
240.000000
421.000000
320.000000
74.000000
3058.000000
488.000000
930.000000
179.000000
801.000000
264.000000
271.000000
251.000000
100.000000
59.000000
157.000000
603.000000
58.000000
498.000000
488.000000
1471.000000
68.000000
558.000000
186.000000
1000.000000
72.000000
89.000000
1269.000000
97.000000
115.000000
296.000000
2033.000000
1559.000000
128.000000
652.000000
695.000000
961.000000
213.000000
107.000000
172.000000
865.000000
65.000000
130.000000
181.000000
32.000000
311.000000
42.000000
1355.000000
316.000000
762.000000
448.000000
852.000000
141.000000
408.000000
243.000000
597.000000
363.000000
765.000000
553.000000
1093.000000
287.000000
144.000000
573.000000
308.000000
235.000000
84.000000
427.000000
26.000000
1469.000000
694.000000
146.000000
415.000000
597.000000
1768.000000
576.000000
181.000000
268.000000
696.000000
374.000000
546.000000
1086.000000
683.000000
515.000000
148.000000
437.000000
87.000000
155.000000
313.000000
303.000000
303.000000
335.000000
63.000000
172.000000
318.000000
984.000000
923.000000
893.000000
215.000000
704.000000
1476.000000
1086.000000
246.000000
287.000000
702.000000
174.000000
100.000000
283.000000
494.000000
229.000000
445.000000
145.000000
163.000000
105.000000
664.000000
203.000000
659.000000
902.000000
864.000000
73.000000
8957.000000
5007.000000
1665.000000
309.000000
885.000000
2304.000000
1700.000000
128.000000
451.000000
2616.000000
641.000000
166.000000
250.000000
387.000000
43.000000
196.000000
233.000000
155.000000
1291.000000
524.000000
797.000000
38.000000
475.000000
526.000000
694.000000
126.000000
406.000000
154.000000
208.000000
356.000000
566.000000
633.000000
192.000000
307.000000
443.000000
55.000000
164.000000
167.000000
187.000000
63.000000
415.000000
567.000000
580.000000
102.000000
360.000000
902.000000
899.000000
1226.000000
1188.000000
652.000000
1104.000000
244.000000
1670.000000
2113.000000
34.000000
239.000000
1182.000000
638.000000
496.000000
68.000000
1141.000000
1553.000000
212.000000
87.000000
2056.000000
486.000000
253.000000
185.000000
1242.000000
89.000000
213.000000
109.000000
1787.000000
201.000000
436.000000
295.000000
111.000000
217.000000
248.000000
2231.000000
861.000000
587.000000
478.000000
487.000000
2278.000000
1183.000000
171.000000
273.000000
388.000000
879.000000
290.000000
207.000000
133.000000
72.000000
430.000000
634.000000
270.000000
422.000000
376.000000
1023.000000
3044.000000
72.000000
319.000000
648.000000
516.000000
237.000000
53.000000
283.000000
816.000000
510.000000
396.000000
232.000000
1905.000000
641.000000
451.000000
310.000000
2277.000000
304.000000
2055.000000
642.000000
168.000000
89.000000
452.000000
122.000000
47.000000
801.000000
772.000000
249.000000
634.000000
338.000000
506.000000
591.000000
344.000000
213.000000
341.000000
161.000000
381.000000
793.000000
2216.000000
1352.000000
769.000000
264.000000
185.000000
79.000000
484.000000
337.000000
283.000000
54.000000
458.000000
1786.000000
1565.000000
601.000000
752.000000
229.000000
1056.000000
185.000000
846.000000
179.000000
1871.000000
204.000000
57.000000
123.000000
431.000000
167.000000
1678.000000
171.000000
460.000000
180.000000
300.000000
1214.000000
2775.000000
1067.000000
430.000000
139.000000
325.000000
292.000000
850.000000
462.000000
403.000000
356.000000
382.000000
466.000000
2300.000000
337.000000
321.000000
1938.000000
549.000000
274.000000
563.000000
168.000000
226.000000
1253.000000
485.000000
751.000000
944.000000
310.000000
237.000000
525.000000
520.000000
245.000000
251.000000
426.000000
342.000000
340.000000
604.000000
460.000000
614.000000
409.000000
292.000000
366.000000
282.000000
109.000000
555.000000
170.000000
559.000000
1166.000000
1918.000000
188.000000
104.000000
818.000000
772.000000
464.000000
165.000000
227.000000
265.000000
263.000000
821.000000
211.000000
203.000000
949.000000
139.000000
971.000000
283.000000
593.000000
234.000000
3849.000000
704.000000
552.000000
809.000000
752.000000
211.000000
1370.000000
61.000000
575.000000
131.000000
264.000000
449.000000
343.000000
608.000000
1038.000000
827.000000
117.000000
4340.000000
204.000000
616.000000
373.000000
608.000000
355.000000
512.000000
161.000000
215.000000
259.000000
992.000000
1095.000000
363.000000
712.000000
1030.000000
2476.000000
116.000000
1294.000000
57.000000
425.000000
535.000000
563.000000
74.000000
386.000000
742.000000
434.000000
294.000000
58.000000
475.000000
2107.000000
91.000000
4064.000000
261.000000
362.000000
243.000000
1038.000000
445.000000
4285.000000
880.000000
1897.000000
633.000000
380.000000
159.000000
113.000000
171.000000
821.000000
1106.000000
287.000000
783.000000
425.000000
266.000000
144.000000
272.000000
434.000000
533.000000
569.000000
245.000000
347.000000
355.000000
1857.000000
203.000000
2117.000000
791.000000
72.000000
270.000000
131.000000
200.000000
46.000000
100.000000
1378.000000
1604.000000
485.000000
880.000000
1345.000000
388.000000
80.000000
240.000000
464.000000
1223.000000
681.000000
397.000000
1259.000000
2615.000000
767.000000
88.000000
111.000000
777.000000
165.000000
150.000000
175.000000
719.000000
551.000000
1245.000000
390.000000
400.000000
698.000000
378.000000
618.000000
291.000000
441.000000
401.000000
494.000000
384.000000
155.000000
357.000000
130.000000
1227.000000
530.000000
272.000000
1074.000000
146.000000
149.000000
295.000000
1125.000000
916.000000
384.000000
776.000000
683.000000
433.000000
430.000000
173.000000
364.000000
132.000000
578.000000
206.000000
225.000000
1311.000000
92.000000
421.000000
1329.000000
582.000000
7897.000000
399.000000
532.000000
524.000000
311.000000
64.000000
1165.000000
73.000000
537.000000
1011.000000
148.000000
3401.000000
1216.000000
2405.000000
142.000000
787.000000
1031.000000
150.000000
300.000000
709.000000
72.000000
773.000000
35.000000
604.000000
171.000000
760.000000
637.000000
442.000000
490.000000
620.000000
343.000000
83.000000
263.000000
9485.000000
38.000000
183.000000
366.000000
530.000000
1377.000000
404.000000
392.000000
710.000000
2714.000000
216.000000
1243.000000
76.000000
376.000000
872.000000
645.000000
791.000000
419.000000
558.000000
509.000000
129.000000
67.000000
201.000000
1836.000000
43.000000
546.000000
1574.000000
1307.000000
95.000000
579.000000
5873.000000
237.000000
388.000000
366.000000
208.000000
772.000000
373.000000
55.000000
426.000000
667.000000
388.000000
718.000000
80.000000
284.000000
377.000000
277.000000
123.000000
252.000000
144.000000
119.000000
25.000000
527.000000
557.000000
258.000000
345.000000
205.000000
233.000000
3952.000000
4789.000000
645.000000
580.000000
701.000000
3751.000000
329.000000
4401.000000
142.000000
155.000000
227.000000
696.000000
447.000000
94.000000
203.000000
127.000000
341.000000
447.000000
39.000000
2449.000000
922.000000
510.000000
254.000000
792.000000
374.000000
812.000000
266.000000
1077.000000
470.000000
2349.000000
350.000000
2405.000000
2496.000000
481.000000
375.000000
4951.000000
587.000000
2017.000000
816.000000
198.000000
151.000000
369.000000
613.000000
49.000000
190.000000
644.000000
2711.000000
309.000000
536.000000
114.000000
112.000000
420.000000
65.000000
590.000000
97.000000
334.000000
82.000000
132.000000
73.000000
158.000000
405.000000
92.000000
1474.000000
495.000000
131.000000
289.000000
162.000000
59.000000
150.000000
431.000000
596.000000
270.000000
213.000000
471.000000
754.000000
40.000000
515.000000
154.000000
360.000000
84.000000
2899.000000
229.000000
984.000000
176.000000
389.000000
1183.000000
326.000000
742.000000
420.000000
333.000000
358.000000
1144.000000
404.000000
1837.000000
873.000000
328.000000
40.000000
640.000000
838.000000
85.000000
779.000000
135.000000
