159.000000
169.000000
96.000000
1649.000000
331.000000
223.000000
1072.000000
211.000000
41.000000
440.000000
400.000000
2013.000000
1175.000000
502.000000
387.000000
261.000000
4994.000000
910.000000
638.000000
929.000000
86.000000
146.000000
373.000000
700.000000
695.000000
653.000000
272.000000
155.000000
553.000000
1307.000000
83.000000
180.000000
1418.000000
428.000000
1037.000000
278.000000
501.000000
523.000000
539.000000
388.000000
120.000000
317.000000
2821.000000
1803.000000
626.000000
1219.000000
94.000000
353.000000
175.000000
185.000000
9125.000000
378.000000
269.000000
841.000000
440.000000
1280.000000
1432.000000
4841.000000
49.000000
1999.000000
1558.000000
299.000000
473.000000
99.000000
308.000000
420.000000
762.000000
252.000000
520.000000
4233.000000
170.000000
393.000000
696.000000
270.000000
157.000000
825.000000
61.000000
224.000000
436.000000
143.000000
1021.000000
552.000000
120.000000
1110.000000
298.000000
440.000000
2555.000000
713.000000
837.000000
233.000000
395.000000
731.000000
390.000000
89.000000
721.000000
531.000000
278.000000
846.000000
43.000000
779.000000
228.000000
1028.000000
453.000000
237.000000
487.000000
1409.000000
1797.000000
789.000000
840.000000
791.000000
193.000000
632.000000
403.000000
259.000000
249.000000
601.000000
109.000000
25.000000
51.000000
534.000000
380.000000
190.000000
342.000000
1437.000000
418.000000
381.000000
48.000000
504.000000
234.000000
219.000000
902.000000
121.000000
160.000000
290.000000
621.000000
213.000000
947.000000
2087.000000
194.000000
741.000000
3380.000000
1215.000000
703.000000
204.000000
493.000000
762.000000
788.000000
420.000000
528.000000
357.000000
283.000000
228.000000
397.000000
187.000000
667.000000
1479.000000
79.000000
1187.000000
465.000000
108.000000
509.000000
75.000000
2301.000000
1646.000000
678.000000
315.000000
116.000000
728.000000
120.000000
344.000000
912.000000
3503.000000
260.000000
147.000000
811.000000
725.000000
898.000000
129.000000
728.000000
389.000000
816.000000
189.000000
352.000000
171.000000
132.000000
1220.000000
508.000000
771.000000
397.000000
924.000000
150.000000
460.000000
218.000000
557.000000
187.000000
1152.000000
763.000000
62.000000
517.000000
141.000000
798.000000
1585.000000
221.000000
329.000000
1235.000000
60.000000
894.000000
269.000000
132.000000
560.000000
318.000000
578.000000
348.000000
341.000000
561.000000
232.000000
254.000000
453.000000
45.000000
180.000000
430.000000
103.000000
411.000000
634.000000
212.000000
1276.000000
308.000000
1488.000000
85.000000
660.000000
524.000000
90.000000
1658.000000
685.000000
241.000000
800.000000
770.000000
835.000000
364.000000
862.000000
19.000000
677.000000
296.000000
930.000000
532.000000
487.000000
954.000000
1020.000000
677.000000
242.000000
1013.000000
3013.000000
412.000000
3406.000000
183.000000
304.000000
392.000000
818.000000
952.000000
911.000000
296.000000
1333.000000
583.000000
397.000000
331.000000
385.000000
1556.000000
1717.000000
304.000000
198.000000
3344.000000
177.000000
796.000000
71.000000
122.000000
2552.000000
236.000000
204.000000
288.000000
340.000000
156.000000
219.000000
874.000000
449.000000
435.000000
945.000000
347.000000
371.000000
1310.000000
486.000000
279.000000
592.000000
316.000000
411.000000
69.000000
156.000000
116.000000
109.000000
263.000000
1179.000000
370.000000
603.000000
80.000000
210.000000
1730.000000
1297.000000
264.000000
350.000000
286.000000
308.000000
931.000000
238.000000
391.000000
20.000000
452.000000
814.000000
477.000000
332.000000
293.000000
366.000000
293.000000
106.000000
236.000000
1792.000000
1476.000000
72.000000
604.000000
810.000000
710.000000
157.000000
1297.000000
489.000000
599.000000
185.000000
173.000000
1032.000000
1504.000000
472.000000
386.000000
814.000000
772.000000
346.000000
525.000000
59.000000
108.000000
280.000000
449.000000
445.000000
411.000000
408.000000
148.000000
497.000000
169.000000
195.000000
248.000000
209.000000
551.000000
349.000000
236.000000
302.000000
937.000000
490.000000
969.000000
443.000000
390.000000
3100.000000
250.000000
143.000000
81.000000
177.000000
142.000000
268.000000
849.000000
2849.000000
686.000000
383.000000
761.000000
988.000000
181.000000
1525.000000
1036.000000
1572.000000
38.000000
1344.000000
826.000000
150.000000
250.000000
98.000000
195.000000
176.000000
148.000000
820.000000
363.000000
81.000000
680.000000
240.000000
70.000000
150.000000
177.000000
1816.000000
418.000000
211.000000
291.000000
1160.000000
173.000000
120.000000
208.000000
549.000000
1696.000000
88.000000
355.000000
1357.000000
264.000000
198.000000
191.000000
73.000000
171.000000
1026.000000
276.000000
2777.000000
563.000000
289.000000
345.000000
726.000000
195.000000
694.000000
1342.000000
619.000000
96.000000
273.000000
403.000000
589.000000
3136.000000
768.000000
706.000000
69.000000
1514.000000
226.000000
91.000000
1295.000000
517.000000
359.000000
1470.000000
227.000000
96.000000
605.000000
347.000000
211.000000
695.000000
2050.000000
1013.000000
424.000000
1539.000000
2957.000000
1038.000000
654.000000
225.000000
330.000000
1009.000000
101.000000
26.000000
2416.000000
1407.000000
2930.000000
193.000000
945.000000
876.000000
790.000000
407.000000
627.000000
3435.000000
265.000000
113.000000
1526.000000
688.000000
326.000000
47.000000
192.000000
1016.000000
1290.000000
164.000000
386.000000
174.000000
341.000000
229.000000
698.000000
122.000000
445.000000
2459.000000
282.000000
2214.000000
111.000000
392.000000
261.000000
510.000000
464.000000
2371.000000
226.000000
516.000000
146.000000
4030.000000
597.000000
313.000000
161.000000
341.000000
145.000000
809.000000
685.000000
1944.000000
13584.000000
1022.000000
406.000000
2230.000000
451.000000
338.000000
459.000000
2371.000000
569.000000
279.000000
912.000000
94.000000
168.000000
53.000000
570.000000
478.000000
1136.000000
661.000000
1100.000000
169.000000
55.000000
418.000000
1976.000000
3766.000000
319.000000
203.000000
270.000000
352.000000
633.000000
318.000000
1556.000000
2221.000000
1999.000000
286.000000
109.000000
871.000000
437.000000
163.000000
1736.000000
367.000000
201.000000
68.000000
346.000000
891.000000
1267.000000
301.000000
370.000000
1182.000000
966.000000
276.000000
145.000000
1194.000000
82.000000
713.000000
367.000000
86.000000
495.000000
1438.000000
792.000000
156.000000
104.000000
1592.000000
775.000000
232.000000
789.000000
446.000000
422.000000
76.000000
124.000000
862.000000
480.000000
215.000000
1253.000000
52.000000
221.000000
551.000000
1702.000000
1303.000000
429.000000
208.000000
144.000000
178.000000
329.000000
2026.000000
187.000000
682.000000
927.000000
180.000000
512.000000
551.000000
504.000000
181.000000
296.000000
280.000000
1323.000000
37.000000
1145.000000
581.000000
116.000000
1625.000000
836.000000
874.000000
1620.000000
96.000000
135.000000
403.000000
68.000000
483.000000
268.000000
100.000000
434.000000
3182.000000
1559.000000
416.000000
394.000000
624.000000
315.000000
473.000000
122.000000
1366.000000
2069.000000
126.000000
510.000000
223.000000
538.000000
127.000000
417.000000
1345.000000
101.000000
1224.000000
376.000000
1928.000000
316.000000
1578.000000
210.000000
70.000000
107.000000
236.000000
120.000000
677.000000
237.000000
386.000000
2122.000000
337.000000
772.000000
971.000000
957.000000
4061.000000
222.000000
663.000000
452.000000
1671.000000
180.000000
591.000000
6826.000000
58.000000
180.000000
280.000000
1067.000000
331.000000
489.000000
358.000000
137.000000
434.000000
1245.000000
996.000000
96.000000
70.000000
264.000000
368.000000
87.000000
349.000000
593.000000
182.000000
62.000000
916.000000
207.000000
2331.000000
483.000000
1982.000000
1081.000000
1819.000000
1960.000000
498.000000
155.000000
277.000000
504.000000
337.000000
133.000000
718.000000
1415.000000
140.000000
172.000000
605.000000
641.000000
295.000000
272.000000
816.000000
1562.000000
2321.000000
445.000000
382.000000
1382.000000
507.000000
2923.000000
198.000000
109.000000
576.000000
716.000000
744.000000
677.000000
867.000000
652.000000
42.000000
128.000000
283.000000
34.000000
549.000000
1431.000000
705.000000
1251.000000
493.000000
1716.000000
202.000000
784.000000
717.000000
171.000000
947.000000
2168.000000
415.000000
117.000000
557.000000
61.000000
168.000000
17.000000
1379.000000
146.000000
487.000000
351.000000
503.000000
124.000000
257.000000
804.000000
404.000000
4555.000000
348.000000
864.000000
848.000000
498.000000
488.000000
864.000000
288.000000
218.000000
2351.000000
1047.000000
272.000000
205.000000
523.000000
2993.000000
388.000000
189.000000
300.000000
127.000000
233.000000
344.000000
286.000000
3185.000000
73.000000
316.000000
838.000000
269.000000
719.000000
409.000000
370.000000
532.000000
1868.000000
274.000000
2164.000000
201.000000
340.000000
1027.000000
168.000000
3162.000000
254.000000
235.000000
559.000000
608.000000
989.000000
82.000000
986.000000
429.000000
103.000000
477.000000
255.000000
259.000000
391.000000
47.000000
102.000000
205.000000
212.000000
378.000000
404.000000
405.000000
1087.000000
588.000000
318.000000
1066.000000
227.000000
372.000000
157.000000
470.000000
138.000000
820.000000
103.000000
98.000000
768.000000
1007.000000
209.000000
287.000000
624.000000
155.000000
947.000000
224.000000
1348.000000
271.000000
758.000000
509.000000
206.000000
366.000000
1353.000000
313.000000
849.000000
127.000000
823.000000
673.000000
1345.000000
3131.000000
1026.000000
394.000000
400.000000
2978.000000
1890.000000
132.000000
269.000000
1351.000000
194.000000
70.000000
2162.000000
398.000000
57.000000
992.000000
1969.000000
354.000000
842.000000
376.000000
173.000000
47.000000
218.000000
1885.000000
1854.000000
424.000000
692.000000
59.000000
170.000000
342.000000
773.000000
348.000000
643.000000
336.000000
256.000000
885.000000
725.000000
210.000000
350.000000
224.000000
123.000000
223.000000
774.000000
137.000000
516.000000
497.000000
486.000000
355.000000
179.000000
375.000000
113.000000
414.000000
1540.000000
665.000000
895.000000
606.000000
1345.000000
476.000000
1077.000000
1841.000000
760.000000
167.000000
643.000000
1444.000000
283.000000
2415.000000
267.000000
539.000000
504.000000
779.000000
165.000000
94.000000
5109.000000
76.000000
345.000000
151.000000
530.000000
127.000000
522.000000
384.000000
988.000000
175.000000
143.000000
50.000000
1368.000000
89.000000
477.000000
425.000000
55.000000
1776.000000
615.000000
838.000000
194.000000
641.000000
479.000000
187.000000
1508.000000
2199.000000
118.000000
102.000000
58.000000
959.000000
38.000000
82.000000
275.000000
3914.000000
570.000000
950.000000
88.000000
3029.000000
814.000000
256.000000
214.000000
93.000000
236.000000
1040.000000
196.000000
156.000000
177.000000
409.000000
281.000000
283.000000
128.000000
57.000000
275.000000
1397.000000
1583.000000
523.000000
147.000000
1580.000000
240.000000
425.000000
257.000000
316.000000
3017.000000
452.000000
1502.000000
980.000000
66.000000
219.000000
418.000000
439.000000
1183.000000
1252.000000
749.000000
1148.000000
442.000000
1582.000000
1145.000000
615.000000
959.000000
334.000000
613.000000
1318.000000
101.000000
1197.000000
