943.000000
1370.000000
611.000000
274.000000
86.000000
2010.000000
313.000000
314.000000
274.000000
924.000000
3860.000000
618.000000
63.000000
697.000000
112.000000
447.000000
1416.000000
97.000000
94.000000
303.000000
140.000000
311.000000
1025.000000
480.000000
372.000000
1812.000000
165.000000
411.000000
182.000000
211.000000
567.000000
455.000000
180.000000
1445.000000
1884.000000
715.000000
218.000000
356.000000
1084.000000
145.000000
151.000000
556.000000
757.000000
57.000000
326.000000
687.000000
3002.000000
208.000000
273.000000
68.000000
1100.000000
210.000000
146.000000
654.000000
115.000000
660.000000
293.000000
565.000000
140.000000
1085.000000
270.000000
1158.000000
448.000000
171.000000
559.000000
164.000000
1202.000000
188.000000
1023.000000
1098.000000
1831.000000
614.000000
1134.000000
63.000000
268.000000
299.000000
3339.000000
336.000000
5559.000000
405.000000
798.000000
366.000000
287.000000
169.000000
298.000000
712.000000
335.000000
1079.000000
725.000000
1221.000000
119.000000
214.000000
236.000000
536.000000
122.000000
343.000000
348.000000
132.000000
437.000000
408.000000
194.000000
76.000000
709.000000
433.000000
606.000000
595.000000
919.000000
1001.000000
123.000000
328.000000
311.000000
118.000000
665.000000
428.000000
399.000000
366.000000
1426.000000
434.000000
810.000000
1115.000000
3572.000000
297.000000
439.000000
4940.000000
211.000000
461.000000
494.000000
369.000000
298.000000
211.000000
2326.000000
101.000000
1691.000000
290.000000
332.000000
447.000000
320.000000
53.000000
206.000000
319.000000
789.000000
443.000000
790.000000
213.000000
381.000000
3295.000000
427.000000
443.000000
587.000000
1195.000000
195.000000
1592.000000
334.000000
143.000000
308.000000
216.000000
1136.000000
88.000000
324.000000
1073.000000
1621.000000
81.000000
264.000000
106.000000
1854.000000
384.000000
507.000000
654.000000
578.000000
684.000000
1529.000000
215.000000
384.000000
959.000000
233.000000
1774.000000
1535.000000
3645.000000
1156.000000
157.000000
597.000000
420.000000
213.000000
705.000000
237.000000
253.000000
414.000000
77.000000
936.000000
1710.000000
824.000000
1104.000000
622.000000
441.000000
568.000000
201.000000
665.000000
371.000000
110.000000
208.000000
240.000000
131.000000
1034.000000
744.000000
696.000000
106.000000
586.000000
1956.000000
333.000000
1096.000000
830.000000
442.000000
182.000000
88.000000
683.000000
427.000000
317.000000
284.000000
290.000000
415.000000
1792.000000
2923.000000
254.000000
297.000000
1211.000000
332.000000
70.000000
552.000000
158.000000
203.000000
720.000000
309.000000
1180.000000
982.000000
119.000000
383.000000
691.000000
724.000000
230.000000
344.000000
290.000000
438.000000
243.000000
378.000000
1527.000000
364.000000
1036.000000
1024.000000
520.000000
1861.000000
421.000000
299.000000
124.000000
65.000000
391.000000
637.000000
397.000000
387.000000
503.000000
1616.000000
190.000000
519.000000
297.000000
684.000000
490.000000
925.000000
9909.000000
2928.000000
1256.000000
743.000000
2155.000000
224.000000
2339.000000
491.000000
102.000000
791.000000
541.000000
91.000000
368.000000
136.000000
9472.000000
144.000000
198.000000
532.000000
1144.000000
91.000000
407.000000
948.000000
75.000000
67.000000
2382.000000
105.000000
225.000000
1057.000000
200.000000
183.000000
1461.000000
329.000000
1390.000000
897.000000
219.000000
286.000000
293.000000
1066.000000
608.000000
777.000000
3480.000000
454.000000
1125.000000
8156.000000
129.000000
226.000000
166.000000
171.000000
243.000000
475.000000
245.000000
64.000000
316.000000
487.000000
493.000000
779.000000
894.000000
504.000000
499.000000
190.000000
316.000000
103.000000
283.000000
367.000000
665.000000
249.000000
849.000000
619.000000
1436.000000
503.000000
29.000000
815.000000
404.000000
532.000000
744.000000
468.000000
535.000000
119.000000
687.000000
177.000000
1288.000000
692.000000
302.000000
498.000000
342.000000
371.000000
218.000000
519.000000
799.000000
86.000000
2195.000000
477.000000
154.000000
424.000000
958.000000
453.000000
248.000000
247.000000
272.000000
186.000000
1111.000000
381.000000
937.000000
97.000000
424.000000
927.000000
49.000000
107.000000
1421.000000
1136.000000
1303.000000
216.000000
137.000000
2191.000000
727.000000
1128.000000
654.000000
1384.000000
626.000000
95.000000
434.000000
1815.000000
677.000000
484.000000
366.000000
123.000000
639.000000
1047.000000
851.000000
1344.000000
1422.000000
897.000000
465.000000
158.000000
209.000000
2272.000000
226.000000
741.000000
201.000000
54.000000
236.000000
301.000000
764.000000
693.000000
578.000000
220.000000
304.000000
379.000000
434.000000
198.000000
490.000000
79.000000
974.000000
574.000000
462.000000
1373.000000
125.000000
715.000000
124.000000
82.000000
141.000000
343.000000
193.000000
540.000000
66.000000
592.000000
560.000000
274.000000
216.000000
652.000000
95.000000
993.000000
343.000000
262.000000
265.000000
222.000000
259.000000
339.000000
422.000000
816.000000
76.000000
38.000000
2234.000000
198.000000
664.000000
91.000000
123.000000
327.000000
1102.000000
228.000000
1359.000000
1715.000000
150.000000
1036.000000
1578.000000
1432.000000
387.000000
668.000000
480.000000
414.000000
1422.000000
43.000000
136.000000
495.000000
1226.000000
141.000000
918.000000
115.000000
621.000000
330.000000
167.000000
1000.000000
180.000000
966.000000
1498.000000
1342.000000
353.000000
693.000000
414.000000
235.000000
1175.000000
932.000000
422.000000
181.000000
321.000000
1383.000000
130.000000
167.000000
2930.000000
1668.000000
2005.000000
954.000000
1203.000000
1305.000000
1648.000000
385.000000
812.000000
901.000000
84.000000
377.000000
114.000000
148.000000
1375.000000
801.000000
646.000000
197.000000
2048.000000
3858.000000
541.000000
710.000000
84.000000
2420.000000
274.000000
196.000000
243.000000
136.000000
2976.000000
344.000000
350.000000
143.000000
599.000000
554.000000
216.000000
260.000000
797.000000
208.000000
85.000000
1770.000000
1619.000000
103.000000
1221.000000
283.000000
447.000000
838.000000
579.000000
178.000000
119.000000
158.000000
383.000000
506.000000
138.000000
1364.000000
636.000000
201.000000
798.000000
1141.000000
69.000000
200.000000
93.000000
131.000000
411.000000
266.000000
139.000000
1079.000000
1062.000000
286.000000
96.000000
330.000000
543.000000
400.000000
426.000000
136.000000
1156.000000
64.000000
653.000000
84.000000
233.000000
456.000000
831.000000
600.000000
993.000000
364.000000
511.000000
976.000000
531.000000
843.000000
249.000000
1114.000000
393.000000
3203.000000
594.000000
81.000000
118.000000
395.000000
829.000000
738.000000
466.000000
442.000000
434.000000
650.000000
277.000000
895.000000
2212.000000
206.000000
514.000000
101.000000
831.000000
150.000000
203.000000
918.000000
217.000000
70.000000
1051.000000
190.000000
369.000000
530.000000
343.000000
550.000000
229.000000
457.000000
16.000000
404.000000
728.000000
772.000000
276.000000
427.000000
1671.000000
188.000000
393.000000
739.000000
57.000000
6639.000000
160.000000
196.000000
258.000000
971.000000
412.000000
631.000000
1082.000000
197.000000
499.000000
1242.000000
407.000000
2339.000000
362.000000
195.000000
930.000000
81.000000
265.000000
692.000000
452.000000
18.000000
91.000000
906.000000
361.000000
740.000000
409.000000
551.000000
200.000000
231.000000
202.000000
352.000000
102.000000
125.000000
192.000000
1086.000000
385.000000
295.000000
832.000000
323.000000
624.000000
424.000000
1048.000000
278.000000
555.000000
388.000000
133.000000
328.000000
115.000000
501.000000
74.000000
1611.000000
471.000000
33.000000
297.000000
956.000000
343.000000
728.000000
1685.000000
337.000000
167.000000
1820.000000
1543.000000
236.000000
822.000000
121.000000
287.000000
244.000000
997.000000
254.000000
118.000000
1193.000000
1161.000000
668.000000
688.000000
694.000000
920.000000
203.000000
501.000000
20.000000
114.000000
522.000000
395.000000
1144.000000
337.000000
343.000000
451.000000
432.000000
343.000000
1517.000000
517.000000
633.000000
179.000000
118.000000
282.000000
821.000000
822.000000
715.000000
670.000000
480.000000
949.000000
806.000000
214.000000
786.000000
1703.000000
110.000000
1556.000000
1202.000000
102.000000
4189.000000
1875.000000
1008.000000
29.000000
692.000000
844.000000
116.000000
1503.000000
885.000000
266.000000
197.000000
527.000000
114.000000
270.000000
378.000000
1104.000000
1139.000000
520.000000
482.000000
211.000000
131.000000
371.000000
780.000000
1238.000000
609.000000
2997.000000
493.000000
135.000000
643.000000
184.000000
204.000000
581.000000
2035.000000
266.000000
280.000000
1254.000000
513.000000
731.000000
1034.000000
473.000000
1569.000000
124.000000
694.000000
227.000000
4293.000000
85.000000
186.000000
150.000000
2364.000000
223.000000
124.000000
514.000000
202.000000
388.000000
1028.000000
345.000000
242.000000
623.000000
322.000000
224.000000
717.000000
882.000000
227.000000
403.000000
360.000000
558.000000
2317.000000
132.000000
223.000000
326.000000
220.000000
861.000000
912.000000
4846.000000
589.000000
508.000000
208.000000
548.000000
665.000000
125.000000
1417.000000
540.000000
453.000000
209.000000
1245.000000
4656.000000
978.000000
677.000000
1282.000000
630.000000
1069.000000
1057.000000
358.000000
438.000000
701.000000
309.000000
2381.000000
57.000000
2559.000000
510.000000
904.000000
334.000000
154.000000
242.000000
84.000000
168.000000
981.000000
296.000000
131.000000
366.000000
558.000000
125.000000
385.000000
852.000000
59.000000
1698.000000
2829.000000
51.000000
89.000000
1410.000000
183.000000
111.000000
448.000000
203.000000
1243.000000
701.000000
238.000000
685.000000
101.000000
295.000000
778.000000
869.000000
756.000000
259.000000
644.000000
2431.000000
527.000000
131.000000
111.000000
315.000000
1008.000000
291.000000
135.000000
386.000000
243.000000
532.000000
1033.000000
391.000000
1185.000000
77.000000
221.000000
370.000000
1035.000000
209.000000
448.000000
202.000000
444.000000
901.000000
265.000000
42.000000
96.000000
360.000000
92.000000
352.000000
77.000000
428.000000
871.000000
968.000000
62.000000
493.000000
689.000000
569.000000
452.000000
157.000000
94.000000
760.000000
136.000000
1718.000000
104.000000
481.000000
315.000000
2066.000000
1256.000000
616.000000
284.000000
95.000000
959.000000
625.000000
850.000000
528.000000
817.000000
501.000000
289.000000
163.000000
290.000000
135.000000
221.000000
156.000000
1930.000000
435.000000
505.000000
84.000000
404.000000
331.000000
2154.000000
321.000000
48.000000
153.000000
1025.000000
285.000000
1753.000000
336.000000
459.000000
491.000000
1295.000000
557.000000
371.000000
550.000000
690.000000
775.000000
195.000000
1142.000000
253.000000
1055.000000
561.000000
319.000000
618.000000
1390.000000
778.000000
333.000000
328.000000
330.000000
359.000000
222.000000
806.000000
824.000000
331.000000
1288.000000
54.000000
757.000000
797.000000
336.000000
185.000000
67.000000
122.000000
701.000000
431.000000
1226.000000
1021.000000
835.000000
165.000000
1600.000000
501.000000
778.000000
696.000000
140.000000
1699.000000
53.000000
331.000000
895.000000
48.000000
397.000000
297.000000
257.000000
645.000000
