268.000000
309.000000
159.000000
270.000000
438.000000
131.000000
155.000000
217.000000
324.000000
764.000000
548.000000
610.000000
1236.000000
152.000000
354.000000
2060.000000
211.000000
733.000000
183.000000
105.000000
774.000000
515.000000
833.000000
205.000000
47.000000
1943.000000
406.000000
188.000000
336.000000
382.000000
1271.000000
243.000000
743.000000
2219.000000
51.000000
1709.000000
90.000000
764.000000
218.000000
340.000000
842.000000
1313.000000
188.000000
636.000000
1700.000000
784.000000
1622.000000
249.000000
89.000000
760.000000
416.000000
1762.000000
122.000000
992.000000
902.000000
89.000000
308.000000
686.000000
770.000000
480.000000
1240.000000
185.000000
1417.000000
492.000000
266.000000
1404.000000
207.000000
1058.000000
917.000000
125.000000
344.000000
3367.000000
1772.000000
606.000000
188.000000
396.000000
407.000000
411.000000
1506.000000
1595.000000
178.000000
442.000000
3828.000000
130.000000
972.000000
66.000000
1559.000000
565.000000
287.000000
748.000000
34.000000
158.000000
264.000000
170.000000
53.000000
368.000000
121.000000
381.000000
376.000000
1072.000000
562.000000
214.000000
918.000000
83.000000
1073.000000
584.000000
174.000000
1165.000000
689.000000
1185.000000
1161.000000
146.000000
230.000000
248.000000
489.000000
363.000000
233.000000
321.000000
104.000000
178.000000
316.000000
198.000000
356.000000
806.000000
651.000000
1470.000000
576.000000
182.000000
246.000000
168.000000
2027.000000
416.000000
319.000000
102.000000
196.000000
194.000000
50.000000
1584.000000
1143.000000
204.000000
149.000000
148.000000
363.000000
1698.000000
202.000000
529.000000
864.000000
110.000000
161.000000
644.000000
255.000000
49.000000
200.000000
110.000000
464.000000
380.000000
123.000000
670.000000
523.000000
482.000000
151.000000
343.000000
937.000000
953.000000
1243.000000
340.000000
148.000000
164.000000
355.000000
1203.000000
35.000000
265.000000
729.000000
231.000000
425.000000
328.000000
113.000000
253.000000
88.000000
1131.000000
934.000000
533.000000
726.000000
245.000000
2672.000000
352.000000
882.000000
312.000000
1025.000000
240.000000
1288.000000
134.000000
372.000000
304.000000
683.000000
120.000000
880.000000
1076.000000
242.000000
290.000000
313.000000
82.000000
750.000000
154.000000
1885.000000
117.000000
378.000000
52.000000
141.000000
69.000000
1411.000000
469.000000
8718.000000
690.000000
385.000000
160.000000
1543.000000
651.000000
179.000000
1171.000000
687.000000
683.000000
340.000000
564.000000
144.000000
676.000000
157.000000
304.000000
770.000000
157.000000
317.000000
429.000000
166.000000
1874.000000
240.000000
2832.000000
363.000000
679.000000
313.000000
1294.000000
1390.000000
245.000000
60.000000
2626.000000
69.000000
486.000000
108.000000
2057.000000
367.000000
566.000000
296.000000
599.000000
1030.000000
305.000000
419.000000
275.000000
318.000000
195.000000
480.000000
81.000000
2332.000000
63.000000
2654.000000
549.000000
710.000000
822.000000
278.000000
255.000000
1119.000000
179.000000
495.000000
1212.000000
262.000000
596.000000
721.000000
292.000000
4375.000000
413.000000
78.000000
602.000000
1164.000000
198.000000
565.000000
597.000000
306.000000
429.000000
143.000000
143.000000
1012.000000
194.000000
571.000000
99.000000
249.000000
504.000000
1421.000000
185.000000
197.000000
422.000000
141.000000
114.000000
332.000000
767.000000
422.000000
1942.000000
294.000000
1049.000000
253.000000
362.000000
1479.000000
913.000000
985.000000
1833.000000
416.000000
446.000000
202.000000
185.000000
3868.000000
569.000000
153.000000
581.000000
789.000000
914.000000
451.000000
1960.000000
777.000000
1051.000000
187.000000
902.000000
199.000000
80.000000
164.000000
1390.000000
723.000000
95.000000
67.000000
273.000000
503.000000
267.000000
655.000000
748.000000
59.000000
470.000000
116.000000
283.000000
96.000000
768.000000
406.000000
419.000000
662.000000
774.000000
161.000000
475.000000
526.000000
224.000000
372.000000
921.000000
126.000000
118.000000
895.000000
747.000000
393.000000
1028.000000
127.000000
925.000000
1401.000000
233.000000
353.000000
206.000000
238.000000
174.000000
188.000000
1018.000000
187.000000
165.000000
238.000000
234.000000
707.000000
44.000000
1338.000000
136.000000
301.000000
904.000000
93.000000
801.000000
297.000000
664.000000
60.000000
638.000000
420.000000
1568.000000
409.000000
845.000000
322.000000
1877.000000
135.000000
1120.000000
516.000000
532.000000
545.000000
958.000000
1047.000000
285.000000
2970.000000
485.000000
2456.000000
401.000000
332.000000
376.000000
176.000000
520.000000
404.000000
1457.000000
237.000000
739.000000
868.000000
369.000000
283.000000
329.000000
804.000000
124.000000
883.000000
286.000000
1289.000000
143.000000
510.000000
239.000000
76.000000
79.000000
255.000000
2318.000000
484.000000
316.000000
569.000000
339.000000
757.000000
601.000000
264.000000
571.000000
730.000000
332.000000
675.000000
225.000000
215.000000
823.000000
641.000000
194.000000
180.000000
451.000000
145.000000
1818.000000
497.000000
516.000000
450.000000
482.000000
377.000000
470.000000
485.000000
287.000000
803.000000
154.000000
2187.000000
275.000000
230.000000
426.000000
655.000000
490.000000
705.000000
453.000000
374.000000
365.000000
1453.000000
1665.000000
61.000000
446.000000
517.000000
145.000000
853.000000
121.000000
889.000000
52.000000
200.000000
738.000000
2100.000000
741.000000
1214.000000
347.000000
129.000000
75.000000
580.000000
201.000000
258.000000
1127.000000
663.000000
182.000000
714.000000
304.000000
1533.000000
256.000000
320.000000
382.000000
48.000000
670.000000
122.000000
350.000000
840.000000
775.000000
1404.000000
122.000000
643.000000
117.000000
21.000000
308.000000
395.000000
368.000000
531.000000
494.000000
336.000000
299.000000
560.000000
629.000000
1042.000000
648.000000
1562.000000
950.000000
828.000000
542.000000
731.000000
842.000000
54.000000
136.000000
592.000000
346.000000
863.000000
450.000000
49.000000
602.000000
376.000000
83.000000
619.000000
180.000000
900.000000
100.000000
223.000000
284.000000
265.000000
495.000000
277.000000
914.000000
848.000000
258.000000
483.000000
160.000000
2519.000000
2080.000000
615.000000
534.000000
130.000000
296.000000
272.000000
54.000000
200.000000
438.000000
2158.000000
541.000000
599.000000
268.000000
276.000000
428.000000
832.000000
294.000000
207.000000
802.000000
134.000000
144.000000
948.000000
613.000000
888.000000
103.000000
409.000000
1063.000000
229.000000
131.000000
451.000000
76.000000
200.000000
192.000000
293.000000
604.000000
286.000000
303.000000
557.000000
742.000000
242.000000
546.000000
124.000000
779.000000
406.000000
111.000000
52.000000
804.000000
477.000000
112.000000
204.000000
515.000000
360.000000
131.000000
759.000000
81.000000
439.000000
820.000000
570.000000
265.000000
642.000000
271.000000
88.000000
195.000000
845.000000
906.000000
673.000000
433.000000
661.000000
474.000000
982.000000
1430.000000
896.000000
185.000000
355.000000
408.000000
1378.000000
187.000000
135.000000
529.000000
166.000000
136.000000
1522.000000
185.000000
484.000000
586.000000
232.000000
662.000000
653.000000
180.000000
226.000000
194.000000
224.000000
159.000000
143.000000
134.000000
432.000000
661.000000
562.000000
888.000000
352.000000
452.000000
221.000000
37.000000
97.000000
567.000000
141.000000
211.000000
457.000000
357.000000
1591.000000
456.000000
158.000000
859.000000
219.000000
200.000000
587.000000
742.000000
573.000000
450.000000
225.000000
4033.000000
2233.000000
828.000000
187.000000
1595.000000
1130.000000
374.000000
152.000000
1325.000000
1370.000000
860.000000
84.000000
615.000000
188.000000
583.000000
627.000000
360.000000
151.000000
89.000000
612.000000
1686.000000
1171.000000
395.000000
654.000000
86.000000
1953.000000
1561.000000
932.000000
700.000000
892.000000
923.000000
1166.000000
471.000000
289.000000
394.000000
830.000000
1858.000000
278.000000
143.000000
150.000000
380.000000
677.000000
125.000000
125.000000
34.000000
2719.000000
926.000000
652.000000
323.000000
1536.000000
154.000000
537.000000
355.000000
270.000000
1112.000000
65.000000
404.000000
614.000000
1681.000000
2297.000000
147.000000
624.000000
498.000000
109.000000
557.000000
3096.000000
191.000000
432.000000
159.000000
262.000000
256.000000
811.000000
356.000000
534.000000
190.000000
61.000000
295.000000
586.000000
300.000000
31.000000
161.000000
412.000000
766.000000
657.000000
3367.000000
639.000000
306.000000
901.000000
88.000000
1217.000000
88.000000
165.000000
655.000000
2591.000000
310.000000
793.000000
197.000000
711.000000
350.000000
152.000000
457.000000
1153.000000
588.000000
2046.000000
718.000000
506.000000
986.000000
604.000000
573.000000
163.000000
1693.000000
2640.000000
620.000000
2145.000000
642.000000
4019.000000
107.000000
539.000000
831.000000
261.000000
511.000000
487.000000
192.000000
191.000000
287.000000
443.000000
292.000000
1469.000000
264.000000
280.000000
1313.000000
200.000000
518.000000
209.000000
80.000000
520.000000
293.000000
862.000000
738.000000
125.000000
2763.000000
68.000000
1316.000000
394.000000
291.000000
576.000000
270.000000
2793.000000
775.000000
618.000000
522.000000
1296.000000
1135.000000
411.000000
405.000000
179.000000
903.000000
567.000000
2367.000000
806.000000
550.000000
804.000000
109.000000
193.000000
844.000000
2380.000000
1137.000000
133.000000
265.000000
210.000000
892.000000
152.000000
1203.000000
626.000000
425.000000
147.000000
846.000000
331.000000
338.000000
909.000000
109.000000
69.000000
225.000000
203.000000
261.000000
1934.000000
660.000000
625.000000
157.000000
133.000000
772.000000
370.000000
722.000000
105.000000
1574.000000
51.000000
246.000000
365.000000
400.000000
456.000000
130.000000
128.000000
335.000000
1418.000000
40.000000
4556.000000
200.000000
500.000000
200.000000
643.000000
411.000000
1503.000000
1973.000000
351.000000
137.000000
745.000000
132.000000
275.000000
1249.000000
143.000000
898.000000
91.000000
117.000000
1305.000000
127.000000
299.000000
1274.000000
90.000000
285.000000
521.000000
941.000000
120.000000
78.000000
96.000000
2560.000000
105.000000
682.000000
4490.000000
19.000000
313.000000
566.000000
600.000000
1051.000000
2654.000000
585.000000
376.000000
274.000000
6087.000000
1389.000000
310.000000
514.000000
527.000000
316.000000
233.000000
1250.000000
35.000000
2256.000000
180.000000
697.000000
142.000000
654.000000
155.000000
103.000000
185.000000
339.000000
61.000000
1360.000000
403.000000
1378.000000
1201.000000
282.000000
620.000000
62.000000
660.000000
659.000000
1033.000000
50.000000
434.000000
441.000000
1482.000000
1177.000000
451.000000
1254.000000
578.000000
379.000000
36.000000
159.000000
34.000000
198.000000
51.000000
6198.000000
782.000000
776.000000
377.000000
2693.000000
355.000000
529.000000
343.000000
67.000000
289.000000
884.000000
140.000000
201.000000
123.000000
287.000000
1332.000000
1035.000000
575.000000
138.000000
626.000000
1799.000000
53.000000
212.000000
615.000000
348.000000
105.000000
229.000000
336.000000
714.000000
1695.000000
196.000000
127.000000
1381.000000
169.000000
110.000000
440.000000
304.000000
