288.000000
1007.000000
276.000000
3178.000000
114.000000
1119.000000
149.000000
1123.000000
118.000000
450.000000
344.000000
139.000000
499.000000
515.000000
166.000000
199.000000
326.000000
482.000000
302.000000
122.000000
419.000000
405.000000
331.000000
593.000000
1027.000000
153.000000
156.000000
402.000000
293.000000
440.000000
474.000000
1338.000000
1107.000000
96.000000
145.000000
188.000000
760.000000
197.000000
621.000000
695.000000
225.000000
158.000000
468.000000
470.000000
306.000000
22.000000
90.000000
261.000000
765.000000
327.000000
74.000000
506.000000
180.000000
192.000000
159.000000
539.000000
2259.000000
232.000000
197.000000
400.000000
3362.000000
357.000000
368.000000
493.000000
1290.000000
611.000000
95.000000
127.000000
322.000000
1417.000000
918.000000
66.000000
196.000000
970.000000
209.000000
1846.000000
247.000000
178.000000
529.000000
40.000000
408.000000
770.000000
533.000000
596.000000
72.000000
172.000000
953.000000
1098.000000
1342.000000
2210.000000
306.000000
295.000000
155.000000
179.000000
197.000000
287.000000
1172.000000
1805.000000
142.000000
721.000000
628.000000
585.000000
599.000000
685.000000
819.000000
1057.000000
145.000000
695.000000
212.000000
180.000000
623.000000
484.000000
464.000000
173.000000
64.000000
44.000000
366.000000
1164.000000
1582.000000
180.000000
437.000000
642.000000
544.000000
228.000000
912.000000
269.000000
474.000000
93.000000
336.000000
233.000000
627.000000
1070.000000
335.000000
1080.000000
98.000000
1740.000000
64.000000
2943.000000
328.000000
70.000000
235.000000
38.000000
625.000000
568.000000
171.000000
1101.000000
532.000000
366.000000
326.000000
122.000000
411.000000
443.000000
826.000000
1211.000000
188.000000
280.000000
689.000000
1223.000000
266.000000
152.000000
622.000000
284.000000
488.000000
507.000000
319.000000
117.000000
275.000000
925.000000
150.000000
58.000000
331.000000
142.000000
163.000000
419.000000
497.000000
924.000000
560.000000
1302.000000
322.000000
1006.000000
1130.000000
921.000000
813.000000
1086.000000
665.000000
377.000000
765.000000
735.000000
394.000000
414.000000
552.000000
136.000000
337.000000
489.000000
189.000000
496.000000
599.000000
466.000000
249.000000
200.000000
381.000000
201.000000
40.000000
781.000000
81.000000
534.000000
142.000000
747.000000
285.000000
376.000000
319.000000
1185.000000
868.000000
122.000000
390.000000
41.000000
227.000000
331.000000
97.000000
175.000000
824.000000
118.000000
407.000000
114.000000
165.000000
896.000000
533.000000
765.000000
84.000000
52.000000
749.000000
149.000000
180.000000
3429.000000
158.000000
1656.000000
84.000000
73.000000
1631.000000
497.000000
2980.000000
135.000000
240.000000
649.000000
276.000000
462.000000
828.000000
377.000000
1934.000000
530.000000
382.000000
130.000000
943.000000
338.000000
415.000000
1617.000000
349.000000
479.000000
143.000000
427.000000
1245.000000
170.000000
407.000000
197.000000
27.000000
771.000000
117.000000
44.000000
1715.000000
124.000000
625.000000
1468.000000
303.000000
605.000000
1755.000000
584.000000
432.000000
1098.000000
518.000000
648.000000
485.000000
772.000000
797.000000
63.000000
158.000000
526.000000
467.000000
1432.000000
692.000000
7348.000000
856.000000
1234.000000
107.000000
4674.000000
68.000000
324.000000
511.000000
130.000000
1547.000000
391.000000
125.000000
723.000000
301.000000
380.000000
883.000000
263.000000
186.000000
845.000000
1488.000000
1056.000000
794.000000
240.000000
236.000000
650.000000
416.000000
352.000000
368.000000
93.000000
172.000000
164.000000
543.000000
103.000000
358.000000
513.000000
1781.000000
450.000000
1045.000000
589.000000
155.000000
139.000000
1114.000000
429.000000
388.000000
251.000000
581.000000
1609.000000
967.000000
295.000000
587.000000
251.000000
580.000000
347.000000
830.000000
215.000000
320.000000
60.000000
524.000000
205.000000
427.000000
344.000000
314.000000
764.000000
340.000000
136.000000
149.000000
123.000000
403.000000
122.000000
186.000000
67.000000
1309.000000
32.000000
276.000000
1461.000000
730.000000
102.000000
230.000000
1662.000000
272.000000
48.000000
286.000000
151.000000
605.000000
354.000000
655.000000
156.000000
328.000000
256.000000
213.000000
62.000000
309.000000
628.000000
164.000000
239.000000
853.000000
54.000000
664.000000
2757.000000
1544.000000
258.000000
80.000000
768.000000
639.000000
1083.000000
328.000000
149.000000
36.000000
639.000000
423.000000
285.000000
794.000000
1587.000000
265.000000
311.000000
37.000000
1100.000000
50.000000
130.000000
105.000000
50.000000
2185.000000
478.000000
891.000000
171.000000
314.000000
293.000000
1128.000000
993.000000
370.000000
517.000000
336.000000
595.000000
313.000000
56.000000
502.000000
510.000000
444.000000
182.000000
1690.000000
1355.000000
3911.000000
200.000000
318.000000
806.000000
1087.000000
677.000000
414.000000
1852.000000
283.000000
498.000000
912.000000
341.000000
1339.000000
1231.000000
150.000000
249.000000
105.000000
441.000000
271.000000
326.000000
455.000000
344.000000
832.000000
1589.000000
252.000000
204.000000
551.000000
151.000000
1137.000000
1376.000000
504.000000
313.000000
631.000000
46.000000
484.000000
341.000000
1284.000000
1071.000000
266.000000
539.000000
241.000000
288.000000
146.000000
2114.000000
433.000000
587.000000
316.000000
970.000000
169.000000
398.000000
1503.000000
807.000000
147.000000
506.000000
402.000000
410.000000
3388.000000
332.000000
5709.000000
415.000000
225.000000
678.000000
45.000000
215.000000
280.000000
282.000000
113.000000
139.000000
657.000000
2266.000000
940.000000
113.000000
415.000000
467.000000
262.000000
675.000000
224.000000
1032.000000
203.000000
98.000000
70.000000
873.000000
124.000000
152.000000
197.000000
304.000000
594.000000
836.000000
629.000000
359.000000
93.000000
1279.000000
1078.000000
76.000000
1146.000000
26.000000
409.000000
331.000000
144.000000
369.000000
1328.000000
370.000000
493.000000
378.000000
48.000000
353.000000
186.000000
568.000000
1545.000000
631.000000
2326.000000
105.000000
357.000000
732.000000
159.000000
423.000000
729.000000
210.000000
692.000000
157.000000
430.000000
108.000000
253.000000
758.000000
690.000000
996.000000
520.000000
260.000000
3665.000000
989.000000
500.000000
301.000000
262.000000
88.000000
120.000000
1455.000000
376.000000
283.000000
4791.000000
197.000000
1654.000000
513.000000
39.000000
596.000000
59.000000
48.000000
303.000000
456.000000
238.000000
283.000000
795.000000
98.000000
192.000000
889.000000
1114.000000
186.000000
865.000000
804.000000
832.000000
876.000000
153.000000
351.000000
1254.000000
226.000000
224.000000
432.000000
355.000000
329.000000
174.000000
497.000000
176.000000
5435.000000
31.000000
134.000000
2118.000000
440.000000
1635.000000
2064.000000
376.000000
215.000000
1623.000000
151.000000
75.000000
20.000000
38.000000
439.000000
195.000000
250.000000
380.000000
312.000000
1357.000000
1588.000000
916.000000
49.000000
503.000000
1163.000000
97.000000
108.000000
189.000000
1216.000000
166.000000
818.000000
259.000000
239.000000
775.000000
1725.000000
141.000000
123.000000
81.000000
1585.000000
684.000000
339.000000
317.000000
465.000000
788.000000
271.000000
231.000000
384.000000
2603.000000
149.000000
727.000000
944.000000
591.000000
210.000000
305.000000
681.000000
968.000000
135.000000
346.000000
207.000000
122.000000
808.000000
119.000000
250.000000
257.000000
2017.000000
1991.000000
381.000000
30.000000
206.000000
2647.000000
96.000000
771.000000
975.000000
1330.000000
28.000000
193.000000
451.000000
74.000000
676.000000
191.000000
231.000000
1724.000000
358.000000
36.000000
1093.000000
467.000000
138.000000
409.000000
242.000000
656.000000
48.000000
3815.000000
573.000000
281.000000
578.000000
777.000000
790.000000
388.000000
617.000000
188.000000
894.000000
118.000000
58.000000
991.000000
61.000000
23.000000
593.000000
284.000000
1075.000000
137.000000
1033.000000
280.000000
245.000000
1277.000000
1092.000000
140.000000
226.000000
1656.000000
1577.000000
690.000000
128.000000
801.000000
225.000000
310.000000
573.000000
200.000000
63.000000
683.000000
530.000000
734.000000
468.000000
68.000000
245.000000
291.000000
171.000000
158.000000
80.000000
345.000000
213.000000
377.000000
51.000000
725.000000
567.000000
69.000000
257.000000
801.000000
1086.000000
481.000000
730.000000
189.000000
427.000000
346.000000
259.000000
130.000000
567.000000
913.000000
57.000000
388.000000
3046.000000
336.000000
1000.000000
245.000000
454.000000
337.000000
7104.000000
2235.000000
2344.000000
267.000000
272.000000
297.000000
177.000000
724.000000
1706.000000
285.000000
424.000000
352.000000
518.000000
509.000000
186.000000
115.000000
348.000000
501.000000
629.000000
808.000000
1625.000000
292.000000
214.000000
301.000000
1169.000000
469.000000
1330.000000
113.000000
176.000000
54.000000
287.000000
550.000000
275.000000
740.000000
79.000000
1770.000000
348.000000
1370.000000
413.000000
396.000000
28.000000
447.000000
842.000000
603.000000
523.000000
165.000000
172.000000
249.000000
685.000000
189.000000
1632.000000
245.000000
973.000000
180.000000
119.000000
239.000000
3606.000000
1396.000000
431.000000
394.000000
33.000000
208.000000
601.000000
830.000000
630.000000
50.000000
133.000000
1096.000000
243.000000
60.000000
433.000000
1054.000000
65.000000
124.000000
530.000000
227.000000
737.000000
501.000000
5494.000000
506.000000
352.000000
242.000000
1414.000000
98.000000
677.000000
314.000000
243.000000
1689.000000
112.000000
216.000000
2492.000000
434.000000
1175.000000
264.000000
8819.000000
273.000000
279.000000
188.000000
1626.000000
275.000000
1162.000000
1180.000000
1246.000000
387.000000
346.000000
593.000000
1350.000000
1318.000000
177.000000
272.000000
147.000000
1049.000000
309.000000
148.000000
3831.000000
1794.000000
368.000000
574.000000
366.000000
58.000000
783.000000
557.000000
204.000000
438.000000
403.000000
855.000000
284.000000
156.000000
744.000000
338.000000
581.000000
778.000000
50.000000
282.000000
1651.000000
3514.000000
164.000000
286.000000
85.000000
304.000000
1775.000000
270.000000
65.000000
233.000000
163.000000
2729.000000
283.000000
260.000000
79.000000
179.000000
590.000000
593.000000
1170.000000
1285.000000
1427.000000
417.000000
316.000000
211.000000
240.000000
555.000000
1081.000000
59.000000
57.000000
415.000000
1780.000000
1018.000000
771.000000
1037.000000
2073.000000
1295.000000
173.000000
1522.000000
78.000000
254.000000
564.000000
1037.000000
342.000000
6036.000000
529.000000
330.000000
2430.000000
480.000000
311.000000
1312.000000
91.000000
852.000000
103.000000
729.000000
223.000000
851.000000
438.000000
496.000000
1702.000000
224.000000
380.000000
380.000000
396.000000
553.000000
305.000000
1503.000000
2060.000000
385.000000
326.000000
484.000000
839.000000
1368.000000
266.000000
691.000000
2172.000000
825.000000
262.000000
366.000000
112.000000
264.000000
3130.000000
369.000000
46.000000
231.000000
225.000000
1330.000000
516.000000
487.000000
1111.000000
226.000000
789.000000
92.000000
501.000000
658.000000
1984.000000
350.000000
1477.000000
205.000000
200.000000
151.000000
178.000000
