3023.000000
114.000000
834.000000
360.000000
143.000000
722.000000
413.000000
34.000000
295.000000
320.000000
836.000000
1732.000000
802.000000
64.000000
459.000000
247.000000
927.000000
946.000000
1582.000000
30.000000
308.000000
212.000000
154.000000
440.000000
1504.000000
1235.000000
227.000000
898.000000
966.000000
737.000000
171.000000
3298.000000
604.000000
190.000000
392.000000
707.000000
1271.000000
492.000000
646.000000
112.000000
307.000000
990.000000
293.000000
828.000000
54.000000
1453.000000
406.000000
220.000000
1195.000000
2371.000000
100.000000
525.000000
387.000000
601.000000
1433.000000
194.000000
336.000000
677.000000
236.000000
1218.000000
407.000000
1342.000000
500.000000
794.000000
35.000000
75.000000
355.000000
352.000000
378.000000
62.000000
385.000000
513.000000
1194.000000
738.000000
188.000000
6355.000000
362.000000
890.000000
101.000000
284.000000
917.000000
1391.000000
231.000000
1754.000000
204.000000
205.000000
245.000000
122.000000
44.000000
107.000000
2368.000000
637.000000
527.000000
43.000000
217.000000
479.000000
388.000000
302.000000
232.000000
225.000000
2499.000000
437.000000
3093.000000
128.000000
713.000000
144.000000
732.000000
246.000000
172.000000
571.000000
1669.000000
286.000000
373.000000
1277.000000
346.000000
92.000000
314.000000
576.000000
132.000000
918.000000
234.000000
345.000000
1373.000000
444.000000
366.000000
1087.000000
531.000000
82.000000
6005.000000
145.000000
290.000000
307.000000
1518.000000
592.000000
577.000000
204.000000
581.000000
227.000000
276.000000
581.000000
175.000000
188.000000
158.000000
671.000000
329.000000
212.000000
1341.000000
551.000000
531.000000
179.000000
882.000000
2525.000000
392.000000
344.000000
63.000000
139.000000
302.000000
111.000000
538.000000
279.000000
519.000000
588.000000
650.000000
590.000000
528.000000
387.000000
798.000000
1050.000000
75.000000
210.000000
125.000000
106.000000
431.000000
83.000000
113.000000
83.000000
675.000000
126.000000
251.000000
144.000000
2462.000000
1852.000000
645.000000
459.000000
124.000000
543.000000
289.000000
43.000000
7929.000000
198.000000
252.000000
620.000000
405.000000
398.000000
28.000000
421.000000
1410.000000
289.000000
384.000000
635.000000
246.000000
203.000000
493.000000
872.000000
224.000000
389.000000
357.000000
638.000000
354.000000
379.000000
719.000000
96.000000
2383.000000
81.000000
89.000000
1249.000000
164.000000
401.000000
400.000000
596.000000
295.000000
1186.000000
178.000000
1154.000000
1079.000000
566.000000
74.000000
468.000000
443.000000
141.000000
2148.000000
761.000000
279.000000
241.000000
1451.000000
694.000000
1643.000000
1217.000000
457.000000
357.000000
493.000000
2263.000000
320.000000
303.000000
112.000000
55.000000
1042.000000
1044.000000
222.000000
432.000000
345.000000
1101.000000
548.000000
545.000000
237.000000
259.000000
31.000000
311.000000
873.000000
259.000000
445.000000
1207.000000
503.000000
152.000000
398.000000
1153.000000
280.000000
653.000000
666.000000
2104.000000
344.000000
511.000000
369.000000
39.000000
425.000000
201.000000
85.000000
574.000000
205.000000
611.000000
381.000000
484.000000
2051.000000
339.000000
898.000000
195.000000
6065.000000
112.000000
1026.000000
801.000000
199.000000
5548.000000
226.000000
372.000000
73.000000
366.000000
656.000000
1052.000000
502.000000
477.000000
150.000000
2184.000000
365.000000
273.000000
1849.000000
1407.000000
509.000000
94.000000
398.000000
453.000000
59.000000
210.000000
77.000000
1908.000000
246.000000
937.000000
122.000000
978.000000
365.000000
354.000000
289.000000
246.000000
389.000000
590.000000
1320.000000
153.000000
163.000000
660.000000
139.000000
193.000000
111.000000
3536.000000
216.000000
491.000000
372.000000
754.000000
232.000000
1765.000000
109.000000
1558.000000
572.000000
1380.000000
138.000000
202.000000
761.000000
100.000000
200.000000
2916.000000
530.000000
39.000000
608.000000
865.000000
207.000000
765.000000
234.000000
71.000000
92.000000
626.000000
400.000000
111.000000
618.000000
226.000000
1083.000000
439.000000
113.000000
76.000000
880.000000
226.000000
702.000000
591.000000
444.000000
262.000000
160.000000
1602.000000
504.000000
358.000000
303.000000
251.000000
199.000000
276.000000
188.000000
618.000000
663.000000
435.000000
358.000000
360.000000
92.000000
120.000000
473.000000
28.000000
952.000000
100.000000
91.000000
551.000000
121.000000
531.000000
1356.000000
116.000000
118.000000
214.000000
294.000000
80.000000
472.000000
506.000000
198.000000
274.000000
429.000000
262.000000
358.000000
1662.000000
2215.000000
296.000000
420.000000
380.000000
935.000000
163.000000
168.000000
389.000000
537.000000
536.000000
768.000000
100.000000
634.000000
7160.000000
203.000000
135.000000
2042.000000
154.000000
218.000000
270.000000
721.000000
517.000000
1346.000000
131.000000
624.000000
179.000000
545.000000
103.000000
1661.000000
2323.000000
245.000000
1620.000000
152.000000
3412.000000
94.000000
786.000000
465.000000
1157.000000
744.000000
561.000000
566.000000
163.000000
881.000000
903.000000
3104.000000
101.000000
1265.000000
5187.000000
848.000000
3981.000000
602.000000
276.000000
636.000000
875.000000
106.000000
422.000000
189.000000
412.000000
615.000000
1560.000000
238.000000
128.000000
216.000000
1755.000000
767.000000
808.000000
1212.000000
170.000000
452.000000
5021.000000
648.000000
243.000000
231.000000
152.000000
710.000000
464.000000
258.000000
503.000000
27.000000
536.000000
351.000000
479.000000
480.000000
423.000000
430.000000
978.000000
368.000000
605.000000
362.000000
298.000000
1000.000000
185.000000
524.000000
230.000000
747.000000
3442.000000
1754.000000
570.000000
908.000000
291.000000
709.000000
262.000000
14.000000
370.000000
134.000000
198.000000
4240.000000
2043.000000
155.000000
489.000000
123.000000
179.000000
3382.000000
168.000000
445.000000
164.000000
355.000000
285.000000
164.000000
301.000000
1913.000000
67.000000
436.000000
357.000000
496.000000
1546.000000
2190.000000
1011.000000
3039.000000
227.000000
87.000000
1076.000000
380.000000
559.000000
1408.000000
252.000000
337.000000
186.000000
677.000000
45.000000
144.000000
522.000000
61.000000
234.000000
114.000000
332.000000
113.000000
293.000000
206.000000
1335.000000
326.000000
288.000000
1172.000000
363.000000
132.000000
1104.000000
338.000000
715.000000
515.000000
422.000000
539.000000
176.000000
577.000000
335.000000
222.000000
213.000000
381.000000
3719.000000
3042.000000
682.000000
168.000000
1914.000000
495.000000
125.000000
604.000000
271.000000
183.000000
218.000000
187.000000
2078.000000
320.000000
1456.000000
926.000000
960.000000
356.000000
116.000000
284.000000
343.000000
193.000000
930.000000
231.000000
25.000000
876.000000
257.000000
723.000000
162.000000
1077.000000
845.000000
799.000000
337.000000
4944.000000
246.000000
120.000000
454.000000
496.000000
366.000000
943.000000
352.000000
348.000000
257.000000
348.000000
199.000000
861.000000
166.000000
244.000000
188.000000
87.000000
3839.000000
236.000000
227.000000
415.000000
371.000000
46.000000
399.000000
580.000000
1288.000000
375.000000
983.000000
654.000000
303.000000
428.000000
623.000000
804.000000
135.000000
211.000000
207.000000
741.000000
539.000000
5754.000000
524.000000
247.000000
812.000000
1390.000000
724.000000
207.000000
122.000000
110.000000
659.000000
1141.000000
954.000000
286.000000
160.000000
1201.000000
927.000000
337.000000
290.000000
187.000000
40.000000
911.000000
578.000000
555.000000
421.000000
904.000000
379.000000
147.000000
772.000000
668.000000
808.000000
30.000000
322.000000
713.000000
60.000000
393.000000
633.000000
155.000000
1363.000000
171.000000
410.000000
350.000000
244.000000
129.000000
420.000000
1079.000000
96.000000
884.000000
830.000000
474.000000
357.000000
891.000000
385.000000
1068.000000
617.000000
801.000000
46.000000
822.000000
2009.000000
646.000000
967.000000
1077.000000
296.000000
720.000000
193.000000
757.000000
2834.000000
2762.000000
128.000000
2819.000000
313.000000
706.000000
62.000000
278.000000
329.000000
1529.000000
196.000000
433.000000
967.000000
149.000000
262.000000
459.000000
239.000000
660.000000
61.000000
411.000000
1303.000000
2285.000000
359.000000
777.000000
287.000000
278.000000
515.000000
1545.000000
230.000000
2084.000000
131.000000
46.000000
173.000000
165.000000
631.000000
297.000000
562.000000
984.000000
1241.000000
675.000000
30.000000
780.000000
61.000000
2092.000000
210.000000
866.000000
1343.000000
1358.000000
300.000000
3419.000000
1004.000000
1091.000000
810.000000
751.000000
398.000000
150.000000
1249.000000
150.000000
125.000000
728.000000
87.000000
102.000000
1213.000000
292.000000
781.000000
493.000000
914.000000
552.000000
665.000000
2914.000000
424.000000
660.000000
200.000000
309.000000
68.000000
157.000000
394.000000
317.000000
212.000000
320.000000
294.000000
331.000000
175.000000
1587.000000
239.000000
1165.000000
663.000000
3092.000000
1249.000000
2907.000000
706.000000
676.000000
1742.000000
284.000000
193.000000
722.000000
641.000000
514.000000
233.000000
292.000000
636.000000
397.000000
7621.000000
382.000000
181.000000
552.000000
293.000000
157.000000
453.000000
671.000000
1599.000000
197.000000
2687.000000
385.000000
1519.000000
794.000000
159.000000
464.000000
328.000000
241.000000
90.000000
122.000000
769.000000
3082.000000
759.000000
165.000000
206.000000
97.000000
3950.000000
379.000000
134.000000
165.000000
2686.000000
112.000000
1792.000000
84.000000
512.000000
1264.000000
3929.000000
372.000000
140.000000
41.000000
6721.000000
90.000000
1186.000000
136.000000
192.000000
152.000000
161.000000
118.000000
58.000000
207.000000
513.000000
701.000000
171.000000
227.000000
350.000000
180.000000
345.000000
427.000000
429.000000
601.000000
212.000000
1237.000000
414.000000
1283.000000
831.000000
125.000000
192.000000
319.000000
397.000000
145.000000
463.000000
223.000000
222.000000
177.000000
351.000000
150.000000
120.000000
2870.000000
267.000000
426.000000
1497.000000
71.000000
671.000000
1824.000000
466.000000
397.000000
11693.000000
116.000000
509.000000
1675.000000
764.000000
226.000000
321.000000
910.000000
84.000000
257.000000
149.000000
61.000000
435.000000
390.000000
358.000000
260.000000
144.000000
1871.000000
146.000000
529.000000
1020.000000
852.000000
2594.000000
1215.000000
172.000000
786.000000
133.000000
911.000000
325.000000
982.000000
320.000000
49.000000
205.000000
944.000000
1237.000000
372.000000
110.000000
419.000000
543.000000
420.000000
267.000000
400.000000
3322.000000
841.000000
761.000000
303.000000
1179.000000
497.000000
152.000000
963.000000
1077.000000
60.000000
2729.000000
22.000000
475.000000
862.000000
442.000000
672.000000
2000.000000
254.000000
1319.000000
1162.000000
1379.000000
328.000000
406.000000
250.000000
175.000000
331.000000
156.000000
2161.000000
104.000000
706.000000
250.000000
137.000000
207.000000
4957.000000
638.000000
90.000000
813.000000
442.000000
268.000000
215.000000
82.000000
230.000000
758.000000
292.000000
758.000000
861.000000
856.000000
558.000000
1105.000000
451.000000
178.000000
1277.000000
27.000000
527.000000
474.000000
776.000000
3069.000000
