1269.000000
100.000000
141.000000
153.000000
211.000000
767.000000
94.000000
582.000000
769.000000
774.000000
297.000000
165.000000
406.000000
110.000000
481.000000
1407.000000
361.000000
963.000000
227.000000
344.000000
237.000000
452.000000
7625.000000
207.000000
220.000000
156.000000
490.000000
692.000000
7074.000000
491.000000
101.000000
118.000000
251.000000
392.000000
400.000000
215.000000
461.000000
1275.000000
1753.000000
524.000000
765.000000
802.000000
771.000000
236.000000
351.000000
1212.000000
379.000000
366.000000
459.000000
728.000000
1448.000000
135.000000
632.000000
1961.000000
369.000000
440.000000
6325.000000
913.000000
4613.000000
371.000000
708.000000
1208.000000
848.000000
152.000000
478.000000
725.000000
871.000000
476.000000
308.000000
901.000000
1091.000000
287.000000
561.000000
272.000000
91.000000
251.000000
686.000000
1709.000000
1479.000000
521.000000
778.000000
435.000000
345.000000
1398.000000
172.000000
762.000000
3195.000000
1299.000000
213.000000
225.000000
239.000000
123.000000
12257.000000
471.000000
539.000000
880.000000
3515.000000
505.000000
466.000000
49.000000
833.000000
160.000000
110.000000
156.000000
282.000000
695.000000
640.000000
1800.000000
319.000000
344.000000
1032.000000
1259.000000
341.000000
491.000000
82.000000
194.000000
58.000000
944.000000
385.000000
108.000000
168.000000
5398.000000
1011.000000
1164.000000
771.000000
894.000000
485.000000
163.000000
292.000000
2569.000000
738.000000
287.000000
59.000000
461.000000
476.000000
152.000000
175.000000
215.000000
1605.000000
278.000000
966.000000
475.000000
66.000000
381.000000
611.000000
82.000000
526.000000
680.000000
1062.000000
1269.000000
33.000000
492.000000
1874.000000
986.000000
516.000000
72.000000
797.000000
44.000000
42.000000
588.000000
366.000000
2058.000000
571.000000
443.000000
648.000000
1189.000000
312.000000
218.000000
338.000000
351.000000
771.000000
348.000000
104.000000
107.000000
2519.000000
202.000000
1212.000000
4058.000000
128.000000
964.000000
370.000000
507.000000
667.000000
332.000000
2355.000000
128.000000
170.000000
983.000000
180.000000
147.000000
727.000000
1759.000000
171.000000
549.000000
1299.000000
449.000000
104.000000
1191.000000
275.000000
159.000000
880.000000
228.000000
302.000000
962.000000
2792.000000
117.000000
686.000000
639.000000
152.000000
271.000000
1261.000000
685.000000
1159.000000
640.000000
95.000000
552.000000
677.000000
629.000000
420.000000
75.000000
3179.000000
535.000000
127.000000
184.000000
267.000000
606.000000
598.000000
345.000000
525.000000
680.000000
307.000000
184.000000
281.000000
264.000000
761.000000
189.000000
356.000000
1118.000000
343.000000
560.000000
388.000000
1058.000000
478.000000
1466.000000
456.000000
337.000000
924.000000
715.000000
779.000000
772.000000
96.000000
291.000000
47.000000
234.000000
128.000000
599.000000
208.000000
376.000000
180.000000
499.000000
420.000000
167.000000
126.000000
1554.000000
2104.000000
926.000000
1005.000000
489.000000
235.000000
165.000000
458.000000
2550.000000
478.000000
1730.000000
617.000000
256.000000
65.000000
204.000000
141.000000
97.000000
491.000000
672.000000
624.000000
1036.000000
437.000000
72.000000
1003.000000
112.000000
53.000000
409.000000
1818.000000
273.000000
941.000000
427.000000
1053.000000
317.000000
380.000000
543.000000
131.000000
483.000000
103.000000
595.000000
1079.000000
1086.000000
74.000000
62.000000
335.000000
617.000000
154.000000
759.000000
218.000000
323.000000
1195.000000
399.000000
151.000000
145.000000
1628.000000
903.000000
901.000000
340.000000
679.000000
213.000000
379.000000
125.000000
182.000000
295.000000
1011.000000
730.000000
369.000000
251.000000
1010.000000
283.000000
560.000000
4113.000000
239.000000
1053.000000
290.000000
216.000000
165.000000
328.000000
780.000000
848.000000
730.000000
382.000000
404.000000
346.000000
486.000000
919.000000
279.000000
2522.000000
263.000000
1098.000000
203.000000
120.000000
1258.000000
96.000000
309.000000
267.000000
338.000000
1051.000000
2526.000000
292.000000
73.000000
148.000000
576.000000
381.000000
1669.000000
438.000000
1527.000000
1087.000000
902.000000
147.000000
1020.000000
169.000000
95.000000
239.000000
533.000000
287.000000
485.000000
497.000000
254.000000
336.000000
467.000000
1526.000000
690.000000
100.000000
79.000000
54.000000
2949.000000
1804.000000
296.000000
529.000000
182.000000
996.000000
991.000000
113.000000
197.000000
151.000000
175.000000
161.000000
2746.000000
867.000000
125.000000
455.000000
762.000000
681.000000
609.000000
286.000000
883.000000
334.000000
169.000000
568.000000
219.000000
751.000000
758.000000
150.000000
299.000000
282.000000
371.000000
308.000000
1146.000000
122.000000
303.000000
383.000000
208.000000
360.000000
238.000000
37.000000
666.000000
1137.000000
119.000000
342.000000
740.000000
143.000000
52.000000
135.000000
473.000000
2611.000000
419.000000
4705.000000
1667.000000
357.000000
612.000000
693.000000
51.000000
136.000000
455.000000
186.000000
599.000000
69.000000
445.000000
290.000000
842.000000
448.000000
3275.000000
354.000000
203.000000
356.000000
185.000000
1369.000000
1016.000000
146.000000
932.000000
262.000000
880.000000
474.000000
560.000000
193.000000
166.000000
499.000000
84.000000
831.000000
1976.000000
384.000000
172.000000
374.000000
688.000000
428.000000
303.000000
244.000000
1967.000000
473.000000
2303.000000
959.000000
127.000000
39.000000
663.000000
84.000000
129.000000
412.000000
246.000000
1167.000000
209.000000
108.000000
22.000000
445.000000
524.000000
307.000000
187.000000
1498.000000
88.000000
725.000000
417.000000
619.000000
2095.000000
610.000000
1135.000000
794.000000
374.000000
1027.000000
656.000000
792.000000
706.000000
357.000000
332.000000
680.000000
3690.000000
282.000000
402.000000
521.000000
936.000000
115.000000
303.000000
174.000000
259.000000
517.000000
145.000000
132.000000
455.000000
71.000000
261.000000
165.000000
499.000000
597.000000
216.000000
505.000000
630.000000
263.000000
210.000000
1752.000000
211.000000
112.000000
202.000000
312.000000
785.000000
678.000000
485.000000
548.000000
149.000000
904.000000
2815.000000
358.000000
82.000000
537.000000
189.000000
1193.000000
108.000000
132.000000
761.000000
97.000000
106.000000
464.000000
91.000000
161.000000
429.000000
158.000000
674.000000
321.000000
268.000000
542.000000
1335.000000
773.000000
590.000000
2601.000000
425.000000
292.000000
239.000000
162.000000
900.000000
490.000000
1305.000000
512.000000
400.000000
98.000000
207.000000
765.000000
142.000000
177.000000
236.000000
261.000000
289.000000
1734.000000
82.000000
214.000000
101.000000
105.000000
713.000000
44.000000
91.000000
746.000000
145.000000
228.000000
584.000000
586.000000
550.000000
427.000000
1788.000000
61.000000
114.000000
823.000000
1274.000000
110.000000
102.000000
153.000000
425.000000
91.000000
646.000000
270.000000
1015.000000
385.000000
591.000000
1159.000000
359.000000
1176.000000
120.000000
1039.000000
188.000000
860.000000
350.000000
538.000000
282.000000
282.000000
225.000000
160.000000
440.000000
766.000000
197.000000
54.000000
220.000000
455.000000
995.000000
1421.000000
291.000000
1027.000000
986.000000
1314.000000
491.000000
1272.000000
445.000000
1870.000000
120.000000
1154.000000
155.000000
419.000000
157.000000
261.000000
693.000000
748.000000
978.000000
256.000000
194.000000
366.000000
740.000000
672.000000
815.000000
916.000000
98.000000
2019.000000
604.000000
125.000000
2012.000000
109.000000
669.000000
401.000000
871.000000
414.000000
1213.000000
131.000000
1249.000000
448.000000
279.000000
176.000000
883.000000
292.000000
4038.000000
1208.000000
95.000000
955.000000
151.000000
139.000000
877.000000
212.000000
379.000000
81.000000
930.000000
495.000000
253.000000
369.000000
451.000000
554.000000
309.000000
1161.000000
102.000000
73.000000
351.000000
226.000000
282.000000
762.000000
560.000000
219.000000
329.000000
5187.000000
967.000000
109.000000
377.000000
318.000000
714.000000
299.000000
137.000000
153.000000
366.000000
711.000000
2543.000000
509.000000
215.000000
292.000000
611.000000
308.000000
514.000000
514.000000
146.000000
433.000000
275.000000
410.000000
174.000000
4491.000000
130.000000
439.000000
108.000000
336.000000
546.000000
1360.000000
83.000000
1126.000000
49.000000
535.000000
513.000000
499.000000
251.000000
291.000000
293.000000
36.000000
1036.000000
37.000000
242.000000
724.000000
106.000000
1425.000000
494.000000
164.000000
419.000000
474.000000
288.000000
1049.000000
310.000000
2662.000000
313.000000
1028.000000
133.000000
1398.000000
866.000000
175.000000
130.000000
1187.000000
508.000000
209.000000
388.000000
206.000000
764.000000
100.000000
208.000000
66.000000
3453.000000
241.000000
300.000000
1043.000000
236.000000
281.000000
118.000000
438.000000
1173.000000
462.000000
184.000000
702.000000
168.000000
417.000000
1543.000000
1691.000000
1105.000000
176.000000
271.000000
1312.000000
704.000000
147.000000
61.000000
2271.000000
398.000000
148.000000
1753.000000
277.000000
723.000000
614.000000
496.000000
1359.000000
89.000000
515.000000
305.000000
383.000000
278.000000
1318.000000
543.000000
129.000000
3163.000000
267.000000
223.000000
528.000000
208.000000
773.000000
2052.000000
138.000000
750.000000
251.000000
547.000000
101.000000
686.000000
3110.000000
3077.000000
233.000000
1054.000000
1203.000000
520.000000
1456.000000
1170.000000
68.000000
135.000000
537.000000
1635.000000
824.000000
313.000000
145.000000
246.000000
857.000000
615.000000
170.000000
330.000000
126.000000
62.000000
351.000000
208.000000
181.000000
1144.000000
176.000000
932.000000
178.000000
291.000000
627.000000
157.000000
76.000000
62.000000
358.000000
82.000000
1244.000000
396.000000
253.000000
76.000000
2194.000000
550.000000
1097.000000
96.000000
1125.000000
600.000000
60.000000
109.000000
4444.000000
157.000000
372.000000
31.000000
228.000000
853.000000
1295.000000
437.000000
700.000000
400.000000
248.000000
341.000000
2701.000000
922.000000
877.000000
1112.000000
744.000000
68.000000
195.000000
493.000000
126.000000
281.000000
564.000000
94.000000
663.000000
380.000000
467.000000
1347.000000
506.000000
525.000000
215.000000
558.000000
1163.000000
261.000000
332.000000
244.000000
935.000000
441.000000
1130.000000
259.000000
447.000000
1642.000000
210.000000
707.000000
113.000000
409.000000
215.000000
255.000000
700.000000
441.000000
516.000000
472.000000
3260.000000
295.000000
783.000000
210.000000
57.000000
291.000000
582.000000
1017.000000
170.000000
719.000000
2217.000000
167.000000
429.000000
138.000000
1108.000000
3526.000000
1624.000000
749.000000
847.000000
706.000000
527.000000
310.000000
838.000000
372.000000
658.000000
2031.000000
67.000000
297.000000
149.000000
259.000000
247.000000
963.000000
291.000000
557.000000
859.000000
253.000000
1186.000000
770.000000
791.000000
358.000000
93.000000
84.000000
239.000000
1170.000000
181.000000
843.000000
285.000000
256.000000
745.000000
344.000000
265.000000
1581.000000
226.000000
625.000000
267.000000
730.000000
266.000000
1669.000000
327.000000
176.000000
296.000000
295.000000
1288.000000
142.000000
396.000000
