835.000000
190.000000
284.000000
341.000000
269.000000
175.000000
198.000000
1289.000000
1039.000000
374.000000
2449.000000
288.000000
651.000000
981.000000
449.000000
301.000000
496.000000
346.000000
652.000000
184.000000
359.000000
288.000000
547.000000
1350.000000
1280.000000
587.000000
240.000000
831.000000
900.000000
802.000000
634.000000
306.000000
266.000000
796.000000
270.000000
22.000000
542.000000
137.000000
191.000000
653.000000
606.000000
275.000000
803.000000
198.000000
301.000000
105.000000
160.000000
983.000000
258.000000
541.000000
783.000000
206.000000
1409.000000
283.000000
794.000000
155.000000
534.000000
213.000000
830.000000
320.000000
48.000000
250.000000
561.000000
2104.000000
575.000000
333.000000
603.000000
1009.000000
652.000000
223.000000
45.000000
1377.000000
207.000000
498.000000
267.000000
80.000000
417.000000
54.000000
1074.000000
323.000000
272.000000
170.000000
261.000000
2457.000000
159.000000
2392.000000
245.000000
64.000000
305.000000
559.000000
491.000000
305.000000
1408.000000
1002.000000
283.000000
345.000000
304.000000
414.000000
1266.000000
81.000000
1090.000000
376.000000
582.000000
91.000000
766.000000
385.000000
65.000000
1173.000000
1625.000000
582.000000
2652.000000
215.000000
2002.000000
641.000000
517.000000
1123.000000
407.000000
1083.000000
1381.000000
256.000000
398.000000
1574.000000
279.000000
989.000000
541.000000
709.000000
201.000000
8975.000000
139.000000
1490.000000
57.000000
511.000000
306.000000
174.000000
1867.000000
651.000000
183.000000
783.000000
2715.000000
416.000000
648.000000
585.000000
31.000000
267.000000
425.000000
323.000000
110.000000
192.000000
225.000000
519.000000
713.000000
602.000000
1591.000000
43.000000
247.000000
712.000000
2308.000000
1758.000000
196.000000
473.000000
204.000000
1216.000000
69.000000
139.000000
713.000000
1244.000000
93.000000
69.000000
228.000000
977.000000
223.000000
44.000000
351.000000
388.000000
232.000000
933.000000
623.000000
925.000000
2571.000000
530.000000
777.000000
172.000000
549.000000
215.000000
147.000000
789.000000
444.000000
291.000000
410.000000
666.000000
349.000000
459.000000
196.000000
233.000000
451.000000
375.000000
1696.000000
363.000000
186.000000
237.000000
41.000000
345.000000
626.000000
202.000000
84.000000
476.000000
1115.000000
1295.000000
965.000000
3568.000000
440.000000
1689.000000
398.000000
969.000000
1006.000000
1120.000000
463.000000
755.000000
607.000000
299.000000
666.000000
2253.000000
2244.000000
1393.000000
1263.000000
161.000000
489.000000
450.000000
221.000000
636.000000
467.000000
222.000000
1910.000000
352.000000
103.000000
466.000000
181.000000
1190.000000
48.000000
1045.000000
1710.000000
971.000000
273.000000
770.000000
331.000000
1229.000000
690.000000
980.000000
131.000000
421.000000
397.000000
159.000000
1055.000000
1301.000000
514.000000
149.000000
1061.000000
2358.000000
64.000000
971.000000
418.000000
1385.000000
78.000000
705.000000
114.000000
212.000000
779.000000
1680.000000
858.000000
1035.000000
599.000000
282.000000
352.000000
914.000000
105.000000
427.000000
116.000000
116.000000
1015.000000
410.000000
93.000000
300.000000
404.000000
472.000000
219.000000
1503.000000
375.000000
241.000000
224.000000
226.000000
284.000000
316.000000
741.000000
131.000000
247.000000
363.000000
309.000000
267.000000
809.000000
2184.000000
166.000000
274.000000
89.000000
3995.000000
57.000000
397.000000
689.000000
1360.000000
58.000000
810.000000
363.000000
287.000000
241.000000
2107.000000
585.000000
63.000000
1255.000000
220.000000
315.000000
155.000000
351.000000
300.000000
106.000000
221.000000
324.000000
59.000000
126.000000
423.000000
658.000000
347.000000
845.000000
592.000000
391.000000
1327.000000
707.000000
175.000000
495.000000
1162.000000
205.000000
787.000000
712.000000
224.000000
1727.000000
34.000000
312.000000
121.000000
127.000000
363.000000
996.000000
488.000000
120.000000
462.000000
347.000000
329.000000
715.000000
136.000000
250.000000
330.000000
1087.000000
1734.000000
132.000000
629.000000
320.000000
261.000000
1438.000000
240.000000
847.000000
212.000000
425.000000
199.000000
933.000000
724.000000
373.000000
1066.000000
670.000000
181.000000
189.000000
922.000000
55.000000
84.000000
96.000000
64.000000
2617.000000
204.000000
318.000000
204.000000
249.000000
402.000000
2518.000000
255.000000
1037.000000
528.000000
113.000000
1273.000000
131.000000
1338.000000
95.000000
206.000000
2296.000000
330.000000
209.000000
72.000000
1019.000000
819.000000
71.000000
499.000000
1013.000000
389.000000
419.000000
287.000000
359.000000
246.000000
743.000000
785.000000
809.000000
456.000000
432.000000
1379.000000
1554.000000
803.000000
2055.000000
439.000000
2482.000000
388.000000
908.000000
1297.000000
331.000000
484.000000
473.000000
606.000000
255.000000
3154.000000
458.000000
492.000000
418.000000
83.000000
378.000000
967.000000
295.000000
441.000000
800.000000
1336.000000
71.000000
438.000000
2299.000000
96.000000
154.000000
583.000000
100.000000
83.000000
28.000000
140.000000
145.000000
708.000000
73.000000
723.000000
325.000000
484.000000
214.000000
142.000000
607.000000
299.000000
182.000000
714.000000
781.000000
156.000000
86.000000
350.000000
394.000000
818.000000
1216.000000
1108.000000
364.000000
520.000000
1223.000000
584.000000
92.000000
717.000000
1549.000000
176.000000
469.000000
1363.000000
672.000000
223.000000
506.000000
34.000000
1321.000000
648.000000
243.000000
193.000000
807.000000
1180.000000
214.000000
168.000000
420.000000
40.000000
1478.000000
589.000000
215.000000
338.000000
776.000000
138.000000
1170.000000
207.000000
249.000000
2163.000000
845.000000
104.000000
1082.000000
910.000000
149.000000
581.000000
317.000000
588.000000
129.000000
539.000000
533.000000
35.000000
337.000000
305.000000
143.000000
806.000000
386.000000
177.000000
567.000000
510.000000
554.000000
39.000000
982.000000
829.000000
139.000000
204.000000
467.000000
950.000000
223.000000
412.000000
879.000000
789.000000
285.000000
561.000000
482.000000
164.000000
176.000000
81.000000
219.000000
364.000000
901.000000
114.000000
916.000000
883.000000
1431.000000
91.000000
2897.000000
592.000000
1452.000000
688.000000
105.000000
479.000000
1783.000000
218.000000
523.000000
173.000000
947.000000
168.000000
221.000000
556.000000
789.000000
187.000000
1987.000000
132.000000
338.000000
267.000000
783.000000
691.000000
242.000000
799.000000
127.000000
900.000000
429.000000
1993.000000
449.000000
215.000000
459.000000
133.000000
576.000000
180.000000
816.000000
2023.000000
24.000000
344.000000
47.000000
277.000000
309.000000
1171.000000
116.000000
759.000000
756.000000
522.000000
151.000000
765.000000
959.000000
334.000000
37.000000
612.000000
199.000000
534.000000
229.000000
92.000000
287.000000
798.000000
382.000000
253.000000
1483.000000
219.000000
190.000000
677.000000
161.000000
276.000000
2817.000000
138.000000
135.000000
288.000000
1310.000000
381.000000
296.000000
1225.000000
171.000000
268.000000
110.000000
1448.000000
227.000000
321.000000
1908.000000
1010.000000
1580.000000
12.000000
307.000000
938.000000
1611.000000
1192.000000
431.000000
218.000000
901.000000
372.000000
721.000000
396.000000
528.000000
2762.000000
152.000000
1137.000000
595.000000
30.000000
395.000000
1693.000000
1200.000000
398.000000
1853.000000
687.000000
38.000000
1928.000000
133.000000
330.000000
64.000000
138.000000
217.000000
108.000000
411.000000
2407.000000
130.000000
226.000000
116.000000
90.000000
154.000000
268.000000
1205.000000
568.000000
32.000000
450.000000
128.000000
1331.000000
1790.000000
350.000000
1334.000000
332.000000
756.000000
713.000000
120.000000
295.000000
441.000000
2094.000000
196.000000
100.000000
209.000000
435.000000
798.000000
140.000000
77.000000
449.000000
600.000000
598.000000
2428.000000
170.000000
1975.000000
2198.000000
518.000000
512.000000
275.000000
167.000000
104.000000
323.000000
775.000000
312.000000
903.000000
608.000000
148.000000
328.000000
524.000000
1774.000000
1084.000000
495.000000
560.000000
860.000000
792.000000
771.000000
402.000000
147.000000
1030.000000
157.000000
811.000000
319.000000
327.000000
510.000000
1581.000000
40.000000
25.000000
313.000000
187.000000
263.000000
490.000000
455.000000
1891.000000
561.000000
71.000000
159.000000
286.000000
154.000000
547.000000
46.000000
74.000000
124.000000
1478.000000
739.000000
1275.000000
1309.000000
339.000000
934.000000
353.000000
1123.000000
1688.000000
752.000000
1652.000000
473.000000
2123.000000
538.000000
143.000000
804.000000
146.000000
315.000000
479.000000
656.000000
1198.000000
1965.000000
268.000000
750.000000
672.000000
502.000000
1861.000000
331.000000
324.000000
308.000000
418.000000
1137.000000
80.000000
461.000000
1593.000000
102.000000
16.000000
589.000000
571.000000
537.000000
649.000000
402.000000
678.000000
579.000000
1086.000000
45.000000
1359.000000
538.000000
501.000000
1250.000000
1313.000000
232.000000
321.000000
402.000000
936.000000
345.000000
2277.000000
366.000000
90.000000
538.000000
372.000000
800.000000
1398.000000
37.000000
25.000000
72.000000
718.000000
1804.000000
234.000000
625.000000
520.000000
157.000000
1105.000000
299.000000
1186.000000
277.000000
453.000000
231.000000
707.000000
1135.000000
1414.000000
32.000000
1361.000000
473.000000
518.000000
802.000000
79.000000
105.000000
533.000000
554.000000
803.000000
386.000000
385.000000
402.000000
944.000000
1155.000000
1041.000000
1242.000000
657.000000
217.000000
172.000000
439.000000
458.000000
609.000000
1029.000000
1146.000000
183.000000
192.000000
1136.000000
340.000000
135.000000
586.000000
168.000000
1495.000000
3636.000000
823.000000
336.000000
401.000000
452.000000
135.000000
306.000000
143.000000
1645.000000
704.000000
754.000000
307.000000
3924.000000
742.000000
330.000000
257.000000
148.000000
63.000000
465.000000
216.000000
1342.000000
122.000000
1512.000000
347.000000
422.000000
449.000000
386.000000
477.000000
81.000000
590.000000
193.000000
53.000000
387.000000
31.000000
1150.000000
530.000000
90.000000
409.000000
1131.000000
418.000000
835.000000
233.000000
506.000000
234.000000
686.000000
175.000000
187.000000
1070.000000
543.000000
709.000000
83.000000
124.000000
103.000000
543.000000
880.000000
413.000000
131.000000
698.000000
580.000000
258.000000
129.000000
247.000000
395.000000
688.000000
303.000000
162.000000
359.000000
972.000000
162.000000
401.000000
268.000000
486.000000
1829.000000
3457.000000
134.000000
315.000000
162.000000
519.000000
1256.000000
93.000000
324.000000
754.000000
527.000000
631.000000
580.000000
397.000000
370.000000
142.000000
550.000000
321.000000
1349.000000
129.000000
168.000000
329.000000
152.000000
413.000000
1461.000000
84.000000
633.000000
442.000000
478.000000
205.000000
675.000000
496.000000
2884.000000
925.000000
829.000000
93.000000
261.000000
1225.000000
578.000000
179.000000
127.000000
272.000000
168.000000
217.000000
1795.000000
410.000000
45.000000
844.000000
1273.000000
371.000000
486.000000
1513.000000
356.000000
296.000000
1080.000000
648.000000
675.000000
162.000000
232.000000
134.000000
756.000000
196.000000
462.000000
378.000000
