115.000000
1877.000000
1423.000000
174.000000
457.000000
118.000000
2006.000000
866.000000
153.000000
656.000000
1670.000000
442.000000
573.000000
245.000000
380.000000
163.000000
1713.000000
749.000000
1005.000000
795.000000
1132.000000
367.000000
672.000000
431.000000
627.000000
355.000000
197.000000
829.000000
1150.000000
225.000000
477.000000
530.000000
243.000000
272.000000
223.000000
217.000000
264.000000
44.000000
471.000000
983.000000
281.000000
399.000000
734.000000
1548.000000
738.000000
428.000000
1635.000000
126.000000
885.000000
557.000000
234.000000
272.000000
104.000000
475.000000
792.000000
2608.000000
252.000000
81.000000
1301.000000
1081.000000
2548.000000
553.000000
137.000000
125.000000
163.000000
278.000000
704.000000
433.000000
381.000000
511.000000
860.000000
218.000000
192.000000
693.000000
103.000000
365.000000
1269.000000
46.000000
250.000000
303.000000
1388.000000
262.000000
500.000000
564.000000
131.000000
2476.000000
375.000000
67.000000
373.000000
1407.000000
933.000000
342.000000
158.000000
417.000000
195.000000
178.000000
286.000000
279.000000
230.000000
226.000000
221.000000
82.000000
50.000000
569.000000
111.000000
146.000000
439.000000
388.000000
407.000000
433.000000
482.000000
121.000000
207.000000
1696.000000
352.000000
141.000000
121.000000
1140.000000
1298.000000
59.000000
1654.000000
721.000000
140.000000
447.000000
486.000000
708.000000
688.000000
121.000000
74.000000
471.000000
198.000000
213.000000
177.000000
220.000000
1418.000000
437.000000
201.000000
932.000000
2745.000000
488.000000
279.000000
567.000000
139.000000
231.000000
165.000000
94.000000
2954.000000
79.000000
917.000000
366.000000
330.000000
161.000000
177.000000
132.000000
488.000000
1096.000000
512.000000
127.000000
1876.000000
503.000000
386.000000
807.000000
2994.000000
610.000000
450.000000
2690.000000
147.000000
1324.000000
87.000000
719.000000
154.000000
227.000000
273.000000
280.000000
239.000000
414.000000
998.000000
115.000000
558.000000
131.000000
1022.000000
378.000000
199.000000
518.000000
225.000000
270.000000
695.000000
300.000000
174.000000
320.000000
781.000000
916.000000
362.000000
462.000000
1797.000000
93.000000
669.000000
131.000000
422.000000
1885.000000
90.000000
1051.000000
291.000000
252.000000
62.000000
345.000000
236.000000
1398.000000
401.000000
360.000000
419.000000
1579.000000
144.000000
387.000000
586.000000
379.000000
29.000000
290.000000
291.000000
164.000000
2157.000000
890.000000
472.000000
732.000000
232.000000
373.000000
1757.000000
434.000000
117.000000
514.000000
80.000000
161.000000
343.000000
945.000000
180.000000
174.000000
176.000000
529.000000
420.000000
286.000000
901.000000
347.000000
290.000000
160.000000
785.000000
86.000000
53.000000
301.000000
386.000000
365.000000
91.000000
22.000000
307.000000
104.000000
191.000000
257.000000
364.000000
71.000000
205.000000
706.000000
133.000000
201.000000
771.000000
312.000000
205.000000
97.000000
1539.000000
1221.000000
186.000000
283.000000
155.000000
491.000000
234.000000
134.000000
220.000000
653.000000
436.000000
704.000000
237.000000
1571.000000
781.000000
3692.000000
1004.000000
1493.000000
408.000000
266.000000
1598.000000
246.000000
291.000000
274.000000
1009.000000
134.000000
276.000000
338.000000
1393.000000
1457.000000
73.000000
980.000000
256.000000
115.000000
494.000000
392.000000
125.000000
1855.000000
149.000000
226.000000
187.000000
471.000000
437.000000
507.000000
792.000000
610.000000
1044.000000
351.000000
716.000000
136.000000
281.000000
355.000000
1151.000000
398.000000
1475.000000
352.000000
235.000000
247.000000
42.000000
387.000000
1776.000000
557.000000
332.000000
682.000000
409.000000
293.000000
182.000000
1303.000000
2533.000000
390.000000
171.000000
379.000000
684.000000
523.000000
797.000000
541.000000
933.000000
284.000000
289.000000
1090.000000
264.000000
206.000000
345.000000
482.000000
870.000000
417.000000
290.000000
238.000000
684.000000
804.000000
1375.000000
89.000000
228.000000
436.000000
911.000000
336.000000
847.000000
197.000000
472.000000
5692.000000
341.000000
1448.000000
229.000000
490.000000
528.000000
968.000000
36.000000
1422.000000
275.000000
255.000000
97.000000
347.000000
2059.000000
358.000000
403.000000
249.000000
1039.000000
708.000000
238.000000
161.000000
322.000000
1269.000000
170.000000
3731.000000
481.000000
576.000000
1406.000000
573.000000
446.000000
948.000000
208.000000
383.000000
470.000000
528.000000
467.000000
64.000000
688.000000
445.000000
195.000000
188.000000
89.000000
174.000000
613.000000
710.000000
949.000000
707.000000
429.000000
1009.000000
269.000000
322.000000
237.000000
689.000000
52.000000
472.000000
407.000000
140.000000
140.000000
1639.000000
309.000000
171.000000
1583.000000
325.000000
308.000000
1078.000000
545.000000
952.000000
2082.000000
2670.000000
982.000000
202.000000
160.000000
801.000000
75.000000
436.000000
948.000000
161.000000
1219.000000
275.000000
210.000000
785.000000
708.000000
85.000000
893.000000
840.000000
276.000000
40.000000
190.000000
295.000000
151.000000
965.000000
829.000000
189.000000
920.000000
214.000000
1141.000000
450.000000
498.000000
182.000000
1004.000000
46.000000
232.000000
835.000000
577.000000
101.000000
1515.000000
2457.000000
241.000000
769.000000
304.000000
602.000000
49.000000
309.000000
345.000000
421.000000
76.000000
590.000000
210.000000
450.000000
955.000000
2722.000000
220.000000
804.000000
85.000000
47.000000
2200.000000
537.000000
1891.000000
85.000000
2932.000000
209.000000
972.000000
526.000000
810.000000
450.000000
4199.000000
44.000000
192.000000
326.000000
945.000000
107.000000
1147.000000
573.000000
2754.000000
240.000000
420.000000
49.000000
272.000000
420.000000
621.000000
442.000000
335.000000
7923.000000
3005.000000
914.000000
1611.000000
113.000000
258.000000
55.000000
434.000000
855.000000
75.000000
422.000000
188.000000
171.000000
4578.000000
1291.000000
1752.000000
306.000000
232.000000
332.000000
114.000000
782.000000
248.000000
114.000000
181.000000
2698.000000
1249.000000
681.000000
320.000000
1148.000000
236.000000
280.000000
359.000000
218.000000
885.000000
454.000000
1760.000000
640.000000
604.000000
1565.000000
627.000000
262.000000
221.000000
394.000000
291.000000
200.000000
226.000000
133.000000
764.000000
178.000000
223.000000
204.000000
362.000000
106.000000
173.000000
876.000000
959.000000
1558.000000
451.000000
396.000000
350.000000
742.000000
209.000000
175.000000
187.000000
59.000000
141.000000
869.000000
814.000000
114.000000
565.000000
1264.000000
3700.000000
580.000000
168.000000
496.000000
48.000000
82.000000
482.000000
98.000000
1629.000000
1694.000000
1632.000000
984.000000
345.000000
37.000000
809.000000
1626.000000
206.000000
1031.000000
503.000000
1062.000000
270.000000
4586.000000
1970.000000
409.000000
92.000000
704.000000
463.000000
511.000000
204.000000
196.000000
126.000000
440.000000
293.000000
1120.000000
527.000000
176.000000
840.000000
752.000000
3374.000000
1060.000000
1775.000000
274.000000
919.000000
305.000000
626.000000
275.000000
384.000000
1138.000000
576.000000
155.000000
37.000000
1540.000000
82.000000
1030.000000
209.000000
501.000000
12827.000000
256.000000
351.000000
207.000000
658.000000
1514.000000
560.000000
74.000000
121.000000
3163.000000
88.000000
252.000000
367.000000
3530.000000
295.000000
1804.000000
1423.000000
814.000000
1206.000000
383.000000
231.000000
877.000000
765.000000
1152.000000
180.000000
801.000000
506.000000
227.000000
443.000000
499.000000
449.000000
222.000000
1361.000000
136.000000
152.000000
189.000000
177.000000
168.000000
888.000000
1478.000000
309.000000
422.000000
1926.000000
290.000000
264.000000
389.000000
639.000000
397.000000
215.000000
175.000000
424.000000
702.000000
138.000000
937.000000
52.000000
177.000000
291.000000
137.000000
330.000000
764.000000
292.000000
272.000000
828.000000
339.000000
467.000000
491.000000
1580.000000
905.000000
522.000000
2427.000000
508.000000
1746.000000
298.000000
740.000000
127.000000
70.000000
652.000000
344.000000
966.000000
317.000000
555.000000
450.000000
521.000000
166.000000
544.000000
89.000000
1956.000000
5600.000000
736.000000
193.000000
1082.000000
1096.000000
414.000000
1081.000000
166.000000
551.000000
1294.000000
245.000000
209.000000
208.000000
190.000000
66.000000
1531.000000
168.000000
657.000000
424.000000
630.000000
367.000000
1394.000000
486.000000
352.000000
398.000000
591.000000
170.000000
219.000000
1607.000000
467.000000
152.000000
612.000000
259.000000
1248.000000
1511.000000
455.000000
155.000000
791.000000
324.000000
356.000000
2150.000000
1806.000000
2154.000000
2896.000000
944.000000
633.000000
1639.000000
116.000000
1647.000000
281.000000
132.000000
776.000000
1088.000000
253.000000
529.000000
712.000000
474.000000
240.000000
2102.000000
3907.000000
384.000000
74.000000
5488.000000
415.000000
193.000000
1048.000000
241.000000
652.000000
269.000000
2071.000000
2614.000000
2464.000000
932.000000
840.000000
181.000000
163.000000
2269.000000
1186.000000
1339.000000
692.000000
4632.000000
631.000000
173.000000
817.000000
1040.000000
2425.000000
150.000000
239.000000
1038.000000
2405.000000
268.000000
267.000000
185.000000
271.000000
1069.000000
79.000000
143.000000
202.000000
1252.000000
226.000000
91.000000
719.000000
571.000000
218.000000
557.000000
1484.000000
1287.000000
2512.000000
397.000000
224.000000
1859.000000
1923.000000
344.000000
1027.000000
200.000000
189.000000
1480.000000
2274.000000
82.000000
163.000000
1391.000000
777.000000
452.000000
95.000000
595.000000
260.000000
328.000000
1069.000000
1174.000000
271.000000
968.000000
200.000000
354.000000
1502.000000
182.000000
512.000000
703.000000
3874.000000
263.000000
2185.000000
333.000000
1743.000000
94.000000
110.000000
825.000000
52.000000
239.000000
392.000000
202.000000
3851.000000
2146.000000
503.000000
555.000000
594.000000
344.000000
278.000000
164.000000
2126.000000
4475.000000
873.000000
93.000000
137.000000
284.000000
318.000000
125.000000
297.000000
93.000000
625.000000
120.000000
689.000000
231.000000
328.000000
226.000000
980.000000
341.000000
360.000000
103.000000
1347.000000
69.000000
70.000000
136.000000
335.000000
107.000000
128.000000
767.000000
638.000000
173.000000
233.000000
835.000000
138.000000
320.000000
245.000000
186.000000
413.000000
184.000000
371.000000
1834.000000
109.000000
2880.000000
391.000000
943.000000
268.000000
793.000000
286.000000
487.000000
54.000000
350.000000
57.000000
416.000000
102.000000
897.000000
198.000000
8889.000000
3642.000000
289.000000
2299.000000
435.000000
1243.000000
436.000000
7408.000000
369.000000
3912.000000
579.000000
1020.000000
278.000000
1756.000000
103.000000
804.000000
513.000000
172.000000
342.000000
1078.000000
38.000000
150.000000
389.000000
2406.000000
235.000000
71.000000
149.000000
174.000000
74.000000
1443.000000
1925.000000
3016.000000
258.000000
573.000000
154.000000
208.000000
317.000000
37.000000
327.000000
491.000000
358.000000
302.000000
5068.000000
3354.000000
352.000000
285.000000
765.000000
873.000000
879.000000
125.000000
4192.000000
228.000000
595.000000
834.000000
1836.000000
168.000000
1416.000000
