174.000000
310.000000
272.000000
1257.000000
161.000000
1424.000000
441.000000
699.000000
642.000000
66.000000
233.000000
214.000000
880.000000
343.000000
884.000000
638.000000
281.000000
204.000000
64.000000
402.000000
632.000000
639.000000
254.000000
102.000000
194.000000
202.000000
667.000000
765.000000
873.000000
343.000000
122.000000
182.000000
1923.000000
590.000000
237.000000
537.000000
535.000000
526.000000
107.000000
189.000000
109.000000
460.000000
448.000000
358.000000
348.000000
577.000000
347.000000
787.000000
850.000000
241.000000
439.000000
201.000000
611.000000
146.000000
246.000000
174.000000
115.000000
220.000000
539.000000
1153.000000
295.000000
84.000000
479.000000
1316.000000
191.000000
253.000000
463.000000
29.000000
282.000000
98.000000
430.000000
565.000000
574.000000
1419.000000
184.000000
2112.000000
186.000000
437.000000
112.000000
276.000000
216.000000
113.000000
1016.000000
363.000000
615.000000
214.000000
411.000000
82.000000
98.000000
234.000000
679.000000
295.000000
1049.000000
123.000000
463.000000
104.000000
157.000000
551.000000
775.000000
1011.000000
314.000000
286.000000
199.000000
543.000000
176.000000
782.000000
195.000000
238.000000
256.000000
1410.000000
945.000000
1060.000000
916.000000
568.000000
207.000000
532.000000
846.000000
189.000000
385.000000
1140.000000
1416.000000
96.000000
1583.000000
549.000000
88.000000
411.000000
180.000000
2070.000000
135.000000
626.000000
508.000000
349.000000
120.000000
158.000000
4555.000000
368.000000
224.000000
321.000000
206.000000
149.000000
76.000000
402.000000
153.000000
74.000000
77.000000
136.000000
2593.000000
79.000000
150.000000
256.000000
414.000000
259.000000
1234.000000
156.000000
410.000000
382.000000
1839.000000
914.000000
437.000000
5790.000000
810.000000
107.000000
779.000000
464.000000
320.000000
350.000000
276.000000
194.000000
1749.000000
145.000000
275.000000
1910.000000
2123.000000
695.000000
92.000000
336.000000
666.000000
4558.000000
173.000000
363.000000
1037.000000
1098.000000
294.000000
360.000000
753.000000
182.000000
115.000000
58.000000
559.000000
128.000000
342.000000
205.000000
271.000000
120.000000
1124.000000
329.000000
109.000000
337.000000
123.000000
1249.000000
580.000000
212.000000
1157.000000
461.000000
1097.000000
2697.000000
332.000000
1127.000000
697.000000
774.000000
388.000000
1254.000000
418.000000
653.000000
834.000000
614.000000
698.000000
542.000000
104.000000
510.000000
617.000000
305.000000
1867.000000
303.000000
755.000000
431.000000
1221.000000
207.000000
39.000000
758.000000
921.000000
4900.000000
1066.000000
470.000000
1444.000000
1777.000000
270.000000
364.000000
552.000000
263.000000
376.000000
1788.000000
372.000000
82.000000
392.000000
381.000000
58.000000
2123.000000
118.000000
190.000000
1513.000000
738.000000
354.000000
240.000000
176.000000
508.000000
110.000000
589.000000
585.000000
611.000000
244.000000
268.000000
227.000000
689.000000
1423.000000
212.000000
164.000000
260.000000
775.000000
338.000000
287.000000
361.000000
331.000000
3545.000000
24.000000
316.000000
772.000000
293.000000
974.000000
745.000000
493.000000
397.000000
56.000000
589.000000
314.000000
1854.000000
362.000000
1765.000000
614.000000
1233.000000
1047.000000
200.000000
96.000000
674.000000
1240.000000
525.000000
293.000000
276.000000
312.000000
404.000000
218.000000
62.000000
266.000000
99.000000
129.000000
156.000000
163.000000
330.000000
217.000000
947.000000
1063.000000
627.000000
98.000000
164.000000
120.000000
262.000000
1776.000000
82.000000
2386.000000
384.000000
171.000000
417.000000
1431.000000
1260.000000
1122.000000
685.000000
190.000000
393.000000
6471.000000
1946.000000
3455.000000
310.000000
2487.000000
458.000000
50.000000
491.000000
226.000000
67.000000
88.000000
215.000000
748.000000
334.000000
245.000000
703.000000
368.000000
611.000000
304.000000
711.000000
361.000000
379.000000
4636.000000
223.000000
99.000000
119.000000
1032.000000
217.000000
896.000000
2133.000000
984.000000
404.000000
426.000000
686.000000
154.000000
192.000000
424.000000
633.000000
157.000000
749.000000
787.000000
174.000000
926.000000
314.000000
74.000000
2097.000000
463.000000
140.000000
342.000000
193.000000
263.000000
255.000000
403.000000
395.000000
324.000000
243.000000
3907.000000
490.000000
207.000000
3203.000000
112.000000
178.000000
203.000000
179.000000
104.000000
631.000000
80.000000
1338.000000
243.000000
213.000000
3253.000000
1006.000000
406.000000
291.000000
642.000000
143.000000
710.000000
374.000000
341.000000
907.000000
208.000000
1943.000000
3718.000000
108.000000
756.000000
182.000000
1154.000000
82.000000
47.000000
89.000000
455.000000
378.000000
390.000000
540.000000
146.000000
6694.000000
177.000000
40.000000
124.000000
2796.000000
1151.000000
463.000000
321.000000
157.000000
465.000000
705.000000
502.000000
277.000000
1441.000000
297.000000
247.000000
1645.000000
224.000000
533.000000
348.000000
309.000000
1414.000000
142.000000
381.000000
403.000000
242.000000
596.000000
250.000000
111.000000
492.000000
650.000000
2419.000000
162.000000
200.000000
1644.000000
121.000000
322.000000
213.000000
510.000000
3682.000000
683.000000
83.000000
1053.000000
162.000000
1957.000000
90.000000
498.000000
81.000000
69.000000
75.000000
3731.000000
329.000000
1105.000000
1826.000000
94.000000
237.000000
190.000000
149.000000
268.000000
206.000000
305.000000
289.000000
213.000000
140.000000
577.000000
1299.000000
74.000000
137.000000
39.000000
267.000000
488.000000
659.000000
115.000000
240.000000
1284.000000
539.000000
416.000000
842.000000
944.000000
117.000000
588.000000
379.000000
270.000000
66.000000
233.000000
571.000000
385.000000
822.000000
1809.000000
334.000000
132.000000
256.000000
4607.000000
57.000000
129.000000
1021.000000
205.000000
744.000000
646.000000
95.000000
1090.000000
276.000000
344.000000
1119.000000
607.000000
856.000000
551.000000
334.000000
163.000000
184.000000
308.000000
446.000000
102.000000
391.000000
519.000000
334.000000
623.000000
274.000000
1513.000000
562.000000
95.000000
122.000000
1691.000000
289.000000
754.000000
172.000000
360.000000
613.000000
369.000000
552.000000
342.000000
507.000000
571.000000
1152.000000
3400.000000
1466.000000
136.000000
841.000000
193.000000
744.000000
106.000000
3512.000000
788.000000
49.000000
2693.000000
570.000000
365.000000
212.000000
494.000000
617.000000
1755.000000
277.000000
675.000000
246.000000
184.000000
1030.000000
210.000000
87.000000
2325.000000
137.000000
174.000000
464.000000
1272.000000
523.000000
272.000000
873.000000
530.000000
676.000000
290.000000
636.000000
102.000000
1241.000000
3654.000000
1031.000000
88.000000
308.000000
193.000000
106.000000
82.000000
504.000000
908.000000
1081.000000
239.000000
1222.000000
398.000000
533.000000
388.000000
104.000000
230.000000
245.000000
315.000000
107.000000
232.000000
624.000000
687.000000
98.000000
96.000000
637.000000
198.000000
413.000000
435.000000
152.000000
1182.000000
266.000000
429.000000
1477.000000
188.000000
866.000000
1062.000000
176.000000
620.000000
53.000000
171.000000
498.000000
112.000000
1404.000000
1215.000000
192.000000
262.000000
491.000000
290.000000
496.000000
708.000000
476.000000
1170.000000
52.000000
271.000000
156.000000
93.000000
97.000000
2407.000000
640.000000
202.000000
231.000000
81.000000
433.000000
208.000000
225.000000
1664.000000
152.000000
269.000000
992.000000
369.000000
3035.000000
249.000000
67.000000
601.000000
395.000000
109.000000
1702.000000
703.000000
840.000000
2319.000000
394.000000
621.000000
727.000000
821.000000
311.000000
543.000000
365.000000
279.000000
79.000000
3286.000000
181.000000
2672.000000
408.000000
511.000000
184.000000
600.000000
575.000000
233.000000
315.000000
320.000000
81.000000
942.000000
1783.000000
814.000000
1111.000000
128.000000
260.000000
23.000000
193.000000
284.000000
644.000000
257.000000
1814.000000
351.000000
192.000000
819.000000
79.000000
154.000000
600.000000
395.000000
667.000000
263.000000
1334.000000
5544.000000
2747.000000
691.000000
479.000000
229.000000
579.000000
143.000000
240.000000
76.000000
467.000000
428.000000
117.000000
977.000000
254.000000
239.000000
80.000000
38.000000
48.000000
299.000000
219.000000
145.000000
588.000000
759.000000
116.000000
1447.000000
483.000000
295.000000
60.000000
31.000000
171.000000
363.000000
83.000000
152.000000
119.000000
541.000000
1516.000000
185.000000
588.000000
189.000000
646.000000
429.000000
200.000000
130.000000
1999.000000
80.000000
1606.000000
437.000000
111.000000
309.000000
537.000000
169.000000
3873.000000
443.000000
2419.000000
501.000000
399.000000
97.000000
480.000000
1512.000000
592.000000
177.000000
241.000000
361.000000
61.000000
254.000000
161.000000
194.000000
266.000000
1175.000000
687.000000
94.000000
1010.000000
659.000000
1069.000000
1921.000000
3861.000000
143.000000
781.000000
569.000000
258.000000
127.000000
909.000000
498.000000
424.000000
610.000000
215.000000
373.000000
1278.000000
19.000000
581.000000
3400.000000
705.000000
60.000000
706.000000
1065.000000
145.000000
198.000000
2433.000000
412.000000
1637.000000
3276.000000
578.000000
898.000000
512.000000
2285.000000
176.000000
1050.000000
136.000000
1872.000000
474.000000
319.000000
937.000000
967.000000
990.000000
227.000000
254.000000
200.000000
2779.000000
1841.000000
4076.000000
404.000000
322.000000
198.000000
344.000000
75.000000
276.000000
415.000000
210.000000
113.000000
241.000000
482.000000
822.000000
1494.000000
291.000000
324.000000
747.000000
235.000000
706.000000
1464.000000
423.000000
618.000000
355.000000
175.000000
49.000000
304.000000
1010.000000
147.000000
126.000000
353.000000
259.000000
439.000000
390.000000
300.000000
454.000000
332.000000
100.000000
218.000000
24.000000
245.000000
203.000000
312.000000
227.000000
214.000000
85.000000
495.000000
901.000000
1779.000000
97.000000
185.000000
675.000000
508.000000
2019.000000
290.000000
191.000000
634.000000
749.000000
226.000000
86.000000
509.000000
247.000000
1080.000000
220.000000
463.000000
118.000000
705.000000
1944.000000
57.000000
238.000000
760.000000
547.000000
1027.000000
323.000000
423.000000
326.000000
3648.000000
145.000000
816.000000
739.000000
712.000000
408.000000
935.000000
150.000000
223.000000
495.000000
159.000000
178.000000
344.000000
356.000000
180.000000
298.000000
345.000000
845.000000
2625.000000
671.000000
942.000000
772.000000
381.000000
661.000000
134.000000
855.000000
335.000000
479.000000
238.000000
120.000000
114.000000
379.000000
128.000000
325.000000
354.000000
418.000000
772.000000
963.000000
371.000000
697.000000
3913.000000
511.000000
989.000000
653.000000
1079.000000
1066.000000
1002.000000
610.000000
393.000000
185.000000
219.000000
667.000000
1707.000000
410.000000
287.000000
588.000000
130.000000
665.000000
1608.000000
1101.000000
503.000000
230.000000
625.000000
181.000000
289.000000
838.000000
1738.000000
521.000000
149.000000
558.000000
271.000000
35.000000
408.000000
132.000000
1235.000000
1142.000000
3010.000000
720.000000
161.000000
231.000000
330.000000
637.000000
9040.000000
381.000000
417.000000
192.000000
481.000000
