43.000000
147.000000
264.000000
597.000000
450.000000
865.000000
2521.000000
141.000000
479.000000
195.000000
713.000000
729.000000
796.000000
81.000000
517.000000
230.000000
230.000000
160.000000
286.000000
180.000000
411.000000
494.000000
740.000000
688.000000
1054.000000
1092.000000
722.000000
242.000000
561.000000
758.000000
428.000000
278.000000
1024.000000
1693.000000
258.000000
594.000000
523.000000
303.000000
4877.000000
698.000000
569.000000
383.000000
1738.000000
385.000000
1050.000000
407.000000
4688.000000
782.000000
159.000000
1486.000000
463.000000
856.000000
201.000000
329.000000
1693.000000
185.000000
95.000000
221.000000
785.000000
500.000000
159.000000
390.000000
1351.000000
3057.000000
221.000000
218.000000
62.000000
965.000000
1531.000000
1654.000000
461.000000
431.000000
712.000000
189.000000
1427.000000
88.000000
444.000000
625.000000
581.000000
564.000000
1835.000000
659.000000
297.000000
840.000000
691.000000
913.000000
181.000000
346.000000
124.000000
887.000000
239.000000
1585.000000
789.000000
395.000000
165.000000
851.000000
630.000000
282.000000
946.000000
3193.000000
782.000000
303.000000
366.000000
412.000000
424.000000
411.000000
1608.000000
438.000000
425.000000
558.000000
229.000000
1320.000000
205.000000
626.000000
207.000000
232.000000
453.000000
431.000000
4552.000000
1653.000000
250.000000
1362.000000
743.000000
1372.000000
48.000000
116.000000
465.000000
1003.000000
186.000000
1506.000000
263.000000
217.000000
253.000000
1265.000000
2156.000000
1499.000000
795.000000
217.000000
384.000000
163.000000
2037.000000
249.000000
445.000000
728.000000
946.000000
390.000000
1271.000000
3337.000000
396.000000
901.000000
275.000000
1066.000000
606.000000
180.000000
127.000000
165.000000
497.000000
1841.000000
276.000000
147.000000
946.000000
3293.000000
388.000000
156.000000
1734.000000
571.000000
406.000000
667.000000
265.000000
57.000000
214.000000
221.000000
185.000000
1048.000000
3209.000000
1532.000000
237.000000
353.000000
469.000000
146.000000
77.000000
170.000000
275.000000
490.000000
990.000000
185.000000
175.000000
468.000000
454.000000
389.000000
1050.000000
760.000000
1360.000000
582.000000
1301.000000
78.000000
536.000000
2250.000000
259.000000
41.000000
397.000000
3824.000000
544.000000
139.000000
489.000000
479.000000
128.000000
496.000000
890.000000
1104.000000
143.000000
132.000000
327.000000
680.000000
352.000000
1010.000000
329.000000
541.000000
54.000000
549.000000
410.000000
170.000000
601.000000
554.000000
205.000000
851.000000
658.000000
437.000000
1479.000000
893.000000
898.000000
182.000000
213.000000
878.000000
333.000000
626.000000
133.000000
928.000000
1318.000000
874.000000
375.000000
891.000000
275.000000
219.000000
388.000000
69.000000
312.000000
701.000000
802.000000
211.000000
219.000000
58.000000
427.000000
326.000000
54.000000
199.000000
628.000000
138.000000
287.000000
413.000000
465.000000
782.000000
257.000000
495.000000
117.000000
552.000000
270.000000
143.000000
3286.000000
316.000000
368.000000
351.000000
366.000000
333.000000
129.000000
37.000000
235.000000
22.000000
734.000000
142.000000
306.000000
82.000000
487.000000
584.000000
151.000000
77.000000
269.000000
1684.000000
305.000000
40.000000
576.000000
34.000000
269.000000
207.000000
49.000000
1411.000000
117.000000
35.000000
107.000000
207.000000
90.000000
550.000000
112.000000
1117.000000
304.000000
116.000000
99.000000
1239.000000
897.000000
217.000000
1385.000000
68.000000
1071.000000
420.000000
250.000000
270.000000
198.000000
448.000000
84.000000
73.000000
887.000000
1275.000000
1471.000000
1358.000000
257.000000
1188.000000
220.000000
531.000000
867.000000
608.000000
175.000000
662.000000
984.000000
780.000000
309.000000
396.000000
736.000000
161.000000
363.000000
557.000000
287.000000
254.000000
773.000000
165.000000
315.000000
715.000000
786.000000
4487.000000
129.000000
304.000000
427.000000
680.000000
86.000000
19.000000
363.000000
415.000000
160.000000
146.000000
2271.000000
649.000000
147.000000
339.000000
899.000000
964.000000
977.000000
608.000000
360.000000
1770.000000
261.000000
128.000000
978.000000
1042.000000
1277.000000
235.000000
71.000000
261.000000
1471.000000
316.000000
192.000000
119.000000
613.000000
393.000000
202.000000
2672.000000
426.000000
1308.000000
340.000000
329.000000
216.000000
226.000000
220.000000
172.000000
205.000000
268.000000
128.000000
2006.000000
2860.000000
331.000000
2955.000000
5227.000000
1210.000000
566.000000
116.000000
197.000000
623.000000
352.000000
65.000000
373.000000
253.000000
434.000000
322.000000
606.000000
303.000000
2372.000000
340.000000
548.000000
816.000000
281.000000
391.000000
218.000000
1157.000000
112.000000
321.000000
524.000000
686.000000
188.000000
2013.000000
689.000000
220.000000
408.000000
180.000000
486.000000
836.000000
47.000000
2673.000000
718.000000
1201.000000
497.000000
396.000000
288.000000
234.000000
516.000000
584.000000
79.000000
2640.000000
408.000000
993.000000
998.000000
1883.000000
233.000000
936.000000
4381.000000
374.000000
454.000000
131.000000
2722.000000
438.000000
956.000000
4043.000000
217.000000
347.000000
216.000000
127.000000
607.000000
2729.000000
105.000000
5377.000000
177.000000
730.000000
204.000000
202.000000
309.000000
1043.000000
359.000000
76.000000
416.000000
193.000000
3436.000000
293.000000
421.000000
174.000000
37.000000
109.000000
659.000000
1079.000000
584.000000
356.000000
218.000000
1145.000000
731.000000
1060.000000
116.000000
966.000000
102.000000
336.000000
363.000000
375.000000
749.000000
462.000000
125.000000
941.000000
93.000000
1029.000000
154.000000
537.000000
568.000000
611.000000
917.000000
27.000000
812.000000
69.000000
1475.000000
83.000000
114.000000
290.000000
201.000000
657.000000
222.000000
263.000000
607.000000
563.000000
200.000000
117.000000
673.000000
1446.000000
825.000000
746.000000
272.000000
687.000000
231.000000
79.000000
518.000000
304.000000
840.000000
495.000000
402.000000
276.000000
145.000000
157.000000
821.000000
96.000000
761.000000
1312.000000
620.000000
714.000000
210.000000
294.000000
3711.000000
102.000000
550.000000
478.000000
3025.000000
2007.000000
152.000000
410.000000
279.000000
416.000000
292.000000
216.000000
881.000000
240.000000
1538.000000
1741.000000
287.000000
98.000000
347.000000
778.000000
196.000000
484.000000
1439.000000
136.000000
953.000000
1332.000000
119.000000
82.000000
341.000000
517.000000
370.000000
173.000000
181.000000
352.000000
111.000000
1191.000000
343.000000
417.000000
110.000000
346.000000
3046.000000
228.000000
492.000000
19.000000
250.000000
290.000000
460.000000
2106.000000
1229.000000
474.000000
345.000000
1273.000000
568.000000
162.000000
55.000000
23.000000
122.000000
833.000000
294.000000
2000.000000
147.000000
484.000000
171.000000
248.000000
159.000000
981.000000
474.000000
1381.000000
208.000000
541.000000
993.000000
544.000000
209.000000
270.000000
37.000000
277.000000
109.000000
502.000000
181.000000
580.000000
54.000000
305.000000
96.000000
1577.000000
573.000000
218.000000
219.000000
370.000000
110.000000
3908.000000
651.000000
391.000000
529.000000
9735.000000
1086.000000
249.000000
35.000000
186.000000
569.000000
843.000000
456.000000
179.000000
332.000000
226.000000
1429.000000
553.000000
1891.000000
290.000000
508.000000
688.000000
168.000000
753.000000
335.000000
146.000000
747.000000
906.000000
2167.000000
444.000000
475.000000
2700.000000
1093.000000
570.000000
253.000000
654.000000
1236.000000
3094.000000
1626.000000
523.000000
47.000000
247.000000
493.000000
115.000000
3690.000000
4719.000000
218.000000
93.000000
351.000000
169.000000
297.000000
1151.000000
1631.000000
2746.000000
1691.000000
1857.000000
1015.000000
111.000000
441.000000
365.000000
332.000000
481.000000
1354.000000
91.000000
2082.000000
1401.000000
381.000000
504.000000
1370.000000
437.000000
579.000000
160.000000
1319.000000
588.000000
180.000000
158.000000
194.000000
163.000000
1600.000000
2770.000000
3571.000000
193.000000
467.000000
294.000000
141.000000
325.000000
312.000000
1246.000000
520.000000
661.000000
449.000000
424.000000
170.000000
410.000000
202.000000
281.000000
56.000000
460.000000
50.000000
1187.000000
394.000000
630.000000
1046.000000
109.000000
213.000000
163.000000
301.000000
85.000000
81.000000
259.000000
789.000000
107.000000
212.000000
466.000000
760.000000
380.000000
1186.000000
301.000000
454.000000
399.000000
382.000000
348.000000
322.000000
120.000000
413.000000
619.000000
1601.000000
558.000000
1775.000000
1011.000000
481.000000
586.000000
113.000000
433.000000
253.000000
930.000000
116.000000
356.000000
1397.000000
266.000000
76.000000
955.000000
319.000000
2254.000000
145.000000
482.000000
410.000000
219.000000
251.000000
181.000000
274.000000
723.000000
688.000000
72.000000
671.000000
396.000000
3457.000000
636.000000
157.000000
695.000000
385.000000
246.000000
132.000000
994.000000
3115.000000
690.000000
141.000000
217.000000
107.000000
120.000000
1878.000000
181.000000
159.000000
111.000000
854.000000
2613.000000
1408.000000
73.000000
264.000000
563.000000
1491.000000
395.000000
1579.000000
251.000000
1328.000000
145.000000
2217.000000
1070.000000
1215.000000
533.000000
340.000000
389.000000
139.000000
222.000000
175.000000
638.000000
148.000000
627.000000
390.000000
151.000000
347.000000
2926.000000
1137.000000
384.000000
217.000000
712.000000
806.000000
87.000000
2202.000000
483.000000
157.000000
1733.000000
785.000000
42.000000
1290.000000
1202.000000
213.000000
619.000000
1382.000000
1450.000000
123.000000
1101.000000
257.000000
286.000000
484.000000
97.000000
254.000000
427.000000
639.000000
897.000000
601.000000
2776.000000
219.000000
273.000000
161.000000
1189.000000
172.000000
277.000000
740.000000
382.000000
160.000000
156.000000
683.000000
337.000000
1625.000000
26.000000
9474.000000
516.000000
556.000000
30.000000
237.000000
1468.000000
186.000000
411.000000
579.000000
994.000000
2059.000000
1158.000000
1453.000000
37.000000
53.000000
136.000000
55.000000
334.000000
374.000000
248.000000
1725.000000
476.000000
386.000000
4443.000000
347.000000
520.000000
481.000000
181.000000
377.000000
490.000000
451.000000
2742.000000
183.000000
163.000000
700.000000
894.000000
58.000000
380.000000
1125.000000
930.000000
229.000000
498.000000
81.000000
195.000000
1387.000000
291.000000
821.000000
538.000000
147.000000
400.000000
577.000000
2058.000000
202.000000
314.000000
156.000000
963.000000
827.000000
1040.000000
254.000000
440.000000
194.000000
4329.000000
943.000000
1138.000000
568.000000
489.000000
234.000000
2138.000000
444.000000
156.000000
934.000000
915.000000
375.000000
119.000000
6024.000000
982.000000
1686.000000
485.000000
3603.000000
875.000000
320.000000
870.000000
186.000000
392.000000
745.000000
286.000000
71.000000
312.000000
163.000000
458.000000
2215.000000
960.000000
3192.000000
2217.000000
896.000000
540.000000
273.000000
1053.000000
528.000000
580.000000
380.000000
2568.000000
372.000000
551.000000
1076.000000
308.000000
213.000000
176.000000
534.000000
241.000000
470.000000
663.000000
1396.000000
473.000000
640.000000
1118.000000
656.000000
408.000000
617.000000
