351.000000
1283.000000
63.000000
1280.000000
467.000000
395.000000
139.000000
230.000000
371.000000
977.000000
467.000000
645.000000
366.000000
342.000000
200.000000
771.000000
545.000000
343.000000
806.000000
300.000000
514.000000
184.000000
392.000000
304.000000
690.000000
279.000000
536.000000
508.000000
251.000000
1274.000000
140.000000
570.000000
2297.000000
443.000000
564.000000
608.000000
1008.000000
717.000000
254.000000
678.000000
823.000000
118.000000
192.000000
261.000000
259.000000
852.000000
241.000000
335.000000
1020.000000
3505.000000
503.000000
487.000000
484.000000
5531.000000
166.000000
257.000000
467.000000
422.000000
80.000000
212.000000
332.000000
533.000000
1111.000000
496.000000
806.000000
337.000000
706.000000
200.000000
535.000000
65.000000
122.000000
472.000000
317.000000
221.000000
486.000000
374.000000
372.000000
413.000000
361.000000
356.000000
386.000000
1129.000000
212.000000
228.000000
150.000000
365.000000
639.000000
1707.000000
641.000000
400.000000
1098.000000
393.000000
1401.000000
817.000000
247.000000
604.000000
321.000000
8002.000000
376.000000
668.000000
1784.000000
594.000000
240.000000
111.000000
424.000000
400.000000
59.000000
203.000000
36.000000
254.000000
183.000000
394.000000
474.000000
252.000000
544.000000
404.000000
68.000000
410.000000
397.000000
42.000000
730.000000
258.000000
718.000000
116.000000
560.000000
86.000000
239.000000
164.000000
536.000000
731.000000
803.000000
214.000000
397.000000
731.000000
78.000000
140.000000
606.000000
696.000000
321.000000
84.000000
97.000000
69.000000
219.000000
1276.000000
2511.000000
329.000000
169.000000
1078.000000
696.000000
354.000000
115.000000
574.000000
564.000000
453.000000
158.000000
38.000000
30.000000
640.000000
1140.000000
871.000000
953.000000
1597.000000
1209.000000
1604.000000
202.000000
286.000000
2158.000000
974.000000
289.000000
218.000000
128.000000
165.000000
615.000000
134.000000
81.000000
689.000000
753.000000
158.000000
360.000000
114.000000
152.000000
230.000000
326.000000
1332.000000
480.000000
907.000000
843.000000
128.000000
396.000000
352.000000
1867.000000
336.000000
351.000000
263.000000
658.000000
242.000000
325.000000
1562.000000
460.000000
618.000000
714.000000
222.000000
536.000000
318.000000
3907.000000
1191.000000
65.000000
101.000000
181.000000
1845.000000
346.000000
3571.000000
414.000000
397.000000
1218.000000
191.000000
49.000000
5594.000000
761.000000
600.000000
373.000000
339.000000
1195.000000
1411.000000
292.000000
725.000000
4389.000000
242.000000
554.000000
464.000000
2203.000000
2732.000000
659.000000
25.000000
358.000000
96.000000
2049.000000
740.000000
387.000000
3573.000000
167.000000
160.000000
340.000000
302.000000
342.000000
822.000000
628.000000
418.000000
1302.000000
687.000000
354.000000
112.000000
1103.000000
1482.000000
1099.000000
799.000000
90.000000
315.000000
208.000000
454.000000
633.000000
148.000000
207.000000
669.000000
652.000000
47.000000
1084.000000
138.000000
133.000000
1185.000000
533.000000
309.000000
379.000000
258.000000
207.000000
1551.000000
1244.000000
375.000000
2421.000000
806.000000
243.000000
316.000000
296.000000
319.000000
1056.000000
443.000000
1253.000000
251.000000
1541.000000
200.000000
144.000000
330.000000
264.000000
877.000000
36.000000
151.000000
1001.000000
894.000000
549.000000
347.000000
46.000000
113.000000
77.000000
3261.000000
219.000000
615.000000
408.000000
1238.000000
861.000000
865.000000
421.000000
402.000000
280.000000
142.000000
1573.000000
388.000000
781.000000
103.000000
286.000000
585.000000
2343.000000
406.000000
275.000000
535.000000
377.000000
1542.000000
195.000000
402.000000
659.000000
1066.000000
61.000000
63.000000
478.000000
73.000000
1302.000000
873.000000
64.000000
251.000000
104.000000
127.000000
274.000000
151.000000
527.000000
929.000000
454.000000
1329.000000
466.000000
2321.000000
915.000000
412.000000
236.000000
508.000000
480.000000
889.000000
176.000000
928.000000
629.000000
45.000000
623.000000
315.000000
407.000000
1993.000000
320.000000
587.000000
84.000000
56.000000
1150.000000
193.000000
393.000000
491.000000
114.000000
683.000000
404.000000
999.000000
702.000000
437.000000
185.000000
1149.000000
892.000000
66.000000
104.000000
1096.000000
107.000000
617.000000
411.000000
272.000000
1772.000000
302.000000
249.000000
686.000000
318.000000
135.000000
762.000000
551.000000
836.000000
203.000000
268.000000
404.000000
107.000000
1047.000000
783.000000
110.000000
348.000000
514.000000
58.000000
154.000000
1073.000000
1235.000000
526.000000
1795.000000
357.000000
96.000000
51.000000
366.000000
685.000000
64.000000
443.000000
306.000000
96.000000
248.000000
96.000000
194.000000
1247.000000
3052.000000
117.000000
512.000000
149.000000
274.000000
57.000000
166.000000
754.000000
334.000000
515.000000
905.000000
453.000000
91.000000
608.000000
1621.000000
47.000000
813.000000
186.000000
175.000000
1551.000000
146.000000
291.000000
217.000000
153.000000
1175.000000
427.000000
56.000000
229.000000
384.000000
1102.000000
2029.000000
1529.000000
237.000000
101.000000
754.000000
144.000000
3097.000000
538.000000
387.000000
243.000000
138.000000
95.000000
1204.000000
483.000000
811.000000
426.000000
138.000000
214.000000
264.000000
660.000000
925.000000
1193.000000
254.000000
322.000000
638.000000
706.000000
411.000000
94.000000
397.000000
761.000000
137.000000
153.000000
451.000000
341.000000
560.000000
277.000000
368.000000
1462.000000
432.000000
594.000000
758.000000
579.000000
491.000000
181.000000
145.000000
3845.000000
982.000000
535.000000
229.000000
1917.000000
317.000000
278.000000
1185.000000
147.000000
283.000000
142.000000
131.000000
610.000000
303.000000
508.000000
851.000000
361.000000
155.000000
219.000000
1137.000000
364.000000
1545.000000
369.000000
244.000000
578.000000
236.000000
1360.000000
1011.000000
313.000000
918.000000
1566.000000
49.000000
174.000000
93.000000
986.000000
2588.000000
1050.000000
184.000000
245.000000
1665.000000
294.000000
434.000000
159.000000
1936.000000
326.000000
672.000000
204.000000
581.000000
162.000000
440.000000
289.000000
164.000000
601.000000
207.000000
101.000000
2047.000000
950.000000
372.000000
276.000000
189.000000
3410.000000
1067.000000
70.000000
697.000000
231.000000
754.000000
310.000000
432.000000
208.000000
190.000000
150.000000
1152.000000
363.000000
116.000000
837.000000
181.000000
176.000000
1311.000000
2202.000000
405.000000
470.000000
200.000000
710.000000
776.000000
1142.000000
83.000000
1139.000000
169.000000
274.000000
672.000000
497.000000
543.000000
443.000000
553.000000
708.000000
386.000000
341.000000
110.000000
497.000000
115.000000
140.000000
60.000000
230.000000
252.000000
150.000000
840.000000
1392.000000
812.000000
248.000000
758.000000
209.000000
959.000000
158.000000
403.000000
337.000000
652.000000
1489.000000
91.000000
547.000000
77.000000
168.000000
401.000000
217.000000
145.000000
292.000000
1684.000000
650.000000
127.000000
535.000000
917.000000
121.000000
275.000000
470.000000
379.000000
568.000000
235.000000
192.000000
1193.000000
1838.000000
515.000000
482.000000
569.000000
501.000000
992.000000
594.000000
184.000000
556.000000
2281.000000
258.000000
350.000000
176.000000
229.000000
241.000000
1641.000000
210.000000
119.000000
431.000000
595.000000
760.000000
294.000000
217.000000
188.000000
221.000000
175.000000
94.000000
1500.000000
1871.000000
418.000000
572.000000
124.000000
68.000000
1700.000000
310.000000
83.000000
739.000000
69.000000
662.000000
1005.000000
9500.000000
692.000000
1894.000000
135.000000
612.000000
1552.000000
998.000000
380.000000
1305.000000
162.000000
147.000000
204.000000
343.000000
102.000000
187.000000
85.000000
2152.000000
389.000000
1841.000000
506.000000
503.000000
672.000000
211.000000
408.000000
175.000000
923.000000
183.000000
1050.000000
987.000000
503.000000
156.000000
483.000000
252.000000
409.000000
128.000000
1601.000000
186.000000
709.000000
603.000000
178.000000
4008.000000
951.000000
685.000000
1165.000000
110.000000
207.000000
309.000000
711.000000
138.000000
363.000000
267.000000
479.000000
143.000000
570.000000
724.000000
182.000000
191.000000
1253.000000
2131.000000
1419.000000
273.000000
410.000000
224.000000
189.000000
784.000000
233.000000
1382.000000
118.000000
146.000000
1021.000000
392.000000
1556.000000
289.000000
2321.000000
90.000000
759.000000
126.000000
975.000000
534.000000
98.000000
277.000000
92.000000
8062.000000
498.000000
32.000000
71.000000
104.000000
1730.000000
914.000000
473.000000
517.000000
629.000000
592.000000
1272.000000
136.000000
344.000000
526.000000
72.000000
546.000000
318.000000
987.000000
150.000000
1367.000000
178.000000
368.000000
181.000000
658.000000
847.000000
496.000000
49.000000
528.000000
91.000000
202.000000
643.000000
530.000000
1197.000000
1482.000000
534.000000
160.000000
444.000000
87.000000
105.000000
541.000000
881.000000
445.000000
48.000000
2634.000000
1113.000000
500.000000
157.000000
318.000000
170.000000
262.000000
1166.000000
2958.000000
1707.000000
4464.000000
100.000000
385.000000
151.000000
499.000000
51.000000
215.000000
139.000000
104.000000
460.000000
114.000000
2221.000000
316.000000
272.000000
152.000000
632.000000
654.000000
161.000000
1826.000000
312.000000
52.000000
383.000000
476.000000
283.000000
435.000000
196.000000
291.000000
241.000000
163.000000
157.000000
58.000000
705.000000
110.000000
192.000000
219.000000
1024.000000
752.000000
226.000000
794.000000
337.000000
826.000000
440.000000
1085.000000
318.000000
1061.000000
145.000000
990.000000
210.000000
219.000000
544.000000
544.000000
262.000000
204.000000
739.000000
532.000000
2193.000000
173.000000
1442.000000
88.000000
450.000000
123.000000
73.000000
292.000000
784.000000
58.000000
627.000000
919.000000
416.000000
1155.000000
778.000000
142.000000
419.000000
225.000000
2580.000000
65.000000
1670.000000
311.000000
254.000000
362.000000
549.000000
218.000000
385.000000
176.000000
867.000000
480.000000
875.000000
317.000000
338.000000
2525.000000
301.000000
237.000000
1013.000000
165.000000
357.000000
652.000000
599.000000
2712.000000
295.000000
3018.000000
1075.000000
451.000000
414.000000
305.000000
578.000000
579.000000
388.000000
171.000000
207.000000
2674.000000
1732.000000
321.000000
633.000000
168.000000
192.000000
449.000000
784.000000
1233.000000
1219.000000
986.000000
214.000000
32.000000
271.000000
587.000000
3260.000000
599.000000
1313.000000
755.000000
704.000000
110.000000
244.000000
580.000000
180.000000
620.000000
263.000000
514.000000
87.000000
517.000000
131.000000
1428.000000
557.000000
791.000000
5008.000000
226.000000
335.000000
494.000000
1091.000000
2004.000000
639.000000
987.000000
670.000000
146.000000
22.000000
119.000000
363.000000
533.000000
276.000000
141.000000
57.000000
134.000000
277.000000
710.000000
804.000000
207.000000
63.000000
503.000000
222.000000
147.000000
178.000000
104.000000
908.000000
565.000000
4172.000000
604.000000
737.000000
275.000000
258.000000
1519.000000
284.000000
124.000000
364.000000
169.000000
158.000000
154.000000
167.000000
342.000000
787.000000
34.000000
2254.000000
