234.000000
265.000000
1200.000000
291.000000
188.000000
386.000000
544.000000
157.000000
427.000000
674.000000
334.000000
920.000000
84.000000
834.000000
427.000000
292.000000
371.000000
461.000000
117.000000
338.000000
627.000000
512.000000
768.000000
1400.000000
260.000000
634.000000
382.000000
610.000000
103.000000
1124.000000
553.000000
593.000000
632.000000
667.000000
460.000000
1216.000000
1208.000000
218.000000
363.000000
293.000000
583.000000
355.000000
173.000000
551.000000
207.000000
2447.000000
106.000000
954.000000
56.000000
628.000000
591.000000
463.000000
1458.000000
232.000000
253.000000
70.000000
119.000000
459.000000
129.000000
421.000000
148.000000
424.000000
403.000000
402.000000
508.000000
505.000000
57.000000
578.000000
203.000000
236.000000
347.000000
555.000000
179.000000
198.000000
36.000000
1911.000000
1338.000000
596.000000
623.000000
172.000000
922.000000
317.000000
2231.000000
287.000000
195.000000
264.000000
520.000000
424.000000
291.000000
467.000000
335.000000
853.000000
414.000000
35.000000
346.000000
777.000000
1474.000000
123.000000
142.000000
1216.000000
183.000000
124.000000
111.000000
147.000000
382.000000
555.000000
483.000000
563.000000
159.000000
113.000000
354.000000
1054.000000
430.000000
131.000000
135.000000
478.000000
652.000000
563.000000
315.000000
3462.000000
511.000000
990.000000
1210.000000
156.000000
1047.000000
690.000000
196.000000
93.000000
1681.000000
123.000000
1190.000000
134.000000
84.000000
358.000000
125.000000
204.000000
424.000000
895.000000
285.000000
320.000000
184.000000
494.000000
6430.000000
187.000000
859.000000
675.000000
680.000000
167.000000
490.000000
250.000000
2230.000000
475.000000
43.000000
114.000000
269.000000
1401.000000
87.000000
43.000000
1498.000000
499.000000
539.000000
568.000000
1756.000000
78.000000
450.000000
233.000000
746.000000
807.000000
261.000000
107.000000
119.000000
575.000000
438.000000
338.000000
1401.000000
296.000000
84.000000
494.000000
145.000000
1640.000000
222.000000
2044.000000
1974.000000
586.000000
182.000000
390.000000
200.000000
47.000000
141.000000
332.000000
4863.000000
1828.000000
281.000000
1026.000000
210.000000
175.000000
387.000000
2017.000000
3541.000000
832.000000
177.000000
337.000000
176.000000
116.000000
570.000000
513.000000
549.000000
127.000000
412.000000
462.000000
757.000000
1070.000000
603.000000
912.000000
217.000000
2284.000000
231.000000
204.000000
273.000000
252.000000
1314.000000
342.000000
1136.000000
116.000000
221.000000
787.000000
1354.000000
486.000000
240.000000
104.000000
244.000000
2595.000000
231.000000
1439.000000
1107.000000
245.000000
658.000000
49.000000
698.000000
418.000000
96.000000
130.000000
1249.000000
52.000000
717.000000
1365.000000
1062.000000
212.000000
245.000000
1913.000000
6076.000000
294.000000
319.000000
237.000000
485.000000
948.000000
108.000000
542.000000
1111.000000
493.000000
445.000000
214.000000
272.000000
192.000000
606.000000
202.000000
584.000000
1280.000000
521.000000
2403.000000
390.000000
68.000000
694.000000
2124.000000
193.000000
115.000000
609.000000
467.000000
218.000000
105.000000
594.000000
1397.000000
755.000000
366.000000
1458.000000
324.000000
2229.000000
82.000000
332.000000
114.000000
113.000000
635.000000
210.000000
4819.000000
1031.000000
733.000000
642.000000
1102.000000
235.000000
1225.000000
178.000000
303.000000
640.000000
574.000000
4378.000000
488.000000
520.000000
47.000000
88.000000
263.000000
1097.000000
1150.000000
360.000000
121.000000
147.000000
168.000000
995.000000
445.000000
55.000000
215.000000
693.000000
585.000000
1121.000000
213.000000
250.000000
387.000000
402.000000
227.000000
875.000000
429.000000
1614.000000
627.000000
758.000000
660.000000
393.000000
256.000000
174.000000
3977.000000
299.000000
1374.000000
255.000000
178.000000
87.000000
689.000000
1644.000000
98.000000
176.000000
1225.000000
413.000000
216.000000
719.000000
316.000000
71.000000
129.000000
364.000000
1029.000000
282.000000
446.000000
655.000000
935.000000
1159.000000
1415.000000
2521.000000
594.000000
1333.000000
404.000000
135.000000
52.000000
973.000000
664.000000
476.000000
98.000000
239.000000
251.000000
158.000000
733.000000
363.000000
283.000000
431.000000
706.000000
93.000000
305.000000
147.000000
474.000000
251.000000
686.000000
560.000000
677.000000
493.000000
378.000000
229.000000
1718.000000
203.000000
383.000000
108.000000
686.000000
1048.000000
606.000000
68.000000
1834.000000
446.000000
296.000000
863.000000
813.000000
346.000000
1439.000000
55.000000
1479.000000
238.000000
342.000000
967.000000
341.000000
1065.000000
322.000000
356.000000
278.000000
370.000000
243.000000
422.000000
121.000000
216.000000
383.000000
221.000000
316.000000
166.000000
248.000000
434.000000
2270.000000
195.000000
231.000000
931.000000
2038.000000
126.000000
142.000000
1127.000000
665.000000
99.000000
79.000000
237.000000
44.000000
1220.000000
253.000000
361.000000
116.000000
136.000000
276.000000
150.000000
72.000000
500.000000
623.000000
283.000000
330.000000
1057.000000
172.000000
10424.000000
1575.000000
691.000000
554.000000
1952.000000
476.000000
208.000000
127.000000
625.000000
368.000000
1780.000000
750.000000
183.000000
1170.000000
508.000000
561.000000
1092.000000
412.000000
184.000000
1156.000000
210.000000
306.000000
48.000000
631.000000
1394.000000
494.000000
524.000000
304.000000
1092.000000
612.000000
56.000000
589.000000
223.000000
327.000000
500.000000
392.000000
131.000000
556.000000
187.000000
977.000000
221.000000
979.000000
390.000000
1639.000000
1368.000000
392.000000
1660.000000
921.000000
1058.000000
226.000000
543.000000
3378.000000
312.000000
385.000000
477.000000
396.000000
695.000000
137.000000
220.000000
324.000000
267.000000
206.000000
248.000000
577.000000
146.000000
433.000000
896.000000
259.000000
368.000000
245.000000
2046.000000
219.000000
628.000000
765.000000
234.000000
86.000000
249.000000
66.000000
222.000000
1566.000000
488.000000
714.000000
329.000000
194.000000
476.000000
328.000000
299.000000
1050.000000
4677.000000
603.000000
193.000000
3314.000000
843.000000
190.000000
344.000000
404.000000
3688.000000
198.000000
282.000000
384.000000
1549.000000
281.000000
1344.000000
504.000000
143.000000
128.000000
2936.000000
29.000000
771.000000
453.000000
742.000000
93.000000
57.000000
183.000000
807.000000
1708.000000
3500.000000
2005.000000
179.000000
509.000000
122.000000
1488.000000
229.000000
91.000000
800.000000
477.000000
367.000000
698.000000
258.000000
796.000000
332.000000
145.000000
1290.000000
116.000000
76.000000
618.000000
938.000000
941.000000
254.000000
4159.000000
256.000000
897.000000
1046.000000
1828.000000
178.000000
102.000000
238.000000
772.000000
130.000000
674.000000
561.000000
1779.000000
434.000000
598.000000
244.000000
2375.000000
1688.000000
183.000000
500.000000
150.000000
361.000000
1673.000000
1891.000000
1918.000000
169.000000
102.000000
1243.000000
669.000000
1371.000000
1244.000000
401.000000
143.000000
857.000000
922.000000
100.000000
690.000000
171.000000
575.000000
345.000000
308.000000
296.000000
253.000000
157.000000
767.000000
237.000000
75.000000
2004.000000
147.000000
87.000000
440.000000
260.000000
249.000000
48.000000
94.000000
7624.000000
915.000000
605.000000
230.000000
189.000000
102.000000
361.000000
179.000000
407.000000
479.000000
671.000000
921.000000
126.000000
646.000000
112.000000
178.000000
2159.000000
87.000000
408.000000
738.000000
428.000000
263.000000
1349.000000
123.000000
771.000000
378.000000
195.000000
12099.000000
1582.000000
243.000000
930.000000
565.000000
450.000000
752.000000
309.000000
160.000000
913.000000
130.000000
181.000000
5163.000000
78.000000
3752.000000
581.000000
239.000000
1185.000000
1048.000000
1412.000000
244.000000
759.000000
291.000000
179.000000
130.000000
2375.000000
931.000000
62.000000
1375.000000
405.000000
233.000000
525.000000
2578.000000
1679.000000
374.000000
85.000000
494.000000
395.000000
736.000000
890.000000
2231.000000
257.000000
778.000000
348.000000
1001.000000
216.000000
569.000000
3972.000000
117.000000
554.000000
100.000000
517.000000
268.000000
121.000000
205.000000
1546.000000
1339.000000
482.000000
285.000000
246.000000
220.000000
189.000000
1015.000000
609.000000
772.000000
585.000000
284.000000
993.000000
499.000000
236.000000
286.000000
427.000000
213.000000
721.000000
624.000000
301.000000
1736.000000
629.000000
330.000000
212.000000
451.000000
961.000000
461.000000
1032.000000
121.000000
1284.000000
2036.000000
7346.000000
767.000000
103.000000
1545.000000
304.000000
1266.000000
1854.000000
665.000000
796.000000
48.000000
413.000000
485.000000
394.000000
461.000000
537.000000
722.000000
587.000000
425.000000
468.000000
670.000000
492.000000
178.000000
631.000000
437.000000
106.000000
846.000000
1279.000000
1077.000000
301.000000
2262.000000
343.000000
525.000000
303.000000
638.000000
188.000000
1037.000000
1750.000000
159.000000
445.000000
381.000000
787.000000
1622.000000
3000.000000
684.000000
397.000000
1972.000000
1142.000000
1701.000000
521.000000
156.000000
792.000000
809.000000
1092.000000
82.000000
600.000000
1001.000000
631.000000
235.000000
299.000000
118.000000
382.000000
765.000000
509.000000
1257.000000
130.000000
607.000000
635.000000
128.000000
376.000000
862.000000
591.000000
311.000000
313.000000
726.000000
1373.000000
1018.000000
464.000000
547.000000
435.000000
48.000000
444.000000
182.000000
53.000000
781.000000
1118.000000
247.000000
308.000000
47.000000
135.000000
347.000000
155.000000
164.000000
1942.000000
290.000000
200.000000
65.000000
253.000000
1373.000000
545.000000
849.000000
734.000000
190.000000
3262.000000
1979.000000
67.000000
558.000000
482.000000
677.000000
584.000000
409.000000
608.000000
363.000000
326.000000
363.000000
732.000000
796.000000
657.000000
598.000000
466.000000
348.000000
732.000000
82.000000
1791.000000
251.000000
86.000000
88.000000
280.000000
88.000000
881.000000
114.000000
444.000000
58.000000
93.000000
359.000000
332.000000
186.000000
821.000000
684.000000
530.000000
287.000000
436.000000
660.000000
473.000000
545.000000
579.000000
857.000000
143.000000
1093.000000
633.000000
183.000000
162.000000
165.000000
304.000000
381.000000
286.000000
185.000000
356.000000
1436.000000
832.000000
936.000000
869.000000
1071.000000
171.000000
298.000000
267.000000
56.000000
92.000000
474.000000
365.000000
189.000000
585.000000
883.000000
3660.000000
168.000000
645.000000
406.000000
285.000000
887.000000
687.000000
2595.000000
1224.000000
86.000000
3539.000000
933.000000
264.000000
42.000000
135.000000
938.000000
2051.000000
271.000000
1505.000000
398.000000
396.000000
755.000000
621.000000
871.000000
386.000000
85.000000
1236.000000
718.000000
1188.000000
3379.000000
1259.000000
80.000000
241.000000
409.000000
871.000000
289.000000
1384.000000
302.000000
222.000000
495.000000
2613.000000
225.000000
930.000000
452.000000
308.000000
78.000000
170.000000
3247.000000
75.000000
1858.000000
77.000000
1011.000000
185.000000
135.000000
738.000000
365.000000
64.000000
1295.000000
176.000000
2651.000000
319.000000
274.000000
1069.000000
149.000000
2239.000000
2635.000000
