166.000000
1020.000000
107.000000
184.000000
37.000000
85.000000
489.000000
162.000000
207.000000
1273.000000
133.000000
730.000000
91.000000
3703.000000
610.000000
338.000000
1221.000000
590.000000
291.000000
325.000000
480.000000
620.000000
350.000000
913.000000
3954.000000
493.000000
207.000000
195.000000
1206.000000
267.000000
1040.000000
115.000000
81.000000
180.000000
3271.000000
109.000000
1301.000000
1168.000000
237.000000
3128.000000
764.000000
151.000000
611.000000
77.000000
258.000000
1869.000000
1174.000000
1060.000000
193.000000
36.000000
40.000000
99.000000
239.000000
442.000000
187.000000
130.000000
31.000000
86.000000
643.000000
2717.000000
378.000000
61.000000
787.000000
52.000000
705.000000
202.000000
834.000000
206.000000
278.000000
273.000000
256.000000
4293.000000
391.000000
452.000000
110.000000
773.000000
879.000000
212.000000
74.000000
617.000000
368.000000
473.000000
373.000000
393.000000
94.000000
131.000000
254.000000
87.000000
477.000000
126.000000
390.000000
200.000000
1624.000000
20.000000
257.000000
1915.000000
99.000000
1604.000000
49.000000
519.000000
1043.000000
2117.000000
85.000000
346.000000
1545.000000
1490.000000
476.000000
158.000000
497.000000
638.000000
146.000000
1029.000000
209.000000
170.000000
173.000000
370.000000
495.000000
1935.000000
176.000000
2203.000000
547.000000
528.000000
210.000000
427.000000
178.000000
409.000000
1212.000000
493.000000
349.000000
1278.000000
282.000000
1208.000000
407.000000
1526.000000
1372.000000
884.000000
148.000000
3805.000000
672.000000
1142.000000
330.000000
780.000000
433.000000
4013.000000
317.000000
353.000000
280.000000
127.000000
201.000000
268.000000
1473.000000
334.000000
675.000000
124.000000
341.000000
1376.000000
273.000000
1467.000000
187.000000
1022.000000
648.000000
176.000000
1270.000000
87.000000
728.000000
98.000000
797.000000
765.000000
641.000000
169.000000
2538.000000
384.000000
748.000000
159.000000
774.000000
1000.000000
79.000000
573.000000
42.000000
57.000000
631.000000
61.000000
352.000000
903.000000
2250.000000
386.000000
3365.000000
474.000000
1373.000000
636.000000
2380.000000
722.000000
256.000000
1452.000000
1480.000000
2402.000000
377.000000
463.000000
381.000000
746.000000
105.000000
531.000000
323.000000
399.000000
267.000000
441.000000
420.000000
319.000000
702.000000
1107.000000
225.000000
185.000000
970.000000
309.000000
1408.000000
52.000000
149.000000
469.000000
2292.000000
3325.000000
1614.000000
737.000000
605.000000
264.000000
337.000000
682.000000
180.000000
392.000000
183.000000
197.000000
1658.000000
275.000000
372.000000
107.000000
131.000000
735.000000
171.000000
228.000000
993.000000
241.000000
646.000000
258.000000
133.000000
1693.000000
787.000000
89.000000
884.000000
105.000000
1991.000000
100.000000
860.000000
3494.000000
757.000000
252.000000
158.000000
59.000000
99.000000
246.000000
754.000000
140.000000
7435.000000
1136.000000
98.000000
1538.000000
208.000000
277.000000
546.000000
2269.000000
88.000000
234.000000
985.000000
127.000000
611.000000
230.000000
214.000000
447.000000
1060.000000
20.000000
927.000000
349.000000
1845.000000
173.000000
878.000000
278.000000
376.000000
84.000000
1656.000000
138.000000
3574.000000
699.000000
281.000000
1241.000000
337.000000
283.000000
284.000000
288.000000
1313.000000
449.000000
143.000000
1910.000000
162.000000
408.000000
672.000000
330.000000
1047.000000
305.000000
2638.000000
152.000000
925.000000
3105.000000
669.000000
87.000000
313.000000
1724.000000
113.000000
748.000000
564.000000
158.000000
622.000000
875.000000
414.000000
64.000000
437.000000
92.000000
479.000000
146.000000
885.000000
141.000000
176.000000
358.000000
279.000000
434.000000
147.000000
1153.000000
439.000000
2435.000000
1113.000000
143.000000
56.000000
345.000000
1025.000000
255.000000
693.000000
426.000000
1573.000000
394.000000
527.000000
96.000000
111.000000
50.000000
1816.000000
299.000000
422.000000
309.000000
314.000000
308.000000
454.000000
93.000000
132.000000
266.000000
424.000000
1534.000000
672.000000
992.000000
181.000000
212.000000
643.000000
317.000000
2107.000000
167.000000
61.000000
640.000000
71.000000
90.000000
1616.000000
266.000000
414.000000
215.000000
380.000000
622.000000
757.000000
458.000000
336.000000
302.000000
513.000000
287.000000
922.000000
189.000000
554.000000
811.000000
307.000000
596.000000
366.000000
226.000000
1630.000000
192.000000
591.000000
343.000000
168.000000
1459.000000
108.000000
416.000000
601.000000
74.000000
165.000000
1411.000000
1163.000000
234.000000
1284.000000
159.000000
126.000000
258.000000
332.000000
505.000000
1467.000000
239.000000
406.000000
884.000000
172.000000
682.000000
593.000000
345.000000
348.000000
491.000000
239.000000
346.000000
523.000000
100.000000
52.000000
58.000000
1334.000000
484.000000
1023.000000
117.000000
199.000000
322.000000
207.000000
907.000000
266.000000
2995.000000
115.000000
1038.000000
343.000000
2353.000000
305.000000
517.000000
136.000000
258.000000
1585.000000
1762.000000
323.000000
413.000000
2567.000000
1872.000000
115.000000
221.000000
494.000000
332.000000
137.000000
57.000000
4904.000000
1074.000000
536.000000
448.000000
2555.000000
445.000000
147.000000
309.000000
698.000000
502.000000
445.000000
787.000000
463.000000
424.000000
559.000000
629.000000
1464.000000
69.000000
395.000000
313.000000
738.000000
161.000000
502.000000
938.000000
162.000000
88.000000
512.000000
241.000000
420.000000
171.000000
586.000000
345.000000
190.000000
481.000000
84.000000
379.000000
523.000000
174.000000
137.000000
320.000000
1224.000000
2618.000000
167.000000
857.000000
1231.000000
225.000000
984.000000
916.000000
1656.000000
202.000000
1607.000000
183.000000
124.000000
413.000000
112.000000
447.000000
505.000000
359.000000
369.000000
52.000000
3683.000000
798.000000
250.000000
74.000000
177.000000
1056.000000
120.000000
194.000000
109.000000
593.000000
267.000000
357.000000
1314.000000
1035.000000
286.000000
4122.000000
524.000000
662.000000
237.000000
734.000000
427.000000
64.000000
656.000000
464.000000
222.000000
99.000000
428.000000
329.000000
131.000000
1232.000000
226.000000
235.000000
245.000000
1758.000000
1162.000000
1180.000000
450.000000
623.000000
551.000000
303.000000
2443.000000
344.000000
111.000000
1373.000000
1656.000000
465.000000
307.000000
346.000000
230.000000
162.000000
760.000000
138.000000
201.000000
286.000000
130.000000
284.000000
262.000000
165.000000
1045.000000
294.000000
715.000000
1923.000000
273.000000
301.000000
216.000000
288.000000
44.000000
4299.000000
64.000000
315.000000
156.000000
827.000000
552.000000
954.000000
283.000000
1425.000000
646.000000
1627.000000
745.000000
679.000000
391.000000
983.000000
424.000000
1738.000000
138.000000
203.000000
1008.000000
320.000000
136.000000
280.000000
549.000000
498.000000
316.000000
53.000000
163.000000
3189.000000
557.000000
100.000000
323.000000
381.000000
337.000000
1023.000000
938.000000
240.000000
220.000000
1669.000000
202.000000
286.000000
421.000000
115.000000
616.000000
491.000000
63.000000
130.000000
1557.000000
869.000000
135.000000
434.000000
333.000000
100.000000
365.000000
254.000000
491.000000
321.000000
2832.000000
89.000000
294.000000
103.000000
722.000000
684.000000
342.000000
429.000000
471.000000
87.000000
434.000000
82.000000
4497.000000
3219.000000
136.000000
1723.000000
426.000000
710.000000
719.000000
937.000000
694.000000
209.000000
251.000000
601.000000
1565.000000
757.000000
1344.000000
1063.000000
178.000000
3307.000000
1021.000000
914.000000
627.000000
313.000000
874.000000
289.000000
346.000000
1098.000000
291.000000
1280.000000
643.000000
166.000000
583.000000
81.000000
522.000000
94.000000
2660.000000
600.000000
320.000000
650.000000
3450.000000
1806.000000
531.000000
244.000000
178.000000
120.000000
146.000000
1748.000000
225.000000
1123.000000
45.000000
190.000000
606.000000
411.000000
736.000000
249.000000
323.000000
108.000000
408.000000
215.000000
155.000000
487.000000
282.000000
707.000000
159.000000
5556.000000
1548.000000
471.000000
195.000000
508.000000
356.000000
199.000000
460.000000
254.000000
208.000000
1694.000000
1464.000000
58.000000
297.000000
734.000000
1177.000000
351.000000
378.000000
611.000000
225.000000
362.000000
544.000000
398.000000
156.000000
568.000000
396.000000
193.000000
311.000000
1077.000000
919.000000
213.000000
305.000000
318.000000
168.000000
915.000000
541.000000
388.000000
362.000000
505.000000
580.000000
50.000000
701.000000
80.000000
1371.000000
754.000000
167.000000
1519.000000
2238.000000
344.000000
525.000000
110.000000
338.000000
189.000000
1457.000000
166.000000
67.000000
953.000000
142.000000
245.000000
4326.000000
108.000000
236.000000
185.000000
2028.000000
1176.000000
571.000000
135.000000
62.000000
1954.000000
148.000000
633.000000
149.000000
990.000000
1162.000000
123.000000
294.000000
577.000000
344.000000
159.000000
551.000000
2114.000000
708.000000
3755.000000
1241.000000
292.000000
1278.000000
1121.000000
617.000000
191.000000
758.000000
2341.000000
510.000000
965.000000
1331.000000
935.000000
379.000000
244.000000
35.000000
224.000000
1011.000000
843.000000
670.000000
161.000000
132.000000
139.000000
227.000000
323.000000
157.000000
84.000000
552.000000
723.000000
522.000000
46.000000
1435.000000
178.000000
144.000000
271.000000
400.000000
306.000000
1669.000000
2465.000000
414.000000
160.000000
464.000000
224.000000
47.000000
2292.000000
921.000000
103.000000
355.000000
361.000000
308.000000
77.000000
3488.000000
188.000000
527.000000
592.000000
801.000000
133.000000
1438.000000
1097.000000
357.000000
342.000000
476.000000
251.000000
64.000000
422.000000
1136.000000
1156.000000
770.000000
1757.000000
87.000000
316.000000
229.000000
755.000000
900.000000
80.000000
274.000000
687.000000
282.000000
504.000000
166.000000
272.000000
362.000000
3440.000000
1189.000000
455.000000
1161.000000
244.000000
274.000000
1390.000000
356.000000
72.000000
216.000000
139.000000
277.000000
383.000000
504.000000
491.000000
2937.000000
370.000000
121.000000
633.000000
389.000000
865.000000
88.000000
177.000000
576.000000
858.000000
63.000000
534.000000
230.000000
99.000000
864.000000
163.000000
444.000000
366.000000
816.000000
193.000000
1920.000000
225.000000
365.000000
441.000000
1704.000000
186.000000
722.000000
704.000000
277.000000
484.000000
219.000000
469.000000
257.000000
420.000000
209.000000
916.000000
171.000000
629.000000
2074.000000
164.000000
90.000000
446.000000
137.000000
449.000000
572.000000
1251.000000
1033.000000
725.000000
151.000000
1392.000000
771.000000
80.000000
309.000000
815.000000
886.000000
335.000000
940.000000
1621.000000
162.000000
795.000000
1187.000000
1367.000000
413.000000
161.000000
342.000000
322.000000
168.000000
57.000000
904.000000
2079.000000
141.000000
679.000000
530.000000
174.000000
366.000000
898.000000
230.000000
1186.000000
47.000000
101.000000
674.000000
699.000000
274.000000
358.000000
151.000000
444.000000
189.000000
799.000000
322.000000
1776.000000
151.000000
1191.000000
144.000000
535.000000
354.000000
545.000000
227.000000
191.000000
1307.000000
158.000000
1125.000000
179.000000
