574.000000
441.000000
684.000000
429.000000
80.000000
475.000000
344.000000
376.000000
378.000000
240.000000
1225.000000
619.000000
893.000000
262.000000
729.000000
173.000000
295.000000
421.000000
1126.000000
517.000000
165.000000
203.000000
952.000000
911.000000
58.000000
228.000000
121.000000
1635.000000
1734.000000
192.000000
283.000000
507.000000
363.000000
236.000000
247.000000
265.000000
84.000000
401.000000
612.000000
138.000000
187.000000
586.000000
541.000000
702.000000
283.000000
186.000000
267.000000
496.000000
703.000000
1770.000000
930.000000
793.000000
93.000000
679.000000
851.000000
811.000000
2023.000000
306.000000
703.000000
542.000000
1183.000000
237.000000
841.000000
88.000000
148.000000
567.000000
292.000000
572.000000
155.000000
1534.000000
926.000000
50.000000
1033.000000
453.000000
678.000000
414.000000
718.000000
1509.000000
146.000000
168.000000
304.000000
1189.000000
1747.000000
143.000000
477.000000
211.000000
346.000000
1102.000000
62.000000
1019.000000
446.000000
106.000000
147.000000
512.000000
1410.000000
161.000000
630.000000
408.000000
175.000000
528.000000
130.000000
78.000000
302.000000
1264.000000
525.000000
423.000000
143.000000
547.000000
484.000000
101.000000
1238.000000
2078.000000
705.000000
194.000000
707.000000
2343.000000
1629.000000
533.000000
324.000000
571.000000
230.000000
281.000000
3001.000000
183.000000
239.000000
2193.000000
119.000000
982.000000
576.000000
364.000000
378.000000
333.000000
497.000000
142.000000
675.000000
128.000000
897.000000
574.000000
90.000000
190.000000
168.000000
85.000000
141.000000
1871.000000
216.000000
145.000000
2757.000000
188.000000
2876.000000
1609.000000
538.000000
213.000000
92.000000
264.000000
152.000000
179.000000
595.000000
871.000000
384.000000
187.000000
545.000000
43.000000
398.000000
119.000000
107.000000
1942.000000
528.000000
585.000000
295.000000
483.000000
432.000000
1024.000000
551.000000
169.000000
163.000000
438.000000
1934.000000
87.000000
112.000000
1184.000000
152.000000
470.000000
450.000000
61.000000
95.000000
1486.000000
749.000000
291.000000
248.000000
824.000000
258.000000
2700.000000
299.000000
320.000000
1762.000000
474.000000
405.000000
249.000000
430.000000
3379.000000
1299.000000
294.000000
251.000000
470.000000
529.000000
2180.000000
511.000000
2387.000000
73.000000
1726.000000
501.000000
421.000000
1022.000000
1319.000000
818.000000
600.000000
274.000000
596.000000
601.000000
332.000000
159.000000
62.000000
4308.000000
871.000000
76.000000
188.000000
813.000000
303.000000
415.000000
348.000000
121.000000
729.000000
2141.000000
2150.000000
47.000000
111.000000
92.000000
1601.000000
523.000000
24.000000
397.000000
462.000000
161.000000
118.000000
617.000000
217.000000
387.000000
325.000000
867.000000
1342.000000
564.000000
84.000000
627.000000
1100.000000
418.000000
328.000000
190.000000
495.000000
596.000000
166.000000
365.000000
416.000000
557.000000
439.000000
411.000000
1941.000000
256.000000
981.000000
560.000000
832.000000
561.000000
105.000000
2114.000000
179.000000
274.000000
377.000000
254.000000
3255.000000
120.000000
5020.000000
144.000000
163.000000
155.000000
398.000000
740.000000
269.000000
114.000000
180.000000
103.000000
488.000000
607.000000
1281.000000
1754.000000
522.000000
65.000000
824.000000
253.000000
258.000000
84.000000
791.000000
1076.000000
40.000000
458.000000
1215.000000
211.000000
1531.000000
212.000000
455.000000
430.000000
176.000000
83.000000
682.000000
1433.000000
57.000000
170.000000
42.000000
654.000000
91.000000
3845.000000
158.000000
63.000000
753.000000
80.000000
651.000000
121.000000
369.000000
570.000000
283.000000
375.000000
997.000000
3249.000000
888.000000
52.000000
1383.000000
893.000000
585.000000
330.000000
5367.000000
311.000000
456.000000
163.000000
287.000000
947.000000
412.000000
666.000000
416.000000
144.000000
352.000000
650.000000
397.000000
174.000000
624.000000
325.000000
721.000000
483.000000
674.000000
967.000000
54.000000
933.000000
614.000000
120.000000
193.000000
126.000000
2166.000000
830.000000
806.000000
871.000000
676.000000
312.000000
224.000000
263.000000
449.000000
351.000000
405.000000
542.000000
99.000000
135.000000
192.000000
1015.000000
195.000000
232.000000
122.000000
1726.000000
1000.000000
189.000000
985.000000
184.000000
437.000000
505.000000
482.000000
114.000000
291.000000
94.000000
561.000000
1159.000000
2261.000000
1438.000000
220.000000
464.000000
826.000000
396.000000
3062.000000
824.000000
288.000000
195.000000
53.000000
877.000000
1544.000000
417.000000
288.000000
426.000000
309.000000
2655.000000
1291.000000
273.000000
334.000000
176.000000
290.000000
941.000000
1261.000000
238.000000
603.000000
1545.000000
257.000000
1093.000000
147.000000
274.000000
55.000000
4750.000000
989.000000
499.000000
504.000000
493.000000
190.000000
1550.000000
93.000000
368.000000
409.000000
137.000000
995.000000
1655.000000
1055.000000
112.000000
279.000000
456.000000
1145.000000
456.000000
280.000000
217.000000
2267.000000
1486.000000
744.000000
450.000000
469.000000
521.000000
486.000000
1008.000000
114.000000
383.000000
151.000000
339.000000
2455.000000
86.000000
1315.000000
361.000000
144.000000
185.000000
160.000000
288.000000
437.000000
506.000000
238.000000
752.000000
518.000000
167.000000
136.000000
431.000000
201.000000
709.000000
396.000000
1666.000000
845.000000
5369.000000
922.000000
833.000000
83.000000
1180.000000
297.000000
592.000000
1859.000000
76.000000
37.000000
660.000000
201.000000
5264.000000
55.000000
115.000000
365.000000
1171.000000
235.000000
293.000000
455.000000
162.000000
142.000000
1242.000000
69.000000
885.000000
117.000000
720.000000
736.000000
293.000000
732.000000
211.000000
888.000000
1343.000000
225.000000
289.000000
235.000000
50.000000
118.000000
809.000000
124.000000
269.000000
322.000000
969.000000
349.000000
161.000000
367.000000
5395.000000
97.000000
351.000000
353.000000
716.000000
24.000000
157.000000
741.000000
284.000000
957.000000
370.000000
319.000000
1245.000000
744.000000
482.000000
338.000000
477.000000
514.000000
398.000000
54.000000
505.000000
33.000000
328.000000
1698.000000
684.000000
314.000000
185.000000
461.000000
241.000000
1105.000000
1795.000000
1701.000000
278.000000
241.000000
2753.000000
238.000000
605.000000
1103.000000
302.000000
258.000000
147.000000
276.000000
280.000000
953.000000
386.000000
258.000000
261.000000
717.000000
654.000000
324.000000
186.000000
337.000000
1814.000000
629.000000
490.000000
278.000000
763.000000
28.000000
326.000000
648.000000
995.000000
242.000000
110.000000
238.000000
268.000000
372.000000
351.000000
185.000000
566.000000
530.000000
388.000000
418.000000
151.000000
486.000000
1149.000000
408.000000
277.000000
1555.000000
1003.000000
617.000000
1380.000000
275.000000
412.000000
86.000000
398.000000
179.000000
419.000000
451.000000
306.000000
1574.000000
2444.000000
490.000000
239.000000
1317.000000
274.000000
2599.000000
142.000000
107.000000
406.000000
325.000000
115.000000
257.000000
375.000000
311.000000
1387.000000
569.000000
1104.000000
289.000000
145.000000
375.000000
155.000000
2259.000000
85.000000
135.000000
141.000000
95.000000
832.000000
215.000000
204.000000
953.000000
353.000000
1744.000000
402.000000
534.000000
322.000000
587.000000
520.000000
149.000000
1703.000000
2200.000000
89.000000
1383.000000
401.000000
591.000000
806.000000
92.000000
2556.000000
505.000000
290.000000
658.000000
139.000000
157.000000
139.000000
240.000000
353.000000
306.000000
283.000000
1312.000000
26.000000
413.000000
691.000000
386.000000
192.000000
202.000000
95.000000
3614.000000
268.000000
129.000000
1251.000000
840.000000
1734.000000
339.000000
263.000000
453.000000
188.000000
5180.000000
75.000000
1544.000000
513.000000
744.000000
1196.000000
715.000000
3503.000000
262.000000
941.000000
448.000000
15.000000
864.000000
1168.000000
205.000000
1027.000000
741.000000
136.000000
493.000000
131.000000
1485.000000
830.000000
129.000000
576.000000
867.000000
1236.000000
515.000000
660.000000
1084.000000
384.000000
604.000000
702.000000
353.000000
167.000000
156.000000
416.000000
1395.000000
386.000000
609.000000
416.000000
123.000000
1368.000000
102.000000
260.000000
29.000000
314.000000
233.000000
252.000000
553.000000
326.000000
801.000000
363.000000
350.000000
360.000000
167.000000
206.000000
301.000000
473.000000
610.000000
672.000000
570.000000
37.000000
1160.000000
952.000000
160.000000
3500.000000
391.000000
599.000000
123.000000
83.000000
462.000000
222.000000
303.000000
586.000000
600.000000
173.000000
960.000000
260.000000
493.000000
2480.000000
516.000000
509.000000
233.000000
310.000000
506.000000
136.000000
1467.000000
301.000000
916.000000
640.000000
305.000000
276.000000
803.000000
85.000000
88.000000
3100.000000
167.000000
279.000000
374.000000
424.000000
1164.000000
372.000000
588.000000
149.000000
156.000000
749.000000
261.000000
2270.000000
92.000000
877.000000
850.000000
99.000000
166.000000
171.000000
727.000000
559.000000
75.000000
442.000000
1164.000000
1538.000000
170.000000
217.000000
141.000000
213.000000
54.000000
604.000000
76.000000
96.000000
169.000000
199.000000
312.000000
79.000000
1248.000000
317.000000
695.000000
1645.000000
159.000000
697.000000
29.000000
1813.000000
517.000000
518.000000
321.000000
1042.000000
299.000000
282.000000
79.000000
305.000000
518.000000
189.000000
135.000000
670.000000
605.000000
511.000000
100.000000
1065.000000
806.000000
544.000000
379.000000
789.000000
122.000000
538.000000
756.000000
271.000000
409.000000
2343.000000
107.000000
703.000000
316.000000
214.000000
1062.000000
92.000000
1335.000000
324.000000
102.000000
221.000000
408.000000
342.000000
188.000000
72.000000
567.000000
70.000000
606.000000
208.000000
95.000000
366.000000
337.000000
613.000000
452.000000
336.000000
1432.000000
469.000000
293.000000
674.000000
213.000000
3638.000000
223.000000
357.000000
1405.000000
238.000000
327.000000
2931.000000
490.000000
544.000000
94.000000
535.000000
267.000000
69.000000
520.000000
230.000000
250.000000
362.000000
499.000000
1552.000000
1876.000000
1630.000000
581.000000
195.000000
107.000000
487.000000
263.000000
4859.000000
1156.000000
111.000000
219.000000
302.000000
849.000000
776.000000
347.000000
381.000000
368.000000
478.000000
85.000000
375.000000
383.000000
103.000000
274.000000
843.000000
67.000000
59.000000
119.000000
645.000000
548.000000
113.000000
369.000000
122.000000
422.000000
241.000000
510.000000
6802.000000
198.000000
746.000000
237.000000
487.000000
228.000000
455.000000
448.000000
1815.000000
948.000000
1155.000000
1309.000000
425.000000
573.000000
543.000000
358.000000
316.000000
633.000000
388.000000
680.000000
335.000000
143.000000
312.000000
217.000000
321.000000
292.000000
489.000000
157.000000
346.000000
157.000000
688.000000
326.000000
882.000000
218.000000
659.000000
2322.000000
183.000000
1425.000000
561.000000
281.000000
683.000000
531.000000
166.000000
520.000000
405.000000
115.000000
655.000000
101.000000
434.000000
449.000000
1221.000000
439.000000
394.000000
147.000000
172.000000
272.000000
475.000000
671.000000
