997.000000
212.000000
1460.000000
76.000000
289.000000
771.000000
184.000000
606.000000
2052.000000
118.000000
2151.000000
208.000000
1077.000000
301.000000
1296.000000
417.000000
1119.000000
306.000000
127.000000
1027.000000
1046.000000
504.000000
738.000000
922.000000
235.000000
203.000000
148.000000
845.000000
323.000000
507.000000
481.000000
489.000000
96.000000
340.000000
212.000000
189.000000
460.000000
349.000000
67.000000
247.000000
256.000000
975.000000
308.000000
95.000000
187.000000
260.000000
1130.000000
783.000000
193.000000
424.000000
675.000000
993.000000
546.000000
614.000000
1381.000000
676.000000
73.000000
90.000000
589.000000
1116.000000
453.000000
521.000000
440.000000
365.000000
189.000000
1945.000000
429.000000
574.000000
201.000000
465.000000
81.000000
179.000000
208.000000
1003.000000
173.000000
510.000000
520.000000
440.000000
1017.000000
121.000000
552.000000
266.000000
184.000000
409.000000
573.000000
909.000000
1002.000000
65.000000
129.000000
75.000000
199.000000
3182.000000
257.000000
1038.000000
1052.000000
712.000000
519.000000
294.000000
328.000000
1339.000000
728.000000
702.000000
68.000000
1889.000000
1392.000000
152.000000
203.000000
252.000000
276.000000
668.000000
2621.000000
320.000000
45.000000
168.000000
319.000000
1729.000000
950.000000
223.000000
314.000000
323.000000
66.000000
467.000000
351.000000
148.000000
403.000000
225.000000
373.000000
1039.000000
34.000000
214.000000
949.000000
1050.000000
570.000000
477.000000
114.000000
176.000000
119.000000
133.000000
188.000000
972.000000
362.000000
563.000000
230.000000
675.000000
1803.000000
171.000000
116.000000
276.000000
935.000000
737.000000
585.000000
383.000000
537.000000
2168.000000
535.000000
1083.000000
351.000000
1240.000000
127.000000
1921.000000
98.000000
352.000000
177.000000
67.000000
344.000000
239.000000
233.000000
1068.000000
505.000000
132.000000
350.000000
245.000000
638.000000
985.000000
323.000000
864.000000
274.000000
71.000000
112.000000
453.000000
557.000000
1450.000000
154.000000
2673.000000
1801.000000
142.000000
336.000000
1617.000000
148.000000
633.000000
497.000000
320.000000
321.000000
2066.000000
163.000000
454.000000
1537.000000
2710.000000
318.000000
706.000000
78.000000
1318.000000
381.000000
175.000000
75.000000
149.000000
450.000000
35.000000
148.000000
480.000000
1387.000000
646.000000
317.000000
666.000000
354.000000
267.000000
310.000000
559.000000
691.000000
941.000000
745.000000
191.000000
167.000000
721.000000
152.000000
765.000000
1471.000000
1160.000000
1555.000000
292.000000
1382.000000
95.000000
185.000000
448.000000
756.000000
204.000000
1082.000000
424.000000
830.000000
175.000000
1913.000000
1372.000000
592.000000
930.000000
369.000000
542.000000
235.000000
42.000000
413.000000
350.000000
251.000000
1112.000000
1878.000000
112.000000
315.000000
848.000000
959.000000
138.000000
160.000000
97.000000
221.000000
944.000000
371.000000
261.000000
226.000000
72.000000
274.000000
2403.000000
235.000000
759.000000
74.000000
286.000000
456.000000
127.000000
277.000000
236.000000
166.000000
2096.000000
123.000000
674.000000
180.000000
590.000000
270.000000
3564.000000
7083.000000
206.000000
434.000000
189.000000
110.000000
3172.000000
795.000000
104.000000
847.000000
313.000000
395.000000
348.000000
191.000000
179.000000
419.000000
430.000000
178.000000
937.000000
318.000000
263.000000
81.000000
641.000000
1455.000000
150.000000
343.000000
686.000000
963.000000
1375.000000
1023.000000
559.000000
1619.000000
437.000000
1015.000000
433.000000
427.000000
102.000000
611.000000
45.000000
232.000000
270.000000
843.000000
790.000000
353.000000
279.000000
377.000000
416.000000
553.000000
216.000000
144.000000
636.000000
191.000000
356.000000
80.000000
665.000000
1074.000000
2518.000000
523.000000
551.000000
2286.000000
838.000000
951.000000
236.000000
140.000000
117.000000
90.000000
1591.000000
1207.000000
192.000000
411.000000
1545.000000
422.000000
548.000000
95.000000
262.000000
772.000000
492.000000
343.000000
914.000000
585.000000
231.000000
75.000000
231.000000
586.000000
246.000000
308.000000
317.000000
1133.000000
1996.000000
614.000000
206.000000
298.000000
534.000000
254.000000
218.000000
1429.000000
253.000000
398.000000
49.000000
658.000000
411.000000
842.000000
1131.000000
144.000000
465.000000
327.000000
236.000000
683.000000
518.000000
38.000000
249.000000
292.000000
1206.000000
151.000000
125.000000
427.000000
350.000000
120.000000
363.000000
337.000000
309.000000
501.000000
4186.000000
725.000000
132.000000
1089.000000
279.000000
325.000000
158.000000
397.000000
497.000000
449.000000
6806.000000
581.000000
1308.000000
2453.000000
336.000000
893.000000
189.000000
510.000000
384.000000
870.000000
732.000000
745.000000
355.000000
874.000000
239.000000
162.000000
525.000000
857.000000
1292.000000
60.000000
598.000000
192.000000
313.000000
6982.000000
1304.000000
246.000000
967.000000
238.000000
431.000000
637.000000
493.000000
1168.000000
272.000000
594.000000
99.000000
97.000000
354.000000
287.000000
308.000000
185.000000
1375.000000
2217.000000
218.000000
217.000000
1179.000000
803.000000
399.000000
330.000000
292.000000
139.000000
340.000000
221.000000
876.000000
297.000000
451.000000
230.000000
198.000000
111.000000
524.000000
927.000000
1383.000000
237.000000
1243.000000
336.000000
1739.000000
174.000000
925.000000
17.000000
719.000000
655.000000
222.000000
150.000000
3369.000000
523.000000
130.000000
449.000000
1083.000000
349.000000
77.000000
47.000000
878.000000
1057.000000
257.000000
1338.000000
301.000000
1206.000000
200.000000
174.000000
764.000000
370.000000
2140.000000
178.000000
197.000000
249.000000
247.000000
368.000000
285.000000
1649.000000
607.000000
1073.000000
777.000000
177.000000
177.000000
37.000000
621.000000
348.000000
1109.000000
231.000000
580.000000
355.000000
1210.000000
86.000000
753.000000
1098.000000
216.000000
59.000000
665.000000
88.000000
1419.000000
212.000000
825.000000
416.000000
967.000000
201.000000
218.000000
707.000000
313.000000
269.000000
471.000000
244.000000
57.000000
263.000000
158.000000
187.000000
821.000000
240.000000
372.000000
118.000000
200.000000
706.000000
170.000000
679.000000
597.000000
790.000000
143.000000
399.000000
105.000000
2079.000000
981.000000
1691.000000
1073.000000
318.000000
1645.000000
2704.000000
202.000000
140.000000
438.000000
443.000000
471.000000
1033.000000
438.000000
423.000000
212.000000
666.000000
2249.000000
392.000000
413.000000
436.000000
1368.000000
146.000000
446.000000
140.000000
166.000000
311.000000
926.000000
142.000000
93.000000
139.000000
79.000000
259.000000
1757.000000
535.000000
830.000000
464.000000
2302.000000
733.000000
1334.000000
344.000000
355.000000
185.000000
1793.000000
562.000000
49.000000
361.000000
1323.000000
127.000000
720.000000
102.000000
563.000000
41.000000
315.000000
360.000000
1043.000000
838.000000
182.000000
173.000000
873.000000
1056.000000
218.000000
393.000000
1927.000000
1184.000000
122.000000
816.000000
81.000000
46.000000
277.000000
94.000000
129.000000
131.000000
1645.000000
165.000000
776.000000
138.000000
54.000000
317.000000
74.000000
188.000000
332.000000
1644.000000
1090.000000
74.000000
489.000000
1032.000000
360.000000
327.000000
365.000000
392.000000
113.000000
569.000000
846.000000
297.000000
239.000000
113.000000
2687.000000
390.000000
139.000000
258.000000
97.000000
211.000000
334.000000
5492.000000
291.000000
223.000000
262.000000
238.000000
670.000000
180.000000
395.000000
402.000000
1494.000000
125.000000
154.000000
394.000000
238.000000
2019.000000
92.000000
928.000000
243.000000
205.000000
260.000000
652.000000
483.000000
1051.000000
4286.000000
82.000000
547.000000
139.000000
355.000000
134.000000
1907.000000
425.000000
1179.000000
146.000000
499.000000
142.000000
57.000000
364.000000
79.000000
228.000000
1899.000000
1024.000000
38.000000
140.000000
889.000000
158.000000
61.000000
1830.000000
184.000000
362.000000
365.000000
274.000000
452.000000
361.000000
276.000000
801.000000
1621.000000
308.000000
850.000000
297.000000
587.000000
57.000000
505.000000
86.000000
55.000000
280.000000
110.000000
297.000000
1776.000000
367.000000
111.000000
446.000000
1051.000000
68.000000
266.000000
2449.000000
943.000000
639.000000
362.000000
761.000000
1112.000000
1019.000000
313.000000
1045.000000
221.000000
2548.000000
358.000000
1055.000000
317.000000
1904.000000
339.000000
2276.000000
516.000000
43.000000
346.000000
1135.000000
305.000000
575.000000
137.000000
271.000000
95.000000
247.000000
1678.000000
151.000000
1593.000000
1563.000000
609.000000
284.000000
43.000000
595.000000
150.000000
209.000000
285.000000
721.000000
447.000000
1149.000000
134.000000
216.000000
75.000000
1876.000000
457.000000
1051.000000
152.000000
1798.000000
1728.000000
410.000000
702.000000
1606.000000
288.000000
54.000000
472.000000
99.000000
304.000000
410.000000
177.000000
562.000000
2506.000000
760.000000
1398.000000
449.000000
148.000000
385.000000
466.000000
80.000000
302.000000
305.000000
774.000000
333.000000
324.000000
296.000000
495.000000
423.000000
229.000000
106.000000
1308.000000
648.000000
562.000000
327.000000
719.000000
1002.000000
700.000000
1982.000000
223.000000
502.000000
130.000000
796.000000
913.000000
168.000000
1141.000000
154.000000
1655.000000
1055.000000
2265.000000
343.000000
64.000000
360.000000
483.000000
1150.000000
661.000000
427.000000
364.000000
491.000000
1101.000000
168.000000
559.000000
2527.000000
344.000000
1995.000000
139.000000
3448.000000
225.000000
1586.000000
2837.000000
1047.000000
630.000000
548.000000
587.000000
1389.000000
533.000000
360.000000
92.000000
87.000000
307.000000
183.000000
18.000000
819.000000
113.000000
432.000000
188.000000
183.000000
372.000000
210.000000
370.000000
1356.000000
309.000000
45.000000
669.000000
262.000000
71.000000
230.000000
448.000000
447.000000
1101.000000
113.000000
1366.000000
121.000000
1176.000000
55.000000
358.000000
313.000000
35.000000
3472.000000
137.000000
321.000000
466.000000
342.000000
298.000000
330.000000
1630.000000
994.000000
2850.000000
577.000000
369.000000
336.000000
1644.000000
57.000000
521.000000
237.000000
3179.000000
165.000000
344.000000
319.000000
668.000000
831.000000
253.000000
887.000000
674.000000
635.000000
210.000000
838.000000
612.000000
242.000000
601.000000
1030.000000
155.000000
310.000000
446.000000
196.000000
101.000000
1120.000000
1997.000000
77.000000
637.000000
415.000000
173.000000
609.000000
212.000000
187.000000
334.000000
2621.000000
366.000000
437.000000
526.000000
158.000000
161.000000
41.000000
1387.000000
1231.000000
631.000000
1001.000000
449.000000
261.000000
312.000000
101.000000
451.000000
221.000000
100.000000
1495.000000
396.000000
591.000000
229.000000
690.000000
311.000000
1013.000000
97.000000
242.000000
196.000000
1139.000000
448.000000
1874.000000
146.000000
497.000000
285.000000
145.000000
48.000000
409.000000
371.000000
1135.000000
1232.000000
94.000000
881.000000
4061.000000
228.000000
919.000000
105.000000
265.000000
572.000000
323.000000
1140.000000
1354.000000
45.000000
777.000000
183.000000
679.000000
351.000000
