1369.000000
130.000000
494.000000
402.000000
174.000000
319.000000
906.000000
424.000000
292.000000
286.000000
374.000000
176.000000
580.000000
875.000000
135.000000
159.000000
44.000000
202.000000
957.000000
125.000000
219.000000
316.000000
110.000000
1414.000000
100.000000
850.000000
157.000000
416.000000
328.000000
624.000000
138.000000
263.000000
130.000000
404.000000
580.000000
332.000000
118.000000
35.000000
1253.000000
314.000000
105.000000
1848.000000
144.000000
458.000000
319.000000
114.000000
440.000000
1842.000000
677.000000
481.000000
955.000000
424.000000
1179.000000
776.000000
144.000000
958.000000
66.000000
636.000000
110.000000
2157.000000
378.000000
247.000000
51.000000
176.000000
897.000000
784.000000
134.000000
1521.000000
310.000000
211.000000
821.000000
589.000000
359.000000
101.000000
213.000000
708.000000
168.000000
50.000000
94.000000
685.000000
696.000000
182.000000
535.000000
581.000000
2626.000000
780.000000
1451.000000
125.000000
367.000000
69.000000
242.000000
125.000000
327.000000
225.000000
503.000000
348.000000
231.000000
1797.000000
54.000000
111.000000
57.000000
2165.000000
472.000000
212.000000
2368.000000
398.000000
364.000000
577.000000
2478.000000
179.000000
909.000000
1088.000000
149.000000
1330.000000
796.000000
430.000000
764.000000
40.000000
929.000000
134.000000
358.000000
221.000000
614.000000
178.000000
289.000000
529.000000
2101.000000
476.000000
49.000000
465.000000
365.000000
1117.000000
216.000000
2195.000000
481.000000
324.000000
362.000000
1010.000000
40.000000
903.000000
540.000000
731.000000
174.000000
1311.000000
3344.000000
219.000000
361.000000
225.000000
62.000000
57.000000
1124.000000
670.000000
320.000000
154.000000
223.000000
82.000000
421.000000
295.000000
197.000000
803.000000
645.000000
938.000000
2357.000000
188.000000
93.000000
401.000000
612.000000
1346.000000
557.000000
81.000000
278.000000
452.000000
696.000000
156.000000
368.000000
243.000000
496.000000
3661.000000
304.000000
1662.000000
1956.000000
179.000000
422.000000
309.000000
821.000000
311.000000
57.000000
202.000000
268.000000
691.000000
404.000000
174.000000
299.000000
311.000000
123.000000
1841.000000
468.000000
278.000000
259.000000
683.000000
2135.000000
327.000000
474.000000
628.000000
148.000000
1663.000000
286.000000
1140.000000
768.000000
140.000000
359.000000
335.000000
353.000000
714.000000
279.000000
405.000000
462.000000
462.000000
444.000000
1114.000000
1891.000000
758.000000
371.000000
3410.000000
854.000000
750.000000
962.000000
166.000000
790.000000
653.000000
329.000000
500.000000
2601.000000
161.000000
664.000000
856.000000
151.000000
101.000000
1724.000000
570.000000
338.000000
579.000000
429.000000
400.000000
230.000000
334.000000
914.000000
1474.000000
782.000000
143.000000
256.000000
510.000000
1010.000000
574.000000
114.000000
620.000000
2209.000000
477.000000
4171.000000
293.000000
205.000000
163.000000
92.000000
2376.000000
189.000000
205.000000
34.000000
636.000000
253.000000
203.000000
173.000000
212.000000
136.000000
354.000000
786.000000
170.000000
3069.000000
197.000000
844.000000
121.000000
767.000000
553.000000
187.000000
599.000000
1955.000000
13945.000000
151.000000
558.000000
429.000000
164.000000
241.000000
315.000000
420.000000
1966.000000
69.000000
160.000000
526.000000
138.000000
254.000000
656.000000
826.000000
2295.000000
633.000000
397.000000
54.000000
265.000000
1144.000000
1027.000000
144.000000
828.000000
45.000000
1014.000000
662.000000
440.000000
755.000000
5563.000000
900.000000
817.000000
127.000000
137.000000
115.000000
975.000000
178.000000
279.000000
208.000000
747.000000
917.000000
424.000000
644.000000
482.000000
405.000000
904.000000
860.000000
325.000000
241.000000
25.000000
320.000000
154.000000
727.000000
1256.000000
295.000000
314.000000
1062.000000
744.000000
250.000000
746.000000
774.000000
69.000000
367.000000
681.000000
4109.000000
232.000000
1168.000000
1322.000000
166.000000
5666.000000
134.000000
37.000000
66.000000
333.000000
126.000000
1433.000000
203.000000
5044.000000
163.000000
1449.000000
631.000000
752.000000
3563.000000
851.000000
390.000000
261.000000
191.000000
205.000000
2337.000000
1654.000000
348.000000
474.000000
493.000000
395.000000
39.000000
1165.000000
264.000000
250.000000
299.000000
1909.000000
1597.000000
88.000000
402.000000
562.000000
919.000000
132.000000
1594.000000
409.000000
309.000000
807.000000
468.000000
460.000000
124.000000
61.000000
1503.000000
975.000000
1266.000000
771.000000
45.000000
89.000000
1614.000000
94.000000
813.000000
187.000000
1498.000000
1561.000000
85.000000
490.000000
576.000000
1691.000000
1018.000000
327.000000
370.000000
267.000000
153.000000
677.000000
979.000000
271.000000
556.000000
100.000000
247.000000
555.000000
670.000000
209.000000
784.000000
695.000000
504.000000
397.000000
61.000000
32.000000
499.000000
348.000000
185.000000
229.000000
222.000000
177.000000
123.000000
508.000000
367.000000
337.000000
808.000000
205.000000
1842.000000
2121.000000
441.000000
603.000000
806.000000
168.000000
277.000000
247.000000
69.000000
163.000000
277.000000
128.000000
293.000000
265.000000
190.000000
235.000000
600.000000
937.000000
264.000000
884.000000
157.000000
244.000000
363.000000
530.000000
185.000000
324.000000
211.000000
956.000000
2447.000000
449.000000
655.000000
141.000000
3507.000000
141.000000
730.000000
570.000000
1243.000000
1507.000000
86.000000
1162.000000
483.000000
1758.000000
1152.000000
1242.000000
649.000000
203.000000
66.000000
156.000000
3851.000000
1771.000000
46.000000
46.000000
564.000000
1202.000000
568.000000
561.000000
1173.000000
2088.000000
404.000000
376.000000
1254.000000
1319.000000
187.000000
740.000000
65.000000
306.000000
353.000000
216.000000
132.000000
458.000000
123.000000
228.000000
1039.000000
1182.000000
652.000000
75.000000
1483.000000
380.000000
295.000000
186.000000
197.000000
1383.000000
1443.000000
128.000000
338.000000
1101.000000
649.000000
1435.000000
1068.000000
1104.000000
484.000000
1264.000000
383.000000
421.000000
3516.000000
526.000000
673.000000
484.000000
142.000000
1198.000000
236.000000
696.000000
191.000000
486.000000
67.000000
910.000000
448.000000
374.000000
278.000000
376.000000
498.000000
1609.000000
573.000000
237.000000
2256.000000
828.000000
561.000000
308.000000
258.000000
281.000000
453.000000
1208.000000
2693.000000
366.000000
4164.000000
1833.000000
61.000000
153.000000
385.000000
686.000000
104.000000
267.000000
325.000000
226.000000
471.000000
603.000000
189.000000
8762.000000
464.000000
1705.000000
325.000000
1014.000000
310.000000
363.000000
2109.000000
872.000000
190.000000
486.000000
125.000000
3976.000000
248.000000
400.000000
2053.000000
735.000000
101.000000
613.000000
140.000000
127.000000
973.000000
829.000000
407.000000
477.000000
1899.000000
69.000000
458.000000
1489.000000
1205.000000
1143.000000
416.000000
752.000000
10161.000000
3571.000000
1817.000000
172.000000
298.000000
945.000000
303.000000
38.000000
239.000000
203.000000
173.000000
383.000000
1605.000000
83.000000
115.000000
382.000000
367.000000
275.000000
210.000000
886.000000
181.000000
866.000000
636.000000
105.000000
2440.000000
909.000000
499.000000
1048.000000
136.000000
1346.000000
1179.000000
114.000000
428.000000
2305.000000
991.000000
1105.000000
572.000000
190.000000
697.000000
139.000000
350.000000
373.000000
2163.000000
748.000000
647.000000
667.000000
1715.000000
191.000000
68.000000
40.000000
664.000000
500.000000
188.000000
404.000000
535.000000
532.000000
1266.000000
82.000000
334.000000
492.000000
287.000000
331.000000
1261.000000
293.000000
273.000000
319.000000
170.000000
65.000000
128.000000
281.000000
4392.000000
36.000000
559.000000
1911.000000
2846.000000
660.000000
92.000000
333.000000
495.000000
1934.000000
716.000000
195.000000
1659.000000
57.000000
662.000000
416.000000
242.000000
419.000000
653.000000
507.000000
664.000000
267.000000
232.000000
1975.000000
669.000000
282.000000
336.000000
132.000000
304.000000
786.000000
333.000000
225.000000
443.000000
447.000000
501.000000
471.000000
131.000000
444.000000
1917.000000
235.000000
531.000000
1650.000000
1001.000000
470.000000
737.000000
758.000000
184.000000
915.000000
813.000000
691.000000
211.000000
612.000000
719.000000
459.000000
267.000000
2290.000000
90.000000
556.000000
215.000000
1462.000000
1054.000000
2469.000000
280.000000
393.000000
829.000000
321.000000
32.000000
268.000000
295.000000
105.000000
88.000000
1677.000000
230.000000
1446.000000
385.000000
313.000000
551.000000
222.000000
4585.000000
96.000000
111.000000
250.000000
2478.000000
582.000000
557.000000
120.000000
1109.000000
1208.000000
134.000000
1545.000000
639.000000
513.000000
86.000000
72.000000
398.000000
277.000000
169.000000
304.000000
268.000000
270.000000
319.000000
395.000000
1199.000000
431.000000
68.000000
451.000000
197.000000
240.000000
206.000000
347.000000
731.000000
230.000000
1715.000000
962.000000
171.000000
87.000000
523.000000
1117.000000
2165.000000
989.000000
122.000000
81.000000
362.000000
763.000000
852.000000
180.000000
396.000000
1672.000000
421.000000
201.000000
285.000000
97.000000
145.000000
55.000000
58.000000
165.000000
111.000000
501.000000
463.000000
621.000000
540.000000
534.000000
692.000000
329.000000
733.000000
249.000000
254.000000
273.000000
197.000000
248.000000
1422.000000
1366.000000
73.000000
708.000000
33.000000
1732.000000
408.000000
809.000000
80.000000
525.000000
505.000000
562.000000
763.000000
900.000000
321.000000
156.000000
303.000000
666.000000
608.000000
331.000000
286.000000
175.000000
104.000000
664.000000
261.000000
860.000000
567.000000
292.000000
827.000000
732.000000
965.000000
1054.000000
163.000000
658.000000
133.000000
99.000000
679.000000
462.000000
1383.000000
447.000000
103.000000
1297.000000
861.000000
84.000000
113.000000
835.000000
775.000000
1121.000000
100.000000
2040.000000
39.000000
330.000000
58.000000
3312.000000
419.000000
528.000000
174.000000
990.000000
204.000000
1486.000000
171.000000
276.000000
632.000000
682.000000
125.000000
460.000000
161.000000
146.000000
70.000000
184.000000
98.000000
545.000000
43.000000
699.000000
628.000000
159.000000
682.000000
241.000000
1277.000000
324.000000
980.000000
771.000000
822.000000
137.000000
87.000000
1799.000000
533.000000
1500.000000
76.000000
1558.000000
176.000000
621.000000
194.000000
1790.000000
706.000000
1219.000000
10928.000000
170.000000
301.000000
76.000000
416.000000
1519.000000
257.000000
210.000000
393.000000
130.000000
364.000000
123.000000
573.000000
83.000000
116.000000
1362.000000
41.000000
336.000000
197.000000
83.000000
727.000000
412.000000
34.000000
2590.000000
1131.000000
71.000000
246.000000
551.000000
1767.000000
397.000000
1002.000000
578.000000
99.000000
1470.000000
358.000000
1929.000000
405.000000
434.000000
318.000000
399.000000
415.000000
116.000000
247.000000
880.000000
139.000000
634.000000
268.000000
183.000000
1353.000000
265.000000
627.000000
269.000000
997.000000
753.000000
146.000000
440.000000
56.000000
461.000000
2961.000000
176.000000
567.000000
123.000000
476.000000
90.000000
867.000000
270.000000
