2985.000000
504.000000
847.000000
589.000000
125.000000
673.000000
83.000000
573.000000
893.000000
215.000000
277.000000
75.000000
2166.000000
757.000000
616.000000
128.000000
232.000000
766.000000
225.000000
76.000000
286.000000
259.000000
290.000000
168.000000
133.000000
48.000000
210.000000
406.000000
1099.000000
464.000000
1481.000000
817.000000
294.000000
803.000000
2030.000000
615.000000
230.000000
482.000000
258.000000
61.000000
391.000000
1027.000000
194.000000
1271.000000
650.000000
333.000000
502.000000
11379.000000
291.000000
521.000000
120.000000
389.000000
666.000000
285.000000
127.000000
696.000000
742.000000
665.000000
860.000000
117.000000
734.000000
123.000000
575.000000
3354.000000
49.000000
582.000000
393.000000
207.000000
434.000000
372.000000
87.000000
117.000000
1445.000000
1069.000000
69.000000
154.000000
297.000000
465.000000
434.000000
615.000000
218.000000
337.000000
163.000000
356.000000
2052.000000
773.000000
60.000000
925.000000
398.000000
305.000000
418.000000
74.000000
1016.000000
690.000000
453.000000
310.000000
689.000000
236.000000
151.000000
14.000000
208.000000
2736.000000
47.000000
355.000000
237.000000
512.000000
214.000000
328.000000
1145.000000
306.000000
1707.000000
234.000000
102.000000
468.000000
180.000000
1258.000000
768.000000
196.000000
462.000000
318.000000
219.000000
406.000000
991.000000
2440.000000
1503.000000
148.000000
148.000000
336.000000
276.000000
2024.000000
832.000000
1791.000000
698.000000
1460.000000
278.000000
3070.000000
296.000000
371.000000
440.000000
165.000000
1465.000000
373.000000
138.000000
1288.000000
3246.000000
1027.000000
109.000000
350.000000
1737.000000
992.000000
180.000000
2584.000000
596.000000
101.000000
1850.000000
460.000000
128.000000
128.000000
337.000000
316.000000
123.000000
40.000000
337.000000
99.000000
1123.000000
239.000000
61.000000
926.000000
1033.000000
351.000000
131.000000
95.000000
617.000000
637.000000
114.000000
219.000000
171.000000
637.000000
182.000000
10824.000000
980.000000
191.000000
285.000000
862.000000
800.000000
1288.000000
2091.000000
129.000000
536.000000
254.000000
534.000000
1674.000000
442.000000
316.000000
1098.000000
401.000000
141.000000
2639.000000
725.000000
512.000000
612.000000
1392.000000
140.000000
154.000000
1040.000000
653.000000
101.000000
322.000000
398.000000
436.000000
682.000000
1036.000000
74.000000
808.000000
85.000000
260.000000
108.000000
148.000000
1126.000000
1286.000000
1961.000000
1660.000000
449.000000
1655.000000
181.000000
498.000000
902.000000
375.000000
387.000000
1937.000000
3600.000000
598.000000
4395.000000
1124.000000
825.000000
246.000000
200.000000
627.000000
210.000000
814.000000
441.000000
225.000000
1790.000000
266.000000
113.000000
108.000000
672.000000
397.000000
356.000000
154.000000
151.000000
317.000000
1027.000000
145.000000
229.000000
576.000000
225.000000
392.000000
263.000000
1150.000000
503.000000
341.000000
439.000000
297.000000
563.000000
250.000000
119.000000
2350.000000
607.000000
1038.000000
289.000000
596.000000
1114.000000
1562.000000
529.000000
2200.000000
744.000000
652.000000
182.000000
381.000000
1808.000000
455.000000
146.000000
25.000000
319.000000
164.000000
371.000000
171.000000
1003.000000
223.000000
1409.000000
513.000000
1194.000000
300.000000
263.000000
69.000000
384.000000
294.000000
2340.000000
147.000000
146.000000
127.000000
295.000000
266.000000
665.000000
1574.000000
1313.000000
1294.000000
576.000000
1713.000000
618.000000
1942.000000
425.000000
611.000000
318.000000
674.000000
441.000000
267.000000
437.000000
496.000000
339.000000
889.000000
344.000000
294.000000
2606.000000
4673.000000
75.000000
165.000000
4424.000000
1838.000000
463.000000
238.000000
265.000000
477.000000
612.000000
461.000000
3010.000000
305.000000
1853.000000
833.000000
870.000000
213.000000
735.000000
675.000000
271.000000
247.000000
139.000000
1138.000000
1859.000000
112.000000
351.000000
999.000000
624.000000
252.000000
85.000000
78.000000
456.000000
230.000000
904.000000
556.000000
1609.000000
288.000000
809.000000
149.000000
333.000000
1881.000000
333.000000
1074.000000
819.000000
426.000000
1072.000000
814.000000
1184.000000
1273.000000
431.000000
61.000000
422.000000
118.000000
517.000000
163.000000
255.000000
540.000000
422.000000
313.000000
1247.000000
2176.000000
80.000000
674.000000
490.000000
78.000000
971.000000
207.000000
104.000000
682.000000
518.000000
624.000000
132.000000
1028.000000
791.000000
195.000000
262.000000
177.000000
394.000000
262.000000
1183.000000
859.000000
781.000000
243.000000
64.000000
159.000000
565.000000
528.000000
670.000000
162.000000
71.000000
172.000000
1075.000000
118.000000
243.000000
1465.000000
1077.000000
294.000000
578.000000
637.000000
814.000000
110.000000
282.000000
2106.000000
427.000000
350.000000
525.000000
353.000000
259.000000
3962.000000
280.000000
97.000000
2644.000000
186.000000
425.000000
257.000000
424.000000
485.000000
122.000000
127.000000
613.000000
1244.000000
384.000000
192.000000
560.000000
872.000000
527.000000
96.000000
213.000000
210.000000
438.000000
347.000000
1165.000000
675.000000
848.000000
94.000000
357.000000
200.000000
5269.000000
256.000000
172.000000
914.000000
77.000000
431.000000
302.000000
1782.000000
418.000000
548.000000
57.000000
1485.000000
206.000000
74.000000
152.000000
804.000000
711.000000
200.000000
136.000000
210.000000
67.000000
1114.000000
119.000000
554.000000
164.000000
410.000000
1278.000000
651.000000
258.000000
380.000000
163.000000
91.000000
736.000000
299.000000
82.000000
802.000000
270.000000
181.000000
149.000000
257.000000
183.000000
222.000000
1556.000000
779.000000
295.000000
3246.000000
429.000000
208.000000
467.000000
1009.000000
369.000000
950.000000
1056.000000
809.000000
152.000000
242.000000
74.000000
921.000000
342.000000
861.000000
276.000000
3273.000000
2320.000000
639.000000
58.000000
688.000000
529.000000
1391.000000
115.000000
82.000000
247.000000
812.000000
772.000000
1720.000000
174.000000
235.000000
412.000000
698.000000
257.000000
32.000000
1341.000000
266.000000
1384.000000
98.000000
419.000000
51.000000
208.000000
132.000000
222.000000
157.000000
1669.000000
663.000000
421.000000
1576.000000
502.000000
87.000000
325.000000
391.000000
164.000000
37.000000
885.000000
1124.000000
708.000000
2252.000000
1530.000000
902.000000
18533.000000
1223.000000
203.000000
219.000000
357.000000
278.000000
347.000000
5229.000000
902.000000
702.000000
998.000000
264.000000
282.000000
1121.000000
825.000000
23.000000
398.000000
462.000000
529.000000
519.000000
1297.000000
673.000000
123.000000
577.000000
1774.000000
5970.000000
270.000000
150.000000
246.000000
102.000000
1211.000000
270.000000
492.000000
714.000000
569.000000
1644.000000
543.000000
453.000000
335.000000
201.000000
527.000000
470.000000
123.000000
129.000000
502.000000
169.000000
3270.000000
1868.000000
524.000000
165.000000
765.000000
280.000000
132.000000
254.000000
72.000000
1483.000000
454.000000
288.000000
67.000000
95.000000
127.000000
1111.000000
2263.000000
47.000000
97.000000
60.000000
724.000000
165.000000
1532.000000
198.000000
1040.000000
349.000000
101.000000
198.000000
140.000000
226.000000
414.000000
72.000000
645.000000
302.000000
344.000000
629.000000
104.000000
399.000000
99.000000
3527.000000
1057.000000
1438.000000
404.000000
101.000000
431.000000
53.000000
915.000000
395.000000
550.000000
281.000000
551.000000
72.000000
1378.000000
601.000000
1145.000000
156.000000
244.000000
166.000000
1305.000000
812.000000
500.000000
1088.000000
99.000000
277.000000
862.000000
143.000000
86.000000
1814.000000
258.000000
1018.000000
455.000000
453.000000
333.000000
418.000000
1071.000000
335.000000
398.000000
769.000000
1706.000000
430.000000
575.000000
302.000000
418.000000
2289.000000
646.000000
1245.000000
484.000000
1577.000000
219.000000
436.000000
991.000000
126.000000
461.000000
745.000000
173.000000
292.000000
879.000000
131.000000
535.000000
109.000000
752.000000
386.000000
214.000000
750.000000
463.000000
492.000000
2175.000000
163.000000
1177.000000
522.000000
193.000000
1047.000000
357.000000
82.000000
322.000000
683.000000
953.000000
1362.000000
353.000000
71.000000
599.000000
920.000000
462.000000
379.000000
897.000000
261.000000
141.000000
109.000000
1093.000000
1027.000000
125.000000
2807.000000
2351.000000
659.000000
314.000000
193.000000
1270.000000
292.000000
926.000000
414.000000
299.000000
433.000000
4841.000000
1412.000000
28.000000
773.000000
1483.000000
559.000000
89.000000
107.000000
138.000000
399.000000
239.000000
789.000000
77.000000
575.000000
1167.000000
84.000000
136.000000
1109.000000
135.000000
108.000000
727.000000
257.000000
350.000000
313.000000
3985.000000
147.000000
567.000000
357.000000
755.000000
496.000000
743.000000
736.000000
344.000000
380.000000
138.000000
1239.000000
1226.000000
289.000000
371.000000
817.000000
138.000000
108.000000
933.000000
449.000000
191.000000
623.000000
271.000000
217.000000
401.000000
426.000000
2482.000000
275.000000
148.000000
102.000000
108.000000
71.000000
1653.000000
499.000000
113.000000
511.000000
174.000000
154.000000
468.000000
186.000000
516.000000
684.000000
825.000000
537.000000
1024.000000
454.000000
389.000000
137.000000
186.000000
414.000000
73.000000
149.000000
273.000000
2059.000000
34.000000
118.000000
237.000000
473.000000
413.000000
4194.000000
227.000000
175.000000
452.000000
109.000000
250.000000
561.000000
413.000000
240.000000
48.000000
1041.000000
323.000000
113.000000
581.000000
611.000000
16.000000
3166.000000
117.000000
468.000000
971.000000
2049.000000
963.000000
443.000000
469.000000
470.000000
576.000000
490.000000
381.000000
634.000000
249.000000
630.000000
714.000000
202.000000
409.000000
353.000000
567.000000
71.000000
728.000000
1134.000000
475.000000
132.000000
230.000000
82.000000
520.000000
358.000000
416.000000
1534.000000
129.000000
217.000000
891.000000
709.000000
636.000000
266.000000
355.000000
743.000000
397.000000
352.000000
11555.000000
525.000000
4123.000000
628.000000
1745.000000
641.000000
402.000000
254.000000
130.000000
217.000000
1560.000000
48.000000
618.000000
626.000000
373.000000
279.000000
216.000000
126.000000
1051.000000
390.000000
1356.000000
1322.000000
216.000000
570.000000
400.000000
224.000000
168.000000
63.000000
1954.000000
1739.000000
1530.000000
902.000000
156.000000
586.000000
2129.000000
108.000000
359.000000
534.000000
983.000000
135.000000
2201.000000
107.000000
596.000000
103.000000
977.000000
574.000000
37.000000
72.000000
420.000000
645.000000
206.000000
256.000000
120.000000
271.000000
386.000000
463.000000
479.000000
244.000000
332.000000
33.000000
328.000000
56.000000
2411.000000
550.000000
874.000000
873.000000
140.000000
1133.000000
411.000000
414.000000
284.000000
452.000000
223.000000
197.000000
706.000000
174.000000
65.000000
46.000000
3598.000000
399.000000
1530.000000
210.000000
305.000000
122.000000
336.000000
91.000000
303.000000
103.000000
929.000000
994.000000
421.000000
1118.000000
381.000000
1248.000000
289.000000
114.000000
953.000000
733.000000
6930.000000
442.000000
214.000000
1328.000000
199.000000
442.000000
