176.000000
154.000000
454.000000
873.000000
593.000000
206.000000
515.000000
203.000000
415.000000
263.000000
791.000000
108.000000
304.000000
463.000000
1287.000000
921.000000
100.000000
1005.000000
839.000000
136.000000
69.000000
1579.000000
1305.000000
427.000000
144.000000
770.000000
502.000000
196.000000
215.000000
144.000000
362.000000
413.000000
101.000000
621.000000
84.000000
106.000000
345.000000
53.000000
970.000000
838.000000
292.000000
211.000000
534.000000
101.000000
236.000000
328.000000
485.000000
387.000000
433.000000
38.000000
685.000000
297.000000
128.000000
300.000000
57.000000
231.000000
405.000000
338.000000
552.000000
348.000000
90.000000
75.000000
489.000000
547.000000
403.000000
219.000000
530.000000
327.000000
333.000000
638.000000
341.000000
247.000000
694.000000
442.000000
119.000000
418.000000
152.000000
67.000000
194.000000
1220.000000
243.000000
750.000000
242.000000
277.000000
144.000000
267.000000
169.000000
113.000000
100.000000
1305.000000
797.000000
853.000000
206.000000
110.000000
205.000000
585.000000
2607.000000
225.000000
710.000000
439.000000
259.000000
314.000000
291.000000
586.000000
330.000000
579.000000
391.000000
721.000000
4870.000000
946.000000
111.000000
853.000000
98.000000
576.000000
734.000000
644.000000
145.000000
349.000000
703.000000
698.000000
283.000000
129.000000
1769.000000
424.000000
1901.000000
762.000000
831.000000
82.000000
845.000000
524.000000
1020.000000
466.000000
1748.000000
583.000000
155.000000
83.000000
934.000000
1126.000000
1197.000000
444.000000
345.000000
414.000000
411.000000
209.000000
333.000000
435.000000
116.000000
162.000000
4337.000000
710.000000
1061.000000
354.000000
259.000000
231.000000
261.000000
691.000000
2545.000000
226.000000
475.000000
126.000000
575.000000
736.000000
588.000000
69.000000
448.000000
1836.000000
137.000000
482.000000
57.000000
671.000000
849.000000
317.000000
1925.000000
583.000000
271.000000
340.000000
413.000000
2094.000000
334.000000
216.000000
189.000000
639.000000
155.000000
339.000000
849.000000
268.000000
758.000000
191.000000
3950.000000
44.000000
44.000000
1302.000000
2335.000000
240.000000
143.000000
1008.000000
189.000000
181.000000
1708.000000
305.000000
329.000000
2095.000000
159.000000
172.000000
186.000000
1105.000000
783.000000
4461.000000
520.000000
750.000000
515.000000
972.000000
117.000000
960.000000
210.000000
568.000000
657.000000
797.000000
838.000000
1873.000000
108.000000
273.000000
273.000000
700.000000
708.000000
594.000000
674.000000
335.000000
225.000000
466.000000
2085.000000
349.000000
1489.000000
2389.000000
18.000000
152.000000
268.000000
1345.000000
2104.000000
1574.000000
441.000000
48.000000
347.000000
1696.000000
255.000000
95.000000
806.000000
349.000000
166.000000
825.000000
248.000000
107.000000
187.000000
1103.000000
140.000000
372.000000
1270.000000
190.000000
94.000000
87.000000
187.000000
3800.000000
758.000000
519.000000
839.000000
162.000000
466.000000
730.000000
390.000000
698.000000
1737.000000
819.000000
575.000000
879.000000
171.000000
2818.000000
419.000000
110.000000
147.000000
38.000000
527.000000
128.000000
468.000000
89.000000
316.000000
196.000000
2129.000000
980.000000
338.000000
1298.000000
206.000000
1056.000000
327.000000
41.000000
377.000000
532.000000
1572.000000
581.000000
296.000000
1704.000000
394.000000
1142.000000
439.000000
337.000000
3182.000000
262.000000
271.000000
329.000000
297.000000
10885.000000
598.000000
439.000000
481.000000
1043.000000
62.000000
506.000000
1063.000000
268.000000
309.000000
1747.000000
74.000000
162.000000
1008.000000
132.000000
364.000000
314.000000
207.000000
379.000000
861.000000
1525.000000
343.000000
370.000000
625.000000
601.000000
370.000000
1717.000000
262.000000
402.000000
152.000000
233.000000
1561.000000
233.000000
65.000000
72.000000
631.000000
155.000000
1134.000000
3954.000000
683.000000
926.000000
206.000000
284.000000
855.000000
320.000000
478.000000
84.000000
188.000000
13.000000
134.000000
398.000000
1196.000000
2674.000000
165.000000
1056.000000
1299.000000
149.000000
643.000000
184.000000
733.000000
1723.000000
511.000000
168.000000
99.000000
535.000000
790.000000
1752.000000
187.000000
824.000000
1453.000000
930.000000
3265.000000
127.000000
134.000000
319.000000
359.000000
305.000000
512.000000
771.000000
222.000000
365.000000
74.000000
361.000000
872.000000
958.000000
411.000000
679.000000
1236.000000
452.000000
123.000000
2649.000000
1228.000000
20.000000
92.000000
185.000000
188.000000
1026.000000
23.000000
792.000000
4853.000000
2004.000000
71.000000
263.000000
194.000000
927.000000
322.000000
89.000000
450.000000
337.000000
2264.000000
1105.000000
124.000000
85.000000
526.000000
235.000000
157.000000
93.000000
218.000000
2485.000000
76.000000
452.000000
449.000000
118.000000
215.000000
231.000000
73.000000
3897.000000
452.000000
34.000000
216.000000
1536.000000
12713.000000
346.000000
2352.000000
398.000000
1024.000000
272.000000
608.000000
2407.000000
281.000000
142.000000
2085.000000
1535.000000
425.000000
79.000000
8579.000000
2081.000000
485.000000
242.000000
210.000000
252.000000
938.000000
413.000000
506.000000
1477.000000
1916.000000
765.000000
1269.000000
963.000000
460.000000
181.000000
181.000000
958.000000
3040.000000
175.000000
451.000000
757.000000
347.000000
331.000000
1395.000000
511.000000
657.000000
215.000000
251.000000
171.000000
454.000000
299.000000
155.000000
990.000000
221.000000
198.000000
1189.000000
563.000000
664.000000
859.000000
552.000000
568.000000
230.000000
32.000000
465.000000
1092.000000
4425.000000
112.000000
126.000000
424.000000
245.000000
1738.000000
614.000000
1264.000000
1286.000000
1085.000000
553.000000
456.000000
348.000000
79.000000
875.000000
486.000000
261.000000
639.000000
494.000000
181.000000
99.000000
983.000000
865.000000
701.000000
866.000000
162.000000
334.000000
183.000000
610.000000
189.000000
219.000000
544.000000
119.000000
719.000000
582.000000
2173.000000
3317.000000
2579.000000
128.000000
158.000000
233.000000
413.000000
242.000000
378.000000
176.000000
631.000000
1861.000000
254.000000
399.000000
1419.000000
613.000000
390.000000
552.000000
264.000000
53.000000
536.000000
570.000000
151.000000
1666.000000
2216.000000
464.000000
295.000000
1338.000000
147.000000
77.000000
712.000000
758.000000
246.000000
381.000000
163.000000
1033.000000
125.000000
108.000000
133.000000
59.000000
150.000000
738.000000
1174.000000
255.000000
1023.000000
1201.000000
1539.000000
108.000000
236.000000
134.000000
1382.000000
1515.000000
1042.000000
900.000000
263.000000
892.000000
1818.000000
1992.000000
784.000000
642.000000
463.000000
61.000000
660.000000
637.000000
541.000000
879.000000
859.000000
526.000000
411.000000
147.000000
1060.000000
361.000000
2693.000000
273.000000
957.000000
1037.000000
19.000000
461.000000
306.000000
45.000000
1349.000000
120.000000
73.000000
384.000000
296.000000
558.000000
574.000000
55.000000
169.000000
617.000000
1227.000000
541.000000
54.000000
870.000000
239.000000
141.000000
524.000000
1012.000000
3186.000000
1373.000000
612.000000
845.000000
722.000000
296.000000
627.000000
267.000000
998.000000
1024.000000
506.000000
289.000000
2641.000000
1364.000000
204.000000
1273.000000
92.000000
1409.000000
236.000000
322.000000
567.000000
243.000000
382.000000
360.000000
367.000000
233.000000
145.000000
50.000000
103.000000
790.000000
3335.000000
234.000000
770.000000
109.000000
43.000000
606.000000
304.000000
1390.000000
407.000000
925.000000
1460.000000
31.000000
198.000000
796.000000
68.000000
230.000000
195.000000
500.000000
1043.000000
233.000000
887.000000
184.000000
1160.000000
542.000000
361.000000
188.000000
825.000000
1798.000000
527.000000
925.000000
987.000000
570.000000
192.000000
560.000000
70.000000
534.000000
40.000000
3747.000000
805.000000
204.000000
52.000000
296.000000
212.000000
470.000000
679.000000
4722.000000
582.000000
226.000000
181.000000
44.000000
510.000000
664.000000
337.000000
2343.000000
980.000000
82.000000
71.000000
359.000000
1067.000000
304.000000
351.000000
167.000000
663.000000
292.000000
489.000000
686.000000
684.000000
256.000000
227.000000
97.000000
607.000000
415.000000
329.000000
781.000000
197.000000
85.000000
1098.000000
493.000000
89.000000
511.000000
1039.000000
1979.000000
737.000000
64.000000
111.000000
144.000000
778.000000
261.000000
55.000000
248.000000
1244.000000
3176.000000
593.000000
197.000000
2535.000000
148.000000
928.000000
868.000000
436.000000
316.000000
821.000000
204.000000
281.000000
269.000000
1165.000000
1125.000000
269.000000
217.000000
303.000000
1546.000000
230.000000
1005.000000
3841.000000
379.000000
48.000000
168.000000
261.000000
479.000000
274.000000
506.000000
212.000000
537.000000
495.000000
294.000000
2133.000000
61.000000
583.000000
754.000000
778.000000
60.000000
659.000000
279.000000
1369.000000
141.000000
134.000000
30.000000
702.000000
335.000000
460.000000
1897.000000
250.000000
678.000000
117.000000
181.000000
558.000000
809.000000
430.000000
194.000000
929.000000
441.000000
299.000000
3124.000000
1749.000000
740.000000
55.000000
482.000000
1061.000000
297.000000
753.000000
319.000000
643.000000
485.000000
112.000000
2165.000000
1983.000000
2159.000000
688.000000
2393.000000
874.000000
1212.000000
580.000000
1674.000000
1086.000000
2886.000000
1136.000000
453.000000
527.000000
258.000000
753.000000
229.000000
269.000000
863.000000
340.000000
71.000000
1265.000000
88.000000
146.000000
726.000000
390.000000
392.000000
291.000000
161.000000
101.000000
447.000000
131.000000
2625.000000
65.000000
125.000000
484.000000
78.000000
293.000000
405.000000
449.000000
187.000000
1071.000000
850.000000
37.000000
101.000000
5109.000000
559.000000
228.000000
1508.000000
201.000000
225.000000
491.000000
686.000000
1021.000000
214.000000
112.000000
148.000000
231.000000
496.000000
620.000000
93.000000
105.000000
115.000000
203.000000
267.000000
159.000000
623.000000
50.000000
412.000000
902.000000
105.000000
335.000000
831.000000
208.000000
296.000000
599.000000
310.000000
267.000000
493.000000
313.000000
354.000000
807.000000
470.000000
358.000000
333.000000
120.000000
99.000000
983.000000
1103.000000
446.000000
554.000000
639.000000
232.000000
635.000000
476.000000
271.000000
48.000000
325.000000
309.000000
163.000000
808.000000
174.000000
147.000000
108.000000
54.000000
461.000000
1599.000000
1412.000000
35.000000
349.000000
411.000000
599.000000
31.000000
161.000000
307.000000
138.000000
429.000000
568.000000
436.000000
2487.000000
896.000000
300.000000
450.000000
1656.000000
364.000000
308.000000
1675.000000
292.000000
95.000000
1850.000000
1077.000000
262.000000
366.000000
410.000000
595.000000
1326.000000
660.000000
672.000000
154.000000
123.000000
929.000000
1200.000000
162.000000
319.000000
414.000000
94.000000
318.000000
867.000000
191.000000
1377.000000
1547.000000
1167.000000
1146.000000
363.000000
217.000000
1069.000000
243.000000
1135.000000
184.000000
592.000000
127.000000
523.000000
473.000000
2268.000000
86.000000
771.000000
3984.000000
105.000000
451.000000
143.000000
1180.000000
127.000000
79.000000
290.000000
