292.000000
1962.000000
283.000000
1796.000000
355.000000
241.000000
456.000000
287.000000
435.000000
89.000000
686.000000
135.000000
560.000000
360.000000
428.000000
393.000000
375.000000
250.000000
120.000000
1249.000000
236.000000
1091.000000
961.000000
755.000000
642.000000
94.000000
786.000000
2236.000000
687.000000
1435.000000
368.000000
499.000000
1225.000000
724.000000
689.000000
2237.000000
258.000000
1634.000000
82.000000
1784.000000
234.000000
470.000000
416.000000
643.000000
663.000000
630.000000
174.000000
74.000000
217.000000
1094.000000
846.000000
150.000000
489.000000
1815.000000
253.000000
242.000000
803.000000
47.000000
877.000000
235.000000
320.000000
595.000000
168.000000
580.000000
241.000000
1950.000000
117.000000
154.000000
391.000000
100.000000
933.000000
1135.000000
62.000000
413.000000
1327.000000
105.000000
453.000000
155.000000
223.000000
588.000000
142.000000
2267.000000
474.000000
1898.000000
299.000000
1081.000000
223.000000
1514.000000
192.000000
650.000000
61.000000
75.000000
168.000000
594.000000
557.000000
1678.000000
48.000000
3627.000000
328.000000
576.000000
1166.000000
4284.000000
120.000000
155.000000
836.000000
2608.000000
654.000000
446.000000
188.000000
363.000000
810.000000
485.000000
336.000000
266.000000
691.000000
872.000000
77.000000
526.000000
700.000000
1084.000000
1207.000000
412.000000
444.000000
675.000000
352.000000
820.000000
169.000000
291.000000
63.000000
154.000000
261.000000
264.000000
1354.000000
803.000000
853.000000
1444.000000
274.000000
136.000000
154.000000
236.000000
731.000000
496.000000
2434.000000
1010.000000
792.000000
484.000000
1860.000000
561.000000
579.000000
310.000000
643.000000
735.000000
736.000000
1726.000000
51.000000
258.000000
563.000000
99.000000
1329.000000
342.000000
307.000000
638.000000
857.000000
710.000000
508.000000
835.000000
631.000000
1136.000000
1940.000000
295.000000
1245.000000
238.000000
242.000000
322.000000
152.000000
191.000000
811.000000
68.000000
560.000000
180.000000
733.000000
256.000000
112.000000
183.000000
111.000000
264.000000
1285.000000
168.000000
1586.000000
783.000000
106.000000
120.000000
6052.000000
713.000000
486.000000
422.000000
722.000000
1576.000000
555.000000
647.000000
548.000000
713.000000
681.000000
453.000000
748.000000
169.000000
1228.000000
442.000000
234.000000
1782.000000
201.000000
162.000000
613.000000
201.000000
109.000000
2279.000000
94.000000
218.000000
974.000000
702.000000
879.000000
497.000000
662.000000
694.000000
136.000000
83.000000
105.000000
1448.000000
536.000000
453.000000
118.000000
172.000000
2401.000000
195.000000
548.000000
761.000000
1793.000000
81.000000
235.000000
121.000000
406.000000
47.000000
109.000000
440.000000
598.000000
328.000000
334.000000
1306.000000
1425.000000
128.000000
327.000000
319.000000
361.000000
250.000000
170.000000
755.000000
1845.000000
1028.000000
146.000000
393.000000
133.000000
2356.000000
134.000000
71.000000
1064.000000
692.000000
147.000000
295.000000
633.000000
641.000000
535.000000
136.000000
988.000000
1630.000000
173.000000
2984.000000
1747.000000
275.000000
39.000000
429.000000
371.000000
830.000000
25.000000
2486.000000
792.000000
805.000000
132.000000
693.000000
161.000000
282.000000
501.000000
186.000000
481.000000
90.000000
176.000000
855.000000
149.000000
215.000000
1114.000000
674.000000
300.000000
783.000000
907.000000
315.000000
352.000000
142.000000
199.000000
167.000000
387.000000
358.000000
809.000000
223.000000
588.000000
2733.000000
282.000000
71.000000
266.000000
158.000000
336.000000
703.000000
452.000000
574.000000
170.000000
88.000000
661.000000
877.000000
188.000000
1167.000000
376.000000
368.000000
345.000000
126.000000
1334.000000
654.000000
825.000000
82.000000
723.000000
89.000000
519.000000
653.000000
367.000000
1251.000000
707.000000
513.000000
156.000000
2257.000000
338.000000
1310.000000
751.000000
1446.000000
385.000000
174.000000
162.000000
1387.000000
885.000000
95.000000
348.000000
413.000000
1546.000000
2722.000000
328.000000
474.000000
308.000000
286.000000
269.000000
468.000000
507.000000
1765.000000
867.000000
181.000000
713.000000
627.000000
978.000000
162.000000
237.000000
659.000000
569.000000
373.000000
149.000000
585.000000
539.000000
56.000000
872.000000
1522.000000
1646.000000
571.000000
421.000000
100.000000
110.000000
611.000000
98.000000
108.000000
1015.000000
103.000000
363.000000
243.000000
346.000000
576.000000
163.000000
639.000000
1835.000000
116.000000
340.000000
108.000000
168.000000
665.000000
273.000000
190.000000
2705.000000
589.000000
994.000000
203.000000
456.000000
163.000000
871.000000
220.000000
44.000000
1173.000000
113.000000
258.000000
1636.000000
630.000000
124.000000
1794.000000
5575.000000
260.000000
242.000000
1306.000000
514.000000
510.000000
937.000000
1472.000000
629.000000
193.000000
279.000000
259.000000
220.000000
607.000000
578.000000
611.000000
438.000000
703.000000
110.000000
1084.000000
432.000000
654.000000
208.000000
1200.000000
1382.000000
841.000000
565.000000
627.000000
1699.000000
593.000000
679.000000
132.000000
70.000000
474.000000
62.000000
266.000000
1932.000000
105.000000
153.000000
150.000000
232.000000
615.000000
413.000000
212.000000
98.000000
1011.000000
862.000000
451.000000
1060.000000
2152.000000
225.000000
1370.000000
316.000000
2214.000000
578.000000
702.000000
163.000000
684.000000
224.000000
65.000000
428.000000
463.000000
474.000000
1219.000000
413.000000
927.000000
746.000000
217.000000
479.000000
726.000000
116.000000
1226.000000
219.000000
393.000000
2364.000000
50.000000
99.000000
196.000000
947.000000
132.000000
1996.000000
1158.000000
459.000000
241.000000
312.000000
694.000000
79.000000
396.000000
461.000000
203.000000
686.000000
768.000000
689.000000
177.000000
917.000000
274.000000
2234.000000
144.000000
438.000000
530.000000
1927.000000
168.000000
161.000000
1181.000000
1558.000000
297.000000
195.000000
1260.000000
6440.000000
956.000000
361.000000
233.000000
751.000000
161.000000
112.000000
653.000000
1284.000000
680.000000
218.000000
332.000000
731.000000
82.000000
225.000000
186.000000
549.000000
285.000000
939.000000
277.000000
156.000000
251.000000
201.000000
1895.000000
153.000000
380.000000
88.000000
1353.000000
364.000000
565.000000
867.000000
1532.000000
217.000000
357.000000
70.000000
1151.000000
292.000000
289.000000
247.000000
214.000000
1733.000000
394.000000
576.000000
104.000000
859.000000
231.000000
216.000000
896.000000
411.000000
272.000000
210.000000
234.000000
481.000000
368.000000
658.000000
445.000000
280.000000
791.000000
468.000000
141.000000
313.000000
449.000000
236.000000
563.000000
576.000000
1318.000000
1152.000000
837.000000
175.000000
85.000000
702.000000
124.000000
548.000000
1319.000000
102.000000
275.000000
234.000000
1274.000000
400.000000
553.000000
644.000000
241.000000
1109.000000
1233.000000
680.000000
707.000000
161.000000
76.000000
780.000000
1073.000000
191.000000
111.000000
3953.000000
1073.000000
317.000000
34.000000
4227.000000
172.000000
84.000000
323.000000
1402.000000
1196.000000
81.000000
3121.000000
173.000000
576.000000
235.000000
1591.000000
684.000000
613.000000
356.000000
734.000000
292.000000
215.000000
475.000000
171.000000
1005.000000
190.000000
1846.000000
623.000000
477.000000
163.000000
155.000000
1146.000000
193.000000
296.000000
351.000000
517.000000
191.000000
1797.000000
7388.000000
2366.000000
44.000000
100.000000
439.000000
2555.000000
363.000000
249.000000
154.000000
435.000000
706.000000
511.000000
178.000000
322.000000
306.000000
241.000000
169.000000
253.000000
1068.000000
976.000000
2770.000000
23.000000
1310.000000
274.000000
58.000000
26.000000
484.000000
371.000000
48.000000
185.000000
584.000000
453.000000
1466.000000
943.000000
26.000000
3246.000000
860.000000
446.000000
263.000000
2702.000000
556.000000
798.000000
338.000000
137.000000
377.000000
29.000000
176.000000
1801.000000
679.000000
1269.000000
78.000000
157.000000
200.000000
146.000000
267.000000
1346.000000
252.000000
634.000000
1841.000000
336.000000
280.000000
216.000000
72.000000
834.000000
157.000000
563.000000
429.000000
1560.000000
876.000000
1388.000000
936.000000
188.000000
541.000000
1473.000000
1436.000000
698.000000
669.000000
95.000000
366.000000
1402.000000
326.000000
70.000000
549.000000
88.000000
329.000000
1063.000000
248.000000
1311.000000
97.000000
446.000000
889.000000
271.000000
1464.000000
58.000000
142.000000
966.000000
253.000000
337.000000
1115.000000
136.000000
175.000000
371.000000
63.000000
128.000000
1006.000000
44.000000
233.000000
450.000000
147.000000
327.000000
307.000000
93.000000
446.000000
2355.000000
450.000000
524.000000
1547.000000
360.000000
285.000000
256.000000
304.000000
617.000000
228.000000
91.000000
254.000000
246.000000
840.000000
181.000000
377.000000
163.000000
107.000000
330.000000
244.000000
2051.000000
249.000000
700.000000
125.000000
246.000000
619.000000
724.000000
3212.000000
126.000000
94.000000
539.000000
223.000000
516.000000
995.000000
88.000000
416.000000
388.000000
1967.000000
150.000000
177.000000
639.000000
243.000000
233.000000
1672.000000
686.000000
156.000000
786.000000
912.000000
199.000000
675.000000
1588.000000
428.000000
47.000000
123.000000
353.000000
283.000000
183.000000
266.000000
502.000000
54.000000
130.000000
1743.000000
384.000000
102.000000
474.000000
94.000000
921.000000
338.000000
461.000000
164.000000
152.000000
979.000000
3392.000000
714.000000
1097.000000
638.000000
543.000000
1619.000000
210.000000
1772.000000
552.000000
837.000000
84.000000
85.000000
669.000000
317.000000
367.000000
1495.000000
123.000000
452.000000
415.000000
478.000000
332.000000
564.000000
422.000000
589.000000
2645.000000
123.000000
463.000000
319.000000
424.000000
5562.000000
216.000000
90.000000
286.000000
371.000000
184.000000
287.000000
420.000000
287.000000
367.000000
298.000000
1009.000000
202.000000
210.000000
331.000000
953.000000
583.000000
1231.000000
83.000000
981.000000
430.000000
3576.000000
195.000000
53.000000
290.000000
846.000000
89.000000
109.000000
151.000000
323.000000
309.000000
352.000000
435.000000
462.000000
214.000000
116.000000
201.000000
1864.000000
2543.000000
180.000000
190.000000
1224.000000
158.000000
838.000000
482.000000
190.000000
539.000000
487.000000
236.000000
100.000000
97.000000
577.000000
418.000000
781.000000
801.000000
411.000000
372.000000
514.000000
259.000000
814.000000
402.000000
305.000000
178.000000
114.000000
85.000000
188.000000
1182.000000
1817.000000
1863.000000
121.000000
309.000000
96.000000
330.000000
73.000000
369.000000
532.000000
378.000000
1683.000000
2771.000000
483.000000
1472.000000
509.000000
82.000000
172.000000
664.000000
360.000000
219.000000
231.000000
214.000000
152.000000
537.000000
288.000000
53.000000
519.000000
3671.000000
2188.000000
409.000000
156.000000
95.000000
297.000000
1204.000000
45.000000
112.000000
199.000000
505.000000
195.000000
88.000000
615.000000
594.000000
335.000000
773.000000
325.000000
477.000000
587.000000
393.000000
679.000000
266.000000
1000.000000
59.000000
971.000000
566.000000
3870.000000
288.000000
193.000000
