574.000000
1200.000000
128.000000
79.000000
36.000000
539.000000
385.000000
364.000000
268.000000
2451.000000
1027.000000
1740.000000
127.000000
868.000000
1386.000000
148.000000
345.000000
293.000000
723.000000
606.000000
195.000000
117.000000
916.000000
1206.000000
356.000000
492.000000
62.000000
106.000000
18.000000
255.000000
379.000000
379.000000
970.000000
1162.000000
335.000000
287.000000
537.000000
419.000000
248.000000
985.000000
1849.000000
1834.000000
444.000000
317.000000
4554.000000
333.000000
67.000000
537.000000
127.000000
122.000000
355.000000
1037.000000
451.000000
763.000000
119.000000
318.000000
361.000000
260.000000
1043.000000
162.000000
343.000000
2098.000000
85.000000
1441.000000
515.000000
939.000000
126.000000
150.000000
960.000000
2240.000000
106.000000
320.000000
867.000000
216.000000
138.000000
27.000000
1387.000000
695.000000
220.000000
862.000000
541.000000
236.000000
866.000000
300.000000
758.000000
278.000000
131.000000
164.000000
1458.000000
588.000000
474.000000
305.000000
1576.000000
419.000000
121.000000
149.000000
191.000000
1284.000000
1269.000000
1261.000000
1501.000000
1406.000000
441.000000
320.000000
173.000000
504.000000
550.000000
257.000000
418.000000
967.000000
236.000000
1111.000000
198.000000
143.000000
695.000000
41.000000
2065.000000
346.000000
180.000000
506.000000
179.000000
387.000000
461.000000
2874.000000
54.000000
585.000000
88.000000
222.000000
1295.000000
312.000000
652.000000
898.000000
1620.000000
1170.000000
114.000000
297.000000
764.000000
3052.000000
207.000000
583.000000
615.000000
377.000000
193.000000
590.000000
824.000000
319.000000
362.000000
961.000000
816.000000
1165.000000
238.000000
661.000000
775.000000
228.000000
185.000000
947.000000
145.000000
160.000000
1089.000000
1327.000000
95.000000
177.000000
1025.000000
326.000000
2266.000000
198.000000
186.000000
596.000000
528.000000
1427.000000
317.000000
442.000000
1084.000000
25.000000
496.000000
916.000000
1215.000000
1529.000000
866.000000
1352.000000
1693.000000
173.000000
886.000000
323.000000
78.000000
919.000000
96.000000
77.000000
511.000000
452.000000
1476.000000
185.000000
902.000000
323.000000
268.000000
821.000000
754.000000
104.000000
89.000000
1057.000000
386.000000
824.000000
4615.000000
317.000000
963.000000
549.000000
878.000000
113.000000
125.000000
437.000000
265.000000
82.000000
1089.000000
966.000000
141.000000
194.000000
385.000000
365.000000
535.000000
1239.000000
3059.000000
346.000000
208.000000
482.000000
204.000000
252.000000
432.000000
70.000000
152.000000
241.000000
390.000000
313.000000
130.000000
441.000000
288.000000
2310.000000
272.000000
851.000000
371.000000
325.000000
1690.000000
497.000000
50.000000
613.000000
1963.000000
200.000000
1975.000000
621.000000
2618.000000
427.000000
227.000000
175.000000
535.000000
261.000000
224.000000
589.000000
270.000000
1911.000000
1896.000000
222.000000
419.000000
908.000000
8756.000000
1410.000000
133.000000
908.000000
539.000000
485.000000
152.000000
278.000000
87.000000
709.000000
299.000000
120.000000
366.000000
56.000000
726.000000
102.000000
58.000000
517.000000
423.000000
162.000000
195.000000
62.000000
986.000000
195.000000
289.000000
84.000000
334.000000
414.000000
294.000000
1710.000000
167.000000
139.000000
155.000000
925.000000
266.000000
484.000000
922.000000
526.000000
214.000000
3340.000000
684.000000
282.000000
47.000000
710.000000
159.000000
568.000000
1566.000000
249.000000
102.000000
1436.000000
81.000000
1233.000000
1045.000000
522.000000
152.000000
2100.000000
345.000000
257.000000
2124.000000
359.000000
71.000000
734.000000
274.000000
259.000000
671.000000
159.000000
643.000000
351.000000
1253.000000
181.000000
84.000000
1314.000000
203.000000
130.000000
1799.000000
1092.000000
452.000000
182.000000
281.000000
30.000000
288.000000
537.000000
580.000000
197.000000
987.000000
228.000000
215.000000
455.000000
134.000000
159.000000
207.000000
675.000000
410.000000
427.000000
204.000000
161.000000
2629.000000
335.000000
2160.000000
517.000000
145.000000
37.000000
3199.000000
991.000000
57.000000
117.000000
580.000000
206.000000
399.000000
738.000000
387.000000
1386.000000
114.000000
89.000000
38.000000
691.000000
806.000000
157.000000
42.000000
326.000000
137.000000
107.000000
114.000000
538.000000
180.000000
1518.000000
629.000000
165.000000
523.000000
264.000000
121.000000
662.000000
849.000000
957.000000
409.000000
2136.000000
298.000000
646.000000
375.000000
651.000000
672.000000
439.000000
545.000000
1462.000000
4033.000000
433.000000
256.000000
203.000000
584.000000
330.000000
1722.000000
355.000000
773.000000
1383.000000
864.000000
544.000000
1363.000000
157.000000
2243.000000
1043.000000
167.000000
151.000000
673.000000
278.000000
182.000000
153.000000
778.000000
702.000000
44.000000
1449.000000
230.000000
771.000000
280.000000
354.000000
306.000000
975.000000
767.000000
2322.000000
405.000000
287.000000
356.000000
292.000000
343.000000
1363.000000
612.000000
645.000000
155.000000
199.000000
331.000000
175.000000
525.000000
269.000000
207.000000
951.000000
1879.000000
1362.000000
57.000000
235.000000
710.000000
174.000000
3480.000000
212.000000
998.000000
200.000000
594.000000
948.000000
231.000000
267.000000
527.000000
1001.000000
963.000000
227.000000
193.000000
1860.000000
892.000000
397.000000
269.000000
699.000000
5841.000000
379.000000
165.000000
428.000000
566.000000
726.000000
143.000000
352.000000
145.000000
1202.000000
282.000000
237.000000
144.000000
161.000000
29.000000
283.000000
143.000000
1152.000000
186.000000
417.000000
411.000000
2360.000000
758.000000
1271.000000
308.000000
244.000000
221.000000
791.000000
729.000000
260.000000
300.000000
29.000000
356.000000
682.000000
225.000000
1242.000000
1125.000000
3012.000000
569.000000
231.000000
97.000000
321.000000
1114.000000
39.000000
657.000000
737.000000
1008.000000
926.000000
1182.000000
202.000000
584.000000
341.000000
264.000000
239.000000
344.000000
998.000000
112.000000
952.000000
73.000000
120.000000
316.000000
250.000000
72.000000
373.000000
634.000000
1158.000000
244.000000
415.000000
475.000000
51.000000
852.000000
1409.000000
722.000000
583.000000
762.000000
450.000000
207.000000
104.000000
524.000000
249.000000
212.000000
123.000000
367.000000
1007.000000
338.000000
372.000000
222.000000
380.000000
206.000000
1249.000000
531.000000
591.000000
684.000000
99.000000
699.000000
698.000000
338.000000
2135.000000
3001.000000
433.000000
2372.000000
1020.000000
247.000000
396.000000
301.000000
254.000000
132.000000
310.000000
599.000000
912.000000
78.000000
108.000000
91.000000
1056.000000
226.000000
729.000000
254.000000
1929.000000
2304.000000
46.000000
1421.000000
2183.000000
105.000000
207.000000
331.000000
902.000000
437.000000
206.000000
220.000000
629.000000
167.000000
683.000000
645.000000
651.000000
235.000000
230.000000
841.000000
229.000000
348.000000
893.000000
799.000000
186.000000
1112.000000
513.000000
1712.000000
248.000000
667.000000
619.000000
988.000000
233.000000
842.000000
271.000000
212.000000
825.000000
35.000000
340.000000
3118.000000
527.000000
444.000000
261.000000
720.000000
235.000000
338.000000
696.000000
125.000000
178.000000
202.000000
545.000000
491.000000
289.000000
513.000000
705.000000
255.000000
175.000000
558.000000
288.000000
725.000000
278.000000
964.000000
27.000000
362.000000
248.000000
224.000000
1937.000000
156.000000
677.000000
780.000000
262.000000
685.000000
496.000000
728.000000
216.000000
1301.000000
85.000000
1226.000000
133.000000
506.000000
1144.000000
57.000000
580.000000
211.000000
918.000000
436.000000
637.000000
849.000000
690.000000
1442.000000
260.000000
1068.000000
1762.000000
902.000000
172.000000
890.000000
148.000000
364.000000
195.000000
369.000000
583.000000
79.000000
152.000000
214.000000
588.000000
1174.000000
864.000000
227.000000
429.000000
1380.000000
2072.000000
103.000000
264.000000
502.000000
263.000000
649.000000
797.000000
148.000000
169.000000
558.000000
209.000000
96.000000
305.000000
24.000000
88.000000
236.000000
291.000000
44.000000
656.000000
283.000000
96.000000
627.000000
86.000000
299.000000
620.000000
130.000000
124.000000
78.000000
42.000000
108.000000
648.000000
901.000000
715.000000
660.000000
884.000000
116.000000
1911.000000
245.000000
173.000000
56.000000
647.000000
276.000000
356.000000
461.000000
637.000000
281.000000
1195.000000
547.000000
902.000000
517.000000
131.000000
195.000000
333.000000
581.000000
885.000000
126.000000
127.000000
433.000000
1739.000000
516.000000
481.000000
846.000000
289.000000
473.000000
318.000000
72.000000
184.000000
462.000000
165.000000
131.000000
7364.000000
149.000000
102.000000
128.000000
103.000000
129.000000
3909.000000
1876.000000
128.000000
1138.000000
340.000000
158.000000
181.000000
84.000000
256.000000
681.000000
906.000000
132.000000
731.000000
527.000000
2755.000000
224.000000
39.000000
1079.000000
1779.000000
459.000000
3298.000000
146.000000
337.000000
283.000000
115.000000
877.000000
121.000000
1134.000000
112.000000
6731.000000
1358.000000
1016.000000
188.000000
560.000000
617.000000
49.000000
327.000000
1403.000000
151.000000
714.000000
363.000000
818.000000
108.000000
830.000000
225.000000
2867.000000
160.000000
436.000000
428.000000
348.000000
68.000000
242.000000
1773.000000
1134.000000
487.000000
1709.000000
243.000000
344.000000
807.000000
480.000000
141.000000
489.000000
126.000000
758.000000
247.000000
642.000000
382.000000
335.000000
45.000000
444.000000
1975.000000
139.000000
960.000000
212.000000
1497.000000
991.000000
533.000000
224.000000
407.000000
183.000000
99.000000
3380.000000
656.000000
80.000000
89.000000
334.000000
516.000000
880.000000
54.000000
46.000000
520.000000
905.000000
754.000000
276.000000
158.000000
1402.000000
941.000000
145.000000
1694.000000
207.000000
413.000000
653.000000
98.000000
451.000000
198.000000
151.000000
715.000000
549.000000
186.000000
400.000000
2044.000000
679.000000
787.000000
208.000000
815.000000
611.000000
3519.000000
210.000000
181.000000
808.000000
853.000000
337.000000
498.000000
384.000000
670.000000
327.000000
506.000000
314.000000
44.000000
1159.000000
1373.000000
5018.000000
2591.000000
272.000000
151.000000
741.000000
108.000000
2425.000000
1060.000000
428.000000
276.000000
157.000000
1204.000000
429.000000
55.000000
325.000000
244.000000
120.000000
137.000000
165.000000
57.000000
653.000000
986.000000
1040.000000
266.000000
1531.000000
396.000000
87.000000
59.000000
586.000000
118.000000
241.000000
1143.000000
77.000000
1074.000000
295.000000
1009.000000
362.000000
88.000000
333.000000
1489.000000
634.000000
341.000000
773.000000
3325.000000
448.000000
1905.000000
275.000000
545.000000
695.000000
647.000000
1100.000000
624.000000
1339.000000
1089.000000
951.000000
319.000000
386.000000
485.000000
475.000000
347.000000
969.000000
2790.000000
138.000000
183.000000
131.000000
1223.000000
101.000000
726.000000
456.000000
601.000000
131.000000
281.000000
403.000000
355.000000
808.000000
540.000000
87.000000
148.000000
2541.000000
129.000000
1018.000000
412.000000
318.000000
2806.000000
1228.000000
732.000000
