415.000000
558.000000
301.000000
3861.000000
279.000000
245.000000
152.000000
1333.000000
747.000000
219.000000
676.000000
64.000000
242.000000
253.000000
1090.000000
847.000000
927.000000
626.000000
137.000000
1886.000000
108.000000
2557.000000
3003.000000
1634.000000
126.000000
2643.000000
220.000000
4192.000000
333.000000
355.000000
512.000000
700.000000
187.000000
838.000000
223.000000
311.000000
57.000000
965.000000
913.000000
1246.000000
305.000000
120.000000
640.000000
851.000000
272.000000
679.000000
129.000000
87.000000
137.000000
354.000000
380.000000
255.000000
351.000000
162.000000
1292.000000
2370.000000
203.000000
89.000000
292.000000
1781.000000
209.000000
245.000000
64.000000
155.000000
157.000000
1488.000000
816.000000
4946.000000
453.000000
169.000000
87.000000
295.000000
407.000000
229.000000
100.000000
558.000000
636.000000
834.000000
1904.000000
222.000000
723.000000
650.000000
1930.000000
195.000000
94.000000
500.000000
885.000000
220.000000
399.000000
78.000000
289.000000
845.000000
410.000000
1079.000000
1036.000000
212.000000
98.000000
168.000000
352.000000
510.000000
539.000000
586.000000
1387.000000
445.000000
1126.000000
426.000000
524.000000
285.000000
530.000000
310.000000
472.000000
1028.000000
823.000000
704.000000
532.000000
84.000000
754.000000
322.000000
642.000000
990.000000
347.000000
1008.000000
377.000000
209.000000
2012.000000
149.000000
275.000000
170.000000
540.000000
284.000000
962.000000
1497.000000
2161.000000
969.000000
406.000000
146.000000
1190.000000
215.000000
2026.000000
450.000000
124.000000
2185.000000
904.000000
295.000000
427.000000
33.000000
382.000000
507.000000
812.000000
820.000000
253.000000
327.000000
75.000000
53.000000
435.000000
805.000000
102.000000
143.000000
162.000000
1214.000000
1753.000000
620.000000
760.000000
536.000000
91.000000
166.000000
181.000000
318.000000
951.000000
68.000000
6669.000000
209.000000
247.000000
439.000000
143.000000
1175.000000
277.000000
1597.000000
49.000000
201.000000
186.000000
772.000000
781.000000
168.000000
472.000000
292.000000
535.000000
351.000000
279.000000
257.000000
511.000000
6581.000000
635.000000
79.000000
1047.000000
92.000000
1106.000000
264.000000
244.000000
2626.000000
1240.000000
291.000000
2698.000000
365.000000
890.000000
1159.000000
204.000000
1780.000000
311.000000
615.000000
352.000000
700.000000
3784.000000
776.000000
222.000000
400.000000
118.000000
388.000000
785.000000
242.000000
1017.000000
421.000000
1708.000000
184.000000
1746.000000
615.000000
1045.000000
123.000000
119.000000
362.000000
681.000000
214.000000
973.000000
224.000000
443.000000
129.000000
54.000000
546.000000
1367.000000
125.000000
1895.000000
1058.000000
789.000000
254.000000
212.000000
240.000000
1594.000000
1320.000000
590.000000
191.000000
752.000000
459.000000
571.000000
1855.000000
677.000000
93.000000
256.000000
1866.000000
403.000000
334.000000
729.000000
211.000000
174.000000
2176.000000
391.000000
341.000000
389.000000
700.000000
1160.000000
1486.000000
762.000000
264.000000
1053.000000
103.000000
726.000000
184.000000
335.000000
1815.000000
241.000000
864.000000
1413.000000
56.000000
1145.000000
569.000000
559.000000
200.000000
366.000000
1774.000000
504.000000
192.000000
1773.000000
543.000000
192.000000
154.000000
927.000000
749.000000
304.000000
215.000000
608.000000
188.000000
328.000000
137.000000
201.000000
107.000000
2336.000000
80.000000
650.000000
263.000000
1250.000000
848.000000
187.000000
212.000000
196.000000
358.000000
1558.000000
83.000000
215.000000
175.000000
296.000000
1833.000000
688.000000
367.000000
204.000000
1149.000000
228.000000
1467.000000
351.000000
736.000000
882.000000
204.000000
341.000000
139.000000
183.000000
1195.000000
929.000000
495.000000
293.000000
38.000000
199.000000
38.000000
56.000000
154.000000
983.000000
663.000000
650.000000
254.000000
405.000000
247.000000
1839.000000
70.000000
411.000000
763.000000
231.000000
1515.000000
485.000000
571.000000
658.000000
1219.000000
234.000000
1184.000000
142.000000
116.000000
410.000000
246.000000
196.000000
789.000000
877.000000
673.000000
214.000000
243.000000
1057.000000
397.000000
1377.000000
42.000000
1425.000000
94.000000
220.000000
155.000000
140.000000
153.000000
4634.000000
209.000000
102.000000
183.000000
1464.000000
800.000000
329.000000
678.000000
14.000000
471.000000
53.000000
685.000000
537.000000
952.000000
112.000000
530.000000
252.000000
370.000000
335.000000
211.000000
386.000000
989.000000
244.000000
203.000000
208.000000
698.000000
284.000000
1121.000000
95.000000
74.000000
540.000000
176.000000
57.000000
1410.000000
1413.000000
201.000000
124.000000
233.000000
848.000000
3557.000000
752.000000
1702.000000
836.000000
3181.000000
461.000000
137.000000
644.000000
1268.000000
462.000000
1298.000000
136.000000
565.000000
852.000000
264.000000
179.000000
136.000000
108.000000
1013.000000
334.000000
156.000000
843.000000
728.000000
675.000000
357.000000
527.000000
689.000000
396.000000
384.000000
656.000000
461.000000
278.000000
2151.000000
697.000000
378.000000
505.000000
643.000000
173.000000
705.000000
584.000000
92.000000
560.000000
495.000000
1248.000000
493.000000
997.000000
2199.000000
754.000000
117.000000
752.000000
1733.000000
226.000000
251.000000
405.000000
127.000000
52.000000
303.000000
847.000000
489.000000
98.000000
407.000000
557.000000
514.000000
990.000000
538.000000
952.000000
101.000000
346.000000
1432.000000
1144.000000
1730.000000
62.000000
760.000000
227.000000
454.000000
136.000000
1103.000000
268.000000
346.000000
30.000000
729.000000
109.000000
2454.000000
2915.000000
2178.000000
1749.000000
183.000000
190.000000
1496.000000
43.000000
566.000000
417.000000
1522.000000
882.000000
107.000000
90.000000
130.000000
79.000000
77.000000
2497.000000
5201.000000
372.000000
189.000000
142.000000
659.000000
312.000000
45.000000
619.000000
340.000000
436.000000
290.000000
454.000000
1177.000000
340.000000
207.000000
369.000000
1058.000000
158.000000
216.000000
1521.000000
333.000000
2483.000000
659.000000
874.000000
177.000000
405.000000
1194.000000
872.000000
48.000000
1180.000000
323.000000
2456.000000
85.000000
1086.000000
594.000000
86.000000
409.000000
1112.000000
469.000000
201.000000
188.000000
1263.000000
176.000000
65.000000
109.000000
527.000000
403.000000
421.000000
137.000000
1209.000000
2860.000000
447.000000
307.000000
1714.000000
2241.000000
1438.000000
179.000000
1947.000000
207.000000
76.000000
380.000000
1237.000000
609.000000
565.000000
353.000000
648.000000
142.000000
201.000000
164.000000
571.000000
196.000000
109.000000
802.000000
114.000000
561.000000
196.000000
63.000000
346.000000
328.000000
539.000000
287.000000
130.000000
183.000000
514.000000
1485.000000
269.000000
432.000000
22.000000
169.000000
70.000000
724.000000
286.000000
977.000000
278.000000
94.000000
542.000000
83.000000
380.000000
401.000000
288.000000
1014.000000
162.000000
1501.000000
680.000000
3590.000000
15.000000
1000.000000
46.000000
107.000000
498.000000
690.000000
350.000000
259.000000
726.000000
778.000000
846.000000
101.000000
253.000000
516.000000
437.000000
679.000000
305.000000
104.000000
1159.000000
283.000000
399.000000
1844.000000
274.000000
180.000000
2014.000000
1173.000000
271.000000
361.000000
124.000000
861.000000
150.000000
981.000000
1015.000000
713.000000
202.000000
111.000000
1116.000000
5704.000000
262.000000
144.000000
337.000000
466.000000
486.000000
501.000000
456.000000
483.000000
1060.000000
112.000000
138.000000
225.000000
233.000000
271.000000
940.000000
247.000000
444.000000
141.000000
1576.000000
701.000000
1045.000000
392.000000
2245.000000
1606.000000
324.000000
197.000000
305.000000
334.000000
255.000000
553.000000
1945.000000
329.000000
383.000000
347.000000
565.000000
43.000000
112.000000
160.000000
1521.000000
263.000000
534.000000
105.000000
221.000000
4002.000000
288.000000
69.000000
362.000000
127.000000
416.000000
1470.000000
677.000000
183.000000
520.000000
263.000000
680.000000
158.000000
2162.000000
939.000000
87.000000
105.000000
1420.000000
181.000000
220.000000
66.000000
643.000000
544.000000
372.000000
311.000000
445.000000
591.000000
74.000000
1269.000000
177.000000
35.000000
82.000000
998.000000
463.000000
441.000000
225.000000
261.000000
159.000000
731.000000
40.000000
3252.000000
3531.000000
312.000000
373.000000
1314.000000
170.000000
406.000000
107.000000
397.000000
2082.000000
903.000000
100.000000
112.000000
1700.000000
160.000000
1310.000000
609.000000
502.000000
549.000000
205.000000
530.000000
4427.000000
1280.000000
249.000000
114.000000
859.000000
287.000000
1396.000000
400.000000
137.000000
398.000000
1310.000000
191.000000
856.000000
106.000000
788.000000
594.000000
335.000000
149.000000
401.000000
575.000000
784.000000
396.000000
441.000000
1063.000000
130.000000
585.000000
492.000000
576.000000
100.000000
144.000000
2641.000000
55.000000
179.000000
83.000000
1252.000000
213.000000
283.000000
1209.000000
32.000000
1912.000000
335.000000
72.000000
171.000000
247.000000
126.000000
410.000000
477.000000
1044.000000
675.000000
24.000000
232.000000
430.000000
4574.000000
263.000000
293.000000
445.000000
328.000000
754.000000
1188.000000
281.000000
1355.000000
412.000000
79.000000
434.000000
1314.000000
638.000000
582.000000
265.000000
191.000000
128.000000
1179.000000
133.000000
3533.000000
606.000000
49.000000
2682.000000
102.000000
47.000000
384.000000
3500.000000
1009.000000
433.000000
462.000000
153.000000
227.000000
203.000000
325.000000
1092.000000
698.000000
202.000000
583.000000
430.000000
598.000000
749.000000
142.000000
92.000000
566.000000
116.000000
2026.000000
341.000000
1045.000000
491.000000
92.000000
111.000000
241.000000
1153.000000
210.000000
2059.000000
228.000000
242.000000
1344.000000
1828.000000
1507.000000
500.000000
1849.000000
1553.000000
1420.000000
737.000000
1407.000000
531.000000
1151.000000
547.000000
334.000000
95.000000
107.000000
275.000000
199.000000
1697.000000
163.000000
284.000000
195.000000
1250.000000
834.000000
162.000000
270.000000
1546.000000
199.000000
562.000000
638.000000
299.000000
356.000000
826.000000
584.000000
557.000000
50.000000
337.000000
1904.000000
405.000000
396.000000
221.000000
444.000000
156.000000
575.000000
598.000000
2773.000000
653.000000
325.000000
143.000000
264.000000
366.000000
547.000000
179.000000
676.000000
243.000000
364.000000
251.000000
683.000000
348.000000
305.000000
552.000000
104.000000
393.000000
302.000000
108.000000
1181.000000
107.000000
431.000000
314.000000
70.000000
98.000000
2016.000000
2535.000000
355.000000
72.000000
791.000000
420.000000
362.000000
305.000000
615.000000
411.000000
2519.000000
637.000000
345.000000
600.000000
1232.000000
293.000000
726.000000
255.000000
613.000000
414.000000
794.000000
98.000000
159.000000
727.000000
235.000000
426.000000
71.000000
1232.000000
1011.000000
1298.000000
129.000000
202.000000
310.000000
120.000000
931.000000
714.000000
178.000000
39.000000
2054.000000
732.000000
263.000000
983.000000
125.000000
195.000000
51.000000
321.000000
1028.000000
67.000000
5923.000000
352.000000
612.000000
298.000000
622.000000
1250.000000
