1454.000000
300.000000
855.000000
96.000000
70.000000
1029.000000
943.000000
1053.000000
400.000000
349.000000
395.000000
437.000000
1949.000000
995.000000
568.000000
309.000000
73.000000
373.000000
191.000000
555.000000
280.000000
442.000000
143.000000
556.000000
424.000000
1053.000000
560.000000
405.000000
1403.000000
465.000000
415.000000
507.000000
222.000000
412.000000
197.000000
152.000000
86.000000
198.000000
2468.000000
387.000000
1515.000000
638.000000
197.000000
670.000000
153.000000
1060.000000
38.000000
538.000000
267.000000
630.000000
195.000000
133.000000
669.000000
201.000000
300.000000
271.000000
167.000000
312.000000
94.000000
672.000000
198.000000
243.000000
122.000000
152.000000
919.000000
315.000000
381.000000
58.000000
494.000000
144.000000
606.000000
228.000000
378.000000
495.000000
725.000000
1318.000000
143.000000
787.000000
915.000000
1444.000000
1806.000000
1101.000000
823.000000
161.000000
565.000000
1267.000000
815.000000
424.000000
1796.000000
123.000000
82.000000
171.000000
3500.000000
327.000000
332.000000
249.000000
246.000000
1746.000000
233.000000
1232.000000
209.000000
287.000000
1104.000000
569.000000
409.000000
205.000000
389.000000
2148.000000
632.000000
2234.000000
174.000000
89.000000
275.000000
1050.000000
927.000000
518.000000
669.000000
150.000000
129.000000
956.000000
84.000000
1497.000000
2626.000000
142.000000
505.000000
292.000000
865.000000
1514.000000
2362.000000
444.000000
1216.000000
2126.000000
100.000000
741.000000
947.000000
774.000000
788.000000
107.000000
453.000000
313.000000
509.000000
463.000000
398.000000
1607.000000
2338.000000
60.000000
902.000000
352.000000
268.000000
34.000000
107.000000
545.000000
579.000000
2254.000000
117.000000
60.000000
62.000000
1080.000000
326.000000
507.000000
445.000000
84.000000
518.000000
282.000000
46.000000
148.000000
812.000000
71.000000
185.000000
87.000000
112.000000
454.000000
139.000000
655.000000
211.000000
358.000000
656.000000
272.000000
104.000000
333.000000
808.000000
328.000000
1010.000000
117.000000
291.000000
993.000000
104.000000
95.000000
336.000000
760.000000
1272.000000
1119.000000
152.000000
832.000000
246.000000
935.000000
465.000000
123.000000
1136.000000
257.000000
1463.000000
681.000000
758.000000
903.000000
287.000000
597.000000
232.000000
365.000000
470.000000
4571.000000
660.000000
734.000000
3586.000000
619.000000
133.000000
1035.000000
3336.000000
199.000000
60.000000
310.000000
1105.000000
555.000000
785.000000
266.000000
471.000000
717.000000
1657.000000
169.000000
276.000000
484.000000
313.000000
2762.000000
785.000000
126.000000
239.000000
604.000000
411.000000
1511.000000
608.000000
537.000000
333.000000
271.000000
300.000000
342.000000
476.000000
591.000000
413.000000
785.000000
196.000000
1168.000000
331.000000
92.000000
468.000000
378.000000
271.000000
378.000000
382.000000
198.000000
1284.000000
141.000000
1049.000000
69.000000
1285.000000
1155.000000
1071.000000
4662.000000
502.000000
130.000000
440.000000
1021.000000
1226.000000
496.000000
55.000000
52.000000
112.000000
390.000000
1178.000000
191.000000
796.000000
4800.000000
2094.000000
966.000000
221.000000
636.000000
315.000000
929.000000
118.000000
616.000000
429.000000
228.000000
309.000000
136.000000
351.000000
1553.000000
432.000000
422.000000
77.000000
210.000000
162.000000
237.000000
861.000000
344.000000
644.000000
166.000000
598.000000
230.000000
1049.000000
363.000000
323.000000
213.000000
358.000000
472.000000
219.000000
1102.000000
431.000000
398.000000
1781.000000
120.000000
374.000000
651.000000
436.000000
1017.000000
545.000000
856.000000
241.000000
567.000000
489.000000
280.000000
134.000000
180.000000
997.000000
161.000000
926.000000
1620.000000
381.000000
10040.000000
779.000000
132.000000
358.000000
64.000000
153.000000
257.000000
1558.000000
1750.000000
252.000000
116.000000
614.000000
1896.000000
148.000000
101.000000
345.000000
154.000000
2602.000000
142.000000
490.000000
447.000000
53.000000
323.000000
703.000000
171.000000
146.000000
490.000000
487.000000
437.000000
218.000000
1056.000000
73.000000
250.000000
101.000000
93.000000
239.000000
192.000000
271.000000
1733.000000
216.000000
198.000000
254.000000
810.000000
2683.000000
655.000000
525.000000
133.000000
158.000000
392.000000
987.000000
193.000000
286.000000
615.000000
682.000000
178.000000
245.000000
668.000000
93.000000
1236.000000
301.000000
705.000000
495.000000
1423.000000
644.000000
218.000000
223.000000
476.000000
357.000000
132.000000
553.000000
411.000000
1430.000000
918.000000
305.000000
638.000000
926.000000
1883.000000
187.000000
1274.000000
2141.000000
207.000000
6513.000000
51.000000
1557.000000
1210.000000
216.000000
193.000000
830.000000
678.000000
1095.000000
116.000000
416.000000
465.000000
3590.000000
607.000000
687.000000
112.000000
83.000000
607.000000
210.000000
502.000000
447.000000
43.000000
235.000000
414.000000
627.000000
50.000000
115.000000
249.000000
361.000000
396.000000
108.000000
123.000000
948.000000
107.000000
415.000000
206.000000
87.000000
1060.000000
129.000000
3555.000000
396.000000
289.000000
1874.000000
74.000000
718.000000
618.000000
642.000000
1109.000000
634.000000
970.000000
334.000000
1299.000000
369.000000
175.000000
114.000000
228.000000
156.000000
832.000000
470.000000
1139.000000
84.000000
730.000000
932.000000
294.000000
516.000000
179.000000
205.000000
393.000000
516.000000
465.000000
41.000000
178.000000
453.000000
100.000000
558.000000
171.000000
923.000000
211.000000
141.000000
306.000000
261.000000
313.000000
537.000000
129.000000
1364.000000
430.000000
146.000000
825.000000
256.000000
435.000000
2197.000000
171.000000
270.000000
390.000000
459.000000
435.000000
703.000000
843.000000
1023.000000
524.000000
200.000000
362.000000
1287.000000
1664.000000
20.000000
288.000000
305.000000
280.000000
417.000000
329.000000
376.000000
3503.000000
722.000000
332.000000
881.000000
1083.000000
717.000000
109.000000
389.000000
9567.000000
6226.000000
268.000000
2974.000000
81.000000
1817.000000
64.000000
217.000000
120.000000
723.000000
252.000000
411.000000
365.000000
234.000000
325.000000
1444.000000
225.000000
1055.000000
751.000000
205.000000
303.000000
754.000000
81.000000
554.000000
315.000000
456.000000
388.000000
314.000000
384.000000
423.000000
332.000000
745.000000
193.000000
291.000000
157.000000
1530.000000
233.000000
930.000000
884.000000
382.000000
3588.000000
220.000000
480.000000
321.000000
1936.000000
104.000000
1080.000000
272.000000
24.000000
357.000000
1210.000000
344.000000
2905.000000
122.000000
173.000000
108.000000
202.000000
134.000000
967.000000
1010.000000
162.000000
35.000000
41.000000
9.000000
331.000000
2651.000000
354.000000
1342.000000
383.000000
625.000000
258.000000
1210.000000
1367.000000
95.000000
98.000000
61.000000
1044.000000
274.000000
288.000000
333.000000
216.000000
2058.000000
159.000000
1383.000000
225.000000
300.000000
74.000000
385.000000
201.000000
1670.000000
401.000000
89.000000
746.000000
4769.000000
262.000000
312.000000
189.000000
1197.000000
99.000000
531.000000
10661.000000
954.000000
124.000000
200.000000
453.000000
987.000000
79.000000
4555.000000
157.000000
89.000000
90.000000
483.000000
591.000000
917.000000
225.000000
427.000000
100.000000
653.000000
185.000000
334.000000
208.000000
774.000000
296.000000
2123.000000
1455.000000
223.000000
246.000000
205.000000
206.000000
66.000000
1190.000000
2216.000000
51.000000
122.000000
313.000000
119.000000
413.000000
158.000000
83.000000
357.000000
350.000000
271.000000
387.000000
402.000000
973.000000
440.000000
1390.000000
855.000000
233.000000
314.000000
232.000000
384.000000
677.000000
459.000000
1570.000000
194.000000
3272.000000
92.000000
666.000000
307.000000
394.000000
321.000000
2100.000000
7338.000000
400.000000
449.000000
91.000000
447.000000
149.000000
450.000000
843.000000
1067.000000
384.000000
226.000000
177.000000
344.000000
1590.000000
32.000000
171.000000
130.000000
265.000000
1800.000000
443.000000
125.000000
456.000000
916.000000
218.000000
1780.000000
335.000000
67.000000
352.000000
588.000000
48.000000
859.000000
715.000000
1909.000000
594.000000
250.000000
607.000000
30.000000
1388.000000
350.000000
293.000000
655.000000
388.000000
38.000000
104.000000
65.000000
451.000000
180.000000
614.000000
210.000000
162.000000
38.000000
1023.000000
337.000000
374.000000
209.000000
484.000000
185.000000
48.000000
843.000000
2471.000000
318.000000
64.000000
302.000000
60.000000
615.000000
397.000000
1424.000000
1193.000000
627.000000
724.000000
461.000000
190.000000
525.000000
187.000000
637.000000
129.000000
415.000000
358.000000
446.000000
474.000000
1124.000000
847.000000
736.000000
186.000000
3489.000000
119.000000
326.000000
426.000000
579.000000
3492.000000
628.000000
147.000000
67.000000
1547.000000
90.000000
179.000000
929.000000
172.000000
945.000000
2374.000000
121.000000
4151.000000
482.000000
281.000000
396.000000
139.000000
149.000000
273.000000
791.000000
546.000000
1443.000000
189.000000
1269.000000
2085.000000
1174.000000
1549.000000
175.000000
385.000000
659.000000
111.000000
381.000000
84.000000
455.000000
55.000000
2670.000000
545.000000
190.000000
384.000000
395.000000
496.000000
399.000000
352.000000
725.000000
508.000000
2366.000000
361.000000
310.000000
875.000000
345.000000
115.000000
256.000000
1109.000000
158.000000
1215.000000
373.000000
154.000000
111.000000
346.000000
477.000000
557.000000
2452.000000
515.000000
2883.000000
45.000000
973.000000
620.000000
52.000000
1154.000000
326.000000
415.000000
1794.000000
1361.000000
156.000000
409.000000
184.000000
1974.000000
593.000000
200.000000
684.000000
9446.000000
670.000000
172.000000
204.000000
269.000000
3007.000000
195.000000
227.000000
128.000000
93.000000
451.000000
98.000000
2537.000000
634.000000
115.000000
480.000000
2670.000000
127.000000
116.000000
998.000000
996.000000
5316.000000
375.000000
154.000000
57.000000
223.000000
5081.000000
1747.000000
73.000000
554.000000
1513.000000
164.000000
560.000000
1682.000000
112.000000
1299.000000
215.000000
206.000000
743.000000
240.000000
71.000000
1205.000000
443.000000
1625.000000
601.000000
331.000000
283.000000
92.000000
1668.000000
372.000000
52.000000
5286.000000
181.000000
210.000000
811.000000
200.000000
366.000000
280.000000
49.000000
849.000000
65.000000
96.000000
846.000000
627.000000
2568.000000
99.000000
134.000000
203.000000
1903.000000
643.000000
277.000000
259.000000
325.000000
736.000000
229.000000
332.000000
79.000000
178.000000
266.000000
426.000000
396.000000
1417.000000
929.000000
766.000000
161.000000
73.000000
529.000000
497.000000
1044.000000
137.000000
5225.000000
564.000000
172.000000
1009.000000
812.000000
70.000000
261.000000
676.000000
240.000000
311.000000
783.000000
678.000000
244.000000
321.000000
281.000000
482.000000
523.000000
242.000000
141.000000
3215.000000
318.000000
146.000000
93.000000
25.000000
213.000000
392.000000
1473.000000
622.000000
130.000000
88.000000
205.000000
1516.000000
168.000000
3886.000000
214.000000
361.000000
351.000000
261.000000
280.000000
49.000000
867.000000
266.000000
257.000000
