2142.000000
216.000000
474.000000
419.000000
62.000000
737.000000
57.000000
3409.000000
83.000000
456.000000
3417.000000
2293.000000
121.000000
467.000000
1246.000000
196.000000
222.000000
710.000000
71.000000
281.000000
129.000000
314.000000
71.000000
712.000000
630.000000
411.000000
384.000000
671.000000
830.000000
1222.000000
347.000000
623.000000
711.000000
556.000000
624.000000
74.000000
279.000000
125.000000
275.000000
116.000000
70.000000
267.000000
531.000000
443.000000
654.000000
690.000000
428.000000
268.000000
710.000000
1222.000000
947.000000
1297.000000
629.000000
694.000000
486.000000
1164.000000
264.000000
508.000000
129.000000
74.000000
780.000000
1920.000000
312.000000
444.000000
45.000000
345.000000
2208.000000
421.000000
554.000000
1203.000000
2048.000000
391.000000
262.000000
453.000000
510.000000
132.000000
238.000000
1003.000000
302.000000
139.000000
451.000000
266.000000
673.000000
437.000000
242.000000
394.000000
559.000000
3919.000000
476.000000
159.000000
341.000000
730.000000
48.000000
104.000000
55.000000
474.000000
921.000000
541.000000
983.000000
210.000000
237.000000
150.000000
316.000000
274.000000
1357.000000
61.000000
1339.000000
224.000000
819.000000
1895.000000
83.000000
619.000000
1443.000000
1305.000000
244.000000
506.000000
1447.000000
240.000000
70.000000
290.000000
233.000000
525.000000
186.000000
194.000000
271.000000
1874.000000
277.000000
999.000000
601.000000
852.000000
718.000000
1270.000000
261.000000
116.000000
765.000000
120.000000
337.000000
1994.000000
1048.000000
778.000000
428.000000
123.000000
189.000000
1142.000000
321.000000
119.000000
651.000000
429.000000
1634.000000
1792.000000
468.000000
175.000000
194.000000
261.000000
127.000000
240.000000
162.000000
282.000000
693.000000
1098.000000
139.000000
749.000000
728.000000
291.000000
267.000000
384.000000
579.000000
2442.000000
303.000000
719.000000
252.000000
738.000000
399.000000
205.000000
142.000000
276.000000
2084.000000
148.000000
374.000000
972.000000
1495.000000
225.000000
779.000000
1007.000000
2044.000000
662.000000
606.000000
188.000000
356.000000
142.000000
342.000000
228.000000
141.000000
287.000000
745.000000
403.000000
335.000000
2677.000000
449.000000
188.000000
110.000000
179.000000
639.000000
449.000000
172.000000
453.000000
260.000000
96.000000
325.000000
249.000000
370.000000
803.000000
670.000000
826.000000
5850.000000
236.000000
211.000000
228.000000
24302.000000
331.000000
697.000000
171.000000
155.000000
345.000000
386.000000
367.000000
300.000000
36.000000
511.000000
339.000000
325.000000
936.000000
186.000000
199.000000
163.000000
475.000000
1004.000000
838.000000
47.000000
457.000000
601.000000
33.000000
360.000000
436.000000
48.000000
1949.000000
1562.000000
755.000000
145.000000
13.000000
1373.000000
684.000000
434.000000
1527.000000
228.000000
772.000000
2659.000000
91.000000
1050.000000
95.000000
740.000000
603.000000
317.000000
131.000000
1455.000000
412.000000
376.000000
380.000000
1090.000000
507.000000
510.000000
306.000000
236.000000
4235.000000
45.000000
872.000000
1028.000000
498.000000
190.000000
727.000000
368.000000
301.000000
145.000000
714.000000
233.000000
2484.000000
102.000000
309.000000
1396.000000
708.000000
1974.000000
152.000000
215.000000
399.000000
691.000000
251.000000
200.000000
76.000000
504.000000
375.000000
324.000000
638.000000
186.000000
1311.000000
397.000000
677.000000
442.000000
565.000000
292.000000
440.000000
215.000000
1108.000000
836.000000
372.000000
557.000000
1198.000000
441.000000
249.000000
550.000000
390.000000
907.000000
154.000000
90.000000
199.000000
247.000000
202.000000
273.000000
134.000000
632.000000
251.000000
566.000000
289.000000
180.000000
2371.000000
630.000000
808.000000
210.000000
369.000000
208.000000
641.000000
1000.000000
1162.000000
1499.000000
164.000000
666.000000
517.000000
143.000000
83.000000
288.000000
859.000000
369.000000
577.000000
106.000000
1074.000000
144.000000
599.000000
265.000000
83.000000
627.000000
1004.000000
253.000000
2544.000000
360.000000
86.000000
1815.000000
134.000000
170.000000
289.000000
175.000000
499.000000
1168.000000
981.000000
238.000000
145.000000
68.000000
301.000000
250.000000
608.000000
722.000000
68.000000
293.000000
448.000000
402.000000
145.000000
401.000000
4555.000000
820.000000
144.000000
458.000000
151.000000
482.000000
183.000000
256.000000
1154.000000
1455.000000
194.000000
347.000000
381.000000
149.000000
1257.000000
393.000000
300.000000
146.000000
319.000000
1410.000000
1040.000000
159.000000
420.000000
120.000000
1135.000000
120.000000
1488.000000
31.000000
3014.000000
1799.000000
1012.000000
331.000000
1897.000000
182.000000
1648.000000
728.000000
560.000000
925.000000
192.000000
662.000000
165.000000
522.000000
402.000000
71.000000
911.000000
111.000000
253.000000
702.000000
79.000000
323.000000
349.000000
454.000000
1391.000000
174.000000
761.000000
417.000000
412.000000
1669.000000
2075.000000
252.000000
265.000000
943.000000
144.000000
1475.000000
148.000000
468.000000
1705.000000
458.000000
250.000000
289.000000
609.000000
475.000000
3037.000000
424.000000
1082.000000
203.000000
535.000000
297.000000
173.000000
1764.000000
772.000000
62.000000
177.000000
396.000000
1360.000000
638.000000
146.000000
212.000000
252.000000
183.000000
260.000000
257.000000
169.000000
433.000000
933.000000
107.000000
292.000000
342.000000
144.000000
475.000000
189.000000
437.000000
54.000000
4188.000000
141.000000
1354.000000
776.000000
1069.000000
393.000000
246.000000
681.000000
120.000000
206.000000
129.000000
1075.000000
212.000000
891.000000
278.000000
376.000000
897.000000
484.000000
489.000000
711.000000
97.000000
481.000000
363.000000
108.000000
1072.000000
1597.000000
117.000000
488.000000
171.000000
840.000000
168.000000
47.000000
1089.000000
325.000000
1076.000000
100.000000
174.000000
355.000000
625.000000
347.000000
207.000000
817.000000
33.000000
461.000000
356.000000
611.000000
2008.000000
403.000000
245.000000
862.000000
409.000000
1399.000000
287.000000
188.000000
56.000000
1642.000000
281.000000
368.000000
196.000000
345.000000
811.000000
1572.000000
2012.000000
665.000000
659.000000
199.000000
228.000000
480.000000
396.000000
568.000000
458.000000
356.000000
1011.000000
430.000000
934.000000
272.000000
727.000000
264.000000
99.000000
218.000000
229.000000
226.000000
323.000000
1644.000000
420.000000
2151.000000
137.000000
481.000000
197.000000
119.000000
644.000000
976.000000
158.000000
702.000000
116.000000
1310.000000
421.000000
696.000000
590.000000
94.000000
203.000000
127.000000
451.000000
6070.000000
1063.000000
153.000000
823.000000
542.000000
1656.000000
38.000000
152.000000
323.000000
530.000000
746.000000
636.000000
1401.000000
252.000000
766.000000
200.000000
248.000000
270.000000
198.000000
84.000000
634.000000
137.000000
18.000000
306.000000
145.000000
963.000000
361.000000
781.000000
639.000000
2992.000000
323.000000
608.000000
2480.000000
647.000000
3501.000000
848.000000
309.000000
341.000000
213.000000
860.000000
400.000000
659.000000
60.000000
187.000000
426.000000
84.000000
689.000000
69.000000
680.000000
794.000000
348.000000
2334.000000
308.000000
454.000000
448.000000
193.000000
228.000000
403.000000
312.000000
831.000000
265.000000
443.000000
689.000000
262.000000
147.000000
3500.000000
243.000000
78.000000
174.000000
60.000000
493.000000
272.000000
777.000000
1181.000000
244.000000
1903.000000
2133.000000
3044.000000
691.000000
161.000000
428.000000
2805.000000
319.000000
194.000000
2015.000000
709.000000
380.000000
925.000000
300.000000
289.000000
317.000000
344.000000
210.000000
285.000000
281.000000
2113.000000
318.000000
293.000000
4808.000000
146.000000
220.000000
1213.000000
2910.000000
375.000000
137.000000
464.000000
596.000000
245.000000
167.000000
366.000000
907.000000
217.000000
213.000000
1327.000000
109.000000
399.000000
1155.000000
1192.000000
432.000000
543.000000
141.000000
894.000000
757.000000
293.000000
772.000000
2115.000000
118.000000
451.000000
1035.000000
785.000000
739.000000
432.000000
520.000000
86.000000
366.000000
544.000000
471.000000
39.000000
172.000000
1526.000000
664.000000
173.000000
226.000000
544.000000
1226.000000
2743.000000
617.000000
125.000000
859.000000
197.000000
746.000000
156.000000
1478.000000
1618.000000
601.000000
732.000000
335.000000
393.000000
1596.000000
395.000000
4554.000000
150.000000
310.000000
173.000000
435.000000
1392.000000
125.000000
136.000000
425.000000
343.000000
243.000000
256.000000
385.000000
717.000000
211.000000
303.000000
245.000000
59.000000
393.000000
270.000000
451.000000
673.000000
3004.000000
1298.000000
40.000000
97.000000
1274.000000
380.000000
572.000000
116.000000
273.000000
209.000000
491.000000
1176.000000
356.000000
326.000000
465.000000
368.000000
252.000000
711.000000
238.000000
334.000000
260.000000
84.000000
415.000000
124.000000
537.000000
184.000000
825.000000
681.000000
126.000000
137.000000
546.000000
2342.000000
185.000000
523.000000
1354.000000
483.000000
385.000000
87.000000
215.000000
2024.000000
1090.000000
1219.000000
580.000000
448.000000
621.000000
476.000000
388.000000
494.000000
142.000000
376.000000
275.000000
453.000000
2746.000000
1532.000000
92.000000
446.000000
118.000000
581.000000
808.000000
820.000000
366.000000
6499.000000
181.000000
3298.000000
1273.000000
1286.000000
409.000000
668.000000
1195.000000
705.000000
338.000000
1576.000000
409.000000
394.000000
821.000000
479.000000
911.000000
91.000000
1252.000000
135.000000
600.000000
1195.000000
41.000000
412.000000
258.000000
543.000000
242.000000
1339.000000
278.000000
146.000000
96.000000
1143.000000
1139.000000
291.000000
529.000000
307.000000
1561.000000
175.000000
1731.000000
381.000000
548.000000
121.000000
613.000000
505.000000
163.000000
81.000000
176.000000
904.000000
353.000000
360.000000
619.000000
296.000000
61.000000
2002.000000
1058.000000
88.000000
538.000000
792.000000
76.000000
1041.000000
2194.000000
1743.000000
653.000000
728.000000
1801.000000
3831.000000
122.000000
203.000000
395.000000
89.000000
53.000000
307.000000
390.000000
149.000000
836.000000
118.000000
704.000000
1131.000000
11.000000
279.000000
669.000000
216.000000
561.000000
373.000000
39.000000
66.000000
275.000000
138.000000
940.000000
44.000000
57.000000
69.000000
166.000000
330.000000
130.000000
809.000000
217.000000
195.000000
215.000000
137.000000
132.000000
2173.000000
131.000000
626.000000
602.000000
266.000000
148.000000
747.000000
724.000000
374.000000
151.000000
140.000000
443.000000
166.000000
3015.000000
824.000000
256.000000
1003.000000
827.000000
167.000000
133.000000
199.000000
255.000000
250.000000
1859.000000
109.000000
232.000000
1364.000000
358.000000
289.000000
102.000000
205.000000
1855.000000
58.000000
434.000000
2339.000000
105.000000
120.000000
1371.000000
98.000000
1026.000000
2216.000000
327.000000
710.000000
352.000000
401.000000
127.000000
173.000000
80.000000
147.000000
290.000000
157.000000
555.000000
523.000000
1066.000000
417.000000
643.000000
2125.000000
487.000000
133.000000
410.000000
539.000000
617.000000
142.000000
596.000000
634.000000
786.000000
