540.000000
211.000000
2464.000000
376.000000
307.000000
1398.000000
929.000000
1691.000000
886.000000
853.000000
44.000000
487.000000
1580.000000
636.000000
1330.000000
908.000000
90.000000
843.000000
220.000000
402.000000
332.000000
463.000000
123.000000
2400.000000
218.000000
545.000000
831.000000
121.000000
561.000000
496.000000
964.000000
237.000000
183.000000
286.000000
1675.000000
2509.000000
1130.000000
475.000000
695.000000
202.000000
24.000000
1356.000000
1190.000000
201.000000
1045.000000
168.000000
239.000000
799.000000
240.000000
708.000000
116.000000
147.000000
289.000000
68.000000
138.000000
641.000000
452.000000
776.000000
524.000000
1563.000000
379.000000
479.000000
433.000000
944.000000
348.000000
2357.000000
765.000000
150.000000
690.000000
374.000000
45.000000
482.000000
216.000000
60.000000
1356.000000
423.000000
100.000000
54.000000
458.000000
623.000000
276.000000
854.000000
63.000000
389.000000
303.000000
521.000000
840.000000
471.000000
65.000000
1743.000000
401.000000
406.000000
8411.000000
235.000000
367.000000
1336.000000
619.000000
355.000000
207.000000
377.000000
355.000000
156.000000
220.000000
103.000000
169.000000
255.000000
630.000000
411.000000
415.000000
58.000000
3143.000000
422.000000
18.000000
262.000000
1346.000000
834.000000
249.000000
311.000000
313.000000
4811.000000
467.000000
452.000000
6753.000000
113.000000
281.000000
220.000000
610.000000
1068.000000
220.000000
4760.000000
323.000000
780.000000
276.000000
597.000000
940.000000
4055.000000
927.000000
161.000000
1416.000000
162.000000
1768.000000
170.000000
1167.000000
1105.000000
184.000000
1383.000000
493.000000
382.000000
179.000000
260.000000
75.000000
2135.000000
173.000000
706.000000
1514.000000
828.000000
656.000000
221.000000
971.000000
448.000000
102.000000
2785.000000
222.000000
839.000000
652.000000
2323.000000
151.000000
1158.000000
931.000000
224.000000
386.000000
698.000000
261.000000
1694.000000
206.000000
208.000000
2930.000000
1773.000000
847.000000
170.000000
409.000000
731.000000
181.000000
585.000000
251.000000
98.000000
270.000000
214.000000
2198.000000
29.000000
502.000000
2458.000000
340.000000
417.000000
1442.000000
159.000000
90.000000
615.000000
311.000000
606.000000
157.000000
119.000000
598.000000
180.000000
84.000000
1415.000000
299.000000
607.000000
1305.000000
1559.000000
484.000000
56.000000
795.000000
447.000000
561.000000
890.000000
2791.000000
186.000000
345.000000
85.000000
105.000000
392.000000
165.000000
1007.000000
173.000000
391.000000
589.000000
4040.000000
254.000000
905.000000
300.000000
948.000000
399.000000
3846.000000
96.000000
190.000000
81.000000
259.000000
312.000000
1820.000000
715.000000
506.000000
713.000000
249.000000
2706.000000
669.000000
392.000000
33.000000
180.000000
74.000000
2089.000000
212.000000
792.000000
151.000000
403.000000
346.000000
1762.000000
1240.000000
389.000000
684.000000
249.000000
126.000000
87.000000
454.000000
40.000000
609.000000
711.000000
424.000000
792.000000
2019.000000
48.000000
263.000000
583.000000
217.000000
495.000000
440.000000
176.000000
165.000000
1195.000000
111.000000
390.000000
477.000000
1174.000000
1356.000000
843.000000
530.000000
155.000000
454.000000
467.000000
1673.000000
567.000000
569.000000
146.000000
135.000000
864.000000
762.000000
412.000000
35.000000
957.000000
2670.000000
224.000000
157.000000
756.000000
193.000000
311.000000
50.000000
933.000000
166.000000
387.000000
113.000000
370.000000
254.000000
293.000000
99.000000
2392.000000
385.000000
584.000000
1602.000000
2409.000000
516.000000
194.000000
1311.000000
276.000000
715.000000
105.000000
117.000000
296.000000
37.000000
520.000000
196.000000
503.000000
217.000000
232.000000
76.000000
473.000000
544.000000
127.000000
802.000000
431.000000
387.000000
74.000000
665.000000
1518.000000
250.000000
173.000000
1355.000000
1178.000000
566.000000
106.000000
539.000000
209.000000
160.000000
557.000000
327.000000
119.000000
1126.000000
1237.000000
323.000000
976.000000
1078.000000
300.000000
296.000000
554.000000
58.000000
258.000000
194.000000
155.000000
307.000000
27.000000
745.000000
221.000000
305.000000
158.000000
799.000000
1250.000000
221.000000
331.000000
1019.000000
136.000000
423.000000
1102.000000
107.000000
575.000000
675.000000
204.000000
82.000000
408.000000
885.000000
117.000000
52.000000
500.000000
1261.000000
289.000000
658.000000
172.000000
544.000000
2514.000000
395.000000
246.000000
260.000000
239.000000
4413.000000
457.000000
219.000000
296.000000
245.000000
291.000000
71.000000
620.000000
55.000000
378.000000
245.000000
337.000000
456.000000
131.000000
10627.000000
188.000000
1439.000000
123.000000
283.000000
997.000000
772.000000
300.000000
104.000000
356.000000
385.000000
489.000000
365.000000
370.000000
126.000000
586.000000
191.000000
219.000000
1229.000000
13012.000000
79.000000
78.000000
109.000000
372.000000
503.000000
167.000000
462.000000
678.000000
1085.000000
294.000000
274.000000
423.000000
3329.000000
215.000000
717.000000
1060.000000
223.000000
212.000000
598.000000
2102.000000
192.000000
315.000000
491.000000
239.000000
1474.000000
376.000000
350.000000
1002.000000
379.000000
275.000000
977.000000
316.000000
51.000000
1277.000000
754.000000
269.000000
167.000000
642.000000
253.000000
376.000000
268.000000
1825.000000
42.000000
508.000000
136.000000
121.000000
201.000000
261.000000
193.000000
248.000000
244.000000
243.000000
116.000000
386.000000
413.000000
448.000000
832.000000
93.000000
1874.000000
126.000000
254.000000
1269.000000
237.000000
493.000000
287.000000
90.000000
85.000000
584.000000
544.000000
2652.000000
1146.000000
290.000000
72.000000
426.000000
490.000000
285.000000
427.000000
206.000000
297.000000
3402.000000
1274.000000
238.000000
1169.000000
861.000000
658.000000
274.000000
190.000000
407.000000
387.000000
581.000000
173.000000
45.000000
1004.000000
221.000000
790.000000
166.000000
242.000000
1147.000000
211.000000
1230.000000
322.000000
265.000000
435.000000
230.000000
331.000000
111.000000
239.000000
210.000000
601.000000
185.000000
230.000000
675.000000
362.000000
587.000000
1291.000000
834.000000
238.000000
1386.000000
539.000000
172.000000
1120.000000
233.000000
279.000000
645.000000
122.000000
733.000000
1083.000000
83.000000
282.000000
1015.000000
1216.000000
194.000000
690.000000
734.000000
32.000000
1214.000000
301.000000
41.000000
1336.000000
238.000000
252.000000
1464.000000
421.000000
421.000000
392.000000
335.000000
233.000000
761.000000
1275.000000
1263.000000
194.000000
372.000000
75.000000
324.000000
4349.000000
586.000000
1752.000000
980.000000
570.000000
1005.000000
153.000000
401.000000
130.000000
790.000000
91.000000
404.000000
109.000000
94.000000
277.000000
257.000000
315.000000
207.000000
137.000000
363.000000
176.000000
442.000000
944.000000
462.000000
876.000000
317.000000
49.000000
563.000000
1284.000000
1141.000000
956.000000
368.000000
224.000000
108.000000
995.000000
138.000000
215.000000
334.000000
1377.000000
304.000000
176.000000
558.000000
125.000000
46.000000
307.000000
271.000000
548.000000
410.000000
1496.000000
818.000000
699.000000
479.000000
1316.000000
310.000000
103.000000
159.000000
1596.000000
177.000000
1368.000000
61.000000
139.000000
182.000000
311.000000
131.000000
72.000000
424.000000
552.000000
391.000000
266.000000
59.000000
534.000000
370.000000
1135.000000
296.000000
609.000000
343.000000
1473.000000
1842.000000
458.000000
169.000000
542.000000
312.000000
1559.000000
484.000000
535.000000
782.000000
65.000000
315.000000
2722.000000
581.000000
1163.000000
69.000000
5228.000000
316.000000
64.000000
836.000000
79.000000
554.000000
384.000000
2441.000000
587.000000
431.000000
505.000000
226.000000
116.000000
151.000000
242.000000
364.000000
1155.000000
1159.000000
464.000000
56.000000
79.000000
140.000000
516.000000
510.000000
516.000000
4036.000000
1115.000000
2314.000000
84.000000
187.000000
172.000000
461.000000
1103.000000
729.000000
407.000000
1705.000000
990.000000
6101.000000
282.000000
1369.000000
210.000000
586.000000
182.000000
216.000000
383.000000
1566.000000
45.000000
420.000000
476.000000
390.000000
127.000000
110.000000
1583.000000
241.000000
257.000000
499.000000
758.000000
58.000000
366.000000
142.000000
279.000000
158.000000
1830.000000
180.000000
582.000000
585.000000
897.000000
1477.000000
91.000000
201.000000
96.000000
1391.000000
2839.000000
698.000000
174.000000
413.000000
311.000000
353.000000
335.000000
786.000000
1127.000000
211.000000
805.000000
685.000000
279.000000
58.000000
1300.000000
359.000000
60.000000
1514.000000
4348.000000
263.000000
311.000000
286.000000
287.000000
143.000000
1876.000000
2163.000000
3584.000000
728.000000
3193.000000
525.000000
865.000000
1095.000000
351.000000
578.000000
1033.000000
325.000000
254.000000
733.000000
890.000000
111.000000
251.000000
1442.000000
606.000000
198.000000
716.000000
462.000000
602.000000
250.000000
662.000000
1040.000000
1359.000000
1923.000000
92.000000
394.000000
497.000000
572.000000
309.000000
349.000000
851.000000
2201.000000
699.000000
233.000000
1292.000000
323.000000
1548.000000
940.000000
417.000000
129.000000
266.000000
3184.000000
336.000000
646.000000
140.000000
466.000000
390.000000
1028.000000
423.000000
471.000000
740.000000
2599.000000
300.000000
649.000000
156.000000
169.000000
412.000000
288.000000
524.000000
322.000000
512.000000
1192.000000
128.000000
168.000000
1731.000000
491.000000
272.000000
326.000000
284.000000
681.000000
625.000000
1653.000000
1342.000000
97.000000
116.000000
529.000000
68.000000
939.000000
454.000000
330.000000
1127.000000
102.000000
288.000000
264.000000
147.000000
439.000000
425.000000
68.000000
66.000000
376.000000
37.000000
152.000000
257.000000
135.000000
278.000000
773.000000
225.000000
347.000000
1733.000000
314.000000
1052.000000
522.000000
119.000000
1126.000000
219.000000
511.000000
43.000000
327.000000
2090.000000
217.000000
51.000000
1488.000000
5927.000000
247.000000
141.000000
920.000000
156.000000
423.000000
392.000000
460.000000
623.000000
1502.000000
220.000000
260.000000
1121.000000
373.000000
747.000000
1257.000000
230.000000
366.000000
446.000000
388.000000
801.000000
368.000000
86.000000
2056.000000
554.000000
2485.000000
700.000000
286.000000
2338.000000
327.000000
281.000000
411.000000
96.000000
85.000000
896.000000
329.000000
39.000000
473.000000
218.000000
1276.000000
170.000000
315.000000
1792.000000
146.000000
212.000000
169.000000
186.000000
1102.000000
1544.000000
327.000000
463.000000
204.000000
458.000000
806.000000
876.000000
666.000000
3430.000000
787.000000
1170.000000
295.000000
303.000000
479.000000
1399.000000
461.000000
53.000000
248.000000
236.000000
528.000000
1031.000000
170.000000
116.000000
463.000000
442.000000
579.000000
61.000000
581.000000
695.000000
312.000000
559.000000
1152.000000
7440.000000
539.000000
98.000000
503.000000
191.000000
154.000000
1661.000000
257.000000
233.000000
242.000000
118.000000
543.000000
1156.000000
507.000000
183.000000
199.000000
2393.000000
183.000000
1065.000000
631.000000
483.000000
148.000000
488.000000
1569.000000
112.000000
1423.000000
1126.000000
