281.000000
1864.000000
147.000000
270.000000
106.000000
145.000000
813.000000
491.000000
648.000000
1459.000000
294.000000
521.000000
2978.000000
433.000000
97.000000
883.000000
275.000000
91.000000
343.000000
426.000000
1630.000000
308.000000
63.000000
403.000000
513.000000
281.000000
437.000000
169.000000
740.000000
231.000000
127.000000
50.000000
1319.000000
228.000000
176.000000
778.000000
151.000000
259.000000
320.000000
622.000000
785.000000
355.000000
278.000000
843.000000
748.000000
218.000000
464.000000
142.000000
134.000000
98.000000
495.000000
155.000000
102.000000
124.000000
178.000000
233.000000
351.000000
153.000000
3003.000000
171.000000
171.000000
1545.000000
260.000000
1769.000000
155.000000
294.000000
244.000000
598.000000
55.000000
929.000000
220.000000
267.000000
2070.000000
511.000000
564.000000
4024.000000
121.000000
728.000000
310.000000
171.000000
486.000000
232.000000
584.000000
113.000000
1278.000000
447.000000
1390.000000
1168.000000
1273.000000
198.000000
493.000000
1734.000000
235.000000
352.000000
1701.000000
309.000000
130.000000
356.000000
586.000000
198.000000
632.000000
298.000000
515.000000
230.000000
588.000000
509.000000
225.000000
269.000000
2296.000000
257.000000
81.000000
184.000000
547.000000
109.000000
134.000000
399.000000
64.000000
787.000000
541.000000
147.000000
97.000000
720.000000
211.000000
688.000000
189.000000
331.000000
315.000000
1481.000000
416.000000
124.000000
113.000000
541.000000
174.000000
216.000000
67.000000
626.000000
825.000000
1439.000000
615.000000
1824.000000
564.000000
510.000000
280.000000
169.000000
318.000000
57.000000
307.000000
237.000000
790.000000
470.000000
670.000000
338.000000
455.000000
1472.000000
179.000000
77.000000
601.000000
252.000000
140.000000
294.000000
201.000000
601.000000
1581.000000
639.000000
219.000000
332.000000
842.000000
92.000000
349.000000
19.000000
287.000000
54.000000
122.000000
493.000000
77.000000
178.000000
63.000000
341.000000
3217.000000
1514.000000
160.000000
322.000000
317.000000
165.000000
728.000000
126.000000
22.000000
558.000000
243.000000
71.000000
1229.000000
698.000000
1692.000000
626.000000
553.000000
172.000000
456.000000
279.000000
111.000000
1534.000000
1759.000000
254.000000
2562.000000
35.000000
173.000000
2268.000000
670.000000
328.000000
422.000000
604.000000
263.000000
137.000000
247.000000
664.000000
152.000000
279.000000
558.000000
974.000000
600.000000
134.000000
500.000000
777.000000
1000.000000
1609.000000
127.000000
76.000000
255.000000
373.000000
465.000000
1641.000000
296.000000
674.000000
327.000000
323.000000
297.000000
75.000000
306.000000
1175.000000
671.000000
53.000000
1151.000000
1016.000000
1358.000000
282.000000
225.000000
654.000000
178.000000
170.000000
115.000000
219.000000
68.000000
343.000000
623.000000
315.000000
470.000000
76.000000
150.000000
317.000000
202.000000
954.000000
220.000000
5433.000000
199.000000
686.000000
545.000000
1781.000000
167.000000
817.000000
1020.000000
175.000000
195.000000
934.000000
209.000000
244.000000
286.000000
849.000000
91.000000
143.000000
486.000000
110.000000
621.000000
655.000000
1991.000000
581.000000
596.000000
137.000000
486.000000
315.000000
442.000000
977.000000
1747.000000
141.000000
630.000000
440.000000
945.000000
776.000000
1488.000000
176.000000
726.000000
100.000000
4043.000000
187.000000
955.000000
1629.000000
3137.000000
550.000000
1693.000000
186.000000
510.000000
243.000000
202.000000
384.000000
189.000000
2429.000000
564.000000
28.000000
99.000000
55.000000
729.000000
305.000000
2879.000000
105.000000
163.000000
611.000000
66.000000
386.000000
765.000000
189.000000
786.000000
460.000000
146.000000
423.000000
377.000000
1160.000000
74.000000
352.000000
136.000000
166.000000
351.000000
1108.000000
1405.000000
179.000000
279.000000
1333.000000
811.000000
730.000000
796.000000
5303.000000
340.000000
2009.000000
988.000000
420.000000
1315.000000
268.000000
225.000000
643.000000
391.000000
455.000000
3181.000000
681.000000
74.000000
466.000000
231.000000
549.000000
562.000000
2596.000000
581.000000
754.000000
474.000000
564.000000
208.000000
2702.000000
448.000000
427.000000
195.000000
274.000000
1109.000000
377.000000
418.000000
913.000000
173.000000
240.000000
611.000000
557.000000
357.000000
194.000000
490.000000
287.000000
563.000000
2435.000000
72.000000
388.000000
148.000000
809.000000
145.000000
450.000000
528.000000
1517.000000
405.000000
145.000000
1303.000000
868.000000
554.000000
238.000000
187.000000
903.000000
574.000000
1034.000000
1461.000000
161.000000
546.000000
1260.000000
3399.000000
503.000000
198.000000
77.000000
88.000000
294.000000
181.000000
570.000000
111.000000
485.000000
252.000000
595.000000
1531.000000
819.000000
1579.000000
163.000000
848.000000
557.000000
655.000000
149.000000
1131.000000
240.000000
540.000000
503.000000
306.000000
196.000000
610.000000
195.000000
131.000000
67.000000
132.000000
651.000000
581.000000
264.000000
1449.000000
1007.000000
146.000000
662.000000
684.000000
237.000000
565.000000
242.000000
723.000000
432.000000
26.000000
995.000000
7974.000000
552.000000
76.000000
416.000000
928.000000
60.000000
443.000000
1292.000000
4488.000000
589.000000
435.000000
223.000000
146.000000
153.000000
1199.000000
774.000000
287.000000
1062.000000
450.000000
1274.000000
255.000000
95.000000
103.000000
84.000000
363.000000
16.000000
474.000000
817.000000
139.000000
309.000000
1671.000000
1356.000000
376.000000
2123.000000
1203.000000
525.000000
923.000000
313.000000
1297.000000
623.000000
196.000000
677.000000
176.000000
1262.000000
730.000000
677.000000
522.000000
99.000000
1228.000000
197.000000
3850.000000
617.000000
431.000000
174.000000
82.000000
1414.000000
109.000000
488.000000
130.000000
693.000000
559.000000
534.000000
463.000000
1751.000000
439.000000
392.000000
378.000000
108.000000
563.000000
727.000000
194.000000
175.000000
322.000000
2081.000000
1128.000000
1243.000000
594.000000
805.000000
368.000000
327.000000
482.000000
91.000000
730.000000
552.000000
429.000000
1128.000000
181.000000
112.000000
143.000000
594.000000
1509.000000
1029.000000
232.000000
6173.000000
1279.000000
765.000000
3723.000000
595.000000
554.000000
757.000000
411.000000
1820.000000
1640.000000
126.000000
1601.000000
183.000000
54.000000
183.000000
52.000000
2322.000000
700.000000
41.000000
283.000000
188.000000
520.000000
73.000000
1224.000000
324.000000
698.000000
217.000000
195.000000
176.000000
226.000000
2167.000000
206.000000
1965.000000
445.000000
777.000000
228.000000
87.000000
1828.000000
1188.000000
274.000000
355.000000
247.000000
263.000000
360.000000
117.000000
386.000000
206.000000
141.000000
550.000000
121.000000
287.000000
869.000000
2104.000000
3500.000000
577.000000
594.000000
212.000000
607.000000
485.000000
1261.000000
631.000000
309.000000
1400.000000
93.000000
675.000000
817.000000
172.000000
1286.000000
197.000000
992.000000
224.000000
993.000000
529.000000
1316.000000
580.000000
720.000000
568.000000
405.000000
755.000000
693.000000
99.000000
85.000000
1264.000000
66.000000
222.000000
590.000000
2636.000000
383.000000
521.000000
277.000000
135.000000
102.000000
247.000000
227.000000
340.000000
101.000000
527.000000
439.000000
946.000000
1459.000000
92.000000
66.000000
27.000000
449.000000
1237.000000
241.000000
288.000000
380.000000
108.000000
168.000000
1284.000000
400.000000
169.000000
228.000000
601.000000
1697.000000
667.000000
392.000000
276.000000
348.000000
1100.000000
731.000000
258.000000
212.000000
526.000000
159.000000
48.000000
175.000000
653.000000
171.000000
423.000000
240.000000
292.000000
1902.000000
1062.000000
1758.000000
1369.000000
25.000000
684.000000
1825.000000
674.000000
733.000000
264.000000
510.000000
715.000000
459.000000
2958.000000
266.000000
335.000000
309.000000
696.000000
149.000000
191.000000
437.000000
502.000000
1342.000000
1168.000000
831.000000
584.000000
519.000000
446.000000
111.000000
1967.000000
1151.000000
314.000000
627.000000
191.000000
568.000000
124.000000
442.000000
2386.000000
633.000000
182.000000
372.000000
125.000000
498.000000
81.000000
167.000000
601.000000
634.000000
2149.000000
284.000000
2546.000000
301.000000
619.000000
167.000000
663.000000
508.000000
513.000000
169.000000
88.000000
381.000000
1045.000000
210.000000
175.000000
381.000000
462.000000
1156.000000
325.000000
238.000000
51.000000
266.000000
246.000000
362.000000
468.000000
40.000000
284.000000
931.000000
2712.000000
1986.000000
787.000000
585.000000
252.000000
407.000000
1692.000000
416.000000
1069.000000
579.000000
1632.000000
679.000000
448.000000
401.000000
367.000000
889.000000
203.000000
216.000000
288.000000
359.000000
548.000000
495.000000
288.000000
391.000000
79.000000
51.000000
217.000000
459.000000
650.000000
210.000000
101.000000
2234.000000
893.000000
498.000000
778.000000
35.000000
1115.000000
196.000000
140.000000
203.000000
1007.000000
79.000000
244.000000
652.000000
77.000000
429.000000
1165.000000
185.000000
451.000000
535.000000
265.000000
866.000000
711.000000
639.000000
557.000000
755.000000
324.000000
114.000000
689.000000
304.000000
434.000000
136.000000
1062.000000
636.000000
414.000000
864.000000
265.000000
278.000000
55.000000
82.000000
445.000000
456.000000
140.000000
292.000000
1831.000000
197.000000
379.000000
197.000000
562.000000
249.000000
679.000000
50.000000
594.000000
2068.000000
106.000000
988.000000
538.000000
376.000000
284.000000
477.000000
614.000000
461.000000
144.000000
104.000000
451.000000
827.000000
8945.000000
97.000000
505.000000
307.000000
211.000000
568.000000
450.000000
64.000000
543.000000
188.000000
223.000000
179.000000
506.000000
236.000000
637.000000
533.000000
198.000000
1758.000000
247.000000
344.000000
733.000000
377.000000
710.000000
88.000000
182.000000
556.000000
919.000000
982.000000
338.000000
209.000000
554.000000
712.000000
252.000000
187.000000
268.000000
665.000000
1634.000000
1005.000000
255.000000
86.000000
406.000000
557.000000
128.000000
1898.000000
245.000000
383.000000
1221.000000
105.000000
297.000000
1290.000000
1051.000000
144.000000
109.000000
156.000000
1774.000000
243.000000
417.000000
87.000000
264.000000
532.000000
71.000000
207.000000
236.000000
584.000000
70.000000
1008.000000
1901.000000
3245.000000
112.000000
391.000000
1797.000000
166.000000
486.000000
2593.000000
283.000000
192.000000
183.000000
69.000000
527.000000
55.000000
780.000000
1037.000000
1028.000000
85.000000
57.000000
227.000000
125.000000
130.000000
43.000000
152.000000
140.000000
342.000000
155.000000
166.000000
281.000000
953.000000
116.000000
696.000000
334.000000
766.000000
308.000000
150.000000
2312.000000
200.000000
182.000000
881.000000
2514.000000
1993.000000
279.000000
302.000000
945.000000
154.000000
376.000000
329.000000
715.000000
407.000000
700.000000
378.000000
308.000000
929.000000
175.000000
50.000000
291.000000
263.000000
235.000000
171.000000
382.000000
2645.000000
51.000000
397.000000
87.000000
1381.000000
217.000000
1464.000000
457.000000
1121.000000
607.000000
798.000000
312.000000
453.000000
234.000000
334.000000
203.000000
411.000000
256.000000
