710.000000
571.000000
377.000000
157.000000
424.000000
311.000000
1362.000000
488.000000
355.000000
424.000000
518.000000
400.000000
249.000000
96.000000
397.000000
738.000000
305.000000
49.000000
473.000000
416.000000
566.000000
1042.000000
381.000000
178.000000
136.000000
106.000000
577.000000
1189.000000
159.000000
525.000000
4442.000000
1015.000000
1406.000000
133.000000
456.000000
390.000000
2269.000000
116.000000
1354.000000
1588.000000
146.000000
975.000000
1040.000000
802.000000
807.000000
195.000000
329.000000
1222.000000
327.000000
831.000000
277.000000
538.000000
527.000000
351.000000
133.000000
410.000000
186.000000
268.000000
620.000000
442.000000
2850.000000
337.000000
558.000000
1305.000000
815.000000
1536.000000
293.000000
114.000000
206.000000
251.000000
692.000000
216.000000
357.000000
863.000000
395.000000
355.000000
341.000000
585.000000
252.000000
116.000000
359.000000
121.000000
451.000000
173.000000
149.000000
366.000000
190.000000
693.000000
661.000000
759.000000
296.000000
1080.000000
926.000000
926.000000
223.000000
1284.000000
294.000000
384.000000
158.000000
382.000000
2396.000000
3523.000000
962.000000
96.000000
727.000000
946.000000
3015.000000
374.000000
370.000000
260.000000
284.000000
542.000000
109.000000
1234.000000
836.000000
40.000000
293.000000
445.000000
77.000000
1021.000000
521.000000
152.000000
537.000000
1209.000000
1304.000000
602.000000
1078.000000
1190.000000
206.000000
88.000000
275.000000
240.000000
394.000000
140.000000
51.000000
727.000000
606.000000
335.000000
1805.000000
127.000000
712.000000
163.000000
302.000000
796.000000
440.000000
139.000000
548.000000
89.000000
249.000000
1590.000000
53.000000
92.000000
259.000000
90.000000
1467.000000
538.000000
435.000000
100.000000
855.000000
211.000000
588.000000
1364.000000
574.000000
72.000000
195.000000
77.000000
477.000000
183.000000
264.000000
147.000000
2532.000000
1182.000000
153.000000
221.000000
408.000000
305.000000
103.000000
892.000000
618.000000
353.000000
597.000000
76.000000
2207.000000
172.000000
621.000000
327.000000
453.000000
243.000000
405.000000
151.000000
442.000000
500.000000
357.000000
394.000000
197.000000
160.000000
594.000000
371.000000
457.000000
1639.000000
219.000000
467.000000
335.000000
182.000000
445.000000
607.000000
746.000000
1453.000000
792.000000
212.000000
455.000000
216.000000
353.000000
477.000000
103.000000
908.000000
180.000000
740.000000
151.000000
582.000000
518.000000
676.000000
27.000000
206.000000
297.000000
456.000000
489.000000
264.000000
311.000000
403.000000
660.000000
568.000000
328.000000
320.000000
1963.000000
202.000000
79.000000
576.000000
376.000000
202.000000
223.000000
931.000000
157.000000
89.000000
628.000000
161.000000
527.000000
74.000000
747.000000
986.000000
1488.000000
777.000000
878.000000
152.000000
573.000000
629.000000
1005.000000
105.000000
319.000000
106.000000
205.000000
1309.000000
389.000000
57.000000
1425.000000
539.000000
648.000000
1728.000000
136.000000
244.000000
599.000000
217.000000
420.000000
469.000000
98.000000
985.000000
271.000000
1816.000000
4530.000000
576.000000
106.000000
143.000000
103.000000
3103.000000
183.000000
171.000000
300.000000
602.000000
115.000000
62.000000
3520.000000
96.000000
230.000000
129.000000
121.000000
179.000000
461.000000
328.000000
1018.000000
222.000000
509.000000
111.000000
463.000000
220.000000
223.000000
983.000000
416.000000
682.000000
519.000000
132.000000
1109.000000
158.000000
322.000000
1219.000000
1563.000000
1420.000000
481.000000
726.000000
1676.000000
871.000000
369.000000
734.000000
99.000000
443.000000
739.000000
338.000000
28.000000
2755.000000
1436.000000
208.000000
113.000000
1438.000000
282.000000
5531.000000
1806.000000
171.000000
995.000000
38.000000
797.000000
152.000000
147.000000
1141.000000
4018.000000
234.000000
264.000000
325.000000
586.000000
371.000000
1090.000000
488.000000
329.000000
3012.000000
814.000000
1174.000000
333.000000
222.000000
152.000000
135.000000
223.000000
221.000000
555.000000
465.000000
60.000000
80.000000
98.000000
139.000000
107.000000
653.000000
187.000000
267.000000
219.000000
440.000000
48.000000
627.000000
40.000000
462.000000
84.000000
537.000000
113.000000
227.000000
147.000000
818.000000
263.000000
2704.000000
44.000000
301.000000
311.000000
633.000000
374.000000
176.000000
1078.000000
68.000000
308.000000
2003.000000
186.000000
109.000000
312.000000
372.000000
932.000000
89.000000
743.000000
715.000000
3741.000000
309.000000
2108.000000
83.000000
75.000000
1337.000000
345.000000
5722.000000
176.000000
682.000000
311.000000
3306.000000
747.000000
476.000000
116.000000
71.000000
58.000000
102.000000
7206.000000
3142.000000
809.000000
452.000000
1535.000000
226.000000
184.000000
262.000000
433.000000
100.000000
301.000000
772.000000
191.000000
222.000000
668.000000
1235.000000
518.000000
602.000000
105.000000
25.000000
21.000000
43.000000
748.000000
127.000000
466.000000
258.000000
187.000000
775.000000
1131.000000
327.000000
481.000000
345.000000
79.000000
2219.000000
196.000000
196.000000
220.000000
1312.000000
207.000000
1840.000000
576.000000
367.000000
635.000000
875.000000
252.000000
780.000000
103.000000
393.000000
1545.000000
421.000000
101.000000
1104.000000
49.000000
377.000000
390.000000
370.000000
317.000000
382.000000
1287.000000
512.000000
244.000000
251.000000
727.000000
1881.000000
29.000000
464.000000
392.000000
137.000000
108.000000
267.000000
1464.000000
3279.000000
561.000000
302.000000
188.000000
85.000000
937.000000
105.000000
160.000000
1265.000000
374.000000
416.000000
779.000000
166.000000
443.000000
2625.000000
491.000000
3256.000000
110.000000
2362.000000
210.000000
642.000000
1131.000000
301.000000
532.000000
585.000000
476.000000
1438.000000
264.000000
352.000000
794.000000
772.000000
300.000000
136.000000
212.000000
325.000000
450.000000
509.000000
150.000000
141.000000
324.000000
453.000000
83.000000
382.000000
1354.000000
235.000000
153.000000
460.000000
393.000000
2575.000000
893.000000
389.000000
223.000000
137.000000
53.000000
168.000000
469.000000
1066.000000
303.000000
62.000000
149.000000
1230.000000
902.000000
1528.000000
3595.000000
376.000000
324.000000
581.000000
272.000000
1455.000000
425.000000
791.000000
57.000000
54.000000
120.000000
297.000000
142.000000
190.000000
389.000000
394.000000
554.000000
222.000000
1386.000000
695.000000
582.000000
396.000000
349.000000
306.000000
372.000000
143.000000
48.000000
654.000000
2255.000000
317.000000
686.000000
327.000000
588.000000
238.000000
643.000000
903.000000
219.000000
931.000000
2130.000000
1005.000000
536.000000
1702.000000
228.000000
1366.000000
114.000000
399.000000
194.000000
397.000000
872.000000
205.000000
345.000000
221.000000
634.000000
717.000000
127.000000
334.000000
200.000000
330.000000
250.000000
32.000000
97.000000
24.000000
1598.000000
937.000000
124.000000
4590.000000
132.000000
98.000000
142.000000
467.000000
210.000000
367.000000
98.000000
641.000000
821.000000
143.000000
286.000000
438.000000
454.000000
300.000000
677.000000
155.000000
189.000000
156.000000
2333.000000
72.000000
658.000000
675.000000
454.000000
2626.000000
126.000000
357.000000
805.000000
1986.000000
140.000000
104.000000
110.000000
2161.000000
72.000000
357.000000
452.000000
233.000000
392.000000
221.000000
209.000000
468.000000
151.000000
90.000000
1627.000000
243.000000
921.000000
596.000000
427.000000
687.000000
496.000000
596.000000
1676.000000
1910.000000
282.000000
122.000000
170.000000
637.000000
230.000000
266.000000
748.000000
97.000000
281.000000
244.000000
997.000000
379.000000
339.000000
403.000000
108.000000
221.000000
83.000000
250.000000
881.000000
636.000000
172.000000
499.000000
561.000000
243.000000
786.000000
723.000000
1320.000000
125.000000
738.000000
295.000000
188.000000
926.000000
470.000000
984.000000
237.000000
352.000000
809.000000
1077.000000
2560.000000
61.000000
468.000000
1071.000000
316.000000
578.000000
156.000000
856.000000
335.000000
615.000000
436.000000
167.000000
45.000000
300.000000
528.000000
459.000000
142.000000
285.000000
898.000000
107.000000
418.000000
480.000000
114.000000
180.000000
219.000000
194.000000
971.000000
948.000000
407.000000
1180.000000
386.000000
2432.000000
373.000000
57.000000
201.000000
348.000000
649.000000
788.000000
682.000000
268.000000
631.000000
210.000000
729.000000
206.000000
113.000000
312.000000
429.000000
222.000000
699.000000
204.000000
157.000000
497.000000
741.000000
341.000000
70.000000
283.000000
528.000000
1372.000000
87.000000
116.000000
947.000000
209.000000
38.000000
160.000000
611.000000
876.000000
449.000000
209.000000
433.000000
331.000000
277.000000
1224.000000
528.000000
208.000000
266.000000
1574.000000
1200.000000
644.000000
565.000000
159.000000
149.000000
140.000000
666.000000
1163.000000
224.000000
151.000000
266.000000
245.000000
190.000000
617.000000
61.000000
192.000000
520.000000
803.000000
62.000000
345.000000
554.000000
423.000000
262.000000
428.000000
702.000000
641.000000
546.000000
1050.000000
184.000000
6709.000000
76.000000
107.000000
134.000000
79.000000
355.000000
2148.000000
196.000000
220.000000
125.000000
215.000000
307.000000
416.000000
784.000000
161.000000
438.000000
1182.000000
362.000000
165.000000
991.000000
177.000000
1666.000000
99.000000
127.000000
84.000000
520.000000
82.000000
452.000000
380.000000
494.000000
1173.000000
202.000000
404.000000
260.000000
411.000000
369.000000
1669.000000
410.000000
236.000000
454.000000
465.000000
411.000000
2388.000000
320.000000
428.000000
1094.000000
108.000000
676.000000
423.000000
1293.000000
84.000000
765.000000
891.000000
953.000000
398.000000
360.000000
425.000000
173.000000
192.000000
225.000000
233.000000
442.000000
660.000000
277.000000
673.000000
496.000000
345.000000
424.000000
439.000000
703.000000
295.000000
114.000000
3584.000000
991.000000
1083.000000
145.000000
157.000000
326.000000
152.000000
256.000000
56.000000
500.000000
223.000000
835.000000
3289.000000
5330.000000
350.000000
617.000000
435.000000
390.000000
152.000000
360.000000
495.000000
662.000000
1202.000000
1205.000000
252.000000
182.000000
463.000000
299.000000
177.000000
150.000000
65.000000
448.000000
365.000000
105.000000
168.000000
63.000000
208.000000
89.000000
1329.000000
344.000000
169.000000
776.000000
275.000000
2015.000000
180.000000
267.000000
384.000000
540.000000
30.000000
637.000000
584.000000
1152.000000
970.000000
514.000000
2077.000000
79.000000
336.000000
369.000000
169.000000
120.000000
235.000000
1467.000000
1208.000000
376.000000
2030.000000
94.000000
599.000000
392.000000
125.000000
278.000000
259.000000
708.000000
1928.000000
1562.000000
1425.000000
515.000000
248.000000
674.000000
518.000000
172.000000
486.000000
88.000000
210.000000
182.000000
832.000000
95.000000
698.000000
711.000000
196.000000
273.000000
1930.000000
591.000000
460.000000
371.000000
329.000000
806.000000
4025.000000
497.000000
193.000000
87.000000
883.000000
273.000000
948.000000
317.000000
393.000000
2469.000000
191.000000
1027.000000
661.000000
364.000000
311.000000
1743.000000
1467.000000
