59.000000
329.000000
236.000000
568.000000
1319.000000
480.000000
276.000000
1875.000000
991.000000
322.000000
286.000000
596.000000
113.000000
1849.000000
606.000000
81.000000
271.000000
341.000000
320.000000
630.000000
342.000000
122.000000
657.000000
326.000000
490.000000
233.000000
616.000000
1430.000000
3663.000000
657.000000
317.000000
93.000000
645.000000
162.000000
158.000000
613.000000
632.000000
125.000000
215.000000
1381.000000
568.000000
168.000000
448.000000
62.000000
785.000000
1634.000000
335.000000
293.000000
229.000000
229.000000
824.000000
266.000000
473.000000
73.000000
285.000000
462.000000
345.000000
159.000000
113.000000
180.000000
500.000000
409.000000
1251.000000
303.000000
271.000000
324.000000
1227.000000
1286.000000
1488.000000
345.000000
3916.000000
2416.000000
163.000000
1421.000000
237.000000
486.000000
280.000000
744.000000
582.000000
3653.000000
820.000000
394.000000
1412.000000
104.000000
668.000000
1678.000000
454.000000
186.000000
59.000000
243.000000
284.000000
338.000000
1736.000000
304.000000
375.000000
886.000000
309.000000
149.000000
594.000000
38.000000
777.000000
846.000000
515.000000
506.000000
182.000000
1422.000000
302.000000
1366.000000
4085.000000
515.000000
1107.000000
221.000000
70.000000
311.000000
98.000000
767.000000
1508.000000
232.000000
235.000000
128.000000
1019.000000
363.000000
1044.000000
1349.000000
946.000000
2657.000000
194.000000
744.000000
636.000000
413.000000
486.000000
142.000000
121.000000
50.000000
756.000000
385.000000
115.000000
4120.000000
647.000000
5485.000000
992.000000
224.000000
335.000000
414.000000
234.000000
797.000000
3254.000000
234.000000
562.000000
1496.000000
713.000000
202.000000
1519.000000
347.000000
625.000000
1691.000000
248.000000
462.000000
60.000000
1243.000000
678.000000
534.000000
157.000000
498.000000
103.000000
112.000000
485.000000
787.000000
691.000000
1105.000000
727.000000
496.000000
113.000000
255.000000
261.000000
876.000000
1003.000000
2271.000000
142.000000
1692.000000
419.000000
340.000000
1055.000000
3337.000000
310.000000
1015.000000
944.000000
391.000000
204.000000
159.000000
235.000000
189.000000
596.000000
269.000000
291.000000
3973.000000
217.000000
293.000000
277.000000
914.000000
642.000000
234.000000
168.000000
142.000000
600.000000
493.000000
156.000000
239.000000
260.000000
353.000000
211.000000
138.000000
497.000000
333.000000
827.000000
1033.000000
895.000000
141.000000
335.000000
787.000000
604.000000
2481.000000
395.000000
138.000000
92.000000
1502.000000
2203.000000
1545.000000
242.000000
678.000000
118.000000
217.000000
355.000000
727.000000
538.000000
105.000000
641.000000
399.000000
33.000000
182.000000
507.000000
2637.000000
1001.000000
241.000000
128.000000
145.000000
649.000000
155.000000
260.000000
270.000000
144.000000
260.000000
399.000000
682.000000
484.000000
2243.000000
2018.000000
115.000000
565.000000
94.000000
536.000000
94.000000
155.000000
133.000000
1061.000000
1038.000000
375.000000
158.000000
134.000000
144.000000
171.000000
925.000000
119.000000
308.000000
334.000000
131.000000
303.000000
363.000000
487.000000
181.000000
164.000000
392.000000
414.000000
100.000000
612.000000
410.000000
177.000000
766.000000
26.000000
292.000000
551.000000
351.000000
309.000000
84.000000
584.000000
1396.000000
738.000000
336.000000
284.000000
101.000000
285.000000
402.000000
710.000000
380.000000
586.000000
72.000000
1226.000000
97.000000
290.000000
357.000000
283.000000
1417.000000
709.000000
572.000000
249.000000
511.000000
332.000000
187.000000
538.000000
685.000000
1125.000000
308.000000
632.000000
1280.000000
1459.000000
247.000000
2653.000000
68.000000
1046.000000
4217.000000
65.000000
375.000000
338.000000
1213.000000
476.000000
78.000000
957.000000
1194.000000
327.000000
280.000000
131.000000
1525.000000
3830.000000
469.000000
388.000000
520.000000
1089.000000
594.000000
998.000000
234.000000
141.000000
3493.000000
587.000000
335.000000
570.000000
726.000000
94.000000
707.000000
127.000000
1071.000000
305.000000
404.000000
209.000000
483.000000
216.000000
663.000000
260.000000
243.000000
557.000000
213.000000
258.000000
1382.000000
115.000000
406.000000
324.000000
756.000000
288.000000
679.000000
312.000000
4557.000000
1585.000000
100.000000
582.000000
274.000000
968.000000
87.000000
276.000000
231.000000
108.000000
1988.000000
234.000000
351.000000
605.000000
115.000000
151.000000
518.000000
401.000000
430.000000
273.000000
720.000000
354.000000
583.000000
348.000000
180.000000
560.000000
1506.000000
228.000000
255.000000
684.000000
307.000000
634.000000
886.000000
232.000000
385.000000
280.000000
307.000000
95.000000
349.000000
3919.000000
529.000000
148.000000
2797.000000
253.000000
309.000000
664.000000
738.000000
618.000000
52.000000
1323.000000
2576.000000
516.000000
139.000000
86.000000
3773.000000
258.000000
94.000000
289.000000
67.000000
165.000000
1107.000000
494.000000
928.000000
60.000000
169.000000
725.000000
886.000000
785.000000
699.000000
862.000000
465.000000
610.000000
312.000000
1449.000000
1286.000000
222.000000
576.000000
223.000000
284.000000
363.000000
1497.000000
999.000000
1266.000000
252.000000
185.000000
968.000000
305.000000
341.000000
712.000000
1096.000000
1126.000000
137.000000
267.000000
405.000000
2393.000000
346.000000
203.000000
219.000000
669.000000
191.000000
3723.000000
414.000000
197.000000
1024.000000
28.000000
451.000000
274.000000
494.000000
220.000000
261.000000
1334.000000
167.000000
159.000000
1038.000000
2250.000000
337.000000
430.000000
136.000000
344.000000
474.000000
405.000000
979.000000
506.000000
141.000000
283.000000
250.000000
305.000000
1289.000000
45.000000
2285.000000
256.000000
1295.000000
222.000000
1197.000000
172.000000
598.000000
483.000000
116.000000
1340.000000
268.000000
8119.000000
964.000000
1535.000000
165.000000
317.000000
53.000000
479.000000
297.000000
204.000000
490.000000
90.000000
41.000000
1831.000000
774.000000
650.000000
259.000000
182.000000
1007.000000
474.000000
207.000000
1715.000000
281.000000
347.000000
2378.000000
246.000000
162.000000
363.000000
906.000000
283.000000
59.000000
59.000000
51.000000
166.000000
567.000000
602.000000
612.000000
237.000000
286.000000
720.000000
185.000000
1173.000000
542.000000
673.000000
736.000000
592.000000
553.000000
2058.000000
441.000000
309.000000
267.000000
502.000000
2777.000000
120.000000
159.000000
294.000000
360.000000
1195.000000
100.000000
136.000000
236.000000
645.000000
749.000000
1062.000000
204.000000
862.000000
911.000000
1693.000000
515.000000
199.000000
3951.000000
441.000000
563.000000
391.000000
303.000000
1871.000000
1179.000000
159.000000
126.000000
332.000000
1140.000000
6042.000000
120.000000
465.000000
268.000000
400.000000
1349.000000
466.000000
242.000000
62.000000
404.000000
488.000000
461.000000
390.000000
1106.000000
303.000000
487.000000
200.000000
403.000000
424.000000
953.000000
142.000000
165.000000
4924.000000
97.000000
1255.000000
379.000000
3695.000000
70.000000
57.000000
1808.000000
167.000000
200.000000
237.000000
366.000000
59.000000
156.000000
239.000000
181.000000
224.000000
863.000000
157.000000
166.000000
2456.000000
584.000000
455.000000
471.000000
115.000000
44.000000
405.000000
1859.000000
364.000000
2239.000000
137.000000
87.000000
403.000000
1600.000000
1548.000000
216.000000
357.000000
474.000000
665.000000
94.000000
153.000000
360.000000
490.000000
219.000000
997.000000
221.000000
858.000000
967.000000
436.000000
1683.000000
1269.000000
937.000000
845.000000
136.000000
2435.000000
182.000000
391.000000
635.000000
561.000000
267.000000
1429.000000
114.000000
25.000000
1087.000000
264.000000
155.000000
547.000000
423.000000
759.000000
665.000000
795.000000
2493.000000
945.000000
120.000000
205.000000
144.000000
1421.000000
1135.000000
87.000000
46.000000
1236.000000
42.000000
493.000000
170.000000
424.000000
1131.000000
101.000000
191.000000
4247.000000
96.000000
496.000000
462.000000
1040.000000
815.000000
95.000000
214.000000
58.000000
417.000000
264.000000
191.000000
735.000000
686.000000
1835.000000
339.000000
1245.000000
474.000000
1497.000000
277.000000
603.000000
2022.000000
292.000000
439.000000
108.000000
471.000000
1231.000000
334.000000
240.000000
408.000000
6293.000000
289.000000
147.000000
876.000000
1677.000000
97.000000
75.000000
108.000000
1794.000000
778.000000
294.000000
1262.000000
173.000000
231.000000
202.000000
227.000000
557.000000
118.000000
3008.000000
1056.000000
1877.000000
1081.000000
65.000000
37.000000
396.000000
167.000000
437.000000
184.000000
2180.000000
348.000000
56.000000
139.000000
958.000000
374.000000
290.000000
253.000000
717.000000
327.000000
1144.000000
153.000000
99.000000
290.000000
440.000000
842.000000
698.000000
1588.000000
2003.000000
344.000000
4635.000000
719.000000
321.000000
240.000000
251.000000
1387.000000
938.000000
1724.000000
460.000000
1144.000000
359.000000
533.000000
1948.000000
619.000000
355.000000
342.000000
371.000000
319.000000
797.000000
505.000000
438.000000
1559.000000
46.000000
1020.000000
197.000000
1089.000000
473.000000
519.000000
27.000000
176.000000
187.000000
720.000000
430.000000
63.000000
158.000000
1301.000000
188.000000
1963.000000
196.000000
1942.000000
3336.000000
324.000000
593.000000
138.000000
371.000000
498.000000
2591.000000
579.000000
328.000000
369.000000
214.000000
110.000000
133.000000
781.000000
783.000000
1241.000000
370.000000
341.000000
341.000000
654.000000
963.000000
294.000000
711.000000
282.000000
390.000000
966.000000
409.000000
460.000000
509.000000
132.000000
165.000000
480.000000
362.000000
152.000000
62.000000
140.000000
430.000000
984.000000
84.000000
1974.000000
739.000000
211.000000
39.000000
1373.000000
792.000000
733.000000
366.000000
74.000000
90.000000
223.000000
1465.000000
620.000000
553.000000
390.000000
620.000000
170.000000
564.000000
241.000000
423.000000
105.000000
992.000000
304.000000
732.000000
42.000000
857.000000
256.000000
1924.000000
176.000000
187.000000
385.000000
717.000000
402.000000
463.000000
123.000000
175.000000
485.000000
149.000000
940.000000
410.000000
204.000000
169.000000
168.000000
88.000000
532.000000
528.000000
335.000000
574.000000
963.000000
1871.000000
1159.000000
1120.000000
1216.000000
342.000000
270.000000
156.000000
524.000000
207.000000
750.000000
1024.000000
2622.000000
358.000000
172.000000
499.000000
124.000000
119.000000
280.000000
472.000000
360.000000
879.000000
503.000000
60.000000
1912.000000
1415.000000
556.000000
915.000000
188.000000
51.000000
163.000000
181.000000
363.000000
875.000000
97.000000
64.000000
299.000000
935.000000
411.000000
269.000000
198.000000
1079.000000
1815.000000
735.000000
103.000000
2521.000000
350.000000
866.000000
5607.000000
961.000000
702.000000
263.000000
1213.000000
78.000000
115.000000
837.000000
115.000000
1560.000000
287.000000
437.000000
87.000000
2099.000000
624.000000
59.000000
1271.000000
1319.000000
518.000000
304.000000
609.000000
292.000000
382.000000
643.000000
1269.000000
231.000000
1040.000000
505.000000
1391.000000
1421.000000
220.000000
116.000000
357.000000
468.000000
109.000000
168.000000
1215.000000
1001.000000
