1331.000000
173.000000
377.000000
364.000000
631.000000
133.000000
51.000000
292.000000
404.000000
509.000000
1055.000000
188.000000
49.000000
269.000000
572.000000
545.000000
759.000000
419.000000
640.000000
772.000000
735.000000
945.000000
613.000000
1344.000000
350.000000
129.000000
303.000000
68.000000
259.000000
1322.000000
22.000000
307.000000
420.000000
603.000000
1417.000000
622.000000
245.000000
273.000000
622.000000
111.000000
252.000000
144.000000
366.000000
521.000000
525.000000
383.000000
472.000000
729.000000
1064.000000
444.000000
284.000000
122.000000
143.000000
398.000000
735.000000
105.000000
822.000000
219.000000
681.000000
790.000000
411.000000
211.000000
71.000000
694.000000
323.000000
350.000000
387.000000
153.000000
373.000000
718.000000
723.000000
461.000000
60.000000
436.000000
11112.000000
453.000000
721.000000
2250.000000
189.000000
2031.000000
69.000000
121.000000
103.000000
1702.000000
988.000000
853.000000
104.000000
608.000000
1660.000000
2165.000000
215.000000
68.000000
172.000000
94.000000
1759.000000
1984.000000
602.000000
1169.000000
876.000000
2666.000000
273.000000
281.000000
802.000000
964.000000
249.000000
728.000000
1587.000000
274.000000
373.000000
398.000000
1913.000000
467.000000
1265.000000
397.000000
514.000000
502.000000
173.000000
632.000000
686.000000
327.000000
213.000000
422.000000
513.000000
911.000000
409.000000
179.000000
241.000000
450.000000
137.000000
556.000000
79.000000
404.000000
228.000000
973.000000
719.000000
146.000000
488.000000
291.000000
97.000000
1629.000000
102.000000
75.000000
716.000000
1278.000000
811.000000
1102.000000
314.000000
283.000000
862.000000
696.000000
1437.000000
2072.000000
662.000000
733.000000
278.000000
203.000000
99.000000
2522.000000
253.000000
677.000000
397.000000
205.000000
70.000000
150.000000
213.000000
1293.000000
594.000000
1079.000000
433.000000
539.000000
2031.000000
1130.000000
3082.000000
647.000000
342.000000
250.000000
209.000000
344.000000
192.000000
168.000000
850.000000
1924.000000
82.000000
212.000000
657.000000
171.000000
1486.000000
323.000000
1169.000000
508.000000
1258.000000
511.000000
282.000000
433.000000
497.000000
93.000000
476.000000
183.000000
354.000000
282.000000
466.000000
202.000000
293.000000
131.000000
525.000000
2128.000000
284.000000
29.000000
524.000000
416.000000
564.000000
547.000000
147.000000
771.000000
409.000000
938.000000
86.000000
135.000000
61.000000
393.000000
1905.000000
1672.000000
501.000000
469.000000
1001.000000
701.000000
425.000000
241.000000
124.000000
1368.000000
397.000000
1002.000000
1258.000000
78.000000
881.000000
455.000000
1633.000000
169.000000
71.000000
1673.000000
711.000000
1745.000000
485.000000
451.000000
807.000000
504.000000
1099.000000
1014.000000
638.000000
136.000000
247.000000
216.000000
480.000000
967.000000
161.000000
394.000000
3300.000000
279.000000
249.000000
345.000000
134.000000
1511.000000
352.000000
68.000000
1140.000000
1560.000000
514.000000
230.000000
460.000000
3522.000000
1053.000000
299.000000
172.000000
27.000000
163.000000
584.000000
604.000000
1019.000000
158.000000
430.000000
125.000000
103.000000
262.000000
468.000000
129.000000
161.000000
514.000000
364.000000
149.000000
175.000000
199.000000
610.000000
233.000000
124.000000
489.000000
2505.000000
131.000000
431.000000
431.000000
31.000000
195.000000
1767.000000
230.000000
1715.000000
1689.000000
491.000000
535.000000
431.000000
559.000000
588.000000
241.000000
307.000000
298.000000
1012.000000
1894.000000
625.000000
673.000000
1314.000000
821.000000
1445.000000
522.000000
1413.000000
95.000000
542.000000
505.000000
292.000000
63.000000
477.000000
714.000000
548.000000
1206.000000
113.000000
354.000000
903.000000
229.000000
91.000000
474.000000
682.000000
379.000000
879.000000
73.000000
1810.000000
286.000000
347.000000
1212.000000
579.000000
284.000000
113.000000
77.000000
1265.000000
461.000000
86.000000
3435.000000
491.000000
106.000000
464.000000
422.000000
134.000000
481.000000
236.000000
114.000000
455.000000
356.000000
453.000000
65.000000
376.000000
250.000000
107.000000
4758.000000
1338.000000
666.000000
427.000000
275.000000
699.000000
383.000000
116.000000
417.000000
375.000000
1043.000000
772.000000
539.000000
331.000000
205.000000
344.000000
507.000000
166.000000
180.000000
152.000000
630.000000
160.000000
69.000000
286.000000
474.000000
2327.000000
724.000000
326.000000
1014.000000
205.000000
2200.000000
74.000000
1086.000000
170.000000
4228.000000
376.000000
893.000000
400.000000
412.000000
306.000000
51.000000
583.000000
92.000000
68.000000
317.000000
192.000000
7433.000000
135.000000
287.000000
856.000000
398.000000
859.000000
1240.000000
895.000000
1634.000000
792.000000
102.000000
2749.000000
196.000000
353.000000
699.000000
213.000000
675.000000
718.000000
536.000000
420.000000
780.000000
284.000000
354.000000
301.000000
619.000000
329.000000
428.000000
63.000000
42.000000
981.000000
254.000000
28.000000
5071.000000
755.000000
1172.000000
242.000000
187.000000
596.000000
149.000000
222.000000
511.000000
120.000000
230.000000
34.000000
404.000000
485.000000
226.000000
306.000000
425.000000
1514.000000
437.000000
268.000000
863.000000
220.000000
289.000000
1030.000000
39.000000
1951.000000
395.000000
134.000000
1371.000000
155.000000
98.000000
76.000000
295.000000
91.000000
102.000000
173.000000
152.000000
2820.000000
63.000000
366.000000
534.000000
654.000000
390.000000
129.000000
738.000000
189.000000
263.000000
574.000000
591.000000
98.000000
698.000000
587.000000
638.000000
681.000000
941.000000
115.000000
869.000000
410.000000
979.000000
939.000000
413.000000
213.000000
445.000000
541.000000
329.000000
635.000000
204.000000
237.000000
880.000000
133.000000
573.000000
481.000000
61.000000
344.000000
1218.000000
346.000000
123.000000
234.000000
312.000000
768.000000
669.000000
483.000000
667.000000
661.000000
907.000000
1160.000000
660.000000
555.000000
49.000000
769.000000
6563.000000
193.000000
288.000000
747.000000
491.000000
419.000000
324.000000
1410.000000
1710.000000
1337.000000
914.000000
572.000000
118.000000
129.000000
734.000000
681.000000
142.000000
2943.000000
189.000000
233.000000
197.000000
397.000000
272.000000
2308.000000
334.000000
962.000000
85.000000
996.000000
105.000000
247.000000
373.000000
566.000000
617.000000
193.000000
263.000000
276.000000
169.000000
913.000000
604.000000
440.000000
740.000000
1019.000000
2891.000000
497.000000
260.000000
567.000000
360.000000
1063.000000
195.000000
348.000000
596.000000
450.000000
408.000000
227.000000
207.000000
225.000000
500.000000
109.000000
382.000000
1351.000000
512.000000
128.000000
80.000000
1885.000000
42.000000
133.000000
135.000000
1704.000000
425.000000
1322.000000
917.000000
1030.000000
213.000000
306.000000
1453.000000
576.000000
562.000000
96.000000
232.000000
102.000000
392.000000
427.000000
334.000000
192.000000
819.000000
165.000000
1026.000000
81.000000
487.000000
167.000000
3154.000000
728.000000
302.000000
423.000000
350.000000
277.000000
503.000000
771.000000
182.000000
472.000000
2522.000000
536.000000
573.000000
148.000000
83.000000
161.000000
1046.000000
428.000000
166.000000
413.000000
192.000000
467.000000
187.000000
445.000000
125.000000
154.000000
1013.000000
194.000000
819.000000
2336.000000
158.000000
2362.000000
1444.000000
418.000000
162.000000
1042.000000
871.000000
1004.000000
263.000000
1760.000000
1023.000000
282.000000
204.000000
708.000000
318.000000
193.000000
359.000000
1959.000000
1021.000000
62.000000
204.000000
608.000000
208.000000
416.000000
432.000000
205.000000
958.000000
685.000000
227.000000
34.000000
307.000000
236.000000
216.000000
200.000000
498.000000
488.000000
107.000000
438.000000
600.000000
213.000000
949.000000
191.000000
1283.000000
326.000000
92.000000
183.000000
161.000000
1217.000000
319.000000
89.000000
830.000000
724.000000
577.000000
574.000000
586.000000
39.000000
289.000000
575.000000
186.000000
2359.000000
1095.000000
125.000000
337.000000
581.000000
120.000000
503.000000
240.000000
202.000000
1978.000000
231.000000
198.000000
3194.000000
161.000000
213.000000
180.000000
65.000000
261.000000
164.000000
210.000000
775.000000
295.000000
236.000000
919.000000
490.000000
182.000000
106.000000
1026.000000
400.000000
267.000000
108.000000
352.000000
722.000000
552.000000
305.000000
258.000000
605.000000
365.000000
100.000000
193.000000
305.000000
1256.000000
1142.000000
1098.000000
2613.000000
600.000000
410.000000
195.000000
657.000000
1420.000000
316.000000
1477.000000
260.000000
194.000000
1346.000000
666.000000
205.000000
581.000000
349.000000
389.000000
58.000000
110.000000
104.000000
760.000000
545.000000
1456.000000
252.000000
877.000000
415.000000
1872.000000
1184.000000
105.000000
711.000000
726.000000
28.000000
1618.000000
628.000000
1382.000000
290.000000
513.000000
203.000000
2425.000000
518.000000
48.000000
141.000000
1031.000000
82.000000
1011.000000
2555.000000
275.000000
646.000000
1221.000000
1564.000000
214.000000
2304.000000
610.000000
1514.000000
1070.000000
301.000000
97.000000
185.000000
2093.000000
81.000000
126.000000
195.000000
279.000000
128.000000
581.000000
1232.000000
70.000000
62.000000
101.000000
165.000000
87.000000
217.000000
1105.000000
613.000000
219.000000
875.000000
601.000000
160.000000
3665.000000
431.000000
307.000000
146.000000
824.000000
357.000000
371.000000
298.000000
153.000000
107.000000
199.000000
1230.000000
84.000000
845.000000
783.000000
858.000000
577.000000
572.000000
1388.000000
18097.000000
159.000000
640.000000
371.000000
171.000000
1108.000000
1132.000000
2590.000000
281.000000
209.000000
1079.000000
1119.000000
683.000000
280.000000
1320.000000
184.000000
112.000000
632.000000
99.000000
634.000000
82.000000
206.000000
104.000000
182.000000
478.000000
249.000000
729.000000
142.000000
111.000000
376.000000
419.000000
958.000000
202.000000
525.000000
141.000000
858.000000
60.000000
242.000000
498.000000
145.000000
964.000000
415.000000
194.000000
380.000000
819.000000
369.000000
303.000000
116.000000
690.000000
1401.000000
223.000000
1944.000000
1279.000000
116.000000
132.000000
433.000000
2101.000000
506.000000
77.000000
877.000000
2876.000000
809.000000
915.000000
691.000000
1627.000000
550.000000
258.000000
625.000000
650.000000
426.000000
172.000000
176.000000
99.000000
184.000000
338.000000
201.000000
406.000000
4874.000000
1951.000000
476.000000
4994.000000
331.000000
395.000000
288.000000
1096.000000
856.000000
497.000000
931.000000
180.000000
336.000000
102.000000
287.000000
251.000000
1946.000000
664.000000
706.000000
675.000000
626.000000
706.000000
1391.000000
392.000000
1515.000000
1324.000000
115.000000
412.000000
173.000000
258.000000
217.000000
103.000000
6760.000000
340.000000
501.000000
402.000000
1494.000000
730.000000
219.000000
678.000000
945.000000
590.000000
502.000000
427.000000
809.000000
614.000000
388.000000
80.000000
534.000000
2052.000000
1050.000000
101.000000
1952.000000
453.000000
306.000000
782.000000
247.000000
107.000000
390.000000
592.000000
179.000000
551.000000
217.000000
652.000000
435.000000
202.000000
3951.000000
433.000000
