311.000000
229.000000
367.000000
118.000000
2256.000000
1630.000000
148.000000
257.000000
101.000000
995.000000
558.000000
608.000000
116.000000
247.000000
355.000000
226.000000
255.000000
376.000000
1283.000000
603.000000
107.000000
297.000000
109.000000
747.000000
485.000000
519.000000
526.000000
2150.000000
919.000000
171.000000
3012.000000
252.000000
252.000000
130.000000
214.000000
105.000000
799.000000
1198.000000
343.000000
86.000000
125.000000
2113.000000
438.000000
973.000000
775.000000
52.000000
2303.000000
1169.000000
169.000000
249.000000
542.000000
947.000000
72.000000
462.000000
280.000000
552.000000
38.000000
947.000000
1251.000000
411.000000
1314.000000
339.000000
522.000000
269.000000
810.000000
241.000000
489.000000
1201.000000
1492.000000
126.000000
1172.000000
424.000000
423.000000
193.000000
757.000000
139.000000
637.000000
1269.000000
298.000000
307.000000
804.000000
114.000000
133.000000
1105.000000
685.000000
65.000000
500.000000
964.000000
441.000000
404.000000
1308.000000
142.000000
112.000000
3666.000000
177.000000
640.000000
263.000000
325.000000
625.000000
441.000000
874.000000
821.000000
379.000000
724.000000
93.000000
1217.000000
121.000000
1410.000000
1156.000000
74.000000
69.000000
970.000000
847.000000
218.000000
231.000000
253.000000
374.000000
304.000000
1326.000000
277.000000
287.000000
276.000000
467.000000
1569.000000
125.000000
375.000000
65.000000
185.000000
885.000000
572.000000
4538.000000
800.000000
109.000000
239.000000
1400.000000
1429.000000
2620.000000
87.000000
429.000000
836.000000
177.000000
60.000000
220.000000
405.000000
533.000000
594.000000
376.000000
815.000000
1408.000000
389.000000
2219.000000
179.000000
127.000000
6227.000000
159.000000
235.000000
750.000000
214.000000
205.000000
343.000000
748.000000
1719.000000
656.000000
219.000000
174.000000
273.000000
438.000000
500.000000
1281.000000
487.000000
945.000000
167.000000
2020.000000
110.000000
4490.000000
323.000000
59.000000
1150.000000
179.000000
1747.000000
2419.000000
106.000000
376.000000
49.000000
723.000000
158.000000
569.000000
236.000000
154.000000
878.000000
93.000000
564.000000
286.000000
58.000000
642.000000
848.000000
644.000000
2119.000000
632.000000
106.000000
202.000000
76.000000
3885.000000
77.000000
1013.000000
223.000000
142.000000
298.000000
528.000000
705.000000
114.000000
541.000000
192.000000
407.000000
141.000000
828.000000
259.000000
166.000000
57.000000
222.000000
195.000000
847.000000
126.000000
150.000000
151.000000
793.000000
994.000000
140.000000
213.000000
467.000000
464.000000
400.000000
630.000000
119.000000
1150.000000
591.000000
191.000000
166.000000
739.000000
492.000000
458.000000
433.000000
211.000000
297.000000
536.000000
548.000000
118.000000
343.000000
183.000000
2682.000000
295.000000
33.000000
1154.000000
644.000000
322.000000
1395.000000
428.000000
911.000000
292.000000
580.000000
319.000000
726.000000
125.000000
56.000000
233.000000
505.000000
494.000000
65.000000
1016.000000
185.000000
582.000000
146.000000
693.000000
116.000000
1629.000000
1743.000000
202.000000
332.000000
986.000000
180.000000
414.000000
656.000000
146.000000
112.000000
327.000000
144.000000
899.000000
1312.000000
103.000000
423.000000
1395.000000
242.000000
109.000000
281.000000
2922.000000
288.000000
1528.000000
1491.000000
1322.000000
346.000000
407.000000
1400.000000
457.000000
315.000000
627.000000
495.000000
384.000000
1226.000000
325.000000
1872.000000
159.000000
188.000000
382.000000
139.000000
533.000000
1016.000000
132.000000
349.000000
157.000000
730.000000
512.000000
381.000000
896.000000
113.000000
590.000000
590.000000
439.000000
1351.000000
339.000000
226.000000
242.000000
170.000000
1427.000000
491.000000
279.000000
970.000000
120.000000
652.000000
188.000000
20.000000
1249.000000
150.000000
470.000000
668.000000
495.000000
9481.000000
122.000000
110.000000
1369.000000
878.000000
2320.000000
215.000000
1275.000000
1199.000000
195.000000
1168.000000
193.000000
1101.000000
228.000000
28.000000
767.000000
298.000000
897.000000
132.000000
873.000000
2028.000000
64.000000
356.000000
2896.000000
1652.000000
340.000000
337.000000
159.000000
177.000000
62.000000
291.000000
547.000000
470.000000
74.000000
195.000000
766.000000
657.000000
246.000000
215.000000
962.000000
303.000000
477.000000
3577.000000
935.000000
751.000000
314.000000
18.000000
238.000000
325.000000
227.000000
355.000000
12.000000
179.000000
576.000000
206.000000
1212.000000
358.000000
962.000000
191.000000
157.000000
1881.000000
2291.000000
516.000000
390.000000
381.000000
903.000000
179.000000
284.000000
277.000000
848.000000
143.000000
4851.000000
198.000000
223.000000
420.000000
1389.000000
708.000000
2178.000000
1191.000000
254.000000
654.000000
2479.000000
215.000000
832.000000
109.000000
418.000000
196.000000
492.000000
155.000000
874.000000
153.000000
246.000000
964.000000
1631.000000
3385.000000
261.000000
91.000000
1056.000000
391.000000
821.000000
143.000000
510.000000
271.000000
332.000000
755.000000
518.000000
910.000000
363.000000
2812.000000
188.000000
423.000000
443.000000
191.000000
533.000000
226.000000
128.000000
3097.000000
137.000000
839.000000
514.000000
478.000000
145.000000
318.000000
1464.000000
125.000000
1151.000000
420.000000
620.000000
260.000000
1011.000000
232.000000
671.000000
98.000000
616.000000
132.000000
238.000000
504.000000
613.000000
211.000000
195.000000
61.000000
381.000000
875.000000
1112.000000
607.000000
1825.000000
290.000000
964.000000
337.000000
220.000000
1108.000000
1073.000000
535.000000
198.000000
782.000000
287.000000
298.000000
162.000000
478.000000
198.000000
262.000000
68.000000
1252.000000
368.000000
568.000000
578.000000
2741.000000
1354.000000
807.000000
245.000000
115.000000
288.000000
109.000000
1004.000000
1715.000000
315.000000
337.000000
1087.000000
510.000000
207.000000
311.000000
625.000000
497.000000
194.000000
273.000000
147.000000
82.000000
208.000000
558.000000
654.000000
119.000000
176.000000
1018.000000
116.000000
323.000000
888.000000
263.000000
943.000000
623.000000
193.000000
1137.000000
922.000000
100.000000
241.000000
852.000000
161.000000
147.000000
1367.000000
103.000000
802.000000
57.000000
1303.000000
1462.000000
184.000000
746.000000
1031.000000
655.000000
1931.000000
263.000000
190.000000
284.000000
1193.000000
64.000000
291.000000
148.000000
254.000000
801.000000
76.000000
793.000000
176.000000
359.000000
368.000000
502.000000
684.000000
377.000000
1282.000000
453.000000
1852.000000
389.000000
324.000000
666.000000
244.000000
222.000000
965.000000
158.000000
1339.000000
227.000000
499.000000
549.000000
288.000000
176.000000
1819.000000
2871.000000
216.000000
37.000000
401.000000
67.000000
151.000000
471.000000
767.000000
1832.000000
220.000000
94.000000
1755.000000
236.000000
609.000000
95.000000
286.000000
210.000000
3232.000000
314.000000
366.000000
422.000000
272.000000
341.000000
228.000000
484.000000
499.000000
217.000000
530.000000
419.000000
267.000000
442.000000
380.000000
179.000000
589.000000
50.000000
3078.000000
1373.000000
374.000000
907.000000
716.000000
47.000000
323.000000
2230.000000
529.000000
154.000000
1202.000000
442.000000
205.000000
198.000000
225.000000
597.000000
629.000000
97.000000
1393.000000
1901.000000
334.000000
131.000000
522.000000
413.000000
512.000000
2711.000000
427.000000
134.000000
869.000000
78.000000
1294.000000
1486.000000
436.000000
718.000000
1129.000000
1869.000000
231.000000
916.000000
214.000000
314.000000
341.000000
463.000000
222.000000
389.000000
191.000000
343.000000
688.000000
92.000000
321.000000
335.000000
723.000000
542.000000
678.000000
978.000000
1018.000000
433.000000
1678.000000
181.000000
143.000000
444.000000
228.000000
811.000000
411.000000
2085.000000
3565.000000
443.000000
272.000000
39.000000
136.000000
560.000000
725.000000
651.000000
319.000000
491.000000
272.000000
225.000000
1309.000000
860.000000
108.000000
1013.000000
278.000000
122.000000
292.000000
12105.000000
686.000000
338.000000
413.000000
117.000000
457.000000
1511.000000
240.000000
159.000000
602.000000
238.000000
246.000000
3959.000000
198.000000
1008.000000
192.000000
380.000000
238.000000
242.000000
92.000000
227.000000
1141.000000
2084.000000
206.000000
196.000000
200.000000
1065.000000
439.000000
2231.000000
282.000000
210.000000
591.000000
1670.000000
772.000000
301.000000
147.000000
147.000000
195.000000
383.000000
160.000000
385.000000
48.000000
582.000000
367.000000
811.000000
2153.000000
932.000000
683.000000
557.000000
1352.000000
534.000000
272.000000
1612.000000
195.000000
1439.000000
346.000000
267.000000
314.000000
405.000000
151.000000
697.000000
1111.000000
243.000000
183.000000
318.000000
333.000000
301.000000
260.000000
902.000000
655.000000
336.000000
141.000000
159.000000
230.000000
370.000000
180.000000
2465.000000
540.000000
603.000000
348.000000
249.000000
543.000000
137.000000
487.000000
854.000000
338.000000
142.000000
983.000000
852.000000
651.000000
528.000000
437.000000
86.000000
487.000000
294.000000
126.000000
689.000000
612.000000
645.000000
499.000000
549.000000
1131.000000
478.000000
677.000000
473.000000
1360.000000
422.000000
233.000000
750.000000
285.000000
795.000000
1807.000000
1993.000000
153.000000
584.000000
576.000000
498.000000
237.000000
46.000000
40.000000
899.000000
701.000000
503.000000
516.000000
625.000000
848.000000
1515.000000
2546.000000
186.000000
1103.000000
1363.000000
402.000000
329.000000
664.000000
298.000000
151.000000
576.000000
383.000000
1376.000000
142.000000
110.000000
235.000000
185.000000
340.000000
586.000000
889.000000
263.000000
390.000000
184.000000
197.000000
169.000000
192.000000
265.000000
786.000000
284.000000
822.000000
168.000000
450.000000
136.000000
570.000000
336.000000
666.000000
123.000000
978.000000
41.000000
214.000000
550.000000
894.000000
691.000000
180.000000
580.000000
177.000000
137.000000
610.000000
1102.000000
583.000000
515.000000
792.000000
329.000000
836.000000
175.000000
1131.000000
372.000000
215.000000
247.000000
306.000000
47.000000
117.000000
319.000000
1093.000000
409.000000
469.000000
129.000000
5354.000000
224.000000
3169.000000
2383.000000
7431.000000
472.000000
53.000000
56.000000
167.000000
1035.000000
52.000000
800.000000
762.000000
76.000000
327.000000
899.000000
76.000000
111.000000
170.000000
138.000000
507.000000
562.000000
906.000000
219.000000
332.000000
661.000000
134.000000
584.000000
476.000000
532.000000
1062.000000
355.000000
57.000000
313.000000
345.000000
375.000000
1483.000000
497.000000
49.000000
1252.000000
319.000000
130.000000
990.000000
556.000000
124.000000
123.000000
1107.000000
260.000000
3826.000000
920.000000
182.000000
637.000000
601.000000
182.000000
273.000000
1210.000000
264.000000
579.000000
88.000000
215.000000
124.000000
806.000000
1194.000000
218.000000
301.000000
628.000000
260.000000
386.000000
129.000000
324.000000
1318.000000
205.000000
747.000000
2531.000000
250.000000
142.000000
1238.000000
54.000000
4152.000000
162.000000
370.000000
70.000000
1291.000000
2820.000000
155.000000
142.000000
1257.000000
929.000000
3407.000000
128.000000
1395.000000
182.000000
