115.000000
1260.000000
190.000000
738.000000
65.000000
1451.000000
4650.000000
277.000000
156.000000
150.000000
2451.000000
216.000000
164.000000
189.000000
260.000000
718.000000
1432.000000
203.000000
600.000000
1281.000000
462.000000
635.000000
1414.000000
203.000000
314.000000
125.000000
1006.000000
1075.000000
228.000000
1043.000000
161.000000
523.000000
794.000000
195.000000
742.000000
293.000000
1750.000000
5203.000000
711.000000
420.000000
238.000000
356.000000
249.000000
1959.000000
170.000000
431.000000
89.000000
298.000000
124.000000
4915.000000
1332.000000
240.000000
911.000000
164.000000
96.000000
246.000000
1109.000000
988.000000
81.000000
3892.000000
270.000000
178.000000
797.000000
274.000000
128.000000
279.000000
998.000000
107.000000
4969.000000
620.000000
680.000000
683.000000
447.000000
1784.000000
1672.000000
1272.000000
231.000000
43.000000
108.000000
297.000000
256.000000
301.000000
1433.000000
1356.000000
460.000000
1756.000000
226.000000
1331.000000
275.000000
105.000000
404.000000
66.000000
1422.000000
777.000000
414.000000
687.000000
507.000000
107.000000
268.000000
816.000000
985.000000
853.000000
213.000000
71.000000
269.000000
347.000000
559.000000
558.000000
909.000000
180.000000
3179.000000
461.000000
352.000000
287.000000
1187.000000
104.000000
905.000000
795.000000
99.000000
974.000000
762.000000
89.000000
93.000000
366.000000
212.000000
210.000000
3081.000000
1269.000000
1081.000000
336.000000
56.000000
963.000000
2845.000000
98.000000
426.000000
1762.000000
868.000000
417.000000
808.000000
631.000000
307.000000
190.000000
479.000000
238.000000
775.000000
715.000000
54.000000
1143.000000
674.000000
490.000000
676.000000
1999.000000
936.000000
15.000000
186.000000
240.000000
158.000000
62.000000
1491.000000
85.000000
1834.000000
1175.000000
721.000000
262.000000
279.000000
5113.000000
238.000000
251.000000
377.000000
202.000000
565.000000
85.000000
83.000000
511.000000
227.000000
137.000000
143.000000
560.000000
401.000000
78.000000
666.000000
712.000000
62.000000
288.000000
108.000000
601.000000
112.000000
117.000000
136.000000
138.000000
505.000000
2854.000000
1493.000000
474.000000
264.000000
205.000000
59.000000
125.000000
419.000000
147.000000
1306.000000
169.000000
151.000000
639.000000
425.000000
464.000000
65.000000
122.000000
698.000000
953.000000
3148.000000
910.000000
2496.000000
119.000000
206.000000
546.000000
554.000000
528.000000
99.000000
1117.000000
183.000000
286.000000
1135.000000
260.000000
104.000000
769.000000
219.000000
778.000000
320.000000
366.000000
114.000000
267.000000
6630.000000
901.000000
316.000000
125.000000
99.000000
94.000000
389.000000
1017.000000
394.000000
831.000000
745.000000
233.000000
217.000000
459.000000
170.000000
3374.000000
101.000000
257.000000
522.000000
611.000000
97.000000
118.000000
1505.000000
300.000000
849.000000
764.000000
42.000000
282.000000
318.000000
334.000000
339.000000
255.000000
840.000000
255.000000
283.000000
1098.000000
334.000000
734.000000
907.000000
310.000000
437.000000
264.000000
412.000000
472.000000
200.000000
2766.000000
84.000000
102.000000
569.000000
170.000000
96.000000
2618.000000
1227.000000
96.000000
141.000000
689.000000
379.000000
134.000000
327.000000
324.000000
297.000000
292.000000
1273.000000
182.000000
136.000000
3391.000000
2368.000000
630.000000
656.000000
1017.000000
684.000000
692.000000
1170.000000
26.000000
1664.000000
209.000000
289.000000
152.000000
494.000000
487.000000
160.000000
422.000000
397.000000
314.000000
81.000000
762.000000
596.000000
2210.000000
951.000000
3226.000000
70.000000
1126.000000
492.000000
470.000000
53.000000
196.000000
540.000000
575.000000
378.000000
379.000000
979.000000
80.000000
640.000000
3569.000000
371.000000
247.000000
140.000000
401.000000
104.000000
145.000000
411.000000
690.000000
4007.000000
183.000000
3330.000000
71.000000
546.000000
186.000000
225.000000
365.000000
745.000000
3550.000000
158.000000
2392.000000
397.000000
480.000000
3297.000000
149.000000
223.000000
1028.000000
1455.000000
64.000000
695.000000
536.000000
492.000000
113.000000
151.000000
277.000000
116.000000
1033.000000
812.000000
1055.000000
90.000000
535.000000
787.000000
963.000000
84.000000
246.000000
105.000000
469.000000
987.000000
912.000000
140.000000
924.000000
518.000000
22.000000
1175.000000
574.000000
1197.000000
373.000000
175.000000
329.000000
215.000000
958.000000
1670.000000
334.000000
252.000000
167.000000
999.000000
629.000000
2259.000000
907.000000
194.000000
168.000000
1435.000000
37.000000
2077.000000
220.000000
260.000000
247.000000
1186.000000
154.000000
611.000000
374.000000
300.000000
586.000000
3645.000000
287.000000
962.000000
528.000000
198.000000
422.000000
363.000000
572.000000
438.000000
1393.000000
101.000000
1038.000000
1044.000000
115.000000
154.000000
901.000000
465.000000
206.000000
1220.000000
1118.000000
295.000000
280.000000
110.000000
958.000000
184.000000
193.000000
1108.000000
278.000000
315.000000
152.000000
425.000000
628.000000
899.000000
181.000000
401.000000
368.000000
155.000000
624.000000
512.000000
236.000000
936.000000
446.000000
193.000000
1929.000000
1066.000000
4767.000000
123.000000
143.000000
107.000000
1169.000000
680.000000
286.000000
176.000000
970.000000
50.000000
520.000000
730.000000
270.000000
82.000000
215.000000
624.000000
1580.000000
237.000000
1123.000000
359.000000
749.000000
176.000000
789.000000
94.000000
197.000000
311.000000
1571.000000
659.000000
677.000000
285.000000
265.000000
214.000000
102.000000
581.000000
233.000000
707.000000
434.000000
257.000000
371.000000
520.000000
384.000000
231.000000
181.000000
607.000000
157.000000
1799.000000
530.000000
531.000000
126.000000
318.000000
321.000000
176.000000
496.000000
211.000000
416.000000
761.000000
269.000000
953.000000
516.000000
63.000000
985.000000
405.000000
153.000000
198.000000
450.000000
217.000000
850.000000
253.000000
220.000000
313.000000
2500.000000
246.000000
788.000000
1806.000000
69.000000
167.000000
1602.000000
205.000000
479.000000
135.000000
284.000000
3318.000000
57.000000
385.000000
194.000000
246.000000
521.000000
1347.000000
69.000000
1175.000000
1315.000000
523.000000
329.000000
52.000000
845.000000
1341.000000
2567.000000
189.000000
345.000000
309.000000
542.000000
1314.000000
596.000000
479.000000
137.000000
146.000000
897.000000
363.000000
210.000000
341.000000
2236.000000
259.000000
195.000000
916.000000
975.000000
266.000000
235.000000
765.000000
400.000000
637.000000
804.000000
777.000000
880.000000
70.000000
113.000000
455.000000
450.000000
719.000000
43.000000
513.000000
659.000000
627.000000
716.000000
1841.000000
229.000000
545.000000
154.000000
253.000000
5828.000000
134.000000
637.000000
367.000000
2308.000000
108.000000
713.000000
138.000000
424.000000
28.000000
98.000000
357.000000
303.000000
1597.000000
320.000000
895.000000
174.000000
474.000000
363.000000
253.000000
1186.000000
353.000000
330.000000
489.000000
291.000000
1742.000000
653.000000
428.000000
279.000000
573.000000
1518.000000
1179.000000
772.000000
298.000000
247.000000
817.000000
442.000000
150.000000
1746.000000
3330.000000
1062.000000
639.000000
562.000000
887.000000
1699.000000
257.000000
99.000000
281.000000
901.000000
473.000000
96.000000
440.000000
255.000000
568.000000
331.000000
211.000000
183.000000
266.000000
134.000000
327.000000
168.000000
463.000000
358.000000
1374.000000
98.000000
302.000000
325.000000
53.000000
141.000000
276.000000
378.000000
397.000000
609.000000
4277.000000
175.000000
1070.000000
705.000000
43.000000
138.000000
100.000000
363.000000
319.000000
159.000000
175.000000
476.000000
400.000000
48.000000
142.000000
100.000000
779.000000
312.000000
1556.000000
180.000000
265.000000
862.000000
543.000000
1237.000000
167.000000
99.000000
225.000000
60.000000
556.000000
436.000000
650.000000
704.000000
245.000000
1498.000000
46.000000
816.000000
674.000000
200.000000
1624.000000
470.000000
165.000000
1233.000000
71.000000
1060.000000
237.000000
165.000000
278.000000
1115.000000
963.000000
488.000000
180.000000
678.000000
149.000000
260.000000
1430.000000
525.000000
1766.000000
481.000000
268.000000
837.000000
827.000000
810.000000
435.000000
149.000000
227.000000
4662.000000
503.000000
178.000000
116.000000
1103.000000
334.000000
300.000000
145.000000
631.000000
1667.000000
394.000000
1308.000000
129.000000
399.000000
135.000000
342.000000
566.000000
528.000000
752.000000
247.000000
178.000000
497.000000
853.000000
176.000000
1380.000000
1356.000000
2313.000000
284.000000
454.000000
462.000000
76.000000
455.000000
702.000000
227.000000
236.000000
231.000000
687.000000
217.000000
132.000000
271.000000
1009.000000
430.000000
650.000000
398.000000
296.000000
351.000000
796.000000
92.000000
477.000000
72.000000
251.000000
1663.000000
930.000000
275.000000
448.000000
94.000000
836.000000
162.000000
1318.000000
500.000000
2872.000000
120.000000
560.000000
906.000000
211.000000
391.000000
363.000000
23.000000
2357.000000
69.000000
1797.000000
302.000000
1027.000000
377.000000
492.000000
216.000000
1102.000000
477.000000
558.000000
496.000000
232.000000
389.000000
857.000000
864.000000
198.000000
394.000000
318.000000
553.000000
1357.000000
91.000000
538.000000
2319.000000
770.000000
748.000000
557.000000
63.000000
558.000000
241.000000
694.000000
326.000000
438.000000
3275.000000
570.000000
395.000000
262.000000
249.000000
909.000000
254.000000
1103.000000
1238.000000
172.000000
48.000000
145.000000
632.000000
69.000000
127.000000
500.000000
151.000000
138.000000
454.000000
338.000000
458.000000
220.000000
395.000000
848.000000
37.000000
115.000000
326.000000
368.000000
475.000000
320.000000
883.000000
119.000000
81.000000
490.000000
600.000000
408.000000
233.000000
66.000000
1208.000000
233.000000
278.000000
188.000000
579.000000
124.000000
359.000000
1731.000000
43.000000
1188.000000
3214.000000
105.000000
1156.000000
175.000000
465.000000
252.000000
665.000000
1236.000000
396.000000
1408.000000
216.000000
61.000000
677.000000
147.000000
2840.000000
1939.000000
296.000000
649.000000
84.000000
67.000000
770.000000
642.000000
1355.000000
1222.000000
2750.000000
497.000000
1007.000000
192.000000
1517.000000
113.000000
395.000000
93.000000
716.000000
379.000000
722.000000
26.000000
276.000000
200.000000
105.000000
1033.000000
820.000000
188.000000
278.000000
490.000000
983.000000
98.000000
251.000000
3454.000000
1919.000000
328.000000
1140.000000
151.000000
1401.000000
97.000000
326.000000
344.000000
5557.000000
4537.000000
579.000000
1876.000000
1085.000000
315.000000
1182.000000
461.000000
436.000000
492.000000
602.000000
429.000000
157.000000
608.000000
679.000000
351.000000
254.000000
80.000000
845.000000
82.000000
339.000000
175.000000
257.000000
2692.000000
149.000000
103.000000
355.000000
350.000000
129.000000
606.000000
178.000000
164.000000
166.000000
1227.000000
91.000000
318.000000
742.000000
633.000000
1228.000000
61.000000
170.000000
799.000000
560.000000
334.000000
337.000000
429.000000
370.000000
201.000000
3029.000000
1170.000000
39.000000
533.000000
375.000000
293.000000
463.000000
191.000000
