137.000000
58.000000
110.000000
173.000000
71.000000
65.000000
159.000000
317.000000
361.000000
532.000000
231.000000
710.000000
150.000000
361.000000
2885.000000
274.000000
3422.000000
900.000000
71.000000
138.000000
325.000000
80.000000
1807.000000
273.000000
271.000000
867.000000
569.000000
1530.000000
99.000000
1525.000000
964.000000
3916.000000
679.000000
88.000000
590.000000
79.000000
374.000000
275.000000
2698.000000
66.000000
475.000000
308.000000
123.000000
566.000000
345.000000
120.000000
413.000000
771.000000
656.000000
529.000000
382.000000
329.000000
326.000000
1688.000000
99.000000
262.000000
91.000000
2593.000000
407.000000
758.000000
264.000000
150.000000
1210.000000
843.000000
328.000000
397.000000
678.000000
542.000000
1229.000000
3727.000000
445.000000
100.000000
121.000000
565.000000
896.000000
359.000000
127.000000
92.000000
368.000000
390.000000
121.000000
242.000000
399.000000
471.000000
260.000000
470.000000
575.000000
581.000000
155.000000
96.000000
81.000000
449.000000
3345.000000
210.000000
108.000000
763.000000
263.000000
10.000000
1599.000000
266.000000
411.000000
340.000000
860.000000
606.000000
33.000000
421.000000
28.000000
1595.000000
642.000000
52.000000
2008.000000
444.000000
669.000000
179.000000
986.000000
98.000000
243.000000
2548.000000
48.000000
663.000000
2829.000000
285.000000
184.000000
680.000000
1931.000000
561.000000
1247.000000
220.000000
409.000000
327.000000
328.000000
969.000000
870.000000
257.000000
540.000000
334.000000
283.000000
2163.000000
61.000000
964.000000
48.000000
617.000000
957.000000
202.000000
973.000000
2014.000000
48.000000
916.000000
471.000000
250.000000
132.000000
1298.000000
1885.000000
1004.000000
1007.000000
324.000000
106.000000
568.000000
958.000000
350.000000
380.000000
595.000000
266.000000
150.000000
722.000000
92.000000
120.000000
244.000000
1351.000000
2060.000000
1184.000000
70.000000
392.000000
1744.000000
315.000000
224.000000
794.000000
843.000000
69.000000
665.000000
639.000000
364.000000
116.000000
478.000000
178.000000
500.000000
527.000000
1017.000000
408.000000
281.000000
4109.000000
524.000000
233.000000
367.000000
421.000000
520.000000
549.000000
436.000000
202.000000
815.000000
208.000000
707.000000
386.000000
53.000000
231.000000
1209.000000
3948.000000
624.000000
658.000000
483.000000
327.000000
680.000000
586.000000
1802.000000
508.000000
207.000000
2073.000000
626.000000
426.000000
328.000000
142.000000
86.000000
26.000000
1844.000000
230.000000
1377.000000
776.000000
1500.000000
10412.000000
508.000000
981.000000
690.000000
110.000000
761.000000
107.000000
69.000000
400.000000
1514.000000
208.000000
311.000000
122.000000
1249.000000
190.000000
984.000000
4091.000000
3018.000000
155.000000
1096.000000
300.000000
142.000000
341.000000
567.000000
818.000000
1375.000000
787.000000
935.000000
73.000000
385.000000
240.000000
634.000000
607.000000
554.000000
2165.000000
428.000000
155.000000
331.000000
620.000000
827.000000
53.000000
391.000000
745.000000
106.000000
478.000000
130.000000
291.000000
104.000000
1090.000000
743.000000
921.000000
1349.000000
542.000000
203.000000
55.000000
169.000000
511.000000
1685.000000
1355.000000
433.000000
802.000000
98.000000
1034.000000
823.000000
644.000000
240.000000
707.000000
223.000000
562.000000
395.000000
2321.000000
755.000000
248.000000
1235.000000
211.000000
67.000000
204.000000
362.000000
481.000000
664.000000
80.000000
732.000000
294.000000
457.000000
458.000000
307.000000
2720.000000
961.000000
336.000000
680.000000
684.000000
609.000000
303.000000
84.000000
373.000000
313.000000
252.000000
273.000000
349.000000
405.000000
275.000000
181.000000
237.000000
117.000000
269.000000
274.000000
382.000000
657.000000
240.000000
587.000000
87.000000
223.000000
2312.000000
804.000000
597.000000
167.000000
313.000000
261.000000
79.000000
708.000000
523.000000
758.000000
700.000000
369.000000
211.000000
709.000000
386.000000
978.000000
1520.000000
822.000000
161.000000
1044.000000
645.000000
323.000000
183.000000
651.000000
841.000000
212.000000
300.000000
759.000000
202.000000
289.000000
830.000000
731.000000
913.000000
444.000000
559.000000
193.000000
285.000000
110.000000
131.000000
1420.000000
406.000000
1557.000000
414.000000
240.000000
215.000000
755.000000
437.000000
54.000000
1655.000000
272.000000
232.000000
821.000000
101.000000
126.000000
469.000000
71.000000
512.000000
737.000000
669.000000
416.000000
150.000000
1355.000000
3521.000000
81.000000
40.000000
623.000000
221.000000
473.000000
292.000000
465.000000
1322.000000
171.000000
826.000000
176.000000
585.000000
196.000000
550.000000
5026.000000
97.000000
313.000000
272.000000
196.000000
1544.000000
377.000000
1845.000000
4657.000000
943.000000
747.000000
660.000000
183.000000
673.000000
2029.000000
142.000000
346.000000
186.000000
908.000000
1335.000000
133.000000
427.000000
257.000000
469.000000
196.000000
1019.000000
525.000000
1423.000000
627.000000
933.000000
3849.000000
125.000000
263.000000
586.000000
530.000000
50.000000
2678.000000
333.000000
86.000000
261.000000
314.000000
444.000000
122.000000
1837.000000
126.000000
88.000000
123.000000
47.000000
418.000000
490.000000
179.000000
102.000000
282.000000
30.000000
193.000000
187.000000
709.000000
473.000000
1113.000000
1360.000000
1167.000000
1374.000000
192.000000
204.000000
343.000000
662.000000
1900.000000
2965.000000
1088.000000
483.000000
291.000000
196.000000
252.000000
30.000000
1614.000000
817.000000
74.000000
123.000000
175.000000
1172.000000
993.000000
3141.000000
3643.000000
456.000000
271.000000
62.000000
165.000000
576.000000
246.000000
387.000000
123.000000
2754.000000
1299.000000
1615.000000
575.000000
358.000000
216.000000
193.000000
4507.000000
1089.000000
772.000000
1689.000000
243.000000
151.000000
129.000000
1353.000000
225.000000
110.000000
279.000000
999.000000
376.000000
1128.000000
373.000000
148.000000
131.000000
872.000000
1711.000000
1119.000000
318.000000
280.000000
166.000000
2455.000000
69.000000
54.000000
127.000000
1036.000000
1733.000000
49.000000
238.000000
480.000000
84.000000
67.000000
146.000000
103.000000
470.000000
779.000000
638.000000
341.000000
403.000000
252.000000
147.000000
1021.000000
115.000000
190.000000
198.000000
321.000000
2194.000000
744.000000
423.000000
137.000000
220.000000
276.000000
658.000000
459.000000
238.000000
472.000000
255.000000
110.000000
255.000000
112.000000
232.000000
402.000000
1042.000000
138.000000
134.000000
110.000000
775.000000
969.000000
505.000000
150.000000
866.000000
120.000000
413.000000
919.000000
2447.000000
377.000000
812.000000
486.000000
276.000000
68.000000
58.000000
262.000000
953.000000
110.000000
121.000000
702.000000
384.000000
1272.000000
129.000000
1196.000000
432.000000
7766.000000
324.000000
439.000000
192.000000
32.000000
252.000000
912.000000
1876.000000
80.000000
413.000000
431.000000
449.000000
936.000000
270.000000
1650.000000
323.000000
586.000000
131.000000
130.000000
426.000000
317.000000
1293.000000
3145.000000
103.000000
765.000000
95.000000
194.000000
329.000000
484.000000
894.000000
593.000000
223.000000
1297.000000
236.000000
319.000000
356.000000
1580.000000
596.000000
1366.000000
1210.000000
256.000000
138.000000
408.000000
394.000000
524.000000
1419.000000
411.000000
587.000000
467.000000
257.000000
604.000000
147.000000
1995.000000
816.000000
491.000000
290.000000
1015.000000
49.000000
227.000000
276.000000
1603.000000
180.000000
106.000000
109.000000
464.000000
332.000000
395.000000
586.000000
331.000000
373.000000
1159.000000
137.000000
468.000000
416.000000
1142.000000
311.000000
96.000000
591.000000
115.000000
610.000000
249.000000
639.000000
84.000000
376.000000
117.000000
572.000000
873.000000
5256.000000
271.000000
974.000000
194.000000
704.000000
436.000000
1661.000000
149.000000
384.000000
466.000000
225.000000
1026.000000
310.000000
383.000000
1079.000000
276.000000
1964.000000
424.000000
402.000000
840.000000
282.000000
376.000000
316.000000
194.000000
152.000000
605.000000
377.000000
230.000000
100.000000
460.000000
1875.000000
414.000000
178.000000
1081.000000
900.000000
622.000000
542.000000
321.000000
712.000000
449.000000
168.000000
641.000000
813.000000
992.000000
80.000000
98.000000
444.000000
259.000000
543.000000
326.000000
250.000000
873.000000
343.000000
635.000000
126.000000
2642.000000
263.000000
401.000000
1989.000000
70.000000
264.000000
833.000000
325.000000
393.000000
117.000000
125.000000
1046.000000
49.000000
92.000000
955.000000
231.000000
166.000000
124.000000
918.000000
390.000000
131.000000
935.000000
388.000000
152.000000
287.000000
186.000000
200.000000
882.000000
649.000000
566.000000
196.000000
104.000000
741.000000
1361.000000
293.000000
102.000000
820.000000
2441.000000
112.000000
436.000000
473.000000
1922.000000
1397.000000
2516.000000
106.000000
211.000000
1256.000000
2087.000000
279.000000
445.000000
590.000000
108.000000
1412.000000
371.000000
1319.000000
127.000000
843.000000
94.000000
721.000000
3652.000000
139.000000
986.000000
88.000000
454.000000
113.000000
237.000000
2955.000000
1817.000000
206.000000
203.000000
292.000000
294.000000
81.000000
809.000000
362.000000
488.000000
474.000000
452.000000
180.000000
398.000000
526.000000
772.000000
835.000000
298.000000
740.000000
1078.000000
574.000000
227.000000
80.000000
1030.000000
60.000000
78.000000
474.000000
620.000000
105.000000
699.000000
1168.000000
840.000000
381.000000
692.000000
600.000000
980.000000
545.000000
280.000000
497.000000
180.000000
700.000000
1656.000000
201.000000
253.000000
734.000000
918.000000
388.000000
416.000000
100.000000
148.000000
251.000000
1240.000000
50.000000
84.000000
160.000000
61.000000
878.000000
455.000000
661.000000
282.000000
1286.000000
554.000000
1222.000000
48.000000
1169.000000
93.000000
217.000000
816.000000
377.000000
363.000000
733.000000
677.000000
32.000000
384.000000
1317.000000
2655.000000
639.000000
341.000000
329.000000
529.000000
131.000000
507.000000
397.000000
281.000000
283.000000
1302.000000
1005.000000
176.000000
716.000000
666.000000
268.000000
546.000000
1030.000000
807.000000
56.000000
144.000000
99.000000
708.000000
312.000000
260.000000
417.000000
1057.000000
896.000000
593.000000
616.000000
3493.000000
403.000000
300.000000
1533.000000
550.000000
1520.000000
304.000000
550.000000
92.000000
756.000000
136.000000
631.000000
291.000000
289.000000
64.000000
309.000000
114.000000
163.000000
142.000000
161.000000
495.000000
247.000000
392.000000
310.000000
653.000000
88.000000
172.000000
245.000000
271.000000
55.000000
1759.000000
402.000000
719.000000
465.000000
1855.000000
464.000000
3150.000000
952.000000
1061.000000
749.000000
71.000000
1111.000000
2381.000000
615.000000
393.000000
979.000000
681.000000
138.000000
91.000000
567.000000
101.000000
67.000000
1680.000000
302.000000
287.000000
1414.000000
467.000000
4338.000000
2058.000000
1883.000000
2892.000000
1161.000000
1199.000000
299.000000
348.000000
106.000000
233.000000
1007.000000
645.000000
429.000000
224.000000
76.000000
510.000000
78.000000
4989.000000
305.000000
20.000000
833.000000
137.000000
